,fluxes,reduced_costs
biomass_dilution,0.029960370161204914,-0.8771396656778464
protein_biomass_to_biomass,0.014622858658017652,1.6975725691691198e-32
mRNA_biomass_to_biomass,3.98898501646248e-05,1.0887468366584712e-32
tRNA_biomass_to_biomass,0.00023167431122414145,0.0
rRNA_biomass_to_biomass,0.0017279178679851423,-8.583860413325783e-35
ncRNA_biomass_to_biomass,0.0,-1.108888760446416e-34
tmRNA_biomass_to_biomass,0.0,-1.108888760446416e-34
DNA_biomass_to_biomass,0.0017770615796100346,-1.108888760446416e-34
lipid_biomass_to_biomass,0.0,-1.108888760446416e-34
constituent_biomass_to_biomass,0.0033303200688787576,-1.108888760446416e-34
prosthetic_group_biomass_to_biomass,5.289830189631744e-06,1.104507941890325e-32
peptidoglycan_biomass_to_biomass,0.0,-1.108888760446416e-34
DM_HQN,0.0,0.0
DM_atp_c_,0.0,-0.02027622916733158
DM_dhptd(c),2.0195987855547443e-05,0.0
EX_ac(e),2.7460639845132224,0.0
EX_acald(e),0.0,-0.010138044607563323
EX_adocbl(e),0.0,0.0
EX_ala_L(e),-1.0,-0.010136063895409239
EX_alaasp(e),0.0,-0.03547808109483149
EX_alagln(e),7.636450307849636e-23,-5.30173971552393e-35
EX_alaglu(e),0.0,0.0
EX_alagly(e),0.0,-0.010133044103170927
EX_alahis(e),0.0,-0.0253408122821219
EX_alaleu(e),0.0,0.0
EX_alathr(e),0.0,-0.02027099657168418
EX_arab_L(e),0.0,0.0
EX_arbt(e),0.0,-2.892352208011387e-07
EX_arg_L(e),-0.15,-0.0709647309891839
EX_asn_L(e),-0.225,-0.03548016182746658
EX_asp_L(e),-0.225,-0.03548065883075726
EX_biomass(e),0.0,0.0
EX_btn(e),0.0,0.0
EX_ca2(e),0.0,0.0
EX_cbl1(e),0.0,0.0
EX_cbl2(e),0.0,0.0
EX_cd2(e),0.0,-0.04372378078497515
EX_cgly(e),-0.000509702103326327,0.0
EX_cl(e),0.0,0.0
EX_co2(e),0.602920731746875,0.0
EX_cobalt2(e),-0.0002339727519520495,0.0
EX_cu2(e),0.0,0.0
EX_cys_L(e),0.0,0.0
EX_diact(e),0.0,0.0
EX_dpcoa(e),0.0,-0.2027700041420353
EX_etoh(e),0.4308842451370491,0.0
EX_fe2(e),-1.0676683309990345e-09,0.0
EX_fe3(e),0.0,0.0
EX_for(e),2.5521057076400018,0.0
EX_fru(e),0.0,0.0
EX_gal(e),0.0,0.0
EX_gcald(e),0.0,0.0
EX_glc_D(e),-0.0007996059457802975,0.0
EX_gln_L(e),-0.014985261903181966,0.0
EX_glu_L(e),0.11358263188155168,0.0
EX_gly(e),-0.45,-0.010135621839096694
EX_glyasn(e),0.0,-0.03547740235604976
EX_glyasp(e),0.0,-0.03547789935934043
EX_glyb(e),0.0,0.0
EX_glyc(e),4.371975545987269e-22,0.0
EX_glycys(e),0.0,0.0
EX_glygln(e),7.639680989239823e-23,0.0
EX_glyglu(e),0.0,0.0
EX_glyleu(e),0.0,-0.015204562862817479
EX_glymet(e),0.0,-0.005066417652841757
EX_glyphe(e),0.0,0.0
EX_glypro(e),0.0,0.0
EX_glytyr(e),7.650470111924787e-23,0.0
EX_h(e),1.3192508257575262,0.0
EX_h2o(e),-4.249614507871564,0.0
EX_hg2(e),0.0,0.0
EX_his_L(e),-0.15,-0.025343390018047664
EX_ile_L(e),-0.011642571328788265,0.0
EX_k(e),-1.2995666205915452e-08,0.0
EX_lac_L(e),0.0,-0.010136680136387324
EX_lcts(e),0.0,0.0
EX_leu_L(e),-0.018536224804954607,0.0
EX_lys_L(e),-0.013284261224373624,0.0
EX_malt(e),0.0,0.0
EX_malthx(e),0.0,-0.02027460527107973
EX_malttr(e),0.0,0.0
EX_man(e),0.0,0.0
EX_met_D(e),0.0,0.0
EX_met_L(e),0.0,0.0
EX_metala(e),0.0,-0.005066859709154302
EX_metsox_R_L(e),0.0,0.0
EX_metsox_S_L(e),-0.006628509520388957,0.0
EX_mg2(e),-0.000203819541285956,0.0
EX_mn2(e),-1.512229220442042e-08,0.0
EX_nac(e),0.013010190935047017,0.0
EX_nh4(e),3.849886244721125,0.0
EX_nmn(e),-0.013244163535467776,0.0
EX_o2(e),0.0,-0.020277415518916642
EX_orn(e),0.15,0.0
EX_pb(e),0.0,0.0
EX_phe_L(e),-0.01032608175960195,0.0
EX_pi(e),-0.006225358511781738,0.0
EX_pnto_R(e),-0.00023397251473691367,0.0
EX_pro_L(e),0.0,0.0
EX_ptrc(e),0.0,0.0
EX_pydx(e),-0.00023397252350227158,0.0
EX_ribflv(e),-0.00046797473568663224,0.0
EX_salcn(e),0.0,0.0
EX_sbt_D(e),0.0,0.0
EX_ser_L(e),-1.0,-0.020274534052537048
EX_so4(e),0.0,0.0
EX_spmd(e),0.0,0.0
EX_sucr(e),0.0,0.0
EX_thr_L(e),-0.225,-0.020273574307609947
EX_tre(e),0.0,0.0
EX_tyr_L(e),-0.006578895958330453,0.0
EX_ura(e),-0.006439717081532671,0.0
EX_urea(e),0.0,0.0
EX_val_L(e),-0.015275446165355708,0.0
EX_xan(e),-0.006550277865658797,0.0
EX_zn2(e),-1.152586398888139e-07,0.0
translation_469609.3.peg.2,1.6392464781722482e-09,5.483196512457254e-33
transcription_TU_469609.3.peg.2,1.3825974142349336e-10,2.8057948743408023e-33
translation_469609.3.peg.3,1.6898667659525457e-12,1.5674309193583483e-34
transcription_TU_469609.3.peg.3,1.4252923230999526e-13,5.793714427777766e-32
translation_469609.3.peg.8,1.8612358159144385e-11,-4.838812789460549e-31
transcription_TU_469609.3.peg.8,1.5698309318523051e-12,1.6086731386991063e-31
translation_469609.3.peg.17,0.0,-1.3621319538819663e-34
transcription_TU_469609.3.peg.17,0.0,6.960841741772107e-32
translation_469609.3.peg.18,0.0,-2.2122891221360685e-32
transcription_TU_469609.3.peg.18,0.0,-4.311176057567882e-32
translation_469609.3.peg.23,2.0644619256661954e-10,4.21089603464164e-32
transcription_TU_469609.3.peg.23,1.7412388912954117e-11,-2.1888826103487423e-32
translation_469609.3.peg.24,0.0,-1.5302659796056667e-34
transcription_TU_469609.3.peg.24,0.0,-4.1371246762753357e-32
translation_469609.3.peg.30,1.0146861064071432e-37,-4.940803647232164e-32
transcription_TU_469609.3.peg.30,0.0,-45.106636356913334
translation_469609.3.peg.35,1.3802493329117196e-07,7.060615322761559e-33
transcription_TU_469609.3.peg.35,1.164150226396102e-08,-3.898158757753384e-32
translation_469609.3.peg.36,1.3802493329117196e-07,-1.3823260897814345e-32
transcription_TU_469609.3.peg.36,1.164150226396102e-08,-3.0475003728220913e-33
translation_469609.3.peg.41,1.1880009754872038e-06,-9.006936774263925e-34
transcription_TU_469609.3.peg.41,1.0020012845466633e-07,1.0987506179768624e-32
translation_469609.3.peg.44,0.0,1.2054631421421746e-32
transcription_TU_469609.3.peg.44,0.0,2.0528714208780837e-32
translation_469609.3.peg.46,0.0,2.851463246548177e-33
transcription_TU_469609.3.peg.46,0.0,-4.5162039886306456e-33
translation_469609.3.peg.47,-2.0782339451218667e-31,3.767522973238547e-33
transcription_TU_469609.3.peg.47,-1.7528546908360854e-32,-6.269433460269397e-33
translation_469609.3.peg.48,0.0,-1.0671779159852176e-31
transcription_TU_469609.3.peg.48,0.0,2.4185787467319462e-33
translation_469609.3.peg.49,0.0,3.707048334224427e-31
transcription_TU_469609.3.peg.49,0.0,-6.144779703831562e-32
translation_469609.3.peg.50,0.0,9.892132356006547e-33
transcription_TU_469609.3.peg.50,0.0,1.0643892883217552e-32
translation_469609.3.peg.51,0.0,-2.096123936028622e-32
transcription_TU_469609.3.peg.51,0.0,1.7289453509431315e-32
translation_469609.3.peg.52,0.0,6.031020431957043e-33
transcription_TU_469609.3.peg.52,0.0,-1.362044357407373e-32
translation_469609.3.peg.54,0.0,-3.603829671374025e-32
transcription_TU_469609.3.peg.54,0.0,1.0178883536040164e-32
translation_469609.3.peg.63,3.0754748411100736e-24,-2.042259745024917e-32
transcription_TU_469609.3.peg.63,0.0,-20.96630057964479
translation_469609.3.peg.73,0.0,-9.584290515792724e-32
transcription_TU_469609.3.peg.73,0.0,-126.2127839988744
translation_469609.3.peg.74,0.0,-3.097457663249572e-32
transcription_TU_469609.3.peg.74,0.0,-3.864425002376016e-32
translation_469609.3.peg.75,0.0,-5.42031203487923e-34
transcription_TU_469609.3.peg.75,0.0,-6.269433460269397e-33
translation_469609.3.peg.76,0.0,-9.908225996267859e-33
transcription_TU_469609.3.peg.76,0.0,-103.2028993118904
translation_469609.3.peg.99,1.4594026243601827e-14,-8.849233540189772e-32
transcription_TU_469609.3.peg.99,1.2309108615672392e-15,-7.557556219904232e-32
translation_469609.3.peg.109,0.0,1.668435608628419e-33
transcription_TU_469609.3.peg.109,0.0,-7.815522969034975e-33
translation_469609.3.peg.113,0.0,-1.8411810228890674e-31
transcription_TU_469609.3.peg.113,0.0,8.797118175057679e-33
translation_469609.3.peg.114,0.0,-2.2036856479628926e-32
transcription_TU_469609.3.peg.114,0.0,1.599981386505247e-31
translation_469609.3.peg.115,0.0,-1.5603202709163568e-31
transcription_TU_469609.3.peg.115,0.0,-1.3623735601596802e-32
translation_469609.3.peg.116,0.0,-2.741781263403227e-33
transcription_TU_469609.3.peg.116,0.0,8.128591486891254e-33
translation_469609.3.peg.117,0.0,-1.8776793329422793e-32
transcription_TU_469609.3.peg.117,0.0,-8.304849210459048e-32
translation_469609.3.peg.124,3.012855655486606e-08,-1.0254391644355479e-32
transcription_TU_469609.3.peg.124,2.5411471027733815e-09,1.988187121844728e-33
translation_469609.3.peg.128,0.0,4.41640452456467e-33
transcription_TU_469609.3.peg.128,0.0,-3.5674738222599356e-32
translation_469609.3.peg.129,0.0,-2.1032377107819443e-32
transcription_TU_469609.3.peg.129,0.0,-74.63432924823644
translation_469609.3.peg.133,0.0,9.921328234651035e-33
transcription_TU_469609.3.peg.133,0.0,-72.37770672716283
translation_469609.3.peg.145,-3.9599326884718255e-42,4.42371238202916e-32
transcription_TU_469609.3.peg.145,-3.5185717106816453e-43,3.258113652049305e-32
translation_469609.3.peg.158,0.0,4.983637206236522e-32
transcription_TU_469609.3.peg.158,0.0,3.45331267356701e-32
translation_469609.3.peg.159,4.176765989586765e-24,-4.26280247529334e-33
transcription_TU_469609.3.peg.159,0.0,-28.883560575343814
translation_469609.3.peg.162,0.0,1.007583491829653e-32
transcription_TU_469609.3.peg.162,0.0,-45.2893638611035
translation_469609.3.peg.163,0.0,1.0817525782353602e-32
transcription_TU_469609.3.peg.163,0.0,-80.01015030366109
translation_469609.3.peg.164,0.0,-3.750131441985642e-33
transcription_TU_469609.3.peg.164,0.0,-28.898902134550163
translation_469609.3.peg.166,0.0004718040842338342,1.1607417137360033e-32
transcription_TU_469609.3.peg.166,3.9793595141013094e-05,1.221293141382781e-32
translation_469609.3.peg.170,3.695102491336089e-12,-2.1166794810953152e-32
transcription_TU_469609.3.peg.170,3.116577780024069e-13,3.2014550815283924e-32
translation_469609.3.peg.171,0.0,-1.5984259728927747e-32
transcription_TU_469609.3.peg.171,0.0,1.9478024189272508e-32
translation_469609.3.peg.172,0.0,-1.4268513204816087e-32
transcription_TU_469609.3.peg.172,0.0,-42.987713659897494
translation_469609.3.peg.175,0.0,8.051096824960954e-34
transcription_TU_469609.3.peg.175,0.0,3.710371450910379e-33
translation_469609.3.peg.176,5.906154313150621e-29,-3.7532445651762546e-32
transcription_TU_469609.3.peg.176,4.9814556811123455e-30,3.7421673958474283e-32
translation_469609.3.peg.181,0.0,5.151043739036659e-32
transcription_TU_469609.3.peg.181,0.0,1.3632848842989243e-32
translation_469609.3.peg.186,0.0,6.874190123474078e-33
transcription_TU_469609.3.peg.186,0.0,-4.445974322199423e-34
translation_469609.3.peg.187,2.0327520474624844e-09,-1.1364957668938983e-32
transcription_TU_469609.3.peg.187,1.714493678666351e-10,1.275463096344883e-32
translation_469609.3.peg.188,1.9921388383199477e-08,-1.0358568495714053e-32
transcription_TU_469609.3.peg.188,1.680239087491714e-09,-8.785671856741492e-32
translation_469609.3.peg.189,1.2427598669889681e-08,2.1513711166950726e-32
transcription_TU_469609.3.peg.189,1.0481868355329472e-09,3.7788273519417075e-32
translation_469609.3.peg.190,3.722471631828877e-11,-3.576380801910727e-33
transcription_TU_469609.3.peg.190,3.1396618637046103e-12,-1.5021434399453345e-32
translation_469609.3.peg.191,6.70540523293544e-13,1.3489171507272559e-32
transcription_TU_469609.3.peg.191,5.6555716665567666e-14,1.5089391446616007e-32
translation_469609.3.peg.195,1.1880009754872038e-06,-3.496780613685818e-33
transcription_TU_469609.3.peg.195,1.0020012845466633e-07,3.8537070285635705e-33
translation_469609.3.peg.204,3.0421280639688315e-13,-2.026858486171911e-32
transcription_TU_469609.3.peg.204,2.5658364687807923e-14,-1.2862121173363277e-32
translation_469609.3.peg.208,0.0,1.3543104405443092e-32
transcription_TU_469609.3.peg.208,0.0,1.0420312099959561e-32
translation_469609.3.peg.209,0.0,-1.1918676837364727e-32
transcription_TU_469609.3.peg.209,0.0,-51.695174177582864
translation_469609.3.peg.215,1.1880009754872038e-06,1.693517282203862e-32
transcription_TU_469609.3.peg.215,1.0020012845466633e-07,1.5325001026427126e-32
translation_469609.3.peg.216,1.1880009754872038e-06,3.528379324410182e-32
transcription_TU_469609.3.peg.216,1.0020012845466633e-07,5.818667431772278e-33
translation_469609.3.peg.217,2.4972881274194114e-08,-2.2241955960776886e-33
transcription_TU_469609.3.peg.217,2.1062995428359685e-09,6.533058188682436e-32
translation_469609.3.peg.218,1.6991382023838786e-28,-2.0493265003083153e-32
transcription_TU_469609.3.peg.218,1.4331121746030025e-29,-6.526688922034212e-33
translation_469609.3.peg.220,1.0656415201350193e-28,-2.533177478290557e-32
transcription_TU_469609.3.peg.220,8.987990700964282e-30,6.181828682338625e-32
translation_469609.3.peg.225,-6.360951690412936e-43,-8.238131922591706e-32
transcription_TU_469609.3.peg.225,-1.514178029654422e-44,-4.817705371175034e-32
translation_469609.3.peg.227,1.3905070831671258e-15,-9.883305224463216e-32
transcription_TU_469609.3.peg.227,1.1728019692351689e-16,-6.996380991367647e-32
translation_469609.3.peg.233,1.1879992856204378e-06,-2.6967859343133263e-32
transcription_TU_469609.3.peg.233,1.0019998592543403e-07,-1.593402535586594e-32
translation_469609.3.peg.243,0.0,-1.615147163514885e-31
transcription_TU_469609.3.peg.243,0.0,1.199173569534048e-31
translation_469609.3.peg.251,3.877643977329863e-09,1.2894015195005768e-32
transcription_TU_469609.3.peg.251,3.2705396093683647e-10,-5.320648781150832e-32
translation_469609.3.peg.252,3.578981076129922e-09,1.3785980896518292e-32
transcription_TU_469609.3.peg.252,3.018636945293492e-10,3.7384978048077e-32
translation_469609.3.peg.253,3.4091650067473948e-09,1.4594772078335326e-32
transcription_TU_469609.3.peg.253,2.8754081743001214e-10,-9.0666727869781e-32
translation_469609.3.peg.254,3.0970074503595034e-10,-1.520460572072751e-32
transcription_TU_469609.3.peg.254,2.6121236493414265e-11,1.0740298154572098e-31
translation_469609.3.peg.256,3.0532559610457685e-09,-2.8949734217637746e-32
transcription_TU_469609.3.peg.256,2.575222123671203e-10,-5.873750666188429e-32
translation_469609.3.peg.259,0.0,-1.3420361200272465e-31
transcription_TU_469609.3.peg.259,0.0,-188.6599622509784
translation_469609.3.peg.273,2.9757454207082673e-09,-5.062910279135977e-32
transcription_TU_469609.3.peg.273,2.5098470418433185e-10,-1.3412220835402193e-32
translation_469609.3.peg.278,1.6347621750643883e-14,-3.446357237832447e-32
transcription_TU_469609.3.peg.278,1.3788151972443042e-15,1.2050513815929042e-32
translation_469609.3.peg.285,3.564814074057657e-08,-2.164568407271165e-35
transcription_TU_469609.3.peg.285,3.00668800369539e-09,-8.043582083779115e-33
translation_469609.3.peg.287,3.564814074057657e-08,-2.366916502498309e-32
transcription_TU_469609.3.peg.287,3.00668800369539e-09,5.131802374250875e-32
translation_469609.3.peg.288,2.7877361675491906e-30,-1.3577215206890158e-32
transcription_TU_469609.3.peg.288,0.0,-76.46005682997755
translation_469609.3.peg.289,7.702213821884955e-10,8.130990039372756e-33
transcription_TU_469609.3.peg.289,6.496314651776075e-11,-3.412851160846153e-32
translation_469609.3.peg.292,0.0,-1.5431666293060646e-31
transcription_TU_469609.3.peg.292,0.0,-163.7404385361611
translation_469609.3.peg.297,0.0,-1.3495259262193204e-32
transcription_TU_469609.3.peg.297,0.0,-3.4152525966606875e-34
translation_469609.3.peg.299,0.0,4.420780079470837e-32
transcription_TU_469609.3.peg.299,0.0,4.293499904759669e-33
translation_469609.3.peg.303,0.0,5.337038879835573e-34
transcription_TU_469609.3.peg.303,0.0,-51.771200907399354
translation_469609.3.peg.306,0.0,4.233280670457789e-32
transcription_TU_469609.3.peg.306,0.0,-181.44785010800703
translation_469609.3.peg.307,0.0,-1.7169941937529904e-31
transcription_TU_469609.3.peg.307,0.0,-142.33672855203545
translation_469609.3.peg.312,0.0,-4.156880243083065e-33
transcription_TU_469609.3.peg.312,0.0,1.0101710301387832e-31
translation_469609.3.peg.325,0.0,-2.3195797639612334e-33
transcription_TU_469609.3.peg.325,0.0,-6.989845631460457e-32
translation_469609.3.peg.328,0.0,5.842086488180548e-32
transcription_TU_469609.3.peg.328,0.0,9.941336509143911e-32
translation_469609.3.peg.329,1.187092691187522e-07,-8.166918078137511e-32
transcription_TU_469609.3.peg.329,1.0012352060216509e-08,5.183055615293912e-32
translation_469609.3.peg.330,4.705865217866096e-11,-2.502045511493872e-32
transcription_TU_469609.3.peg.330,3.969090169535877e-12,-3.509291276234799e-32
translation_469609.3.peg.339,2.0063782944032217e-10,1.8938638487060733e-32
transcription_TU_469609.3.peg.339,1.692249139319184e-11,-2.3995623377223117e-32
translation_469609.3.peg.341,3.042128063968828e-13,-2.76586259146949e-33
transcription_TU_469609.3.peg.341,2.565836468780789e-14,-2.6706298485450877e-33
translation_469609.3.peg.352,1.1880009754872038e-06,-2.0824077474189604e-33
transcription_TU_469609.3.peg.352,1.0020012845466633e-07,5.5518429046330285e-33
translation_469609.3.peg.353,0.0,6.407836189208176e-33
transcription_TU_469609.3.peg.353,0.0,-75.51671777939924
translation_469609.3.peg.356,0.0,2.7121870702604255e-33
transcription_TU_469609.3.peg.356,0.0,-24.440842387337426
translation_469609.3.peg.364,6.078023941958147e-11,-4.7427427968397606e-32
transcription_TU_469609.3.peg.364,5.126416495449281e-12,8.631921336792558e-32
translation_469609.3.peg.365,0.0,-9.803177154376007e-33
transcription_TU_469609.3.peg.365,0.0,-3.641960458703091e-32
translation_469609.3.peg.367,7.659267973706044e-10,1.8826646864440368e-32
transcription_TU_469609.3.peg.367,6.460092631820604e-11,3.86057170443532e-32
translation_469609.3.peg.368,3.0491947642674005e-10,-1.7560146781247003e-32
transcription_TU_469609.3.peg.368,2.5717967692542565e-11,-4.019210363299927e-33
translation_469609.3.peg.369,3.957892578500793e-11,-3.344136200868792e-33
transcription_TU_469609.3.peg.369,3.3382240668018855e-12,1.0417418988601913e-31
translation_469609.3.peg.372,0.0,-9.722615480144992e-33
transcription_TU_469609.3.peg.372,0.0,-89.6880916107383
translation_469609.3.peg.375,3.042128063968828e-13,3.3247198789164e-33
transcription_TU_469609.3.peg.375,2.565836468780789e-14,-4.1924329849841166e-32
translation_469609.3.peg.378,1.1880026653539697e-06,-1.9313422871780605e-32
transcription_TU_469609.3.peg.378,1.0020027098389865e-07,5.7781610990153086e-33
translation_469609.3.peg.379,1.1880009754872038e-06,-3.869486911603515e-33
transcription_TU_469609.3.peg.379,1.0020012845466633e-07,2.621285531111619e-32
translation_469609.3.peg.399,0.0,-8.481492777132121e-32
transcription_TU_469609.3.peg.399,0.0,2.953889365137495e-31
translation_469609.3.peg.415,2.852251454982604e-13,-2.0445827282330681e-32
transcription_TU_469609.3.peg.415,2.4056879419401142e-14,3.253414160984061e-33
translation_469609.3.peg.416,1.426125727491302e-13,-8.205261630005507e-32
transcription_TU_469609.3.peg.416,1.2028439709700571e-14,-1.7119809009126067e-33
translation_469609.3.peg.418,2.852251454982604e-13,2.2686282217755526e-32
transcription_TU_469609.3.peg.418,2.4056879419401142e-14,-1.104430966297927e-31
translation_469609.3.peg.419,2.083902106233332e-38,-2.15853995477087e-31
transcription_TU_469609.3.peg.419,0.0,-89.87246596552201
translation_469609.3.peg.421,0.0,-1.8894010575356374e-33
transcription_TU_469609.3.peg.421,0.0,3.249190486403123e-32
translation_469609.3.peg.426,1.1879992856204378e-06,-7.029142851585149e-32
transcription_TU_469609.3.peg.426,1.0019998592543403e-07,1.8551840572397376e-32
translation_469609.3.peg.427,1.1339812263646286e-07,5.938155107202784e-32
transcription_TU_469609.3.peg.427,9.564391519149871e-09,-6.955500031455716e-33
translation_469609.3.peg.429,2.924923810487656e-09,-1.0198724743322568e-31
transcription_TU_469609.3.peg.429,2.4669823306397786e-10,1.6964978695090045e-33
translation_469609.3.peg.430,1.040821972863012e-10,-2.630023702855841e-32
transcription_TU_469609.3.peg.430,8.778654018911314e-12,6.278148139734254e-32
translation_469609.3.peg.431,-3.8332995270706785e-31,-3.9050960348354556e-33
transcription_TU_469609.3.peg.431,0.0,-36.4809961418714
translation_469609.3.peg.432,0.0,-1.5880588815808485e-33
transcription_TU_469609.3.peg.432,0.0,-4.697869608905545e-32
translation_469609.3.peg.434,3.6010970341393586e-08,-1.3757581761780226e-32
transcription_TU_469609.3.peg.434,3.0372903124132857e-09,-1.3325860462000272e-32
translation_469609.3.peg.438,0.0,-3.1638652506490726e-32
transcription_TU_469609.3.peg.438,0.0,5.690842342065533e-32
translation_469609.3.peg.441,2.2558950261873674e-09,-6.450721117505162e-33
transcription_TU_469609.3.peg.441,1.9027002171569498e-10,3.156423834870081e-32
translation_469609.3.peg.442,1.4366824188945693e-09,4.105095600819413e-32
transcription_TU_469609.3.peg.442,1.2117478511560968e-10,4.4969566142976317e-32
translation_469609.3.peg.443,1.6898667659525457e-12,-4.973266103250521e-33
transcription_TU_469609.3.peg.443,1.4252923230999526e-13,8.580629185270893e-33
translation_469609.3.peg.444,1.6898667659525457e-12,-6.929790563422768e-34
transcription_TU_469609.3.peg.444,1.4252923230999526e-13,3.870536664737688e-32
translation_469609.3.peg.445,1.6898667659525457e-12,1.2372863094174365e-32
transcription_TU_469609.3.peg.445,1.4252923230999526e-13,-1.463250148654289e-32
translation_469609.3.peg.447,0.0,-5.0403282603460215e-33
transcription_TU_469609.3.peg.447,0.0,1.252042995751799e-32
translation_469609.3.peg.455,0.0,-8.00239622869278e-33
transcription_TU_469609.3.peg.455,0.0,-51.441696030501454
translation_469609.3.peg.457,0.0,-3.0892008293608154e-33
transcription_TU_469609.3.peg.457,0.0,-2.2352632292182617e-32
translation_469609.3.peg.465,0.0,2.7735133777447446e-32
transcription_TU_469609.3.peg.465,0.0,-65.12657538175955
translation_469609.3.peg.466,5.433654032216805e-10,-6.204196012761032e-32
transcription_TU_469609.3.peg.466,4.582932533225046e-11,-2.0757147691717107e-32
translation_469609.3.peg.467,9.161158226255846e-10,-6.224973489430709e-32
transcription_TU_469609.3.peg.467,7.726839034689383e-11,8.708341512459267e-32
translation_469609.3.peg.469,5.433654032216805e-10,-6.036696923646761e-32
transcription_TU_469609.3.peg.469,4.582932533225046e-11,-1.4292684119344945e-32
translation_469609.3.peg.492,0.0,-1.0246101284053551e-32
transcription_TU_469609.3.peg.492,0.0,-50.02211221113225
translation_469609.3.peg.493,0.0,1.3187357767486445e-32
transcription_TU_469609.3.peg.493,0.0,3.197827059993898e-32
translation_469609.3.peg.497,1.521064031984414e-13,-1.227234950284862e-32
transcription_TU_469609.3.peg.497,1.2829182343903944e-14,3.532516140644088e-32
translation_469609.3.peg.511,0.0,-4.274200753597009e-32
transcription_TU_469609.3.peg.511,0.0,-4.1405496731083684e-32
translation_469609.3.peg.513,5.1826192825796264e-11,-2.5959735965828097e-31
transcription_TU_469609.3.peg.513,4.371201106406017e-12,-1.543195122410568e-32
translation_469609.3.peg.518,0.0,9.682787474761453e-33
transcription_TU_469609.3.peg.518,0.0,-71.86584811544462
translation_469609.3.peg.519,4.1319880452662644e-18,-2.037007607328211e-32
transcription_TU_469609.3.peg.519,3.4850622301806766e-19,-4.933231094109939e-32
translation_469609.3.peg.523,0.0,-1.623497407315875e-31
transcription_TU_469609.3.peg.523,0.0,-109.65845580979233
translation_469609.3.peg.527,1.8612358159144385e-11,-7.836652180109198e-32
transcription_TU_469609.3.peg.527,1.5698309318523051e-12,3.644561121833014e-32
translation_469609.3.peg.533,1.5274667082321237e-12,-3.425958143937267e-32
transcription_TU_469609.3.peg.533,1.2883184739163854e-13,8.361424483690515e-32
translation_469609.3.peg.534,1.5274667082321237e-12,-1.5050677523805885e-32
transcription_TU_469609.3.peg.534,1.2883184739163854e-13,1.3220711758305286e-32
translation_469609.3.peg.535,3.2144482981194224e-12,-1.12897175994907e-31
transcription_TU_469609.3.peg.535,2.7111773393145586e-13,3.9065213473580726e-33
translation_469609.3.peg.536,0.0,4.078451289074949e-32
transcription_TU_469609.3.peg.536,0.0,1.195225283643579e-32
translation_469609.3.peg.550,5.583707447743316e-11,2.826112996600418e-32
transcription_TU_469609.3.peg.550,4.709492795556915e-12,3.142036176315834e-32
translation_469609.3.peg.553,4.012756588806448e-10,-5.361013307781794e-32
transcription_TU_469609.3.peg.553,3.3844982786383725e-11,-3.533213942166883e-32
translation_469609.3.peg.554,1.521064031984414e-13,3.1907341855641676e-33
transcription_TU_469609.3.peg.554,1.2829182343903944e-14,-1.2503263075598486e-32
translation_469609.3.peg.556,0.0,4.580328852827449e-32
transcription_TU_469609.3.peg.556,0.0,-93.80506524750142
translation_469609.3.peg.558,0.0,-2.504683209003438e-32
transcription_TU_469609.3.peg.558,0.0,-2.6953311132557993e-32
translation_469609.3.peg.563,4.966836254900108e-08,1.8234018891464326e-32
transcription_TU_469609.3.peg.563,4.189202206253956e-09,-1.563365275492511e-32
translation_469609.3.peg.565,1.859569465830809e-09,-3.292496485565497e-32
transcription_TU_469609.3.peg.565,1.5684254743158611e-10,6.017134962317919e-32
translation_469609.3.peg.566,1.6898667659525457e-12,-6.143042758741591e-32
transcription_TU_469609.3.peg.566,1.4252923230999526e-13,5.237944084176643e-32
translation_469609.3.peg.570,1.521064031984414e-13,-5.755821767475554e-32
transcription_TU_469609.3.peg.570,1.2829182343903944e-14,1.9159098768623525e-32
translation_469609.3.peg.573,0.0,-6.869493643909015e-32
transcription_TU_469609.3.peg.573,0.0,-7.993071453560375e-32
translation_469609.3.peg.578,0.0,3.1050623888912995e-33
transcription_TU_469609.3.peg.578,0.0,-6.695122968434535e-32
translation_469609.3.peg.579,0.0,2.5071268534796434e-33
transcription_TU_469609.3.peg.579,0.0,1.0716469592921939e-32
translation_469609.3.peg.580,0.0,1.3446620617770539e-33
transcription_TU_469609.3.peg.580,0.0,-66.53516059915873
translation_469609.3.peg.581,1.1879992856204378e-06,-5.836131029358543e-32
transcription_TU_469609.3.peg.581,1.0019998592543403e-07,4.016848119793162e-33
translation_469609.3.peg.583,0.0,4.648575851567841e-33
transcription_TU_469609.3.peg.583,0.0,-172.69520653644764
translation_469609.3.peg.588,6.084256127937663e-13,-5.748595017218567e-32
transcription_TU_469609.3.peg.588,5.1316729375615847e-14,-5.163401586038076e-32
translation_469609.3.peg.590,3.89503971670602e-12,-4.6514124981213976e-33
transcription_TU_469609.3.peg.590,3.2852117801495375e-13,-1.4934366227844073e-33
translation_469609.3.peg.592,2.3873018949810175e-09,-4.163062695773906e-32
transcription_TU_469609.3.peg.592,2.013533334339782e-10,-3.216264208557407e-32
translation_469609.3.peg.593,1.1339812263646286e-07,-3.572298622795031e-32
transcription_TU_469609.3.peg.593,9.564391519149871e-09,-6.484321993545142e-33
translation_469609.3.peg.594,0.0,-3.0774759506340356e-32
transcription_TU_469609.3.peg.594,0.0,-190.49761363149426
translation_469609.3.peg.595,2.023276962062747e-10,-2.6403243215550463e-32
transcription_TU_469609.3.peg.595,1.7065020625501836e-11,-7.170416955888073e-32
translation_469609.3.peg.596,1.521064031984414e-13,-1.6648944299753758e-32
transcription_TU_469609.3.peg.596,1.2829182343903944e-14,-9.551611091113325e-32
translation_469609.3.peg.604,2.973830832033498e-12,6.49493374016727e-33
transcription_TU_469609.3.peg.604,2.5082322112572484e-13,7.675456458447064e-33
translation_469609.3.peg.610,-1.1383706217710121e-42,-3.733284837683958e-32
transcription_TU_469609.3.peg.610,-3.4604179165472044e-44,-4.974244113424214e-32
translation_469609.3.peg.611,0.0,2.2472800259741246e-32
transcription_TU_469609.3.peg.611,0.0,-9.413894066375323e-33
translation_469609.3.peg.614,1.2178226649597484e-09,4.471444935328376e-33
transcription_TU_469609.3.peg.614,1.0271539332190157e-10,-9.069907006538492e-33
translation_469609.3.peg.618,0.0,9.007691874443527e-33
transcription_TU_469609.3.peg.618,0.0,-5.45384726504666e-32
translation_469609.3.peg.620,0.0,-1.5809699988132784e-32
transcription_TU_469609.3.peg.620,0.0,-164.58746137036775
translation_469609.3.peg.625,1.1880009754872038e-06,-7.013746272915821e-34
transcription_TU_469609.3.peg.625,1.0020012845466633e-07,-1.386586941636509e-32
translation_469609.3.peg.626,2.3760002611076416e-06,1.60925769215436e-33
transcription_TU_469609.3.peg.626,2.0040011438010036e-07,-1.5634889990285347e-32
translation_469609.3.peg.631,4.295391266006687e-09,3.662190529641713e-32
transcription_TU_469609.3.peg.631,3.622882181897315e-10,-2.787160816380708e-32
translation_469609.3.peg.635,1.8612358159144385e-11,4.495992800800496e-33
transcription_TU_469609.3.peg.635,1.5698309318523051e-12,-1.880653264981856e-33
translation_469609.3.peg.637,1.8612358159144385e-11,4.4889978029084414e-33
transcription_TU_469609.3.peg.637,1.5698309318523051e-12,-7.127764194181516e-32
translation_469609.3.peg.641,0.0,-3.39720037231549e-33
transcription_TU_469609.3.peg.641,0.0,-6.986173589886228e-32
translation_469609.3.peg.651,0.0,1.7686218003080402e-32
transcription_TU_469609.3.peg.651,0.0,-4.004326209273059e-32
translation_469609.3.peg.652,0.0,-4.1327868886296677e-32
transcription_TU_469609.3.peg.652,0.0,-95.94654442630839
translation_469609.3.peg.657,6.513099726606402e-10,8.543595403161036e-33
transcription_TU_469609.3.peg.657,5.49337452333635e-11,-4.378779812916585e-32
translation_469609.3.peg.658,0.0,-2.8642805159685587e-32
transcription_TU_469609.3.peg.658,0.0,2.642660863034189e-32
translation_469609.3.peg.659,6.402420595792671e-10,3.4158397280731896e-32
transcription_TU_469609.3.peg.659,5.400023900284559e-11,-2.7142676859706005e-32
translation_469609.3.peg.660,0.0007733191824006794,-1.312602068775832e-33
transcription_TU_469609.3.peg.660,6.522442574698058e-05,6.988751219860876e-33
translation_469609.3.peg.661,1.3290852557289886e-10,1.3231805770773385e-33
transcription_TU_469609.3.peg.661,1.1209966666620987e-11,1.295056222080606e-32
translation_469609.3.peg.662,2.002671314070574e-10,-1.5081316830800914e-32
transcription_TU_469609.3.peg.662,1.6891225433552548e-11,1.0602326936919924e-32
translation_469609.3.peg.665,7.465197778074676e-08,-8.391205943876334e-32
transcription_TU_469609.3.peg.665,6.296407088351161e-09,1.642307259596396e-33
translation_469609.3.peg.669,0.0,2.7617781507556694e-32
transcription_TU_469609.3.peg.669,0.0,5.242641582689589e-32
translation_469609.3.peg.670,2.510556251158774e-10,-3.7774530120456815e-32
transcription_TU_469609.3.peg.670,2.1174903392281293e-11,-4.6433835213449377e-32
translation_469609.3.peg.671,0.0,1.1618504833490406e-32
transcription_TU_469609.3.peg.671,0.0,-3.2960380909966793e-32
translation_469609.3.peg.680,0.0,1.3789237024017818e-32
transcription_TU_469609.3.peg.680,0.0,-7.768999684908447e-33
translation_469609.3.peg.681,0.0,-2.533506508915529e-33
transcription_TU_469609.3.peg.681,0.0,-7.42183418776781e-32
translation_469609.3.peg.682,0.0,-6.096145841300605e-33
transcription_TU_469609.3.peg.682,0.0,3.420386865295641e-33
translation_469609.3.peg.683,0.0,-2.3287879734661082e-32
transcription_TU_469609.3.peg.683,0.0,-3.775765305998942e-32
translation_469609.3.peg.684,0.0,9.667427969934446e-33
transcription_TU_469609.3.peg.684,0.0,3.627270593599532e-32
translation_469609.3.peg.696,6.352088127447892e-10,3.4809457175204563e-32
transcription_TU_469609.3.peg.696,5.357571748328042e-11,7.972793483392504e-33
translation_469609.3.peg.698,3.722471631828877e-11,6.524924194385612e-33
transcription_TU_469609.3.peg.698,3.1396618637046103e-12,1.7237450298885938e-32
translation_469609.3.peg.699,0.0,-1.6407153151229098e-33
transcription_TU_469609.3.peg.699,0.0,-6.1530080063939776e-33
translation_469609.3.peg.702,9.108370461819025e-59,5.341563654059137e-32
transcription_TU_469609.3.peg.702,0.0,1.01750611626624e-31
translation_469609.3.peg.703,0.0,4.09309815432726e-33
transcription_TU_469609.3.peg.703,0.0,-1.7117874434575152e-32
translation_469609.3.peg.706,0.0,4.5054731300872575e-33
transcription_TU_469609.3.peg.706,0.0,-73.11878411400315
translation_469609.3.peg.707,6.294659597574137e-10,-1.2928787830329557e-31
transcription_TU_469609.3.peg.707,5.3091345316165564e-11,6.292297644801748e-32
translation_469609.3.peg.708,0.0,2.9917945007161172e-33
transcription_TU_469609.3.peg.708,0.0,3.1890223271576507e-32
translation_469609.3.peg.709,0.0,5.117725321189387e-32
transcription_TU_469609.3.peg.709,0.0,2.52463683481456e-31
translation_469609.3.peg.710,0.0,-2.7266111194469514e-32
transcription_TU_469609.3.peg.710,0.0,-2.7222292014059115e-32
translation_469609.3.peg.711,0.0,2.86789709995941e-33
transcription_TU_469609.3.peg.711,0.0,5.719975134440178e-33
translation_469609.3.peg.714,2.2279249456080616e-09,-1.6063738172045793e-32
transcription_TU_469609.3.peg.714,1.8791092797355017e-10,3.914926488850383e-32
translation_469609.3.peg.715,1.2670453257081157e-09,4.4408609428437986e-33
transcription_TU_469609.3.peg.715,1.0686700349027217e-10,-4.399493584182033e-32
translation_469609.3.peg.716,1.4043606349538586e-09,1.1412432353076928e-32
transcription_TU_469609.3.peg.716,1.1844865359756526e-10,-1.8769362303051876e-32
translation_469609.3.peg.717,3.9801776405892205e-24,-1.5376677133724798e-32
transcription_TU_469609.3.peg.717,0.0,-28.695376908438412
translation_469609.3.peg.718,6.084256127937653e-13,-1.5121428097843467e-32
transcription_TU_469609.3.peg.718,5.131672937561576e-14,-6.214262661815897e-32
translation_469609.3.peg.727,0.0,-3.854752188778546e-33
transcription_TU_469609.3.peg.727,0.0,-1.6740621003510134e-32
translation_469609.3.peg.728,1.2685470099713338e-10,-1.5871896361918278e-32
transcription_TU_469609.3.peg.728,1.0699366075670335e-11,-2.0010160978800748e-32
translation_469609.3.peg.729,0.0,-2.0557453943003547e-31
transcription_TU_469609.3.peg.729,0.0,1.4738017918463385e-33
translation_469609.3.peg.731,3.193965023489402e-11,-5.463364880373818e-32
transcription_TU_469609.3.peg.731,2.6939010340635588e-12,-3.447675897301468e-32
translation_469609.3.peg.732,1.1880009754872038e-06,3.8641374518871795e-33
transcription_TU_469609.3.peg.732,1.0020012845466633e-07,2.942053984985714e-33
translation_469609.3.peg.754,2.4070440939353677e-10,1.4279382590693757e-32
transcription_TU_469609.3.peg.754,2.0301845906267747e-11,1.1875715281379655e-32
translation_469609.3.peg.755,2.4070440939353677e-10,1.69120070752211e-33
transcription_TU_469609.3.peg.755,2.0301845906267747e-11,-1.2383547657781258e-32
translation_469609.3.peg.756,2.4070440939353677e-10,-3.161177947278529e-32
transcription_TU_469609.3.peg.756,2.0301845906267747e-11,-4.918954637112226e-32
translation_469609.3.peg.757,2.4070440939353677e-10,-1.110023887653578e-31
transcription_TU_469609.3.peg.757,2.0301845906267747e-11,1.040345999685827e-31
translation_469609.3.peg.758,2.4070440939353677e-10,-1.5542592623515652e-32
transcription_TU_469609.3.peg.758,2.0301845906267747e-11,6.967641349872685e-32
translation_469609.3.peg.760,0.0,8.756895526364236e-33
transcription_TU_469609.3.peg.760,0.0,8.255194272932652e-33
translation_469609.3.peg.763,5.5637080840618616e-11,4.2825648407732204e-32
transcription_TU_469609.3.peg.763,4.692624637607201e-12,-3.849064616331693e-32
translation_469609.3.peg.764,0.0,-2.6994769868967757e-33
transcription_TU_469609.3.peg.764,0.0,4.947416711824628e-32
translation_469609.3.peg.778,0.0,-2.983134462318056e-35
transcription_TU_469609.3.peg.778,0.0,-30.952272236308467
translation_469609.3.peg.779,1.1880009754872038e-06,1.5797940617948858e-32
transcription_TU_469609.3.peg.779,1.0020012845466633e-07,-4.7992704960170554e-33
translation_469609.3.peg.780,1.1880009754872038e-06,-2.8278204548991186e-33
transcription_TU_469609.3.peg.780,1.0020012845466633e-07,5.540909768767439e-33
translation_469609.3.peg.781,2.0063782944032217e-10,5.905494255849121e-32
transcription_TU_469609.3.peg.781,1.692249139319184e-11,1.93875451934679e-32
translation_469609.3.peg.782,1.7896671589151593e-09,-4.9292046208298183e-33
transcription_TU_469609.3.peg.782,1.509467440806224e-10,1.047133520371932e-32
translation_469609.3.peg.793,0.0,-1.4766083092989253e-32
transcription_TU_469609.3.peg.793,0.0,-5.241578372693723e-32
translation_469609.3.peg.801,0.0,-3.655403181014175e-32
transcription_TU_469609.3.peg.801,0.0,-2.9658682764799295e-32
translation_469609.3.peg.802,0.0,5.643146958744431e-34
transcription_TU_469609.3.peg.802,0.0,-83.59160282173521
translation_469609.3.peg.804,0.0,4.9387918703521195e-33
transcription_TU_469609.3.peg.804,0.0,-46.801270654376395
translation_469609.3.peg.805,0.0,-1.6486371310778553e-32
transcription_TU_469609.3.peg.805,0.0,-69.97893404934784
translation_469609.3.peg.813,0.0,4.619952865527926e-33
transcription_TU_469609.3.peg.813,0.0,-77.3320813875066
translation_469609.3.peg.814,4.463127060038156e-12,7.007021459491645e-33
transcription_TU_469609.3.peg.814,3.7643563764071806e-13,-2.3805585863279677e-32
translation_469609.3.peg.820,6.759467063810191e-12,1.5183605222245544e-33
transcription_TU_469609.3.peg.820,5.701169292399818e-13,3.119973537497629e-33
translation_469609.3.peg.821,0.0,1.0377429103829476e-32
transcription_TU_469609.3.peg.821,0.0,-50.63028256549879
translation_469609.3.peg.828,3.634215001209904e-11,-2.7710712591331846e-32
transcription_TU_469609.3.peg.828,3.0652231560985796e-12,-7.843532260959431e-32
translation_469609.3.peg.834,2.3144217879418508e-10,-6.851132583496459e-33
transcription_TU_469609.3.peg.834,1.9520637207805887e-11,-2.1178168107722574e-32
translation_469609.3.peg.850,2.918252533112344e-11,4.9289753976728414e-33
transcription_TU_469609.3.peg.850,2.4613555435936758e-12,-6.828834120995269e-32
translation_469609.3.peg.863,8.536781719532043e-10,-1.9405463807411428e-32
transcription_TU_469609.3.peg.863,7.200218202983889e-11,1.9424175055434117e-32
translation_469609.3.peg.876,0.0,-1.0423347132779057e-32
transcription_TU_469609.3.peg.876,0.0,-70.53157431056476
translation_469609.3.peg.877,0.0,-7.911318694367207e-33
transcription_TU_469609.3.peg.877,0.0,2.5491419803059375e-32
translation_469609.3.peg.880,0.0,-9.568295573439683e-33
transcription_TU_469609.3.peg.880,0.0,-6.603361017206627e-32
translation_469609.3.peg.881,0.0,4.3868782605208626e-32
transcription_TU_469609.3.peg.881,0.0,5.189131062849749e-32
translation_469609.3.peg.882,0.0,-2.3301050757170913e-32
transcription_TU_469609.3.peg.882,0.0,-96.11766877718918
translation_469609.3.peg.893,1.586776375714764e-37,-8.008777923590717e-32
transcription_TU_469609.3.peg.893,0.0,-9.708648665764059e-32
translation_469609.3.peg.894,0.0,1.1070948713392252e-32
transcription_TU_469609.3.peg.894,0.0,-5.948141374265301e-32
translation_469609.3.peg.898,0.0,-1.4447108812608145e-32
transcription_TU_469609.3.peg.898,0.0,7.649273233922624e-33
translation_469609.3.peg.899,0.0,-7.075836749022278e-32
transcription_TU_469609.3.peg.899,0.0,-6.025387560334051e-33
translation_469609.3.peg.901,0.0,-6.202718722116916e-33
transcription_TU_469609.3.peg.901,0.0,-6.915977166751792e-32
translation_469609.3.peg.902,0.0,-2.488528999421932e-33
transcription_TU_469609.3.peg.902,0.0,-3.8833481820174103e-32
translation_469609.3.peg.905,0.0,1.9203034289042798e-32
transcription_TU_469609.3.peg.905,0.0,2.0773154984444035e-33
translation_469609.3.peg.907,0.0,-1.3141890997046582e-32
transcription_TU_469609.3.peg.907,-3.807797224325264e-40,7.52243080744022e-32
translation_469609.3.peg.918,0.0,2.5338398682804938e-33
transcription_TU_469609.3.peg.918,0.0,-8.464136306767387e-32
translation_469609.3.peg.935,1.6898667659525457e-12,4.1757672539927754e-32
transcription_TU_469609.3.peg.935,1.4252923230999526e-13,-9.966285617113244e-33
translation_469609.3.peg.937,1.3254875618760945e-09,-7.797406198006857e-33
transcription_TU_469609.3.peg.937,1.1179622467109475e-10,-1.2778641092624962e-31
translation_469609.3.peg.943,0.0,-1.551150714769599e-32
transcription_TU_469609.3.peg.943,0.0,-1.6747191276887325e-32
translation_469609.3.peg.948,1.1880009754872038e-06,3.871337300544794e-33
transcription_TU_469609.3.peg.948,1.0020012845466633e-07,2.1370822085717508e-32
translation_469609.3.peg.961,0.0,1.9705270056700613e-32
transcription_TU_469609.3.peg.961,0.0,-48.75905258783169
translation_469609.3.peg.978,1.725560950879196e-09,1.4648609774132943e-32
transcription_TU_469609.3.peg.978,1.4553980384026544e-10,2.114167701920966e-32
translation_469609.3.peg.984,1.1880009754872038e-06,8.834128001144747e-34
transcription_TU_469609.3.peg.984,1.0020012845466633e-07,-5.608848164970934e-33
translation_469609.3.peg.986,1.1880009754872038e-06,-2.3133559414955276e-33
transcription_TU_469609.3.peg.986,1.0020012845466633e-07,-8.680631677132318e-34
translation_469609.3.peg.989,0.0,-1.0079461011931323e-32
transcription_TU_469609.3.peg.989,0.0,-92.50700250295812
translation_469609.3.peg.990,0.0,-3.807919367251281e-33
transcription_TU_469609.3.peg.990,0.0,-48.348097781083204
translation_469609.3.peg.992,-1.4991642954929907e-58,2.0775857976996893e-32
transcription_TU_469609.3.peg.992,0.0,2.0100147841989425e-32
translation_469609.3.peg.993,0.0,1.1236694880198686e-32
transcription_TU_469609.3.peg.993,0.0,2.2839996871550445e-32
translation_469609.3.peg.994,0.0,-1.8746687891476482e-31
transcription_TU_469609.3.peg.994,0.0,-1.092132107382398e-32
translation_469609.3.peg.995,0.0,1.2377494246096574e-32
transcription_TU_469609.3.peg.995,0.0,4.5248538586391053e-32
translation_469609.3.peg.997,0.0,2.7172257233343104e-32
transcription_TU_469609.3.peg.997,0.0,-73.8533188732712
translation_469609.3.peg.999,-7.64120702486408e-42,-1.4772162457862519e-31
transcription_TU_469609.3.peg.999,-6.65097420995691e-43,9.302404329971402e-34
translation_469609.3.peg.1000,-4.875250586022358e-41,1.7007078207263365e-33
transcription_TU_469609.3.peg.1000,0.0,7.583770055669075e-32
translation_469609.3.peg.1013,0.0,-7.884704385573604e-34
transcription_TU_469609.3.peg.1013,0.0,5.544763852468832e-32
translation_469609.3.peg.1014,1.7850462375828995e-11,-3.553497793148382e-32
transcription_TU_469609.3.peg.1014,1.5055699952600917e-12,2.2413064430494464e-32
translation_469609.3.peg.1017,0.0,-3.244181806158375e-32
transcription_TU_469609.3.peg.1017,0.0,-1.4974994435671685e-34
translation_469609.3.peg.1018,3.904999315667007e-11,-1.1923779526659194e-32
transcription_TU_469609.3.peg.1018,3.293612051831458e-12,-3.224002484555418e-32
translation_469609.3.peg.1021,1.8612358159144385e-11,6.281517787371447e-33
transcription_TU_469609.3.peg.1021,1.5698309318523051e-12,2.8929807099886727e-32
translation_469609.3.peg.1022,1.8612358159144385e-11,1.7707866585217056e-32
transcription_TU_469609.3.peg.1022,1.5698309318523051e-12,-1.4560771419244793e-32
translation_469609.3.peg.1023,0.0,1.9848161017468197e-33
transcription_TU_469609.3.peg.1023,0.0,-29.715038755182576
translation_469609.3.peg.1025,3.1193026203786496e-09,-6.165353248887606e-32
transcription_TU_469609.3.peg.1025,2.630928170094626e-10,-3.848929541448554e-32
translation_469609.3.peg.1031,0.0,1.5823770472162048e-32
transcription_TU_469609.3.peg.1031,0.0,1.8621647769547254e-32
translation_469609.3.peg.1032,0.0,2.0374718259591896e-34
transcription_TU_469609.3.peg.1032,0.0,-60.50014659648182
translation_469609.3.peg.1033,0.0,-9.137182617085805e-33
transcription_TU_469609.3.peg.1033,0.0,-67.97154570150369
translation_469609.3.peg.1037,0.0,3.1211492891095945e-32
transcription_TU_469609.3.peg.1037,0.0,-2.737782797735312e-32
translation_469609.3.peg.1039,7.5075369831352e-29,-5.47069835834207e-32
transcription_TU_469609.3.peg.1039,6.332117444430567e-30,-3.7738368533657184e-32
translation_469609.3.peg.1040,2.4972881274194114e-08,4.7326409859106396e-32
transcription_TU_469609.3.peg.1040,2.1062995428359685e-09,1.06423376680096e-32
translation_469609.3.peg.1041,3.076230773682325e-08,-1.33748744561396e-32
transcription_TU_469609.3.peg.1041,2.5945998786133715e-09,-1.252027039971198e-31
translation_469609.3.peg.1044,0.0,1.8619049853038372e-34
transcription_TU_469609.3.peg.1044,0.0,-50.25047204097186
translation_469609.3.peg.1048,3.406790827651487e-09,-3.9627844612491933e-32
transcription_TU_469609.3.peg.1048,2.8734057091903035e-10,2.0951029833406753e-32
translation_469609.3.peg.1052,0.0,-4.949724065302999e-32
transcription_TU_469609.3.peg.1052,0.0,-1.8419519638579806e-32
translation_469609.3.peg.1055,0.0,-1.6435560535684143e-34
transcription_TU_469609.3.peg.1055,0.0,-3.471368721188362e-32
translation_469609.3.peg.1086,1.1880009754872038e-06,-1.0404136267539278e-34
transcription_TU_469609.3.peg.1086,1.0020012845466633e-07,2.049905697743729e-33
translation_469609.3.peg.1088,3.786053776024691e-11,1.5836221659041853e-32
transcription_TU_469609.3.peg.1088,3.1932892524635365e-12,1.238357437994379e-32
translation_469609.3.peg.1091,3.042128063968828e-13,-3.4477171474713483e-32
transcription_TU_469609.3.peg.1091,2.565836468780789e-14,6.83463079836466e-33
translation_469609.3.peg.1092,0.0,3.6220109805902413e-34
transcription_TU_469609.3.peg.1092,0.0,5.56851072813644e-33
translation_469609.3.peg.1094,1.1879992856204378e-06,-9.081424854748518e-33
transcription_TU_469609.3.peg.1094,1.0019998592543403e-07,3.585217565081444e-32
translation_469609.3.peg.1095,1.069181764753248e-07,1.286128728027793e-32
transcription_TU_469609.3.peg.1095,9.017850353677277e-09,-4.1040282715731605e-32
translation_469609.3.peg.1099,0.0,-1.7650337603077006e-32
transcription_TU_469609.3.peg.1099,0.0,-55.398046201250345
translation_469609.3.peg.1101,0.0,-6.453176422682658e-33
transcription_TU_469609.3.peg.1101,0.0,-21.11391892298673
translation_469609.3.peg.1107,6.966513054747669e-10,4.642597971787703e-33
transcription_TU_469609.3.peg.1107,5.875799072307624e-11,-1.592539356858337e-32
translation_469609.3.peg.1112,9.982716640085694e-08,1.860069146014418e-32
transcription_TU_469609.3.peg.1112,8.419769935398473e-09,3.1747045487885506e-32
translation_469609.3.peg.1121,1.494941259546512e-09,-1.0509581100586735e-32
transcription_TU_469609.3.peg.1121,1.2608853808163784e-10,-9.681525712537391e-33
translation_469609.3.peg.1130,0.0,-5.556992501801187e-32
transcription_TU_469609.3.peg.1130,0.0,-87.23727390942503
translation_469609.3.peg.1131,0.0,-1.7063817311823172e-31
transcription_TU_469609.3.peg.1131,0.0,-1.1502581571144414e-31
translation_469609.3.peg.1134,0.0,-1.794669498309009e-33
transcription_TU_469609.3.peg.1134,0.0,-3.951668415010137e-33
translation_469609.3.peg.1137,0.0,-1.1534965908926428e-32
transcription_TU_469609.3.peg.1137,0.0,-40.37108365943778
translation_469609.3.peg.1139,5.544860294562351e-11,-3.3889761086218456e-32
transcription_TU_469609.3.peg.1139,4.676727757319178e-12,8.03816664051989e-33
translation_469609.3.peg.1140,2.443437512965426e-24,-2.2233587165046686e-32
transcription_TU_469609.3.peg.1140,0.0,-9.460668625707862
translation_469609.3.peg.1141,1.358059919727831e-10,5.963323495001173e-33
transcription_TU_469609.3.peg.1141,1.1454349046309202e-11,-1.0432287421321049e-32
translation_469609.3.peg.1142,1.092388403850045e-10,3.0467646179329436e-34
transcription_TU_469609.3.peg.1142,9.213583207982933e-12,1.065539161904519e-33
translation_469609.3.peg.1143,9.282107761519015e-11,-1.97709310690771e-32
transcription_TU_469609.3.peg.1143,7.828852073566995e-12,2.9562778348102964e-32
translation_469609.3.peg.1144,5.49442332470799e-11,-2.635128396876612e-33
transcription_TU_469609.3.peg.1144,4.634187465159919e-12,3.0229523054074435e-32
translation_469609.3.peg.1145,5.49442332470799e-11,3.2096862320487825e-33
transcription_TU_469609.3.peg.1145,4.634187465159919e-12,3.95587650724866e-32
translation_469609.3.peg.1146,0.0,-6.034301095559386e-33
transcription_TU_469609.3.peg.1146,0.0,-9.832771829528394e-33
translation_469609.3.peg.1147,5.544860294562107e-11,-9.03448331793375e-33
transcription_TU_469609.3.peg.1147,4.676727757318972e-12,-9.639756487766083e-32
translation_469609.3.peg.1149,1.521064031984414e-13,4.07879839887482e-32
transcription_TU_469609.3.peg.1149,1.2829182343903944e-14,-3.363141397548031e-32
translation_469609.3.peg.1152,6.757725681773342e-11,-1.9523153768686831e-32
transcription_TU_469609.3.peg.1152,5.699700550308007e-12,-2.3822347710394193e-33
translation_469609.3.peg.1153,1.521064031984414e-13,8.795546184652337e-33
transcription_TU_469609.3.peg.1153,1.2829182343903944e-14,-4.235782500548755e-32
translation_469609.3.peg.1163,1.957493377413879e-09,1.0867046988883076e-31
transcription_TU_469609.3.peg.1163,1.6510179024524046e-10,1.7211048301325868e-32
translation_469609.3.peg.1165,1.1879992856204378e-06,-4.0520933438363053e-32
transcription_TU_469609.3.peg.1165,1.0019998592543403e-07,6.678201885936427e-33
translation_469609.3.peg.1171,-5.152766564998326e-29,-6.932037115543203e-32
transcription_TU_469609.3.peg.1171,-4.346022287549067e-30,-4.620575487126974e-32
translation_469609.3.peg.1172,5.657734838290785e-30,2.3432488915377682e-32
transcription_TU_469609.3.peg.1172,0.0,-148.04153513002996
translation_469609.3.peg.1173,9.457426241689278e-29,-4.248517244970749e-32
transcription_TU_469609.3.peg.1173,7.976721790272896e-30,-2.2120357915249594e-33
translation_469609.3.peg.1174,1.521064031984414e-13,-3.5722162730337343e-32
transcription_TU_469609.3.peg.1174,1.2829182343903944e-14,-9.808949678575521e-33
translation_469609.3.peg.1182,0.0,-3.5763402307451107e-32
transcription_TU_469609.3.peg.1182,0.0,4.5058006047801805e-32
translation_469609.3.peg.1184,5.6850052052772876e-11,-5.651635262783444e-35
transcription_TU_469609.3.peg.1184,4.794930842549352e-12,-1.6424252191053763e-32
translation_469609.3.peg.1185,2.243651339311397e-11,1.3166891079637745e-32
transcription_TU_469609.3.peg.1185,1.892373466396263e-12,2.334166981738249e-32
translation_469609.3.peg.1187,0.0,1.888208273161776e-32
transcription_TU_469609.3.peg.1187,0.0,7.19409895678827e-32
translation_469609.3.peg.1191,5.022528498440852e-07,-1.7626095343411714e-32
transcription_TU_469609.3.peg.1191,4.236174978767233e-08,1.620435434909715e-32
translation_469609.3.peg.1193,0.0,1.2258385700448062e-31
transcription_TU_469609.3.peg.1193,3.9868063344191036e-38,4.705164224073073e-32
translation_469609.3.peg.1194,0.0,-8.074434554419207e-33
transcription_TU_469609.3.peg.1194,0.0,5.093975079659988e-32
translation_469609.3.peg.1195,0.0,9.005609829479346e-33
transcription_TU_469609.3.peg.1195,0.0,-33.28588300123312
translation_469609.3.peg.1196,0.0,-7.120684753822304e-33
transcription_TU_469609.3.peg.1196,0.0,3.274437740704227e-32
translation_469609.3.peg.1197,0.0,4.920363455249132e-33
transcription_TU_469609.3.peg.1197,0.0,-90.16955652313092
translation_469609.3.peg.1203,0.0,5.726443872522098e-32
transcription_TU_469609.3.peg.1203,0.0,-2.327050889884923e-31
translation_469609.3.peg.1204,-4.5504054363432506e-30,-1.24725955593674e-31
transcription_TU_469609.3.peg.1204,-3.8379692168300456e-31,1.7418432930123934e-31
translation_469609.3.peg.1206,1.1879992856204378e-06,3.1098438855613064e-32
transcription_TU_469609.3.peg.1206,1.0019998592543403e-07,2.959467406446705e-32
translation_469609.3.peg.1208,3.5107787219179765e-12,6.537927638409185e-34
transcription_TU_469609.3.peg.1208,2.961112710937161e-13,-8.5083881138112e-33
translation_469609.3.peg.1209,0.0,-2.1923621286507626e-32
transcription_TU_469609.3.peg.1209,0.0,-196.0546680767142
translation_469609.3.peg.1211,1.1879992856204378e-06,-3.634904442778076e-33
transcription_TU_469609.3.peg.1211,1.0019998592543403e-07,1.524932203177046e-32
translation_469609.3.peg.1213,0.0,6.487756031835862e-32
transcription_TU_469609.3.peg.1213,0.0,-155.77666191721292
translation_469609.3.peg.1214,0.0,-1.5217559650161397e-32
transcription_TU_469609.3.peg.1214,0.0,-1.5276028803390295e-31
translation_469609.3.peg.1215,-2.143219489159932e-36,2.2285082010835567e-32
transcription_TU_469609.3.peg.1215,-1.8076657557650524e-37,-1.606891336317663e-32
translation_469609.3.peg.1220,5.285098291359594e-63,-1.4037776101968796e-32
transcription_TU_469609.3.peg.1220,0.0,-49.69779697853074
translation_469609.3.peg.1221,-4.802588614302176e-63,1.2226260042887547e-32
transcription_TU_469609.3.peg.1221,0.0,-56.19389539984846
translation_469609.3.peg.1222,0.0,2.2125924113583374e-32
transcription_TU_469609.3.peg.1222,0.0,-77.32180358611369
translation_469609.3.peg.1223,-5.012791335318466e-30,-9.118384864775908e-33
transcription_TU_469609.3.peg.1223,0.0,-64.05406651716484
translation_469609.3.peg.1228,1.156625691367211e-09,-4.858683515139081e-32
transcription_TU_469609.3.peg.1228,9.755382801889807e-11,3.068605714022041e-33
translation_469609.3.peg.1230,0.0,-1.903929095392038e-31
transcription_TU_469609.3.peg.1230,0.0,-36.42976395592228
translation_469609.3.peg.1231,1.156625691367211e-09,-2.4973530202517068e-33
transcription_TU_469609.3.peg.1231,9.755382801889807e-11,5.585918466634143e-32
translation_469609.3.peg.1232,8.04901131417206e-10,3.8486437637637414e-32
transcription_TU_469609.3.peg.1232,6.788815701791402e-11,-1.5089760179942401e-32
translation_469609.3.peg.1233,0.0,-2.4497572965414846e-33
transcription_TU_469609.3.peg.1233,0.0,-2.973886199354077e-32
translation_469609.3.peg.1239,1.1343534735278115e-07,-1.295625973668928e-32
transcription_TU_469609.3.peg.1239,9.567531181013576e-09,5.666696756926582e-33
translation_469609.3.peg.1240,0.0,-3.6498406432905793e-32
transcription_TU_469609.3.peg.1240,0.0,5.180874598112427e-32
translation_469609.3.peg.1242,1.1880009754872038e-06,2.600313092950652e-33
transcription_TU_469609.3.peg.1242,1.0020012845466633e-07,-7.386724178654638e-33
translation_469609.3.peg.1248,0.0,2.422445711268854e-32
transcription_TU_469609.3.peg.1248,0.0,-2.5754363843670758e-34
translation_469609.3.peg.1249,1.3559062745655136e-09,-3.059384067875401e-32
transcription_TU_469609.3.peg.1249,1.1436184455003081e-10,-1.270132653348514e-32
translation_469609.3.peg.1254,2.2349762963427373e-09,4.395244299851426e-32
transcription_TU_469609.3.peg.1254,1.885056633853655e-10,-9.263763803377557e-32
translation_469609.3.peg.1258,0.0,4.277815549814221e-33
transcription_TU_469609.3.peg.1258,0.0,4.338249784001103e-32
translation_469609.3.peg.1263,0.0,-5.6567173340990864e-33
transcription_TU_469609.3.peg.1263,0.0,1.496234607016062e-32
translation_469609.3.peg.1264,3.4638815833374614e-38,-3.7323270422907464e-32
transcription_TU_469609.3.peg.1264,0.0,6.916222861304042e-33
translation_469609.3.peg.1265,-5.143532391913728e-38,-6.754166678524921e-32
transcription_TU_469609.3.peg.1265,0.0,-3.7273967450976407e-32
translation_469609.3.peg.1266,0.0,-2.337905229431045e-32
transcription_TU_469609.3.peg.1266,0.0,-4.271869497380339e-32
translation_469609.3.peg.1272,0.0,-3.1053632551170617e-33
transcription_TU_469609.3.peg.1272,0.0,-4.8684813858904795e-32
translation_469609.3.peg.1277,3.722471631828877e-11,-3.151628285925644e-33
transcription_TU_469609.3.peg.1277,3.1396618637046103e-12,1.4298839063357032e-32
translation_469609.3.peg.1281,0.0,1.478059737651403e-32
transcription_TU_469609.3.peg.1281,0.0,-53.38450107765116
translation_469609.3.peg.1282,0.0,-1.829872750385713e-32
transcription_TU_469609.3.peg.1282,0.0,1.0741840337014314e-31
translation_469609.3.peg.1285,1.1880009754872038e-06,-2.85771991863078e-34
transcription_TU_469609.3.peg.1285,1.0020012845466633e-07,2.3407878014641563e-33
translation_469609.3.peg.1291,0.0,-2.3108600870838316e-32
transcription_TU_469609.3.peg.1291,0.0,-91.63970164183489
translation_469609.3.peg.1296,1.9349613425650862e-12,1.4389191480564018e-32
transcription_TU_469609.3.peg.1296,1.6320136016750572e-13,4.0763711255269187e-32
translation_469609.3.peg.1298,0.0,2.1709666515425942e-32
transcription_TU_469609.3.peg.1298,0.0,-184.1979535886564
translation_469609.3.peg.1301,5.1034744905852124e-08,-6.516705909631538e-32
transcription_TU_469609.3.peg.1301,4.304447639969629e-09,4.347168653569165e-32
translation_469609.3.peg.1302,0.0,-1.3541832423341416e-31
transcription_TU_469609.3.peg.1302,0.0,9.448013982963408e-32
translation_469609.3.peg.1303,0.0,-4.3059380836597216e-32
transcription_TU_469609.3.peg.1303,0.0,2.5858044857534167e-33
translation_469609.3.peg.1326,-9.670043438465827e-30,-3.565749206716488e-33
transcription_TU_469609.3.peg.1326,0.0,-67.68599764094259
translation_469609.3.peg.1327,1.5153129019104993e-10,-2.8593846931339275e-33
transcription_TU_469609.3.peg.1327,1.278067531536978e-11,5.592355925095243e-33
translation_469609.3.peg.1328,7.709784924559367e-11,-1.8845020751954538e-33
transcription_TU_469609.3.peg.1328,6.502700382732301e-12,-3.072902902919476e-32
translation_469609.3.peg.1329,4.7709619451284454e-30,1.5589408762728607e-33
transcription_TU_469609.3.peg.1329,4.0239950102578365e-31,2.6367871396619056e-32
translation_469609.3.peg.1331,0.0,-1.6810326165163784e-32
transcription_TU_469609.3.peg.1331,0.0,-5.414053001394102e-32
translation_469609.3.peg.1332,1.1558210099348491e-10,2.013093525074969e-32
transcription_TU_469609.3.peg.1332,9.748595839206153e-12,6.170879542414741e-32
translation_469609.3.peg.1333,8.568384564203464e-11,-5.0243147493203065e-33
transcription_TU_469609.3.peg.1333,7.226873139814311e-12,-5.0819418788182e-32
translation_469609.3.peg.1334,1.216858215075487e-10,9.568531285801129e-34
transcription_TU_469609.3.peg.1334,1.0263404826892176e-11,-3.3744362444284126e-32
translation_469609.3.peg.1335,1.404403873365073e-10,1.1740503312645413e-33
transcription_TU_469609.3.peg.1335,1.1845230047534334e-11,4.414577059208231e-32
translation_469609.3.peg.1336,3.042128063968828e-13,2.1033503662016808e-32
transcription_TU_469609.3.peg.1336,2.565836468780789e-14,-7.229648916344424e-32
translation_469609.3.peg.1346,1.1880009754872038e-06,1.0903745408169713e-33
transcription_TU_469609.3.peg.1346,1.0020012845466633e-07,6.075671566034256e-34
translation_469609.3.peg.1349,-1.8110536922830205e-29,2.6935457312897908e-33
transcription_TU_469609.3.peg.1349,-1.5275055858488311e-30,-2.3005903453936555e-33
translation_469609.3.peg.1353,0.0,-1.7550809762988688e-32
transcription_TU_469609.3.peg.1353,0.0,1.3129790344012189e-31
translation_469609.3.peg.1360,4.8671952003798316e-12,5.788504458704269e-33
transcription_TU_469609.3.peg.1360,4.1051614801241186e-13,8.055156294070215e-33
translation_469609.3.peg.1362,1.1879992856204378e-06,-5.539951818720726e-32
transcription_TU_469609.3.peg.1362,1.0019998592543403e-07,2.665774711641503e-32
translation_469609.3.peg.1363,0.0,-1.5543144542014878e-32
transcription_TU_469609.3.peg.1363,0.0,7.760812578038509e-32
translation_469609.3.peg.1364,0.0,-1.1352682458719233e-32
transcription_TU_469609.3.peg.1364,0.0,-61.81786375705148
translation_469609.3.peg.1365,0.0,-8.925912535911256e-33
transcription_TU_469609.3.peg.1365,0.0,-24.39520550152609
translation_469609.3.peg.1366,0.0,-6.54563812055676e-33
transcription_TU_469609.3.peg.1366,0.0,-1.3768561442192138e-32
translation_469609.3.peg.1368,0.0,2.1099038639705986e-33
transcription_TU_469609.3.peg.1368,0.0,-2.2971333922367584e-32
translation_469609.3.peg.1369,0.0,-6.994097181390655e-33
transcription_TU_469609.3.peg.1369,0.0,4.5795320023495954e-33
translation_469609.3.peg.1370,0.0,1.6929761542454202e-32
transcription_TU_469609.3.peg.1370,0.0,-47.516251931896825
translation_469609.3.peg.1371,0.0,-9.050411580855892e-33
transcription_TU_469609.3.peg.1371,0.0,-7.790149009370724e-32
translation_469609.3.peg.1372,0.0,-5.4535792658428406e-33
transcription_TU_469609.3.peg.1372,0.0,-53.15554769736737
translation_469609.3.peg.1373,0.0,1.636047251294079e-32
transcription_TU_469609.3.peg.1373,0.0,-81.31832191090852
translation_469609.3.peg.1374,8.016086895890257e-30,2.3217706539591097e-34
transcription_TU_469609.3.peg.1374,6.761046103876898e-31,-2.8705909565672235e-32
translation_469609.3.peg.1385,0.0,-3.68740509568828e-32
transcription_TU_469609.3.peg.1385,0.0,3.948581903087367e-32
translation_469609.3.peg.1389,4.052015961305431e-11,-1.1954782482325962e-32
transcription_TU_469609.3.peg.1389,3.417610996966187e-12,5.698681773582859e-32
translation_469609.3.peg.1392,0.0,5.786489722392518e-32
transcription_TU_469609.3.peg.1392,0.0,-90.96500341565789
translation_469609.3.peg.1393,0.0,1.5094886326681985e-33
transcription_TU_469609.3.peg.1393,0.0,-1.983533403912453e-32
translation_469609.3.peg.1396,0.0,9.766723841437837e-34
transcription_TU_469609.3.peg.1396,0.0,-3.52909434988271e-32
translation_469609.3.peg.1402,0.0,7.292641465637002e-33
transcription_TU_469609.3.peg.1402,0.0,-52.45060869075309
translation_469609.3.peg.1405,3.7069803326476716e-13,1.9498148843513075e-33
transcription_TU_469609.3.peg.1405,3.1265959639291506e-14,-2.8370219058320764e-32
translation_469609.3.peg.1410,0.0,1.3752619590046148e-32
transcription_TU_469609.3.peg.1410,0.0,-110.43554687575678
translation_469609.3.peg.1411,0.0,-1.1529914841232875e-32
transcription_TU_469609.3.peg.1411,0.0,-84.79298810517693
translation_469609.3.peg.1415,2.0063782944032217e-10,1.0515164237443606e-32
transcription_TU_469609.3.peg.1415,1.692249139319184e-11,1.8275623173021904e-32
translation_469609.3.peg.1416,5.267839061247625e-09,1.0053044776055596e-32
transcription_TU_469609.3.peg.1416,4.4430784276002174e-10,6.053524506302974e-32
translation_469609.3.peg.1419,1.1880009754872038e-06,-1.3258081379225478e-32
transcription_TU_469609.3.peg.1419,1.0020012845466633e-07,-1.7349795084482811e-32
translation_469609.3.peg.1420,1.1879992856204378e-06,-2.8075862577082127e-32
transcription_TU_469609.3.peg.1420,1.0019998592543403e-07,-7.323130059202702e-34
translation_469609.3.peg.1429,3.6128606267428356e-12,-7.660139835565929e-33
transcription_TU_469609.3.peg.1429,3.0472121349898486e-13,-4.377960916825854e-33
translation_469609.3.peg.1431,0.0,6.651530923059713e-33
transcription_TU_469609.3.peg.1431,0.0,-42.87160307984952
translation_469609.3.peg.1432,0.0,-1.041087552017142e-32
transcription_TU_469609.3.peg.1432,0.0,-1.3571844714720218e-32
translation_469609.3.peg.1436,0.0,-1.0940480028330049e-32
transcription_TU_469609.3.peg.1436,0.0,2.4931426931352123e-32
translation_469609.3.peg.1448,0.0,-1.4948151136179111e-31
transcription_TU_469609.3.peg.1448,0.0,-4.296845345473662e-32
translation_469609.3.peg.1452,0.0,4.415860467435979e-33
transcription_TU_469609.3.peg.1452,0.0,-6.841119112171616e-35
translation_469609.3.peg.1471,0.0,-2.643152901479176e-32
transcription_TU_469609.3.peg.1471,0.0,-112.83979311588713
translation_469609.3.peg.1472,0.0,7.500580027998514e-32
transcription_TU_469609.3.peg.1472,0.0,-144.31093505685718
translation_469609.3.peg.1473,0.0,-1.132468591116049e-33
transcription_TU_469609.3.peg.1473,0.0,-24.887037620064103
translation_469609.3.peg.1475,0.0,2.673219745133142e-32
transcription_TU_469609.3.peg.1475,0.0,4.578849066111362e-32
translation_469609.3.peg.1476,0.0,-1.8911782161961334e-32
transcription_TU_469609.3.peg.1476,0.0,-73.97582525031568
translation_469609.3.peg.1477,0.0,-1.1534965908926428e-32
transcription_TU_469609.3.peg.1477,0.0,2.4858257292874464e-32
translation_469609.3.peg.1478,0.0,-3.734396169104479e-33
transcription_TU_469609.3.peg.1478,0.0,4.773071004475523e-33
translation_469609.3.peg.1482,0.0,-2.0554586396650603e-33
transcription_TU_469609.3.peg.1482,0.0,-1.7126988499841587e-32
translation_469609.3.peg.1483,0.0,1.016188242707243e-32
transcription_TU_469609.3.peg.1483,0.0,-75.12146218768409
translation_469609.3.peg.1484,0.0,1.0498414935675944e-32
transcription_TU_469609.3.peg.1484,0.0,7.03006128753564e-34
translation_469609.3.peg.1485,0.0,1.2437584588106704e-32
transcription_TU_469609.3.peg.1485,0.0,-2.571825709904592e-32
translation_469609.3.peg.1488,1.6437115770550417e-09,-1.354395594906611e-31
transcription_TU_469609.3.peg.1488,1.3863634337151384e-10,-2.811310690906331e-33
translation_469609.3.peg.1495,0.0,-5.313832930741454e-32
transcription_TU_469609.3.peg.1495,0.0,1.0420823171170255e-32
translation_469609.3.peg.1497,0.0,5.586259468105976e-34
transcription_TU_469609.3.peg.1497,0.0,-71.95711562254439
translation_469609.3.peg.1498,2.677124973749912e-10,4.3873484722838806e-33
transcription_TU_469609.3.peg.1498,2.257980185150326e-11,-1.7478278080486884e-32
translation_469609.3.peg.1500,5.273478515176952e-09,-4.3392204992346836e-32
transcription_TU_469609.3.peg.1500,4.4478349389145364e-10,-6.664591626657006e-33
translation_469609.3.peg.1501,5.273478515176952e-09,7.68406096387195e-33
transcription_TU_469609.3.peg.1501,4.4478349389145364e-10,-1.3967560584298895e-33
translation_469609.3.peg.1502,5.273478515176952e-09,2.9438912883717908e-33
transcription_TU_469609.3.peg.1502,4.4478349389145364e-10,-3.353938270912702e-32
translation_469609.3.peg.1503,5.273478515176952e-09,5.788619514345465e-33
transcription_TU_469609.3.peg.1503,4.4478349389145364e-10,2.0530395960162902e-32
translation_469609.3.peg.1504,5.273478515176952e-09,-4.72746432719629e-33
transcription_TU_469609.3.peg.1504,4.4478349389145364e-10,7.671746263888685e-36
translation_469609.3.peg.1505,5.273478515176952e-09,-2.691938272039344e-32
transcription_TU_469609.3.peg.1505,4.4478349389145364e-10,-7.009938179142874e-33
translation_469609.3.peg.1506,5.273478515176952e-09,2.4016656310539672e-32
transcription_TU_469609.3.peg.1506,4.4478349389145364e-10,5.363388528278981e-32
translation_469609.3.peg.1507,5.273478515176952e-09,-3.8344703265411844e-33
transcription_TU_469609.3.peg.1507,4.4478349389145364e-10,1.2158902431458796e-33
translation_469609.3.peg.1508,0.0,1.1988802618457449e-32
transcription_TU_469609.3.peg.1508,0.0,-2.3404394011928044e-32
translation_469609.3.peg.1509,0.0,-9.728277674910113e-32
transcription_TU_469609.3.peg.1509,0.0,2.947360917297896e-32
translation_469609.3.peg.1510,0.0,8.294975680526965e-33
transcription_TU_469609.3.peg.1510,0.0,6.12110587233275e-32
translation_469609.3.peg.1511,0.0,1.47793014850887e-32
transcription_TU_469609.3.peg.1511,0.0,1.0300574740258683e-31
translation_469609.3.peg.1512,0.0,1.7943615508745186e-32
transcription_TU_469609.3.peg.1512,0.0,4.238748025804868e-32
translation_469609.3.peg.1514,0.0,7.834174190645718e-33
transcription_TU_469609.3.peg.1514,0.0,1.3620699208452656e-31
translation_469609.3.peg.1515,0.0,5.143348067969762e-33
transcription_TU_469609.3.peg.1515,0.0,-1.0328347696014965e-32
translation_469609.3.peg.1517,0.0,-1.353572763644743e-32
transcription_TU_469609.3.peg.1517,0.0,7.485579119079369e-32
translation_469609.3.peg.1518,0.0,-1.0238341844070937e-32
transcription_TU_469609.3.peg.1518,0.0,-4.502199708011415e-32
translation_469609.3.peg.1524,8.935765330407461e-10,1.0213326252160391e-32
transcription_TU_469609.3.peg.1524,7.536734837952377e-11,2.700902312057424e-32
translation_469609.3.peg.1525,8.935765330407461e-10,1.194341346987849e-32
transcription_TU_469609.3.peg.1525,7.536734837952377e-11,4.898824026125761e-33
translation_469609.3.peg.1526,1.5110124064513492e-09,-6.016586841543379e-32
transcription_TU_469609.3.peg.1526,1.274440344301304e-10,-6.61675975330593e-32
translation_469609.3.peg.1527,0.0,1.3641705526300774e-32
transcription_TU_469609.3.peg.1527,0.0,-4.1018314894986644e-32
translation_469609.3.peg.1528,9.618262927480793e-10,1.7081217178177545e-32
transcription_TU_469609.3.peg.1528,8.112377015928732e-11,-1.1802848129443809e-32
translation_469609.3.peg.1529,7.600866447556445e-09,1.3561878173743963e-31
transcription_TU_469609.3.peg.1529,6.410834756255826e-10,5.616130950344812e-32
translation_469609.3.peg.1537,0.0,1.97759179030706e-32
transcription_TU_469609.3.peg.1537,0.0,-1.876051891619462e-32
translation_469609.3.peg.1541,1.2730139112151556e-08,1.7000965277737083e-32
transcription_TU_469609.3.peg.1541,1.0737041472211293e-09,-2.741892796090983e-32
translation_469609.3.peg.1542,1.7095736844670246e-08,-5.97279544731167e-33
transcription_TU_469609.3.peg.1542,1.4419138226385927e-09,-8.482378388878326e-34
translation_469609.3.peg.1543,2.0662956065725866e-08,2.578287016759568e-33
transcription_TU_469609.3.peg.1543,1.7427854814595309e-09,-4.1271386889183726e-32
translation_469609.3.peg.1544,0.0,3.3461399790448326e-32
transcription_TU_469609.3.peg.1544,0.0,1.8736733696654289e-32
translation_469609.3.peg.1550,0.0,1.2208357444428227e-32
transcription_TU_469609.3.peg.1550,0.0,-49.144313861719475
translation_469609.3.peg.1551,0.0,-3.335844706990301e-32
transcription_TU_469609.3.peg.1551,0.0,1.423384598641851e-32
translation_469609.3.peg.1555,0.0,-1.4126762118968178e-33
transcription_TU_469609.3.peg.1555,0.0,-58.58726796097191
translation_469609.3.peg.1562,-3.0391016751981434e-33,-7.359593729636899e-32
transcription_TU_469609.3.peg.1562,-2.5632839073786238e-34,1.9741388967507862e-32
translation_469609.3.peg.1563,1.2050935764973591e-29,-2.3488578140320614e-32
transcription_TU_469609.3.peg.1563,1.0164177779013051e-30,-3.4204272498536765e-32
translation_469609.3.peg.1564,-6.445674442755649e-30,2.1184412995895812e-32
transcription_TU_469609.3.peg.1564,-5.436505697111969e-31,-5.400481353576513e-32
translation_469609.3.peg.1568,2.0063782944032217e-10,1.2385090285397242e-31
transcription_TU_469609.3.peg.1568,1.692249139319184e-11,-1.5221409645287052e-32
translation_469609.3.peg.1573,0.0,1.7339562705609611e-32
transcription_TU_469609.3.peg.1573,0.0,7.051629147621663e-32
translation_469609.3.peg.1578,0.0,-6.32161851334355e-33
transcription_TU_469609.3.peg.1578,0.0,1.347010893843317e-32
translation_469609.3.peg.1579,0.0,-7.080201483661564e-33
transcription_TU_469609.3.peg.1579,0.0,1.9631002215863576e-32
translation_469609.3.peg.1580,1.1825084011735446e-35,-1.159304222133107e-31
transcription_TU_469609.3.peg.1580,0.0,-5.1206522463788326e-33
translation_469609.3.peg.1581,0.0,-2.0106525214943586e-32
transcription_TU_469609.3.peg.1581,0.0,-2.358422360156072e-32
translation_469609.3.peg.1582,0.0,-8.083679282061115e-32
transcription_TU_469609.3.peg.1582,0.0,-2.4148172992440607e-32
translation_469609.3.peg.1585,0.0,-3.195732049510264e-32
transcription_TU_469609.3.peg.1585,-5.374798817551282e-44,-2.1519049549740132e-32
translation_469609.3.peg.1587,0.0,-1.801973724526939e-32
transcription_TU_469609.3.peg.1587,0.0,-95.00199474490076
translation_469609.3.peg.1588,9.122993494034604e-12,-7.993251249284375e-32
transcription_TU_469609.3.peg.1588,7.694649573991017e-13,5.143681328717923e-32
translation_469609.3.peg.1594,1.9262916649284127e-08,2.1311995098503755e-32
transcription_TU_469609.3.peg.1594,1.6247012944397961e-09,-1.9541496981439805e-32
translation_469609.3.peg.1595,3.9580058126731547e-07,-8.524525415179446e-33
transcription_TU_469609.3.peg.1595,3.3383195724357206e-08,-5.023653391784938e-32
translation_469609.3.peg.1598,0.0,-4.8595529282823655e-33
transcription_TU_469609.3.peg.1598,0.0,-9.159097819882447e-32
translation_469609.3.peg.1599,0.0,7.447055813914773e-32
transcription_TU_469609.3.peg.1599,0.0,1.0369559832602564e-31
translation_469609.3.peg.1611,8.085093088207268e-11,9.28066782081837e-33
transcription_TU_469609.3.peg.1611,6.819248323210063e-12,-2.9168032517585006e-32
translation_469609.3.peg.1612,3.722471631828877e-11,-1.5723277991043223e-32
transcription_TU_469609.3.peg.1612,3.1396618637046103e-12,-5.8051561168150336e-33
translation_469609.3.peg.1613,0.0,-3.746016374289382e-32
transcription_TU_469609.3.peg.1613,0.0,2.248137764237442e-32
translation_469609.3.peg.1614,0.0,-2.608072398335567e-32
transcription_TU_469609.3.peg.1614,0.0,1.00539133539968e-31
translation_469609.3.peg.1616,1.521064031984414e-13,1.9071247820505764e-32
transcription_TU_469609.3.peg.1616,1.2829182343903944e-14,1.3077993440148067e-32
translation_469609.3.peg.1617,0.0,1.7915571105873793e-32
transcription_TU_469609.3.peg.1617,0.0,-45.48282035253921
translation_469609.3.peg.1618,0.0,-9.800787408808527e-33
transcription_TU_469609.3.peg.1618,0.0,-1.4459562779553863e-32
translation_469609.3.peg.1623,0.0,1.750311381703986e-32
transcription_TU_469609.3.peg.1623,0.0,-4.7878791295977733e-32
translation_469609.3.peg.1625,0.0,-2.127622648739541e-32
transcription_TU_469609.3.peg.1625,0.0,-4.836275701133656e-32
translation_469609.3.peg.1626,0.0,2.0264748496361157e-32
transcription_TU_469609.3.peg.1626,0.0,4.976973786424682e-32
translation_469609.3.peg.1627,0.0,-7.565134742324353e-32
transcription_TU_469609.3.peg.1627,0.0,-5.158996808717542e-32
translation_469609.3.peg.1628,0.0,1.0110262989410338e-33
transcription_TU_469609.3.peg.1628,0.0,-1.8644080377761718e-33
translation_469609.3.peg.1632,1.7662043821979052e-09,2.197388383261827e-31
transcription_TU_469609.3.peg.1632,1.489678120010356e-10,-1.0168325352795074e-31
translation_469609.3.peg.1633,0.0,-4.30038293790858e-32
transcription_TU_469609.3.peg.1633,0.0,1.6755651904298662e-32
translation_469609.3.peg.1636,0.0,1.89151477949988e-32
transcription_TU_469609.3.peg.1636,0.0,3.4066136677996345e-32
translation_469609.3.peg.1637,0.0,2.140231206048121e-32
transcription_TU_469609.3.peg.1637,0.0,5.383925926646099e-33
translation_469609.3.peg.1638,0.0,6.24822344217539e-33
transcription_TU_469609.3.peg.1638,0.0,1.4498761691672657e-32
translation_469609.3.peg.1639,0.0,-7.0168279260419e-33
transcription_TU_469609.3.peg.1639,0.0,2.3635101465275058e-32
translation_469609.3.peg.1640,0.0,6.1325604124351514e-33
transcription_TU_469609.3.peg.1640,0.0,-8.889428952160697e-33
translation_469609.3.peg.1641,0.0,-1.194731968154036e-33
transcription_TU_469609.3.peg.1641,0.0,1.4220984154913473e-32
translation_469609.3.peg.1642,0.0,8.761853163103448e-33
transcription_TU_469609.3.peg.1642,0.0,-3.902841329310154e-33
translation_469609.3.peg.1643,0.0,-6.821691448097108e-34
transcription_TU_469609.3.peg.1643,0.0,-5.401789592304035e-32
translation_469609.3.peg.1646,0.0,-1.6646914923874524e-32
transcription_TU_469609.3.peg.1646,0.0,2.5594586306826343e-32
translation_469609.3.peg.1649,1.7483810155287227e-08,2.507351145004942e-32
transcription_TU_469609.3.peg.1649,1.474645273517833e-09,4.410653350727853e-32
translation_469609.3.peg.1650,9.664177549438133e-12,1.7692682692503858e-32
transcription_TU_469609.3.peg.1650,8.151103002800807e-13,-4.4544790179841983e-32
translation_469609.3.peg.1651,9.664177549438133e-12,-2.849563721885108e-32
transcription_TU_469609.3.peg.1651,8.151103002800807e-13,-4.47047697930406e-32
translation_469609.3.peg.1652,9.664177549438133e-12,-4.946113944936679e-32
transcription_TU_469609.3.peg.1652,8.151103002800807e-13,7.276073267407327e-32
translation_469609.3.peg.1654,9.664177549438133e-12,1.4609811224803598e-33
transcription_TU_469609.3.peg.1654,8.151103002800807e-13,-5.082837287436983e-32
translation_469609.3.peg.1655,9.664177549438133e-12,-2.6331675857050615e-32
transcription_TU_469609.3.peg.1655,8.151103002800807e-13,1.96033563669398e-31
translation_469609.3.peg.1656,9.664177549438133e-12,2.144866740503574e-32
transcription_TU_469609.3.peg.1656,8.151103002800807e-13,8.850764308787851e-32
translation_469609.3.peg.1657,9.664177549438133e-12,-2.2967148445223736e-32
transcription_TU_469609.3.peg.1657,8.151103002800807e-13,7.030263946698209e-32
translation_469609.3.peg.1665,0.0,-4.0374695069443817e-32
transcription_TU_469609.3.peg.1665,0.0,-7.213208000847589e-32
translation_469609.3.peg.1667,0.0,-1.1490659917389046e-31
transcription_TU_469609.3.peg.1667,0.0,2.6220367007376277e-32
translation_469609.3.peg.1679,1.1880009754872038e-06,1.4742669473306481e-33
transcription_TU_469609.3.peg.1679,1.0020012845466633e-07,-1.1437164102259688e-32
translation_469609.3.peg.1693,3.773441894064632e-08,-2.143302919078316e-33
transcription_TU_469609.3.peg.1693,3.182651953180725e-09,-2.7823059272780425e-32
translation_469609.3.peg.1725,0.0,9.898064987757775e-33
transcription_TU_469609.3.peg.1725,0.0,6.039685677787464e-32
translation_469609.3.peg.1727,2.1281668738324669e-10,4.486079497129921e-32
transcription_TU_469609.3.peg.1727,1.7949698571882677e-11,-5.602382847906524e-32
translation_469609.3.peg.1728,0.0,-1.891514304708295e-32
transcription_TU_469609.3.peg.1728,0.0,4.929453929221189e-32
translation_469609.3.peg.1734,0.0,5.172808414666121e-35
transcription_TU_469609.3.peg.1734,0.0,-6.668851325436268e-33
translation_469609.3.peg.1736,0.0,-7.46180128087177e-32
transcription_TU_469609.3.peg.1736,0.0,6.700935030296273e-32
translation_469609.3.peg.1778,0.0,4.3787015452949477e-32
transcription_TU_469609.3.peg.1778,0.0,1.8523027850753443e-32
translation_469609.3.peg.1782,0.0,-4.49601739209899e-33
transcription_TU_469609.3.peg.1782,0.0,-3.301894688170027e-34
translation_469609.3.peg.1783,0.0,-8.514844523930032e-33
transcription_TU_469609.3.peg.1783,0.0,2.2344092399464274e-32
translation_469609.3.peg.1784,0.0,3.37021398540869e-32
transcription_TU_469609.3.peg.1784,0.0,-6.759786044168707e-34
translation_469609.3.peg.1786,0.0,-8.887370709873975e-33
transcription_TU_469609.3.peg.1786,0.0,-71.96131172535024
translation_469609.3.peg.1793,0.0,-6.054531199744773e-32
transcription_TU_469609.3.peg.1793,0.0,-131.43218699976984
translation_469609.3.peg.1797,4.93103440074396e-08,-7.517020618893757e-34
transcription_TU_469609.3.peg.1797,4.159005678983514e-09,2.180733276880969e-32
translation_469609.3.peg.1807,0.0,-7.372472385154783e-33
transcription_TU_469609.3.peg.1807,0.0,-4.1665130412694323e-32
translation_469609.3.peg.1813,2.3749896810725676e-09,-3.6746076698107515e-31
transcription_TU_469609.3.peg.1813,2.0031487854998113e-10,-7.090008402920101e-32
translation_469609.3.peg.1820,0.0,-2.5455498946585994e-33
transcription_TU_469609.3.peg.1820,0.0,-1.1494203951641042e-32
translation_469609.3.peg.1821,0.0,-7.712498580126946e-32
transcription_TU_469609.3.peg.1821,0.0,2.9503933426912927e-32
translation_469609.3.peg.1822,0.0,1.1784715035931957e-32
transcription_TU_469609.3.peg.1822,0.0,-8.556972355667445e-32
translation_469609.3.peg.1824,1.4097883928210895e-08,1.668619211814424e-32
transcription_TU_469609.3.peg.1824,1.189064495478542e-09,-2.7590208995812183e-32
translation_469609.3.peg.1825,9.778916240666747e-09,-6.331639206698283e-32
transcription_TU_469609.3.peg.1825,8.247877600103749e-10,3.0248521070594077e-32
translation_469609.3.peg.1826,1.7981674855800205e-08,-1.5662105658435367e-32
transcription_TU_469609.3.peg.1826,1.5166369115499364e-09,6.299661508587172e-32
translation_469609.3.peg.1827,2.4292721196581635e-08,-1.320852352711788e-32
transcription_TU_469609.3.peg.1827,2.0489324795483674e-09,-6.026694849907262e-32
translation_469609.3.peg.1828,1.1623332516144007e-07,-5.042518115235893e-32
transcription_TU_469609.3.peg.1828,9.803522347372638e-09,-4.1079501136247973e-33
translation_469609.3.peg.1831,1.2260122115660092e-08,-8.279297401275706e-33
transcription_TU_469609.3.peg.1831,1.0340612812672467e-09,-2.1376951438357635e-32
translation_469609.3.peg.1833,0.0,-1.3200474218670566e-32
transcription_TU_469609.3.peg.1833,0.0,-81.90130439411172
translation_469609.3.peg.1842,0.0,2.299575748155594e-32
transcription_TU_469609.3.peg.1842,0.0,5.685590317565705e-32
translation_469609.3.peg.1843,3.042128063968828e-13,5.220782129040924e-33
transcription_TU_469609.3.peg.1843,2.565836468780789e-14,-6.543780125352536e-33
translation_469609.3.peg.1844,1.1879992856204378e-06,9.980645595774846e-33
transcription_TU_469609.3.peg.1844,1.0019998592543403e-07,2.6460537552788087e-32
translation_469609.3.peg.1867,0.0,9.343143543116223e-32
transcription_TU_469609.3.peg.1867,0.0,-356.11084385446696
translation_469609.3.peg.1873,2.3665777381789724e-09,-2.0289273920225183e-32
transcription_TU_469609.3.peg.1873,1.9960538606985425e-10,-6.013498804077713e-34
translation_469609.3.peg.1875,0.0,-1.117041876710798e-32
transcription_TU_469609.3.peg.1875,5.2692537587747635e-39,5.770362391243574e-32
translation_469609.3.peg.1879,0.0,-4.293499780485707e-32
transcription_TU_469609.3.peg.1879,0.0,-1.2514298373313447e-33
translation_469609.3.peg.1880,0.0,3.893276585540718e-32
transcription_TU_469609.3.peg.1880,0.0,3.0434265606930374e-32
translation_469609.3.peg.1883,1.6898667659525457e-12,-1.7557881510465646e-32
transcription_TU_469609.3.peg.1883,1.4252923230999526e-13,1.4015337214978764e-32
translation_469609.3.peg.1888,5.493878858821307e-11,-2.642068057324902e-32
transcription_TU_469609.3.peg.1888,4.633728243720622e-12,-9.542449786085024e-32
translation_469609.3.peg.1891,5.025118199651235e-11,-2.345142010695395e-32
transcription_TU_469609.3.peg.1891,4.238359222713946e-12,-3.694532434022037e-32
translation_469609.3.peg.1901,1.1880009754872038e-06,-3.6162377392470634e-33
transcription_TU_469609.3.peg.1901,1.0020012845466633e-07,-2.6125061167834773e-32
translation_469609.3.peg.1902,0.0,-1.4418600532852452e-32
transcription_TU_469609.3.peg.1902,0.0,-39.30559545275326
translation_469609.3.peg.1903,1.1880009754872038e-06,-1.58682873929238e-33
transcription_TU_469609.3.peg.1903,1.0020012845466633e-07,-1.0627735860745358e-32
translation_469609.3.peg.1932,1.1880009754872038e-06,7.498056794874553e-33
transcription_TU_469609.3.peg.1932,1.0020012845466633e-07,3.6175577885882386e-33
translation_469609.3.peg.1933,1.1343534735278115e-07,1.496308490259351e-32
transcription_TU_469609.3.peg.1933,9.567531181013576e-09,-2.4829053662437805e-32
translation_469609.3.peg.1934,1.1880009754872038e-06,4.508441686592988e-34
transcription_TU_469609.3.peg.1934,1.0020012845466633e-07,-7.661225861938867e-33
translation_469609.3.peg.1935,1.1880009754872038e-06,4.8461077475223743e-33
transcription_TU_469609.3.peg.1935,1.0020012845466633e-07,8.794884877201797e-33
translation_469609.3.peg.1936,1.1880009754872038e-06,-1.0700766120991398e-33
transcription_TU_469609.3.peg.1936,1.0020012845466633e-07,-4.054644804837966e-33
translation_469609.3.peg.1937,2.0063782944032217e-10,1.6806607433949138e-33
transcription_TU_469609.3.peg.1937,1.692249139319184e-11,-3.2464948142925094e-34
translation_469609.3.peg.1938,1.5190974637639584e-07,-8.026018546009842e-34
transcription_TU_469609.3.peg.1938,1.2812595624501322e-08,2.0431150496538891e-32
translation_469609.3.peg.1940,1.1880009754872038e-06,7.985815244332312e-33
transcription_TU_469609.3.peg.1940,1.0020012845466633e-07,2.1081644349913736e-32
translation_469609.3.peg.1941,1.1880009754872038e-06,-9.203383843192465e-34
transcription_TU_469609.3.peg.1941,1.0020012845466633e-07,7.555780769836787e-34
translation_469609.3.peg.1942,1.1880009754872038e-06,1.0766841697813869e-32
transcription_TU_469609.3.peg.1942,1.0020012845466633e-07,-1.5798366402160056e-32
translation_469609.3.peg.1943,1.1880009754872038e-06,5.218814093287827e-33
transcription_TU_469609.3.peg.1943,1.0020012845466633e-07,1.835523255276056e-32
translation_469609.3.peg.1944,1.1880009754872038e-06,6.074425346409635e-33
transcription_TU_469609.3.peg.1944,1.0020012845466633e-07,-4.646876786883809e-32
translation_469609.3.peg.1945,1.1880009754872038e-06,-1.2058715652995072e-32
transcription_TU_469609.3.peg.1945,1.0020012845466633e-07,7.946984781496242e-34
translation_469609.3.peg.1946,1.1880009754872038e-06,2.67542841312044e-33
transcription_TU_469609.3.peg.1946,1.0020012845466633e-07,-1.2990143787607263e-32
translation_469609.3.peg.1947,1.1880009754872038e-06,-6.201967000629249e-34
transcription_TU_469609.3.peg.1947,1.0020012845466633e-07,4.568120643558492e-32
translation_469609.3.peg.1948,1.1880009754872038e-06,2.5419054740284082e-33
transcription_TU_469609.3.peg.1948,1.0020012845466633e-07,-3.893306738358494e-33
translation_469609.3.peg.1949,1.1880009754872038e-06,-1.2509858862032286e-33
transcription_TU_469609.3.peg.1949,1.0020012845466633e-07,7.812212023293271e-33
translation_469609.3.peg.1950,1.1880009754872038e-06,-7.997926543820631e-33
transcription_TU_469609.3.peg.1950,1.0020012845466633e-07,-3.362649072204822e-33
translation_469609.3.peg.1951,1.1880009754872038e-06,2.1057484842841104e-33
transcription_TU_469609.3.peg.1951,1.0020012845466633e-07,-7.08123225153468e-33
translation_469609.3.peg.1952,1.1880009754872038e-06,8.372483285362758e-33
transcription_TU_469609.3.peg.1952,1.0020012845466633e-07,2.232293384313839e-32
translation_469609.3.peg.1953,1.1880009754872038e-06,6.272352646746749e-33
transcription_TU_469609.3.peg.1953,1.0020012845466633e-07,1.5142105013489302e-32
translation_469609.3.peg.1954,1.1880009754872038e-06,-4.0279417322856254e-33
transcription_TU_469609.3.peg.1954,1.0020012845466633e-07,4.778383720146583e-33
translation_469609.3.peg.1955,1.1880009754872038e-06,-5.05594523524875e-33
transcription_TU_469609.3.peg.1955,1.0020012845466633e-07,-1.522431219238975e-32
translation_469609.3.peg.1956,1.1880009754872038e-06,9.289914264997861e-33
transcription_TU_469609.3.peg.1956,1.0020012845466633e-07,-9.648270072324909e-33
translation_469609.3.peg.1957,1.1880009754872038e-06,6.056104669204714e-33
transcription_TU_469609.3.peg.1957,1.0020012845466633e-07,-5.6007315971485864e-33
translation_469609.3.peg.1958,1.1880026653539697e-06,-5.103705776311038e-32
transcription_TU_469609.3.peg.1958,1.0020027098389865e-07,5.014574840804969e-32
translation_469609.3.peg.1959,1.1880026653539697e-06,-5.467812639511394e-32
transcription_TU_469609.3.peg.1959,1.0020027098389865e-07,1.3617384209707944e-32
translation_469609.3.peg.1960,1.1880026653539697e-06,7.958477126092425e-33
transcription_TU_469609.3.peg.1960,1.0020027098389865e-07,2.5802792914622546e-32
translation_469609.3.peg.1961,0.0,-1.3446766411435954e-32
transcription_TU_469609.3.peg.1961,0.0,2.4900538829687567e-32
translation_469609.3.peg.1962,4.4509263574863124e-10,8.317648804304623e-32
transcription_TU_469609.3.peg.1962,3.754065880118399e-11,1.1671376043469942e-32
translation_469609.3.peg.1963,0.0,-3.164439204286082e-32
transcription_TU_469609.3.peg.1963,0.0,-5.110134770370321e-32
translation_469609.3.peg.1965,0.0,-5.185004189211361e-32
transcription_TU_469609.3.peg.1965,0.0,-78.3321260783066
translation_469609.3.peg.1968,0.0,-5.020705415341128e-33
transcription_TU_469609.3.peg.1968,0.0,-1.2623795824464827e-32
translation_469609.3.peg.1969,1.3857396733740178e-09,-5.496656859648829e-32
transcription_TU_469609.3.peg.1969,1.168780970233299e-10,8.95184225869416e-33
translation_469609.3.peg.1973,2.4972881274194114e-08,-1.1255951652563736e-31
transcription_TU_469609.3.peg.1973,2.1062995428359685e-09,-2.8707704972890835e-33
translation_469609.3.peg.1974,1.1880009754872038e-06,-1.0492580438051484e-32
transcription_TU_469609.3.peg.1974,1.0020012845466633e-07,-7.892752003908638e-33
translation_469609.3.peg.1975,0.0,-8.701758922734923e-33
transcription_TU_469609.3.peg.1975,0.0,-5.565596824187787e-33
translation_469609.3.peg.1978,1.8612358159144385e-11,-4.0550471973000177e-32
transcription_TU_469609.3.peg.1978,1.5698309318523051e-12,-1.0907920597430887e-32
translation_469609.3.peg.1980,1.1880009754872038e-06,7.433579142729461e-34
transcription_TU_469609.3.peg.1980,1.0020012845466633e-07,-8.717694654855556e-33
translation_469609.3.peg.1986,0.0,-3.001399184409305e-31
transcription_TU_469609.3.peg.1986,0.0,1.309052288802832e-31
translation_469609.3.peg.1991,0.0,1.8260748220652045e-32
transcription_TU_469609.3.peg.1991,0.0,-87.61373064596434
translation_469609.3.peg.2009,0.0,-7.366990630330141e-32
transcription_TU_469609.3.peg.2009,0.0,6.091332141184974e-32
translation_469609.3.peg.2012,0.0,-7.659612350633494e-32
transcription_TU_469609.3.peg.2012,0.0,9.541988336126202e-32
translation_469609.3.peg.2014,1.4927471294963808e-10,-3.741124383920747e-32
transcription_TU_469609.3.peg.2014,1.2590347753252573e-11,-1.58335333625963e-32
translation_469609.3.peg.2034,1.1148229919721261e-09,-2.0704075541080777e-32
transcription_TU_469609.3.peg.2034,9.402804316217981e-11,4.2470335303798846e-32
translation_469609.3.peg.2036,1.6898667659525457e-12,1.7048671841910968e-32
transcription_TU_469609.3.peg.2036,1.4252923230999526e-13,-7.510054750418724e-32
translation_469609.3.peg.2038,7.461000184476609e-10,-3.399737936111909e-32
transcription_TU_469609.3.peg.2038,6.292866692119125e-11,4.955205959371126e-32
translation_469609.3.peg.2040,1.899225562218211e-12,3.75080726834137e-33
transcription_TU_469609.3.peg.2040,1.6018728033502396e-13,-6.404300193599265e-32
translation_469609.3.peg.2041,1.1880009754872038e-06,-9.260623833711871e-34
transcription_TU_469609.3.peg.2041,1.0020012845466633e-07,1.5580519684236232e-32
translation_469609.3.peg.2042,1.1880009754872038e-06,2.1702673014881363e-33
transcription_TU_469609.3.peg.2042,1.0020012845466633e-07,-7.170641809048352e-33
translation_469609.3.peg.2052,3.6462291850942783e-10,1.0259181799664886e-32
transcription_TU_469609.3.peg.2052,3.0753563360650236e-11,-3.466360424427757e-32
translation_469609.3.peg.2058,0.0,5.004086946754294e-33
transcription_TU_469609.3.peg.2058,0.0,-2.4622333713472586e-32
translation_469609.3.peg.2059,0.0,8.039434954146476e-34
transcription_TU_469609.3.peg.2059,0.0,-1.9988681382530761e-32
translation_469609.3.peg.2061,0.0,9.700184140938663e-32
transcription_TU_469609.3.peg.2061,0.0,-8.435487287926944e-32
translation_469609.3.peg.2065,1.1880026653539697e-06,-2.4062525977725303e-32
transcription_TU_469609.3.peg.2065,1.0020027098389865e-07,-3.350411124103019e-32
translation_469609.3.peg.2073,8.598219775353966e-10,-5.586399073706824e-32
transcription_TU_469609.3.peg.2073,7.25203719313949e-11,-7.659311778405618e-33
translation_469609.3.peg.2077,0.0,-7.650452232713887e-32
transcription_TU_469609.3.peg.2077,0.0,-45.27486642696376
translation_469609.3.peg.2080,2.315775523801456e-12,1.157749047240851e-32
transcription_TU_469609.3.peg.2080,1.9532055086227284e-13,3.5058006821013976e-32
translation_469609.3.peg.2081,1.157887761900728e-12,-2.8078349112816185e-32
transcription_TU_469609.3.peg.2081,9.766027543113642e-14,7.46843901811526e-33
translation_469609.3.peg.2107,0.0,1.430431741896346e-32
transcription_TU_469609.3.peg.2107,0.0,-65.96186826686144
translation_469609.3.peg.2108,0.0,4.412806821144016e-33
transcription_TU_469609.3.peg.2108,0.0,7.311530783021999e-33
translation_469609.3.peg.2109,0.0,-5.014997313984682e-32
transcription_TU_469609.3.peg.2109,0.0,1.6710329589595624e-32
translation_469609.3.peg.2111,2.738928243936731e-07,-2.1955502919077382e-32
transcription_TU_469609.3.peg.2111,2.3101072097859592e-08,1.2478901557532405e-32
translation_469609.3.peg.2121,1.1343534735278115e-07,-7.749315289889222e-32
transcription_TU_469609.3.peg.2121,9.567531181013576e-09,3.054477228753979e-31
translation_469609.3.peg.2122,1.1343534735278115e-07,-2.1135421777316743e-31
transcription_TU_469609.3.peg.2122,9.567531181013576e-09,-8.104862358851715e-32
translation_469609.3.peg.2123,0.0,-2.521320846552612e-32
transcription_TU_469609.3.peg.2123,1.4215776304147655e-40,4.277774950990386e-31
translation_469609.3.peg.2124,1.6863578852585605e-09,-7.79204492632442e-32
transcription_TU_469609.3.peg.2124,1.4223328112516965e-10,-5.96948439448725e-32
translation_469609.3.peg.2127,3.042128063968828e-13,1.0242189487951062e-32
transcription_TU_469609.3.peg.2127,2.565836468780789e-14,-3.8138737774029835e-32
translation_469609.3.peg.2131,0.0,-1.82691313805024e-31
transcription_TU_469609.3.peg.2131,0.0,1.5443197158076067e-31
translation_469609.3.peg.2134,0.0,-1.0659526547632659e-32
transcription_TU_469609.3.peg.2134,0.0,-3.8148505626311206e-33
translation_469609.3.peg.2135,0.0,4.080996546690853e-33
transcription_TU_469609.3.peg.2135,0.0,-1.6037929957313537e-32
transcription_TU_HMPREF0847_RS00025,1.1879992856204378e-06,4.003689179002161e-31
transcription_TU_HMPREF0847_RS00030,2.3973766660702394e-07,2.5789883553312256e-31
transcription_TU_HMPREF0847_RS01555,0.0,1.868499588675715e-33
transcription_TU_HMPREF0847_RS02090,0.0,-4.348754482311692e-33
transcription_TU_HMPREF0847_RS02260,3.2236189746805964e-07,2.8151907463986918e-31
transcription_TU_HMPREF0847_RS02265,4.133090835713418e-07,2.2810621134240976e-33
transcription_TU_HMPREF0847_RS02275,0.0,1.868499588675715e-33
transcription_TU_HMPREF0847_RS04820,0.0,2.3025375563085384e-33
transcription_TU_HMPREF0847_RS05250,4.525222377106857e-07,-6.339145412620165e-34
transcription_TU_HMPREF0847_RS05255,4.133280215826851e-07,-1.6399290375322328e-33
transcription_TU_HMPREF0847_RS05260,7.484875641330096e-07,9.196199155279351e-33
transcription_TU_HMPREF0847_RS05265,0.0,8.979182983683308e-34
transcription_TU_HMPREF0847_RS05270,5.714684995377042e-07,2.5044928508170766e-31
transcription_TU_HMPREF0847_RS05275,7.772891172122906e-07,2.537970079951056e-31
transcription_TU_HMPREF0847_RS05280,3.376405565136416e-07,4.829612518801733e-33
transcription_TU_HMPREF0847_RS05285,3.1420150937878203e-07,2.579917979553526e-31
transcription_TU_HMPREF0847_RS05290,5.059717208661176e-07,2.5445745788063564e-31
transcription_TU_HMPREF0847_RS05295,0.0,9.769124227747003e-34
transcription_TU_HMPREF0847_RS05300,3.918020463328505e-08,2.420887512144749e-31
transcription_TU_HMPREF0847_RS05305,1.4244317952050833e-07,2.555036642339162e-31
transcription_TU_HMPREF0847_RS05310,0.0,2.2810621134240976e-33
transcription_TU_HMPREF0847_RS05315,0.0,-5.209226126924483e-33
transcription_TU_HMPREF0847_RS06035,0.0,-1.7237920869273855e-33
transcription_TU_HMPREF0847_RS06670,0.0,-4.040637521312959e-33
transcription_TU_HMPREF0847_RS06700,5.96556444233123e-07,7.187305950681042e-33
transcription_TU_HMPREF0847_RS07065,1.1879992856204378e-06,5.634512769514204e-30
transcription_TU_HMPREF0847_RS07070,7.270527352832316e-07,4.381355918307781e-33
transcription_TU_HMPREF0847_RS07075,1.1879992856204378e-06,1.0141716938279939e-29
transcription_TU_HMPREF0847_RS07080,0.0,4.003689179002161e-31
transcription_TU_HMPREF0847_RS07085,0.0,-2.0592963975028116e-35
transcription_TU_HMPREF0847_RS07090,5.48526081373582e-07,2.571118695757899e-31
transcription_TU_HMPREF0847_RS07095,6.509207140337866e-07,2.50592393032103e-31
transcription_TU_HMPREF0847_RS07100,9.344239254623905e-41,1.9405693911162875e-33
transcription_TU_HMPREF0847_RS07105,0.0,2.3025375563085384e-33
transcription_TU_HMPREF0847_RS07110,7.103652916733159e-07,8.646395968362935e-34
transcription_TU_HMPREF0847_RS07115,9.082637326789509e-07,5.044852377930577e-33
transcription_TU_HMPREF0847_RS07120,1.2668913643859455e-08,2.5567748993786003e-31
transcription_TU_HMPREF0847_RS07125,0.0,-6.339145412620165e-34
transcription_TU_HMPREF0847_RS07130,0.0,4.451606198034808e-33
transcription_TU_HMPREF0847_RS07135,0.0,-3.0538479323120702e-33
transcription_TU_HMPREF0847_RS07140,0.0,-1.1586944637660578e-33
transcription_TU_HMPREF0847_RS07145,0.0,2.3734079049420397e-33
transcription_TU_HMPREF0847_RS07150,0.0,-5.1333481682584035e-33
transcription_TU_HMPREF0847_RS07155,0.0,8.979182983683308e-34
transcription_TU_HMPREF0847_RS07160,0.0,-3.0538479323120702e-33
transcription_TU_HMPREF0847_RS07165,0.0,-2.3526521547890952e-33
transcription_TU_HMPREF0847_RS07670,1.4500173119675786e-08,2.3901821745046084e-31
transcription_TU_HMPREF0847_RS07890,0.0,-1.5416750215281748e-33
transcription_TU_HMPREF0847_RS09885,0.0,1.577903961788573e-33
transcription_TU_HMPREF0847_RS10845,0.0,5.40727055479566e-34
transcription_TU_HMPREF0847_RS10865,0.0,5.9698019577662684e-33
transcription_TU_HMPREF0847_RS10870,1.8760258270346614e-07,2.5789883553312256e-31
transcription_TU_HMPREF0847_RS10925,0.0,5.9698019577662684e-33
transcription_TU_HMPREF0847_RS10930,0.0,-9.265789497364708e-34
charging_tRNA_HMPREF0847_RS00030_AAU,0.0,-1.0201330798093553e-33
charging_tRNA_HMPREF0847_RS00030_AAC,0.00489242648091711,5.0729512947081585e-34
charging_tRNA_HMPREF0847_RS01555_CGU,0.0,-2.3605549661099668e-05
charging_tRNA_HMPREF0847_RS01555_CGC,0.0,-2.3605549661099668e-05
charging_tRNA_HMPREF0847_RS01555_CGA,0.0,-2.3605549661099668e-05
charging_tRNA_HMPREF0847_RS01555_CGG,0.0,-2.3605549661099668e-05
charging_tRNA_HMPREF0847_RS01555_AGA,0.0,-2.3605549661099668e-05
charging_tRNA_HMPREF0847_RS01555_AGG,0.0,-2.3605549661099668e-05
charging_tRNA_HMPREF0847_RS02090_UCU,0.0,-2.2171249580889154e-05
charging_tRNA_HMPREF0847_RS02090_UCC,0.0,-2.2171249580889154e-05
charging_tRNA_HMPREF0847_RS02090_UCA,0.0,-2.2171249580889154e-05
charging_tRNA_HMPREF0847_RS02090_UCG,0.0,-2.2171249580889154e-05
charging_tRNA_HMPREF0847_RS02090_AGU,0.0,-2.2171249580889154e-05
charging_tRNA_HMPREF0847_RS02090_AGC,0.0,-2.2171249580889154e-05
charging_tRNA_HMPREF0847_RS02260_UAU,0.002074366433808684,-1.3217440620067239e-35
charging_tRNA_HMPREF0847_RS02260_UAC,0.0045042071626243,-1.3355547618478425e-35
charging_tRNA_HMPREF0847_RS02265_CAA,0.006144019415570735,-4.3981628413088773e-38
charging_tRNA_HMPREF0847_RS02265_CAG,0.0022905513128688637,-8.009176174370156e-38
charging_tRNA_HMPREF0847_RS02275_CGU,0.0,-2.8176406732243957e-05
charging_tRNA_HMPREF0847_RS02275_CGC,0.0,-2.8176406732243957e-05
charging_tRNA_HMPREF0847_RS02275_CGA,0.0,-2.8176406732243957e-05
charging_tRNA_HMPREF0847_RS02275_CGG,0.0,-2.8176406732243957e-05
charging_tRNA_HMPREF0847_RS02275_AGA,0.0,-2.8176406732243957e-05
charging_tRNA_HMPREF0847_RS02275_AGG,0.0,-2.8176406732243957e-05
charging_tRNA_HMPREF0847_RS04820_ACU,0.0,-1.934978604146233e-06
charging_tRNA_HMPREF0847_RS04820_ACC,0.0,-1.934978604146233e-06
charging_tRNA_HMPREF0847_RS04820_ACA,0.0,-1.934978604146233e-06
charging_tRNA_HMPREF0847_RS04820_ACG,0.0,-1.934978604146233e-06
charging_tRNA_HMPREF0847_RS05250_CCU,0.00359804160840006,-1.2968094547020906e-38
charging_tRNA_HMPREF0847_RS05250_CCC,0.0002464342340629524,-6.949295645375178e-38
charging_tRNA_HMPREF0847_RS05250_CCA,0.005118838381505205,-6.822979170351554e-38
charging_tRNA_HMPREF0847_RS05250_CCG,0.00027149568434996587,6.585706003846562e-38
charging_tRNA_HMPREF0847_RS05255_CGU,0.004967376868562616,5.486804283281398e-38
charging_tRNA_HMPREF0847_RS05255_CGC,0.0011301621639843522,-4.974575868980071e-38
charging_tRNA_HMPREF0847_RS05255_CGA,0.0002624788190184237,1.2530718486195416e-38
charging_tRNA_HMPREF0847_RS05255_CGG,0.0,2.36840129183893e-37
charging_tRNA_HMPREF0847_RS05255_AGA,0.0020674002985367245,-4.1687024468957187e-38
charging_tRNA_HMPREF0847_RS05255_AGG,7.539054227996703e-06,2.052731902621526e-37
charging_tRNA_HMPREF0847_RS05260_GUU,0.007339847622427543,-7.689084488724175e-38
charging_tRNA_HMPREF0847_RS05260_GUC,0.0036536620261426803,1.1510113771565348e-37
charging_tRNA_HMPREF0847_RS05260_GUA,0.002503222731776178,5.43187934536946e-38
charging_tRNA_HMPREF0847_RS05260_GUG,0.001777965297445175,-6.307316193383617e-38
charging_tRNA_HMPREF0847_RS05265_GGU,0.0,-1.6832737077442806e-05
charging_tRNA_HMPREF0847_RS05265_GGC,0.0,-1.6832737077442806e-05
charging_tRNA_HMPREF0847_RS05265_GGA,0.0,-1.6832737077442806e-05
charging_tRNA_HMPREF0847_RS05265_GGG,0.0,-1.6832737077442806e-05
charging_tRNA_HMPREF0847_RS05270_AUU,0.004986529696208079,-2.2585798384323234e-34
charging_tRNA_HMPREF0847_RS05270_AUC,0.006171987627339092,-6.3559533621499035e-34
charging_tRNA_HMPREF0847_RS05270_AUA,0.0005036785245971041,-1.1391324820569106e-35
charging_tRNA_HMPREF0847_RS05275_GAA,0.012754324488439397,-1.2160962194719082e-35
charging_tRNA_HMPREF0847_RS05275_GAG,0.0031081384870247876,-1.245490040166947e-35
charging_tRNA_HMPREF0847_RS05280_UCU,0.002162326923824144,6.890854224219605e-39
charging_tRNA_HMPREF0847_RS05280_UCC,0.0005017465826469101,-1.413293403901434e-37
charging_tRNA_HMPREF0847_RS05280_UCA,0.0016569578718945918,-1.8256413141127719e-38
charging_tRNA_HMPREF0847_RS05280_UCG,0.0002551280769255407,-5.187255846547477e-38
charging_tRNA_HMPREF0847_RS05280_AGU,0.00103478905577329,-2.13721182998235e-38
charging_tRNA_HMPREF0847_RS05280_AGC,0.0012794230483896382,-8.992005619072051e-38
charging_tRNA_HMPREF0847_RS05285_AUG,0.004844996027760164,-1.2662570994922781e-35
charging_tRNA_HMPREF0847_RS05285_START,0.0015670451278278624,-1.262437640256115e-35
charging_tRNA_HMPREF0847_RS05290_UUU,0.006529039816036994,-1.1881204202618994e-35
charging_tRNA_HMPREF0847_RS05290_UUC,0.0037965359718440885,-1.2014932864247839e-35
charging_tRNA_HMPREF0847_RS05295_UAU,0.0,-9.980011579664965e-08
charging_tRNA_HMPREF0847_RS05295_UAC,0.0,-9.980011579664965e-08
charging_tRNA_HMPREF0847_RS05300_UGG,0.0007995667655756642,6.450109602568678e-31
charging_tRNA_HMPREF0847_RS05305_CAU,0.0018227162550141249,-1.2469860326361834e-35
charging_tRNA_HMPREF0847_RS05305_CAC,0.0010841810772874599,-1.248562288921248e-35
charging_tRNA_HMPREF0847_RS05310_CAA,0.0,-4.3981628413088773e-38
charging_tRNA_HMPREF0847_RS05310_CAG,0.0,-8.009176174370156e-38
charging_tRNA_HMPREF0847_RS05315_UUA,0.0,-2.0084582304434227e-05
charging_tRNA_HMPREF0847_RS05315_UUG,0.0,-2.0084582304434227e-05
charging_tRNA_HMPREF0847_RS05315_CUU,0.0,-2.0084582304434227e-05
charging_tRNA_HMPREF0847_RS05315_CUC,0.0,-2.0084582304434227e-05
charging_tRNA_HMPREF0847_RS05315_CUA,0.0,-2.0084582304434227e-05
charging_tRNA_HMPREF0847_RS05315_CUG,0.0,-2.0084582304434227e-05
charging_tRNA_HMPREF0847_RS06035_AAA,0.0,-2.9940034738979623e-07
charging_tRNA_HMPREF0847_RS06035_AAG,0.0,-2.9940034738979623e-07
charging_tRNA_HMPREF0847_RS06670_UUA,0.0,-6.488746525560469e-06
charging_tRNA_HMPREF0847_RS06670_UUG,0.0,-6.488746525560469e-06
charging_tRNA_HMPREF0847_RS06670_CUU,0.0,-6.488746525560469e-06
charging_tRNA_HMPREF0847_RS06670_CUC,0.0,-6.488746525560469e-06
charging_tRNA_HMPREF0847_RS06670_CUA,0.0,-6.488746525560469e-06
charging_tRNA_HMPREF0847_RS06670_CUG,0.0,-6.488746525560469e-06
charging_tRNA_HMPREF0847_RS06700_ACU,0.007453062750061987,-2.1202244354002073e-37
charging_tRNA_HMPREF0847_RS06700_ACC,0.0015354164109080415,-1.60393911803189e-38
charging_tRNA_HMPREF0847_RS06700_ACA,0.0026632158791491446,-2.0539243627691066e-37
charging_tRNA_HMPREF0847_RS06700_ACG,0.0005224809516411946,1.0668493728977511e-37
charging_tRNA_HMPREF0847_RS07070_GCU,0.00623999153062133,3.681654200574251e-38
charging_tRNA_HMPREF0847_RS07070_GCC,0.004947938791117889,9.19174266187132e-38
charging_tRNA_HMPREF0847_RS07070_GCA,0.003065730252686879,1.5669219554285908e-38
charging_tRNA_HMPREF0847_RS07070_GCG,0.000583607617366186,-4.0037975045982416e-38
charging_tRNA_HMPREF0847_RS07085_GUU,0.0,3.0210422209006534e-37
charging_tRNA_HMPREF0847_RS07085_GUC,0.0,5.092936628689283e-37
charging_tRNA_HMPREF0847_RS07085_GUA,0.0,3.656384454868099e-37
charging_tRNA_HMPREF0847_RS07085_GUG,0.0,2.489409338161553e-37
charging_tRNA_HMPREF0847_RS07090_GAU,0.005722279461072377,-1.1842368689445482e-35
charging_tRNA_HMPREF0847_RS07090_GAC,0.005471720897597921,6.092012997225413e-34
charging_tRNA_HMPREF0847_RS07095_AAA,0.009675647438682633,-1.2516458392613483e-35
charging_tRNA_HMPREF0847_RS07095_AAG,0.003607962864976957,-1.2086825733519985e-35
charging_tRNA_HMPREF0847_RS07100_UUA,0.0,-4.532571022228987e-05
charging_tRNA_HMPREF0847_RS07100_UUG,0.0,-4.532571022228987e-05
charging_tRNA_HMPREF0847_RS07100_CUU,0.0,-4.532571022228987e-05
charging_tRNA_HMPREF0847_RS07100_CUC,0.0,-4.532571022228987e-05
charging_tRNA_HMPREF0847_RS07100_CUA,0.0,-4.532571022228987e-05
charging_tRNA_HMPREF0847_RS07100_CUG,0.0,-4.532571022228987e-05
charging_tRNA_HMPREF0847_RS07105_ACU,0.0,-7.039635661056068e-06
charging_tRNA_HMPREF0847_RS07105_ACC,0.0,-7.039635661056068e-06
charging_tRNA_HMPREF0847_RS07105_ACA,0.0,-7.039635661056068e-06
charging_tRNA_HMPREF0847_RS07105_ACG,0.0,-7.039635661056068e-06
charging_tRNA_HMPREF0847_RS07110_GGU,0.0060450050042349735,3.2247673245043636e-38
charging_tRNA_HMPREF0847_RS07110_GGC,0.0028089621564780917,-4.0536809418212386e-38
charging_tRNA_HMPREF0847_RS07110_GGA,0.004350004688786498,-8.834885279512357e-38
charging_tRNA_HMPREF0847_RS07110_GGG,0.0012927487255104606,-4.1867024268652675e-38
charging_tRNA_HMPREF0847_RS07115_UUA,0.0023186345878594746,1.7784523168932719e-37
charging_tRNA_HMPREF0847_RS07115_UUG,0.0045762286347990015,1.1871897618932883e-34
charging_tRNA_HMPREF0847_RS07115_CUU,0.007794816071352299,-1.1848184703081364e-37
charging_tRNA_HMPREF0847_RS07115_CUC,0.0007713587917066144,1.05618691892577e-37
charging_tRNA_HMPREF0847_RS07115_CUA,0.0010190312305760154,8.720955606840937e-38
charging_tRNA_HMPREF0847_RS07115_CUG,0.0020552472249285234,-1.0578888709564702e-37
charging_tRNA_HMPREF0847_RS07120_CGU,0.0,-1.2567487630004786e-35
charging_tRNA_HMPREF0847_RS07120_CGC,0.0,-1.2609005993974106e-35
charging_tRNA_HMPREF0847_RS07120_CGA,0.0,-1.256126525776618e-35
charging_tRNA_HMPREF0847_RS07120_CGG,0.0002585398009119277,-1.2290339124006658e-35
charging_tRNA_HMPREF0847_RS07120_AGA,0.0,-1.2621099084512152e-35
charging_tRNA_HMPREF0847_RS07120_AGG,0.0,-1.248460991175391e-35
charging_tRNA_HMPREF0847_RS07125_CCU,0.0,-1.2968094547020906e-38
charging_tRNA_HMPREF0847_RS07125_CCC,0.0,-6.949295645375178e-38
charging_tRNA_HMPREF0847_RS07125_CCA,0.0,-6.822979170351554e-38
charging_tRNA_HMPREF0847_RS07125_CCG,0.0,6.585706003846562e-38
charging_tRNA_HMPREF0847_RS07130_AUG,0.0,-1.2159703922743178e-05
charging_tRNA_HMPREF0847_RS07130_START,0.0,-1.2159703922743178e-05
charging_tRNA_HMPREF0847_RS07135_AUU,0.0,-6.683995083444936e-07
charging_tRNA_HMPREF0847_RS07135_AUC,0.0,-6.683995083444936e-07
charging_tRNA_HMPREF0847_RS07135_AUA,0.0,-6.683995083444936e-07
charging_tRNA_HMPREF0847_RS07140_UCU,0.0,2.8634569484207606e-37
charging_tRNA_HMPREF0847_RS07140_UCC,0.0,1.9601621802362548e-37
charging_tRNA_HMPREF0847_RS07140_UCA,0.0,2.7730986443222857e-37
charging_tRNA_HMPREF0847_RS07140_UCG,0.0,2.405173490683573e-37
charging_tRNA_HMPREF0847_RS07140_AGU,0.0,3.127507693187912e-37
charging_tRNA_HMPREF0847_RS07140_AGC,0.0,2.1751946814750252e-37
charging_tRNA_HMPREF0847_RS07145_AUG,0.0,-1.1107407570865435e-37
charging_tRNA_HMPREF0847_RS07145_START,0.0,-9.734903582958931e-38
charging_tRNA_HMPREF0847_RS07150_UUU,0.0,7.424669778998129e-37
charging_tRNA_HMPREF0847_RS07150_UUC,0.0,6.841287401133499e-37
charging_tRNA_HMPREF0847_RS07155_GGU,0.0,-1.6832737077442806e-05
charging_tRNA_HMPREF0847_RS07155_GGC,0.0,-1.6832737077442806e-05
charging_tRNA_HMPREF0847_RS07155_GGA,0.0,-1.6832737077442806e-05
charging_tRNA_HMPREF0847_RS07155_GGG,0.0,-1.6832737077442806e-05
charging_tRNA_HMPREF0847_RS07160_AUU,0.0,-2.1345244444805335e-34
charging_tRNA_HMPREF0847_RS07160_AUC,0.0,-6.2321514143740635e-34
charging_tRNA_HMPREF0847_RS07160_AUA,0.0,1.0251289033691413e-36
charging_tRNA_HMPREF0847_RS07165_UCU,0.0,-2.4089139035305488e-05
charging_tRNA_HMPREF0847_RS07165_UCC,0.0,-2.4089139035305488e-05
charging_tRNA_HMPREF0847_RS07165_UCA,0.0,-2.4089139035305488e-05
charging_tRNA_HMPREF0847_RS07165_UCG,0.0,-2.4089139035305488e-05
charging_tRNA_HMPREF0847_RS07165_AGU,0.0,-2.4089139035305488e-05
charging_tRNA_HMPREF0847_RS07165_AGC,0.0,-2.4089139035305488e-05
charging_tRNA_HMPREF0847_RS07670_UGU,0.00027766077992111754,-1.1923605736983173e-35
charging_tRNA_HMPREF0847_RS07670_UGC,1.8250296350723593e-05,-1.212020897284134e-35
charging_tRNA_HMPREF0847_RS09885_UUA,0.0,-3.466523017328784e-05
charging_tRNA_HMPREF0847_RS09885_UUG,0.0,-3.466523017328784e-05
charging_tRNA_HMPREF0847_RS09885_CUU,0.0,-3.466523017328784e-05
charging_tRNA_HMPREF0847_RS09885_CUC,0.0,-3.466523017328784e-05
charging_tRNA_HMPREF0847_RS09885_CUA,0.0,-3.466523017328784e-05
charging_tRNA_HMPREF0847_RS09885_CUG,0.0,-3.466523017328784e-05
charging_tRNA_HMPREF0847_RS10845_CGU,0.0,-2.7356785827948578e-06
charging_tRNA_HMPREF0847_RS10845_CGC,0.0,-2.7356785827948578e-06
charging_tRNA_HMPREF0847_RS10845_CGA,0.0,-2.7356785827948578e-06
charging_tRNA_HMPREF0847_RS10845_CGG,0.0,-2.7356785827948578e-06
charging_tRNA_HMPREF0847_RS10845_AGA,0.0,-2.7356785827948578e-06
charging_tRNA_HMPREF0847_RS10845_AGG,0.0,-2.7356785827948578e-06
charging_tRNA_HMPREF0847_RS10865_GAA,2.65832520470936e-36,-9.925064555304499e-38
charging_tRNA_HMPREF0847_RS10865_GAG,0.0,-3.5825429145130285e-37
charging_tRNA_HMPREF0847_RS10870_AAU,0.003828484094705829,-1.0201330798093553e-33
charging_tRNA_HMPREF0847_RS10870_AAC,0.0,5.0729512947081585e-34
charging_tRNA_HMPREF0847_RS10925_GAA,0.0,-9.925064555304499e-38
charging_tRNA_HMPREF0847_RS10925_GAG,0.0,-3.5825429145130285e-37
charging_tRNA_HMPREF0847_RS10930_AAU,0.0,-1.0074845779187517e-33
charging_tRNA_HMPREF0847_RS10930_AAC,0.0,5.1993732303899865e-34
DM_RNA_469609.3.peg.2,0.0,-43.13992783109233
DM_RNA_469609.3.peg.3,0.0,-101.14523064489688
DM_RNA_469609.3.peg.8,0.0,-275.1416696501343
DM_RNA_469609.3.peg.17,0.0,-105.42151088553366
DM_RNA_469609.3.peg.18,0.0,-92.42065124292664
DM_RNA_469609.3.peg.23,0.0,-79.58604077428508
DM_RNA_469609.3.peg.24,0.0,-120.28938633415885
DM_RNA_469609.3.peg.30,0.0,0.0
DM_RNA_469609.3.peg.35,0.0,-71.1246706753774
DM_RNA_469609.3.peg.36,0.0,-53.72947509245436
DM_RNA_469609.3.peg.41,0.0,-33.85977058833559
DM_RNA_469609.3.peg.44,0.0,-95.6719710732106
DM_RNA_469609.3.peg.46,0.0,-79.30130434088149
DM_RNA_469609.3.peg.47,0.0,-18.506938818849985
DM_RNA_469609.3.peg.48,0.0,-56.05764575649258
DM_RNA_469609.3.peg.49,0.0,-302.90471917480795
DM_RNA_469609.3.peg.50,0.0,-117.91036713822257
DM_RNA_469609.3.peg.51,0.0,-81.82655399372568
DM_RNA_469609.3.peg.52,0.0,-44.894182277149106
DM_RNA_469609.3.peg.54,0.0,-125.1482205302512
DM_RNA_469609.3.peg.63,0.0,-62.1229837303357
DM_RNA_469609.3.peg.73,0.0,0.0
DM_RNA_469609.3.peg.74,0.0,-107.41454004586028
DM_RNA_469609.3.peg.75,0.0,-18.937813002009715
DM_RNA_469609.3.peg.76,0.0,-4.583074917259472e-32
DM_RNA_469609.3.peg.99,0.0,-71.43318191549143
DM_RNA_469609.3.peg.109,0.0,-37.26141135620914
DM_RNA_469609.3.peg.113,0.0,-72.38064904310467
DM_RNA_469609.3.peg.114,0.0,-111.17270537442803
DM_RNA_469609.3.peg.115,0.0,-98.76727533124684
DM_RNA_469609.3.peg.116,0.0,-124.52488438452082
DM_RNA_469609.3.peg.117,0.0,-182.88912899688654
DM_RNA_469609.3.peg.124,0.0,-215.0185976801898
DM_RNA_469609.3.peg.128,0.0,-53.040281312708984
DM_RNA_469609.3.peg.129,0.0,-3.294145997087366e-32
DM_RNA_469609.3.peg.133,0.0,-3.244060183712996e-32
DM_RNA_469609.3.peg.145,0.0,-121.42496201869703
DM_RNA_469609.3.peg.158,0.0,-109.24855871498487
DM_RNA_469609.3.peg.159,0.0,-34.19349557479471
DM_RNA_469609.3.peg.162,0.0,-2.4978319328433136e-32
DM_RNA_469609.3.peg.163,0.0,3.8326479629965705e-32
DM_RNA_469609.3.peg.164,0.0,0.0
DM_RNA_469609.3.peg.166,0.0,-33.91892192109288
DM_RNA_469609.3.peg.170,0.0,-56.11302041522872
DM_RNA_469609.3.peg.171,0.0,-92.45593079340873
DM_RNA_469609.3.peg.172,0.0,0.0
DM_RNA_469609.3.peg.175,0.0,-73.02705942691591
DM_RNA_469609.3.peg.176,0.0,-81.77564853112956
DM_RNA_469609.3.peg.181,0.0,-35.68935780811705
DM_RNA_469609.3.peg.186,0.0,-40.31447018559176
DM_RNA_469609.3.peg.187,0.0,-114.48422682570838
DM_RNA_469609.3.peg.188,0.0,-96.8839456588968
DM_RNA_469609.3.peg.189,0.0,-112.18500227785168
DM_RNA_469609.3.peg.190,0.0,-27.114082911664582
DM_RNA_469609.3.peg.191,0.0,-66.6057962505748
DM_RNA_469609.3.peg.195,0.0,-11.03587429802224
DM_RNA_469609.3.peg.204,0.0,-70.83572454071495
DM_RNA_469609.3.peg.208,0.0,-53.52620907468605
DM_RNA_469609.3.peg.209,0.0,0.0
DM_RNA_469609.3.peg.215,0.0,-32.97617812531977
DM_RNA_469609.3.peg.216,0.0,-38.184467450737344
DM_RNA_469609.3.peg.217,0.0,-167.35508300495596
DM_RNA_469609.3.peg.218,0.0,-82.535789921886
DM_RNA_469609.3.peg.220,0.0,-95.52543199261284
DM_RNA_469609.3.peg.225,0.0,-110.36873012769387
DM_RNA_469609.3.peg.227,0.0,-114.07889430016151
DM_RNA_469609.3.peg.233,0.0,-35.527504659461734
DM_RNA_469609.3.peg.243,0.0,-144.9670580521081
DM_RNA_469609.3.peg.251,0.0,-70.89678959286218
DM_RNA_469609.3.peg.252,0.0,-76.92169731824781
DM_RNA_469609.3.peg.253,0.0,-82.237043028794
DM_RNA_469609.3.peg.254,0.0,-83.70143232587381
DM_RNA_469609.3.peg.256,0.0,-95.1596268268363
DM_RNA_469609.3.peg.259,0.0,-8.608552487066405e-32
DM_RNA_469609.3.peg.273,0.0,-24.846365766924865
DM_RNA_469609.3.peg.278,0.0,-71.21969714448184
DM_RNA_469609.3.peg.285,0.0,-12.308954731214728
DM_RNA_469609.3.peg.287,0.0,-109.10649652902299
DM_RNA_469609.3.peg.288,-2.3512735077645305e-31,-3.497093335794199e-32
DM_RNA_469609.3.peg.289,0.0,-74.80738493634598
DM_RNA_469609.3.peg.292,0.0,0.0
DM_RNA_469609.3.peg.297,0.0,-118.35632577105527
DM_RNA_469609.3.peg.299,0.0,-95.86468018997196
DM_RNA_469609.3.peg.303,0.0,0.0
DM_RNA_469609.3.peg.306,0.0,-8.095856321449671e-32
DM_RNA_469609.3.peg.307,0.0,0.0
DM_RNA_469609.3.peg.312,0.0,-116.44016405291917
DM_RNA_469609.3.peg.325,0.0,-138.21378015724383
DM_RNA_469609.3.peg.328,0.0,-182.64540276195908
DM_RNA_469609.3.peg.329,0.0,-70.16589791092679
DM_RNA_469609.3.peg.330,0.0,-193.28069518948627
DM_RNA_469609.3.peg.339,0.0,-49.94558866955415
DM_RNA_469609.3.peg.341,0.0,-50.935387950982935
DM_RNA_469609.3.peg.352,0.0,-21.083262238025306
DM_RNA_469609.3.peg.353,0.0,0.0
DM_RNA_469609.3.peg.356,0.0,1.2104359159106461e-32
DM_RNA_469609.3.peg.364,0.0,-162.00963489268412
DM_RNA_469609.3.peg.365,0.0,-49.38808476868728
DM_RNA_469609.3.peg.367,0.0,-61.326749665322346
DM_RNA_469609.3.peg.368,0.0,-42.56118071790339
DM_RNA_469609.3.peg.369,0.0,-109.6690288339933
DM_RNA_469609.3.peg.372,0.0,0.0
DM_RNA_469609.3.peg.375,0.0,-58.46642357681975
DM_RNA_469609.3.peg.378,0.0,-35.63373545441409
DM_RNA_469609.3.peg.379,0.0,-31.956434367813962
DM_RNA_469609.3.peg.399,0.0,-337.19611590886166
DM_RNA_469609.3.peg.415,0.0,-40.9041709796832
DM_RNA_469609.3.peg.416,0.0,-142.4552300706471
DM_RNA_469609.3.peg.418,0.0,-89.77942570963603
DM_RNA_469609.3.peg.419,0.0,-190.39178500060407
DM_RNA_469609.3.peg.421,0.0,-64.46587974056473
DM_RNA_469609.3.peg.426,0.0,-98.46384473808887
DM_RNA_469609.3.peg.427,0.0,-44.85508293011704
DM_RNA_469609.3.peg.429,0.0,-202.0403978871451
DM_RNA_469609.3.peg.430,0.0,-83.4135915858431
DM_RNA_469609.3.peg.431,3.233137959841944e-32,0.0
DM_RNA_469609.3.peg.432,0.0,-90.15348999160602
DM_RNA_469609.3.peg.434,0.0,-79.19330137996658
DM_RNA_469609.3.peg.438,0.0,-98.78043641257496
DM_RNA_469609.3.peg.441,0.0,-45.3658720178349
DM_RNA_469609.3.peg.442,0.0,-139.8056323786702
DM_RNA_469609.3.peg.443,0.0,-23.634358883394615
DM_RNA_469609.3.peg.444,0.0,-119.88322252045566
DM_RNA_469609.3.peg.445,0.0,-115.0357904993829
DM_RNA_469609.3.peg.447,0.0,-84.52430667377196
DM_RNA_469609.3.peg.455,0.0,0.0
DM_RNA_469609.3.peg.457,0.0,-39.610236594707885
DM_RNA_469609.3.peg.465,0.0,0.0
DM_RNA_469609.3.peg.466,0.0,-65.97914507679494
DM_RNA_469609.3.peg.467,0.0,-109.30526597753489
DM_RNA_469609.3.peg.469,0.0,-59.22019386410556
DM_RNA_469609.3.peg.492,0.0,0.0
DM_RNA_469609.3.peg.493,0.0,-62.28471160163462
DM_RNA_469609.3.peg.497,0.0,-57.62930360331217
DM_RNA_469609.3.peg.511,0.0,-115.99859836332863
DM_RNA_469609.3.peg.513,0.0,-180.93979295801353
DM_RNA_469609.3.peg.518,0.0,0.0
DM_RNA_469609.3.peg.519,0.0,-57.97412461719437
DM_RNA_469609.3.peg.523,0.0,0.0
DM_RNA_469609.3.peg.527,0.0,-35.93932048041946
DM_RNA_469609.3.peg.533,0.0,-137.11249922823941
DM_RNA_469609.3.peg.534,0.0,-38.57503532300073
DM_RNA_469609.3.peg.535,0.0,-81.53257677536926
DM_RNA_469609.3.peg.536,0.0,-99.69938375226803
DM_RNA_469609.3.peg.550,0.0,-96.91051147724997
DM_RNA_469609.3.peg.553,0.0,-221.5602505898425
DM_RNA_469609.3.peg.554,0.0,-26.753690297447708
DM_RNA_469609.3.peg.556,0.0,-4.1985006540496194e-32
DM_RNA_469609.3.peg.558,0.0,-68.16319040734771
DM_RNA_469609.3.peg.563,0.0,-83.82889201770874
DM_RNA_469609.3.peg.565,0.0,-75.80021164869522
DM_RNA_469609.3.peg.566,0.0,-165.9289249771569
DM_RNA_469609.3.peg.570,0.0,-75.63427962170132
DM_RNA_469609.3.peg.573,0.0,-84.84118575703171
DM_RNA_469609.3.peg.578,0.0,-72.9563183630919
DM_RNA_469609.3.peg.579,0.0,-119.00097348593852
DM_RNA_469609.3.peg.580,0.0,0.0
DM_RNA_469609.3.peg.581,0.0,-45.05676883746001
DM_RNA_469609.3.peg.583,0.0,-8.426229169987238e-32
DM_RNA_469609.3.peg.588,0.0,-92.5079819993972
DM_RNA_469609.3.peg.590,0.0,-39.69556073628136
DM_RNA_469609.3.peg.592,0.0,-49.93592088500432
DM_RNA_469609.3.peg.593,0.0,-23.45223369755169
DM_RNA_469609.3.peg.594,0.0,1.6932161299042252e-31
DM_RNA_469609.3.peg.595,0.0,-74.16868219717236
DM_RNA_469609.3.peg.596,0.0,-101.62652420939824
DM_RNA_469609.3.peg.604,0.0,-74.58412266645976
DM_RNA_469609.3.peg.610,0.0,-87.84076252632964
DM_RNA_469609.3.peg.611,0.0,-76.43967544302888
DM_RNA_469609.3.peg.614,0.0,-26.99158476174706
DM_RNA_469609.3.peg.618,0.0,-46.319716161020935
DM_RNA_469609.3.peg.620,0.0,0.0
DM_RNA_469609.3.peg.625,0.0,-41.86164531873534
DM_RNA_469609.3.peg.626,0.0,-29.076200985347498
DM_RNA_469609.3.peg.631,0.0,-113.92646053624772
DM_RNA_469609.3.peg.635,0.0,-47.63322084656352
DM_RNA_469609.3.peg.637,0.0,-66.91113367579102
DM_RNA_469609.3.peg.641,0.0,-87.52768015627734
DM_RNA_469609.3.peg.651,0.0,-67.61696562989283
DM_RNA_469609.3.peg.652,0.0,0.0
DM_RNA_469609.3.peg.657,0.0,-79.10796096034957
DM_RNA_469609.3.peg.658,0.0,-45.77236540897191
DM_RNA_469609.3.peg.659,0.0,-109.51425074479933
DM_RNA_469609.3.peg.660,0.0,-14.494956362910171
DM_RNA_469609.3.peg.661,0.0,-45.594705576093574
DM_RNA_469609.3.peg.662,0.0,-84.04405846837619
DM_RNA_469609.3.peg.665,0.0,-102.6044830206372
DM_RNA_469609.3.peg.669,0.0,-77.3733549361843
DM_RNA_469609.3.peg.670,0.0,-67.99063341157115
DM_RNA_469609.3.peg.671,0.0,-41.100930240510635
DM_RNA_469609.3.peg.680,0.0,-72.68294150159431
DM_RNA_469609.3.peg.681,0.0,-79.59495278082325
DM_RNA_469609.3.peg.682,0.0,-84.34172788072894
DM_RNA_469609.3.peg.683,0.0,-134.85176409701026
DM_RNA_469609.3.peg.684,0.0,-79.14875549131483
DM_RNA_469609.3.peg.696,0.0,-128.36246333990087
DM_RNA_469609.3.peg.698,0.0,-97.95862192757724
DM_RNA_469609.3.peg.699,0.0,-61.06327155869946
DM_RNA_469609.3.peg.702,0.0,-162.59541161563578
DM_RNA_469609.3.peg.703,0.0,-71.34928925522884
DM_RNA_469609.3.peg.706,0.0,3.462626105744234e-32
DM_RNA_469609.3.peg.707,0.0,-106.94453699159267
DM_RNA_469609.3.peg.708,0.0,-40.371320882140544
DM_RNA_469609.3.peg.709,0.0,-259.1910716408943
DM_RNA_469609.3.peg.710,0.0,-87.47069281888378
DM_RNA_469609.3.peg.711,0.0,-14.231118708179238
DM_RNA_469609.3.peg.714,0.0,-65.03397402522832
DM_RNA_469609.3.peg.715,0.0,-101.41827311977154
DM_RNA_469609.3.peg.716,0.0,-89.68215603788553
DM_RNA_469609.3.peg.717,0.0,-33.09774606188386
DM_RNA_469609.3.peg.718,0.0,-70.80095694995897
DM_RNA_469609.3.peg.727,0.0,-31.35309187664365
DM_RNA_469609.3.peg.728,0.0,-51.67609371941283
DM_RNA_469609.3.peg.729,0.0,-101.37836330916687
DM_RNA_469609.3.peg.731,0.0,-73.08840294372337
DM_RNA_469609.3.peg.732,0.0,-17.766600202846305
DM_RNA_469609.3.peg.754,0.0,-61.16938745635433
DM_RNA_469609.3.peg.755,0.0,-63.949080789700275
DM_RNA_469609.3.peg.756,0.0,-76.08279857397906
DM_RNA_469609.3.peg.757,0.0,-78.54265795331088
DM_RNA_469609.3.peg.758,0.0,-70.17711002944823
DM_RNA_469609.3.peg.760,0.0,-61.05846141966473
DM_RNA_469609.3.peg.763,0.0,-73.48872094174699
DM_RNA_469609.3.peg.764,0.0,-70.79033857023707
DM_RNA_469609.3.peg.778,0.0,0.0
DM_RNA_469609.3.peg.779,0.0,-28.91362891668645
DM_RNA_469609.3.peg.780,0.0,-16.0265609651263
DM_RNA_469609.3.peg.781,0.0,-40.68089860209866
DM_RNA_469609.3.peg.782,0.0,-54.7992937156197
DM_RNA_469609.3.peg.793,0.0,-67.2814255735137
DM_RNA_469609.3.peg.801,0.0,-81.26887942844816
DM_RNA_469609.3.peg.802,0.0,0.0
DM_RNA_469609.3.peg.804,0.0,0.0
DM_RNA_469609.3.peg.805,0.0,3.1212689240213205e-32
DM_RNA_469609.3.peg.813,0.0,0.0
DM_RNA_469609.3.peg.814,0.0,-41.430410964658776
DM_RNA_469609.3.peg.820,0.0,-74.74633124965965
DM_RNA_469609.3.peg.821,0.0,2.2986198463941172e-32
DM_RNA_469609.3.peg.828,0.0,-97.50709012580073
DM_RNA_469609.3.peg.834,0.0,-37.530428899958864
DM_RNA_469609.3.peg.850,0.0,-71.89001637829045
DM_RNA_469609.3.peg.863,0.0,-51.122842548155965
DM_RNA_469609.3.peg.876,0.0,0.0
DM_RNA_469609.3.peg.877,0.0,-55.953244725130574
DM_RNA_469609.3.peg.880,0.0,-83.10822151036211
DM_RNA_469609.3.peg.881,0.0,-120.45662169913385
DM_RNA_469609.3.peg.882,0.0,-4.2841101591707736e-32
DM_RNA_469609.3.peg.893,0.0,-124.56928629839769
DM_RNA_469609.3.peg.894,0.0,-58.69948830949651
DM_RNA_469609.3.peg.898,0.0,-47.74462025925144
DM_RNA_469609.3.peg.899,0.0,-113.0821175091181
DM_RNA_469609.3.peg.901,0.0,-84.31610809738595
DM_RNA_469609.3.peg.902,0.0,-128.1094790546025
DM_RNA_469609.3.peg.905,0.0,-76.76410522050715
DM_RNA_469609.3.peg.907,0.0,-133.66933704051098
DM_RNA_469609.3.peg.918,0.0,-107.69244410800904
DM_RNA_469609.3.peg.935,0.0,-195.77043454338474
DM_RNA_469609.3.peg.937,0.0,-84.02257884451552
DM_RNA_469609.3.peg.943,0.0,-58.161815814261374
DM_RNA_469609.3.peg.948,0.0,-22.52857313371682
DM_RNA_469609.3.peg.961,0.0,0.0
DM_RNA_469609.3.peg.978,0.0,-65.47440924073466
DM_RNA_469609.3.peg.984,0.0,-23.46165093133379
DM_RNA_469609.3.peg.986,0.0,-24.319182438674652
DM_RNA_469609.3.peg.989,0.0,-4.270713505680981e-32
DM_RNA_469609.3.peg.990,0.0,-2.2304884557357469e-32
DM_RNA_469609.3.peg.992,0.0,-84.02852828620935
DM_RNA_469609.3.peg.993,0.0,-66.52808828769886
DM_RNA_469609.3.peg.994,0.0,-69.33264804772361
DM_RNA_469609.3.peg.995,0.0,-93.16153339951398
DM_RNA_469609.3.peg.997,0.0,-3.238477361005171e-32
DM_RNA_469609.3.peg.999,0.0,-70.19678913900044
DM_RNA_469609.3.peg.1000,0.0,-103.74093332998264
DM_RNA_469609.3.peg.1013,0.0,-118.17978815162833
DM_RNA_469609.3.peg.1014,0.0,-122.26099020043176
DM_RNA_469609.3.peg.1017,0.0,-275.4417951802366
DM_RNA_469609.3.peg.1018,0.0,-56.01672996952926
DM_RNA_469609.3.peg.1021,0.0,-109.259191774712
DM_RNA_469609.3.peg.1022,0.0,-56.021916299281315
DM_RNA_469609.3.peg.1023,0.0,-1.4535684458345388e-32
DM_RNA_469609.3.peg.1025,0.0,-157.9462749379451
DM_RNA_469609.3.peg.1031,0.0,-90.97231810702449
DM_RNA_469609.3.peg.1032,0.0,0.0
DM_RNA_469609.3.peg.1033,0.0,3.358560159078877e-32
DM_RNA_469609.3.peg.1037,0.0,-101.84482476115667
DM_RNA_469609.3.peg.1039,0.0,-61.61546430102884
DM_RNA_469609.3.peg.1040,0.0,-96.18937537443355
DM_RNA_469609.3.peg.1041,0.0,-229.3256642862361
DM_RNA_469609.3.peg.1044,0.0,0.0
DM_RNA_469609.3.peg.1048,0.0,-120.26947026014692
DM_RNA_469609.3.peg.1052,0.0,-109.7706643462576
DM_RNA_469609.3.peg.1055,0.0,-48.528548174599955
DM_RNA_469609.3.peg.1086,0.0,-11.2392474325595
DM_RNA_469609.3.peg.1088,0.0,-48.21121119436627
DM_RNA_469609.3.peg.1091,0.0,-70.96353179238824
DM_RNA_469609.3.peg.1092,0.0,-33.50784721028659
DM_RNA_469609.3.peg.1094,0.0,-44.69216213803274
DM_RNA_469609.3.peg.1095,0.0,-90.80256440290924
DM_RNA_469609.3.peg.1099,0.0,0.0
DM_RNA_469609.3.peg.1101,0.0,0.0
DM_RNA_469609.3.peg.1107,0.0,-70.26304213108307
DM_RNA_469609.3.peg.1112,0.0,-68.22439076054445
DM_RNA_469609.3.peg.1121,0.0,-227.82805807452164
DM_RNA_469609.3.peg.1130,0.0,3.8750540211717894e-32
DM_RNA_469609.3.peg.1131,0.0,-110.18139052199601
DM_RNA_469609.3.peg.1134,0.0,-59.01875313620426
DM_RNA_469609.3.peg.1137,0.0,0.0
DM_RNA_469609.3.peg.1139,0.0,-63.49188499239953
DM_RNA_469609.3.peg.1140,0.0,-89.96387242912596
DM_RNA_469609.3.peg.1141,0.0,-47.653239465037494
DM_RNA_469609.3.peg.1142,0.0,-61.63609516933801
DM_RNA_469609.3.peg.1143,0.0,-80.7562489368851
DM_RNA_469609.3.peg.1144,0.0,-45.78177271126605
DM_RNA_469609.3.peg.1145,0.0,-109.15270030914859
DM_RNA_469609.3.peg.1146,0.0,-23.091729853002388
DM_RNA_469609.3.peg.1147,0.0,-95.2762960740716
DM_RNA_469609.3.peg.1149,0.0,-88.43937425755205
DM_RNA_469609.3.peg.1152,0.0,-39.39188970005398
DM_RNA_469609.3.peg.1153,0.0,-42.89645707166021
DM_RNA_469609.3.peg.1163,0.0,-213.75537967249718
DM_RNA_469609.3.peg.1165,0.0,-45.508037735633366
DM_RNA_469609.3.peg.1171,0.0,-121.94805537353582
DM_RNA_469609.3.peg.1172,-4.771930067874627e-31,0.0
DM_RNA_469609.3.peg.1173,0.0,-60.219285902951746
DM_RNA_469609.3.peg.1174,0.0,-110.15166672019016
DM_RNA_469609.3.peg.1182,0.0,-135.02787351974942
DM_RNA_469609.3.peg.1184,0.0,-54.80497103920889
DM_RNA_469609.3.peg.1185,0.0,-44.1490357551028
DM_RNA_469609.3.peg.1187,0.0,-139.00402109392502
DM_RNA_469609.3.peg.1191,0.0,-80.26855841180236
DM_RNA_469609.3.peg.1193,0.0,-66.56054575735679
DM_RNA_469609.3.peg.1194,0.0,-51.76746324234355
DM_RNA_469609.3.peg.1195,0.0,0.0
DM_RNA_469609.3.peg.1196,0.0,-77.88063793983503
DM_RNA_469609.3.peg.1197,0.0,4.1259205777613027e-32
DM_RNA_469609.3.peg.1203,0.0,-197.73417854175736
DM_RNA_469609.3.peg.1204,0.0,-81.30303279461987
DM_RNA_469609.3.peg.1206,0.0,-96.76763060058852
DM_RNA_469609.3.peg.1208,0.0,-84.09755895746385
DM_RNA_469609.3.peg.1209,0.0,0.0
DM_RNA_469609.3.peg.1211,0.0,-44.4936157851395
DM_RNA_469609.3.peg.1213,0.0,-7.173097877973904e-32
DM_RNA_469609.3.peg.1214,0.0,-171.99226869137172
DM_RNA_469609.3.peg.1215,0.0,-103.51715500816769
DM_RNA_469609.3.peg.1220,-3.1983748167286136e-64,-2.3420276223814177e-32
DM_RNA_469609.3.peg.1221,5.764332060475357e-64,0.0
DM_RNA_469609.3.peg.1222,0.0,-3.617186854887903e-32
DM_RNA_469609.3.peg.1223,4.227962317197263e-31,3.0427649544403866e-32
DM_RNA_469609.3.peg.1228,0.0,-59.02333169425034
DM_RNA_469609.3.peg.1230,0.0,-68.37364428464767
DM_RNA_469609.3.peg.1231,0.0,-65.02903762343519
DM_RNA_469609.3.peg.1232,0.0,-99.66742470455503
DM_RNA_469609.3.peg.1233,0.0,-53.73982780694988
DM_RNA_469609.3.peg.1239,0.0,-87.60901348446943
DM_RNA_469609.3.peg.1240,0.0,-141.35864777995693
DM_RNA_469609.3.peg.1242,0.0,-13.719138041443795
DM_RNA_469609.3.peg.1248,0.0,-106.82924841678857
DM_RNA_469609.3.peg.1249,0.0,-78.24052515059759
DM_RNA_469609.3.peg.1254,0.0,-110.20143445680465
DM_RNA_469609.3.peg.1258,0.0,-95.61076893362016
DM_RNA_469609.3.peg.1263,0.0,-116.08141686180217
DM_RNA_469609.3.peg.1264,0.0,-72.89819822444434
DM_RNA_469609.3.peg.1265,0.0,-74.19203051155604
DM_RNA_469609.3.peg.1266,0.0,-102.19631421877112
DM_RNA_469609.3.peg.1272,0.0,-87.98344214509741
DM_RNA_469609.3.peg.1277,0.0,-58.927728046922944
DM_RNA_469609.3.peg.1281,0.0,2.4022796561724263e-32
DM_RNA_469609.3.peg.1282,0.0,-115.82323729823243
DM_RNA_469609.3.peg.1285,0.0,-21.72209723409217
DM_RNA_469609.3.peg.1291,0.0,0.0
DM_RNA_469609.3.peg.1296,0.0,-107.38539771205124
DM_RNA_469609.3.peg.1298,0.0,0.0
DM_RNA_469609.3.peg.1301,0.0,-119.01798399569185
DM_RNA_469609.3.peg.1302,0.0,-82.19107299276149
DM_RNA_469609.3.peg.1303,0.0,-251.3815727614962
DM_RNA_469609.3.peg.1326,8.156050497341666e-31,0.0
DM_RNA_469609.3.peg.1327,0.0,-38.71733768164397
DM_RNA_469609.3.peg.1328,0.0,-103.1325032103469
DM_RNA_469609.3.peg.1329,0.0,-74.11209064308399
DM_RNA_469609.3.peg.1331,0.0,-89.22581471988306
DM_RNA_469609.3.peg.1332,0.0,-93.41023927430196
DM_RNA_469609.3.peg.1333,0.0,-86.54267679262148
DM_RNA_469609.3.peg.1334,0.0,-69.44619401855272
DM_RNA_469609.3.peg.1335,0.0,-54.24675475324724
DM_RNA_469609.3.peg.1336,0.0,-94.2465899320167
DM_RNA_469609.3.peg.1346,0.0,-28.750933629423276
DM_RNA_469609.3.peg.1349,0.0,-19.983132527132838
DM_RNA_469609.3.peg.1353,0.0,-155.15836114495033
DM_RNA_469609.3.peg.1360,0.0,-68.14847892802544
DM_RNA_469609.3.peg.1362,0.0,-43.97161950362782
DM_RNA_469609.3.peg.1363,0.0,-97.52327362354985
DM_RNA_469609.3.peg.1364,0.0,0.0
DM_RNA_469609.3.peg.1365,0.0,1.2925433562500529e-32
DM_RNA_469609.3.peg.1366,0.0,-27.468311756472037
DM_RNA_469609.3.peg.1368,0.0,-57.68033720923804
DM_RNA_469609.3.peg.1369,0.0,-52.56668250697283
DM_RNA_469609.3.peg.1370,0.0,-2.3195885844916167e-32
DM_RNA_469609.3.peg.1371,0.0,-103.95910707820659
DM_RNA_469609.3.peg.1372,0.0,0.0
DM_RNA_469609.3.peg.1373,0.0,0.0
DM_RNA_469609.3.peg.1374,0.0,-87.72849601111994
DM_RNA_469609.3.peg.1385,0.0,-81.7804985723265
DM_RNA_469609.3.peg.1389,0.0,-105.48037909929116
DM_RNA_469609.3.peg.1392,0.0,4.1397087516247444e-32
DM_RNA_469609.3.peg.1393,0.0,-51.12293400969016
DM_RNA_469609.3.peg.1396,0.0,-153.99259364178903
DM_RNA_469609.3.peg.1402,0.0,0.0
DM_RNA_469609.3.peg.1405,0.0,-78.50955638697802
DM_RNA_469609.3.peg.1410,0.0,0.0
DM_RNA_469609.3.peg.1411,0.0,3.9939331061351376e-32
DM_RNA_469609.3.peg.1415,0.0,-43.45987194603167
DM_RNA_469609.3.peg.1416,0.0,-58.62334131105647
DM_RNA_469609.3.peg.1419,0.0,-54.2472284816663
DM_RNA_469609.3.peg.1420,0.0,-34.02597436886839
DM_RNA_469609.3.peg.1429,0.0,-56.599425043958796
DM_RNA_469609.3.peg.1431,0.0,0.0
DM_RNA_469609.3.peg.1432,0.0,-110.79075826115961
DM_RNA_469609.3.peg.1436,0.0,-57.010258418498836
DM_RNA_469609.3.peg.1448,0.0,-551.9373521894626
DM_RNA_469609.3.peg.1452,0.0,-28.208531984423544
DM_RNA_469609.3.peg.1471,0.0,0.0
DM_RNA_469609.3.peg.1472,0.0,0.0
DM_RNA_469609.3.peg.1473,0.0,0.0
DM_RNA_469609.3.peg.1475,0.0,-78.13455600148582
DM_RNA_469609.3.peg.1476,0.0,-3.3093598602370436e-32
DM_RNA_469609.3.peg.1477,0.0,-40.9743124168955
DM_RNA_469609.3.peg.1478,0.0,-33.214898626393804
DM_RNA_469609.3.peg.1482,0.0,-77.68811701114542
DM_RNA_469609.3.peg.1483,0.0,0.0
DM_RNA_469609.3.peg.1484,0.0,-41.24804873232345
DM_RNA_469609.3.peg.1485,0.0,-33.10338010866723
DM_RNA_469609.3.peg.1488,0.0,-162.18130096424903
DM_RNA_469609.3.peg.1495,0.0,-68.41703553064497
DM_RNA_469609.3.peg.1497,0.0,0.0
DM_RNA_469609.3.peg.1498,0.0,-50.742404388947136
DM_RNA_469609.3.peg.1500,0.0,-32.84955967889585
DM_RNA_469609.3.peg.1501,0.0,-113.99047285483115
DM_RNA_469609.3.peg.1502,0.0,-69.85775203684528
DM_RNA_469609.3.peg.1503,0.0,-123.99586985430143
DM_RNA_469609.3.peg.1504,0.0,-41.588520359945754
DM_RNA_469609.3.peg.1505,0.0,-37.71400543008858
DM_RNA_469609.3.peg.1506,0.0,-60.74685857377388
DM_RNA_469609.3.peg.1507,0.0,-17.096155247055414
DM_RNA_469609.3.peg.1508,0.0,-43.4778677657427
DM_RNA_469609.3.peg.1509,0.0,-194.10744017631995
DM_RNA_469609.3.peg.1510,0.0,-119.13157112203984
DM_RNA_469609.3.peg.1511,0.0,-91.2953814712451
DM_RNA_469609.3.peg.1512,0.0,-92.12175975225097
DM_RNA_469609.3.peg.1514,0.0,-138.3760373284763
DM_RNA_469609.3.peg.1515,0.0,-20.84984010819992
DM_RNA_469609.3.peg.1517,0.0,-176.3407487638212
DM_RNA_469609.3.peg.1518,0.0,-77.74847280438684
DM_RNA_469609.3.peg.1524,0.0,-44.66571265095002
DM_RNA_469609.3.peg.1525,0.0,-50.20917460993246
DM_RNA_469609.3.peg.1526,0.0,-58.94316176079526
DM_RNA_469609.3.peg.1527,0.0,-96.29567956648287
DM_RNA_469609.3.peg.1528,0.0,-83.88972923786505
DM_RNA_469609.3.peg.1529,0.0,-209.0195964634402
DM_RNA_469609.3.peg.1537,0.0,-55.93598276367354
DM_RNA_469609.3.peg.1541,0.0,-128.34052787584798
DM_RNA_469609.3.peg.1542,0.0,-75.1627236539144
DM_RNA_469609.3.peg.1543,0.0,-81.60331471300432
DM_RNA_469609.3.peg.1544,0.0,-97.5239021514286
DM_RNA_469609.3.peg.1550,0.0,0.0
DM_RNA_469609.3.peg.1551,0.0,-83.05901124384418
DM_RNA_469609.3.peg.1555,0.0,2.831493238331625e-32
DM_RNA_469609.3.peg.1562,0.0,-96.09303573003773
DM_RNA_469609.3.peg.1563,0.0,-91.93322185641422
DM_RNA_469609.3.peg.1564,0.0,-215.4085173499539
DM_RNA_469609.3.peg.1568,0.0,-124.35225724551975
DM_RNA_469609.3.peg.1573,0.0,-107.3001075605378
DM_RNA_469609.3.peg.1578,0.0,-57.826890240709545
DM_RNA_469609.3.peg.1579,0.0,-61.60557190485473
DM_RNA_469609.3.peg.1580,0.0,-80.9063191474966
DM_RNA_469609.3.peg.1581,0.0,-74.53104524735512
DM_RNA_469609.3.peg.1582,0.0,-91.79323740380343
DM_RNA_469609.3.peg.1585,0.0,-52.22814731751727
DM_RNA_469609.3.peg.1587,0.0,-4.204361250023888e-32
DM_RNA_469609.3.peg.1588,0.0,-90.44701404936076
DM_RNA_469609.3.peg.1594,0.0,-76.8299913305516
DM_RNA_469609.3.peg.1595,0.0,-64.91750917422065
DM_RNA_469609.3.peg.1598,0.0,-132.09102656925927
DM_RNA_469609.3.peg.1599,0.0,-166.26740959461497
DM_RNA_469609.3.peg.1611,0.0,-48.16405807683118
DM_RNA_469609.3.peg.1612,0.0,-40.517725378675266
DM_RNA_469609.3.peg.1613,0.0,-109.2992754365881
DM_RNA_469609.3.peg.1614,0.0,-125.18464973571201
DM_RNA_469609.3.peg.1616,0.0,-56.808702887477736
DM_RNA_469609.3.peg.1617,0.0,2.2325353809490823e-32
DM_RNA_469609.3.peg.1618,0.0,-55.621458087625555
DM_RNA_469609.3.peg.1623,0.0,-64.28834599423442
DM_RNA_469609.3.peg.1625,0.0,-102.70031011600398
DM_RNA_469609.3.peg.1626,0.0,-79.41742592182463
DM_RNA_469609.3.peg.1627,0.0,-69.1245580220795
DM_RNA_469609.3.peg.1628,0.0,-75.05991776540368
DM_RNA_469609.3.peg.1632,0.0,-102.89908876687235
DM_RNA_469609.3.peg.1633,0.0,-88.45361765016938
DM_RNA_469609.3.peg.1636,0.0,-61.52976468572451
DM_RNA_469609.3.peg.1637,0.0,-69.31971006201414
DM_RNA_469609.3.peg.1638,0.0,-112.46359400580262
DM_RNA_469609.3.peg.1639,0.0,-33.64566685636948
DM_RNA_469609.3.peg.1640,0.0,-37.784729769270626
DM_RNA_469609.3.peg.1641,0.0,-100.32725316119539
DM_RNA_469609.3.peg.1642,0.0,-58.59836508801819
DM_RNA_469609.3.peg.1643,0.0,-74.00587917033144
DM_RNA_469609.3.peg.1646,0.0,-79.09240447447355
DM_RNA_469609.3.peg.1649,0.0,-107.51011586573374
DM_RNA_469609.3.peg.1650,0.0,-73.35716394257052
DM_RNA_469609.3.peg.1651,0.0,-85.77219843678195
DM_RNA_469609.3.peg.1652,0.0,-79.52645113273583
DM_RNA_469609.3.peg.1654,0.0,-156.71136455796736
DM_RNA_469609.3.peg.1655,0.0,-156.7211489441757
DM_RNA_469609.3.peg.1656,0.0,-155.43263167092192
DM_RNA_469609.3.peg.1657,0.0,-153.9576293533013
DM_RNA_469609.3.peg.1665,0.0,-100.46632808438119
DM_RNA_469609.3.peg.1667,0.0,-71.42282151464507
DM_RNA_469609.3.peg.1679,0.0,-14.971697943462686
DM_RNA_469609.3.peg.1693,0.0,-113.15314857927362
DM_RNA_469609.3.peg.1725,0.0,-69.75636868553201
DM_RNA_469609.3.peg.1727,0.0,-129.96655620798964
DM_RNA_469609.3.peg.1728,0.0,-75.76582990975648
DM_RNA_469609.3.peg.1734,0.0,-73.68568047309358
DM_RNA_469609.3.peg.1736,0.0,-146.6672158610752
DM_RNA_469609.3.peg.1778,0.0,-113.7818106577244
DM_RNA_469609.3.peg.1782,0.0,-113.10558143004663
DM_RNA_469609.3.peg.1783,0.0,-78.4724266647477
DM_RNA_469609.3.peg.1784,0.0,-79.26827219638075
DM_RNA_469609.3.peg.1786,0.0,0.0
DM_RNA_469609.3.peg.1793,0.0,0.0
DM_RNA_469609.3.peg.1797,0.0,-29.131608835124506
DM_RNA_469609.3.peg.1807,0.0,-83.84974284330262
DM_RNA_469609.3.peg.1813,0.0,-200.93972671381158
DM_RNA_469609.3.peg.1820,0.0,-57.736007868440524
DM_RNA_469609.3.peg.1821,0.0,-73.0495271345025
DM_RNA_469609.3.peg.1822,0.0,-72.25750697272258
DM_RNA_469609.3.peg.1824,0.0,-102.79721719549018
DM_RNA_469609.3.peg.1825,0.0,-163.90092857395808
DM_RNA_469609.3.peg.1826,0.0,-72.83404902039481
DM_RNA_469609.3.peg.1827,0.0,-49.94098595875831
DM_RNA_469609.3.peg.1828,0.0,-82.16595815412937
DM_RNA_469609.3.peg.1831,0.0,-125.75630066870112
DM_RNA_469609.3.peg.1833,0.0,3.781589194081356e-32
DM_RNA_469609.3.peg.1842,0.0,-175.4710794625798
DM_RNA_469609.3.peg.1843,0.0,-59.68348990453488
DM_RNA_469609.3.peg.1844,0.0,-76.34921420390556
DM_RNA_469609.3.peg.1867,0.0,0.0
DM_RNA_469609.3.peg.1873,0.0,-148.45817720400058
DM_RNA_469609.3.peg.1875,0.0,-69.76339239533758
DM_RNA_469609.3.peg.1879,0.0,-166.0994310627068
DM_RNA_469609.3.peg.1880,0.0,-118.49887885667658
DM_RNA_469609.3.peg.1883,0.0,-32.78862160649348
DM_RNA_469609.3.peg.1888,0.0,-86.19773882466005
DM_RNA_469609.3.peg.1891,0.0,-77.82898546713031
DM_RNA_469609.3.peg.1901,0.0,-18.917535863884105
DM_RNA_469609.3.peg.1902,0.0,0.0
DM_RNA_469609.3.peg.1903,0.0,-23.370293396672764
DM_RNA_469609.3.peg.1932,0.0,-30.44559584077884
DM_RNA_469609.3.peg.1933,0.0,-74.42227873230593
DM_RNA_469609.3.peg.1934,0.0,-32.07266960043702
DM_RNA_469609.3.peg.1935,0.0,-29.28898580613043
DM_RNA_469609.3.peg.1936,0.0,-9.1798493090397
DM_RNA_469609.3.peg.1937,0.0,-17.279360687405802
DM_RNA_469609.3.peg.1938,0.0,-50.189881081809425
DM_RNA_469609.3.peg.1940,0.0,-35.35975619253658
DM_RNA_469609.3.peg.1941,0.0,-14.52537394459746
DM_RNA_469609.3.peg.1942,0.0,-40.30433385559356
DM_RNA_469609.3.peg.1943,0.0,-28.624561620203604
DM_RNA_469609.3.peg.1944,0.0,-42.323542175697824
DM_RNA_469609.3.peg.1945,0.0,-31.520738057349803
DM_RNA_469609.3.peg.1946,0.0,-15.01720096219747
DM_RNA_469609.3.peg.1947,0.0,-43.91042890570867
DM_RNA_469609.3.peg.1948,0.0,-23.264439415246528
DM_RNA_469609.3.peg.1949,0.0,-30.039337709740554
DM_RNA_469609.3.peg.1950,0.0,-20.368154251148063
DM_RNA_469609.3.peg.1951,0.0,-15.540166538272233
DM_RNA_469609.3.peg.1952,0.0,-32.49967198107633
DM_RNA_469609.3.peg.1953,0.0,-51.74163145845477
DM_RNA_469609.3.peg.1954,0.0,-27.519015420398365
DM_RNA_469609.3.peg.1955,0.0,-21.539965607515978
DM_RNA_469609.3.peg.1956,0.0,-67.70143663196328
DM_RNA_469609.3.peg.1957,0.0,-23.162699289593423
DM_RNA_469609.3.peg.1958,0.0,-50.630288289245584
DM_RNA_469609.3.peg.1959,0.0,-49.778789634216174
DM_RNA_469609.3.peg.1960,0.0,-24.293594588609956
DM_RNA_469609.3.peg.1961,0.0,-52.629354419853
DM_RNA_469609.3.peg.1962,0.0,-104.47112791749227
DM_RNA_469609.3.peg.1963,0.0,-185.45888597601558
DM_RNA_469609.3.peg.1965,0.0,0.0
DM_RNA_469609.3.peg.1968,0.0,-68.1670800160623
DM_RNA_469609.3.peg.1969,0.0,-86.12665377378505
DM_RNA_469609.3.peg.1973,0.0,-81.82742278846345
DM_RNA_469609.3.peg.1974,0.0,-61.53531646354178
DM_RNA_469609.3.peg.1975,0.0,-100.90437264973951
DM_RNA_469609.3.peg.1978,0.0,-42.17653652440075
DM_RNA_469609.3.peg.1980,0.0,-11.208951012692596
DM_RNA_469609.3.peg.1986,0.0,-176.9211076017989
DM_RNA_469609.3.peg.1991,0.0,3.883375537918597e-32
DM_RNA_469609.3.peg.2009,0.0,-178.4006114134036
DM_RNA_469609.3.peg.2012,0.0,-122.16593740185141
DM_RNA_469609.3.peg.2014,0.0,-99.57724103689509
DM_RNA_469609.3.peg.2034,0.0,-135.06915493098833
DM_RNA_469609.3.peg.2036,0.0,-141.40820981405437
DM_RNA_469609.3.peg.2038,0.0,-104.7545067011354
DM_RNA_469609.3.peg.2040,0.0,-139.42930181071162
DM_RNA_469609.3.peg.2041,0.0,-14.307398139722881
DM_RNA_469609.3.peg.2042,0.0,-11.736022840222327
DM_RNA_469609.3.peg.2052,0.0,-105.56107647149672
DM_RNA_469609.3.peg.2058,0.0,-89.0984814670169
DM_RNA_469609.3.peg.2059,0.0,-40.106385613306394
DM_RNA_469609.3.peg.2061,0.0,-101.71215565622713
DM_RNA_469609.3.peg.2065,0.0,-50.26483328086525
DM_RNA_469609.3.peg.2073,0.0,-78.99066756918708
DM_RNA_469609.3.peg.2077,0.0,2.1755210687453992e-32
DM_RNA_469609.3.peg.2080,0.0,-129.5512613236604
DM_RNA_469609.3.peg.2081,0.0,-21.41829832492309
DM_RNA_469609.3.peg.2107,0.0,0.0
DM_RNA_469609.3.peg.2108,0.0,-106.92628685997117
DM_RNA_469609.3.peg.2109,0.0,-77.93626289109584
DM_RNA_469609.3.peg.2111,0.0,-96.15366015062908
DM_RNA_469609.3.peg.2121,0.0,-296.4072496814871
DM_RNA_469609.3.peg.2122,0.0,-288.98303294768806
DM_RNA_469609.3.peg.2123,0.0,-201.33674702202063
DM_RNA_469609.3.peg.2124,0.0,-99.9530923167532
DM_RNA_469609.3.peg.2127,0.0,-69.90762984020729
DM_RNA_469609.3.peg.2131,0.0,-183.5929318391757
DM_RNA_469609.3.peg.2134,0.0,-70.15891116104395
DM_RNA_469609.3.peg.2135,0.0,-56.80798567183301
DM_RNA_HMPREF0847_RS00025,0.0,-9.291343213024406
DM_RNA_HMPREF0847_RS00030,0.0,-6.2126919389051585
DM_RNA_HMPREF0847_RS01555,0.0,-6.009846969160189
DM_RNA_HMPREF0847_RS02090,0.0,-6.95841515001482
DM_RNA_HMPREF0847_RS02260,0.0,-6.664123730015963
DM_RNA_HMPREF0847_RS02265,0.0,-5.923669323517956
DM_RNA_HMPREF0847_RS02275,0.0,-6.025054731612964
DM_RNA_HMPREF0847_RS04820,0.0,-5.959193087267505
DM_RNA_HMPREF0847_RS05250,0.0,-6.187345072685972
DM_RNA_HMPREF0847_RS05255,0.0,-6.055548077038523
DM_RNA_HMPREF0847_RS05260,0.0,-5.98960789518658
DM_RNA_HMPREF0847_RS05265,0.0,-6.146673666145155
DM_RNA_HMPREF0847_RS05270,0.0,-6.1062353687436275
DM_RNA_HMPREF0847_RS05275,0.0,-5.949014579553825
DM_RNA_HMPREF0847_RS05280,0.0,-7.222090182196361
DM_RNA_HMPREF0847_RS05285,0.0,-6.035269152519224
DM_RNA_HMPREF0847_RS05290,0.0,-6.202511821008161
DM_RNA_HMPREF0847_RS05295,0.0,-6.679330328883842
DM_RNA_HMPREF0847_RS05300,0.0,-5.812110955245694
DM_RNA_HMPREF0847_RS05305,0.0,-6.192373163840171
DM_RNA_HMPREF0847_RS05310,0.0,-5.923669323517956
DM_RNA_HMPREF0847_RS05315,0.0,-6.861936671253624
DM_RNA_HMPREF0847_RS06035,0.0,-6.101129186681367
DM_RNA_HMPREF0847_RS06670,0.0,-7.069853966650013
DM_RNA_HMPREF0847_RS06700,0.0,-6.004816104237777
DM_RNA_HMPREF0847_RS07065,0.0,-123.97759300053981
DM_RNA_HMPREF0847_RS07070,0.0,-6.136610326117013
DM_RNA_HMPREF0847_RS07075,0.0,-225.916086935173
DM_RNA_HMPREF0847_RS07080,0.0,-9.291343213024406
DM_RNA_HMPREF0847_RS07085,0.0,-5.98960789518658
DM_RNA_HMPREF0847_RS07090,0.0,-6.263339826662995
DM_RNA_HMPREF0847_RS07095,0.0,-6.055509390077729
DM_RNA_HMPREF0847_RS07100,0.0,-6.724992749801382
DM_RNA_HMPREF0847_RS07105,0.0,-6.055507779894412
DM_RNA_HMPREF0847_RS07110,0.0,-5.9997050916255645
DM_RNA_HMPREF0847_RS07115,0.0,-6.932987419119358
DM_RNA_HMPREF0847_RS07120,0.0,-6.055548077038523
DM_RNA_HMPREF0847_RS07125,0.0,-6.187345072685972
DM_RNA_HMPREF0847_RS07130,0.0,-6.354623654367489
DM_RNA_HMPREF0847_RS07135,0.0,-6.207622833620374
DM_RNA_HMPREF0847_RS07140,0.0,-7.222090182196361
DM_RNA_HMPREF0847_RS07145,0.0,-6.035269152519224
DM_RNA_HMPREF0847_RS07150,0.0,-6.202511821008161
DM_RNA_HMPREF0847_RS07155,0.0,-6.146673666145155
DM_RNA_HMPREF0847_RS07160,0.0,-6.1062353687436275
DM_RNA_HMPREF0847_RS07165,0.0,-7.0800739350927
DM_RNA_HMPREF0847_RS07670,0.0,-5.857730751849331
DM_RNA_HMPREF0847_RS07890,0.0,-6.081014529404812
DM_RNA_HMPREF0847_RS09885,0.0,-6.836552728256962
DM_RNA_HMPREF0847_RS10845,0.0,-6.131585455329448
DM_RNA_HMPREF0847_RS10865,0.0,-5.949014579553825
DM_RNA_HMPREF0847_RS10870,0.0,-6.2126919389051585
DM_RNA_HMPREF0847_RS10925,0.0,-5.949014579553825
DM_RNA_HMPREF0847_RS10930,0.0,-6.2126919389051585
formation_469609.3.peg.1000-MONOMER,9.546661135887986e-42,0.0
formation_469609.3.peg.1013-MONOMER,0.0,0.0
formation_469609.3.peg.1014-MONOMER,1.7850462375828995e-11,0.0
formation_469609.3.peg.1023-MONOMER,0.0,0.0
formation_469609.3.peg.1025-MONOMER,1.5588063768063484e-09,0.0
formation_469609.3.peg.1037-MONOMER,0.0,-3.1998433799394506e-34
formation_469609.3.peg.1039-MONOMER,3.7537684915676e-29,-6.228299040894514e-34
formation_469609.3.peg.1040-MONOMER,2.4972881274194114e-08,4.58621484242453e-34
formation_469609.3.peg.1044-MONOMER,0.0,0.0
formation_469609.3.peg.1048-MONOMER,1.7025504804427674e-09,0.0
formation_469609.3.peg.1055-MONOMER,0.0,0.0
formation_469609.3.peg.1086-MONOMER,1.1879992856204378e-06,5.272884646355728e-35
formation_469609.3.peg.1088-MONOMER,3.786053776024691e-11,0.0
formation_469609.3.peg.1091-MONOMER,1.521064031984414e-13,-2.6609694289605186e-34
formation_469609.3.peg.1092-MONOMER,0.0,0.0
formation_469609.3.peg.1094-MONOMER,1.1879992856204378e-06,6.457236740424202e-35
formation_469609.3.peg.1095-MONOMER,1.069181764753248e-07,-4.515748044792415e-34
formation_469609.3.peg.1112-MONOMER,4.991358320042847e-08,0.0
formation_469609.3.peg.1121-MONOMER,1.4932513927805595e-09,0.0
formation_469609.3.peg.1130-MONOMER,0.0,0.0
formation_469609.3.peg.1137-MONOMER,0.0,0.0
formation_469609.3.peg.1141-MONOMER,1.358059919727831e-10,0.0
formation_469609.3.peg.1142-MONOMER,1.092388403850045e-10,0.0
formation_469609.3.peg.1143-MONOMER,9.282107761519015e-11,3.8212495832541136e-34
formation_469609.3.peg.1144-MONOMER,0.0,0.0
formation_469609.3.peg.1146-MONOMER,0.0,-2.737566478328229e-36
formation_469609.3.peg.1153-MONOMER,1.521064031984414e-13,-5.110125129348879e-35
formation_469609.3.peg.116-MONOMER,0.0,0.0
formation_469609.3.peg.1163-MONOMER,1.9558035106479268e-09,0.0
formation_469609.3.peg.1165-MONOMER,1.1879992856204378e-06,7.015810062479582e-35
formation_469609.3.peg.117-MONOMER,0.0,0.0
formation_469609.3.peg.1173-MONOMER,2.3643565667487224e-29,-1.1281665840680228e-33
formation_469609.3.peg.1182-MONOMER,0.0,0.0
formation_469609.3.peg.1184-MONOMER,3.4413538659658904e-11,-6.829147265875358e-35
formation_469609.3.peg.1191-MONOMER,8.370880830734752e-08,0.0
formation_469609.3.peg.1194-MONOMER,0.0,2.1484325988831913e-35
formation_469609.3.peg.1195-MONOMER,0.0,3.917287046816578e-34
formation_469609.3.peg.1196-MONOMER,0.0,4.045449159889203e-34
formation_469609.3.peg.1204-MONOMER,-4.550405478903071e-30,-4.2555063232714655e-34
formation_469609.3.peg.1206-MONOMER,1.1879992856204378e-06,3.15248046122001e-34
formation_469609.3.peg.1211-MONOMER,1.1879992856204378e-06,-3.3758653178806777e-35
formation_469609.3.peg.1220-MONOMER,0.0,-4.891310469900838e-34
formation_469609.3.peg.1221-MONOMER,-1.5621477003171665e-63,0.0
formation_469609.3.peg.1230-MONOMER,0.0,0.0
formation_469609.3.peg.1233-MONOMER,0.0,0.0
formation_469609.3.peg.1239-MONOMER,1.1339812263646286e-07,2.5411735074036917e-34
formation_469609.3.peg.1242-MONOMER,1.1879992856204378e-06,-1.4853160084254867e-35
formation_469609.3.peg.1249-MONOMER,1.3559062745655136e-09,0.0
formation_469609.3.peg.1254-MONOMER,1.1166432147883922e-09,0.0
formation_469609.3.peg.1258-MONOMER,0.0,-2.47672366642347e-34
formation_469609.3.peg.1263-MONOMER,0.0,0.0
formation_469609.3.peg.1272-MONOMER,0.0,5.316766883856615e-35
formation_469609.3.peg.128-MONOMER,0.0,0.0
formation_469609.3.peg.1285-MONOMER,1.1879992856204378e-06,-2.76089734720874e-35
formation_469609.3.peg.129-MONOMER,0.0,0.0
formation_469609.3.peg.1291-MONOMER,0.0,0.0
formation_469609.3.peg.1296-MONOMER,1.9349613425650862e-12,0.0
formation_469609.3.peg.1326-MONOMER,-4.8350217192329134e-30,0.0
formation_469609.3.peg.1328-MONOMER,7.709784924559367e-11,0.0
formation_469609.3.peg.1329-MONOMER,4.7709619451284454e-30,-1.8714864718215164e-34
formation_469609.3.peg.1331-MONOMER,0.0,0.0
formation_469609.3.peg.1334-MONOMER,6.084291075377435e-11,0.0
formation_469609.3.peg.1335-MONOMER,7.022019366825364e-11,0.0
formation_469609.3.peg.1336-MONOMER,1.521064031984414e-13,0.0
formation_469609.3.peg.1346-MONOMER,1.1879992856204378e-06,0.0
formation_469609.3.peg.1349-MONOMER,-1.8110536922830205e-29,-3.5153756119669535e-35
formation_469609.3.peg.1362-MONOMER,1.1879992856204378e-06,-6.949746352523412e-35
formation_469609.3.peg.1363-MONOMER,0.0,3.12621058304585e-34
formation_469609.3.peg.1364-MONOMER,0.0,0.0
formation_469609.3.peg.1368-MONOMER,0.0,2.8950673940888413e-34
formation_469609.3.peg.1385-MONOMER,0.0,0.0
formation_469609.3.peg.1402-MONOMER,0.0,6.186709051176125e-34
formation_469609.3.peg.1405-MONOMER,3.7069803326476716e-13,1.7245290656980912e-34
formation_469609.3.peg.1410-MONOMER,0.0,1.1819942071360692e-33
formation_469609.3.peg.1411-MONOMER,0.0,1.0362279446991323e-33
formation_469609.3.peg.1415-MONOMER,2.0063782944032217e-10,0.0
formation_469609.3.peg.1416-MONOMER,8.779731768746042e-10,1.2407597604099635e-33
formation_469609.3.peg.1419-MONOMER,1.1879992856204378e-06,0.0
formation_469609.3.peg.1420-MONOMER,1.1879992856204378e-06,0.0
formation_469609.3.peg.1429-MONOMER,1.8064303133714178e-12,3.121461317478029e-34
formation_469609.3.peg.1431-MONOMER,0.0,0.0
formation_469609.3.peg.1436-MONOMER,0.0,-3.044823942310948e-34
formation_469609.3.peg.1448-MONOMER,0.0,2.457346169054087e-33
formation_469609.3.peg.1471-MONOMER,0.0,0.0
formation_469609.3.peg.1475-MONOMER,0.0,1.7651624246410287e-34
formation_469609.3.peg.1482-MONOMER,0.0,-1.7765885884209102e-34
formation_469609.3.peg.1488-MONOMER,8.210108551445446e-10,0.0
formation_469609.3.peg.1495-MONOMER,0.0,7.266758762539861e-35
formation_469609.3.peg.1508-MONOMER,0.0,-4.5281186795650765e-35
formation_469609.3.peg.1510-MONOMER,0.0,2.2897146452552574e-34
formation_469609.3.peg.1527-MONOMER,0.0,0.0
formation_469609.3.peg.1528-MONOMER,9.618262927480793e-10,1.1587536541837162e-34
formation_469609.3.peg.1529-MONOMER,1.899794145197623e-09,2.588854245218034e-33
formation_469609.3.peg.1537-MONOMER,0.0,0.0
formation_469609.3.peg.1541-MONOMER,1.2730139112151556e-08,-4.073948619778671e-34
formation_469609.3.peg.1542-MONOMER,1.7095736844670246e-08,0.0
formation_469609.3.peg.1543-MONOMER,6.887652021908622e-09,0.0
formation_469609.3.peg.1544-MONOMER,0.0,0.0
formation_469609.3.peg.1555-MONOMER,0.0,0.0
formation_469609.3.peg.1563-MONOMER,6.025467882486796e-30,0.0
formation_469609.3.peg.1568-MONOMER,2.0063782944032217e-10,2.072618618465804e-34
formation_469609.3.peg.1573-MONOMER,0.0,-3.003821192807374e-35
formation_469609.3.peg.158-MONOMER,0.0,0.0
formation_469609.3.peg.1585-MONOMER,-2.67270446602808e-43,0.0
formation_469609.3.peg.1587-MONOMER,0.0,0.0
formation_469609.3.peg.159-MONOMER,4.176765989586765e-24,-5.24301397689031e-64
formation_469609.3.peg.1594-MONOMER,1.9262916649284127e-08,-1.871571057938125e-34
formation_469609.3.peg.1595-MONOMER,3.9580058126731547e-07,-1.356162741745711e-34
formation_469609.3.peg.1598-MONOMER,0.0,0.0
formation_469609.3.peg.1611-MONOMER,8.085093088207268e-11,0.0
formation_469609.3.peg.1623-MONOMER,0.0,0.0
formation_469609.3.peg.1632-MONOMER,8.822572577159763e-10,-6.501970247877333e-34
formation_469609.3.peg.1633-MONOMER,0.0,-2.2921365721394063e-34
formation_469609.3.peg.1639-MONOMER,0.0,-1.948561842369497e-36
formation_469609.3.peg.1642-MONOMER,0.0,0.0
formation_469609.3.peg.1643-MONOMER,0.0,0.0
formation_469609.3.peg.1649-MONOMER,4.370952538821807e-09,7.985282246553686e-34
formation_469609.3.peg.166-MONOMER,0.0004718040842338342,0.0
formation_469609.3.peg.1667-MONOMER,0.0,-5.203401277070055e-35
formation_469609.3.peg.1679-MONOMER,1.1879992856204378e-06,0.0
formation_469609.3.peg.1693-MONOMER,3.773441894064632e-08,-7.709159740756131e-35
formation_469609.3.peg.170-MONOMER,1.8475512456680447e-12,-7.0009180379526395e-34
formation_469609.3.peg.171-MONOMER,0.0,0.0
formation_469609.3.peg.172-MONOMER,0.0,0.0
formation_469609.3.peg.1725-MONOMER,0.0,0.0
formation_469609.3.peg.1728-MONOMER,0.0,-3.0625157636497294e-34
formation_469609.3.peg.1734-MONOMER,0.0,0.0
formation_469609.3.peg.1736-MONOMER,0.0,1.0451460853488922e-33
formation_469609.3.peg.175-MONOMER,0.0,0.0
formation_469609.3.peg.176-MONOMER,2.9530771565753107e-29,-6.859973306351984e-34
formation_469609.3.peg.1778-MONOMER,0.0,2.5466127506991074e-34
formation_469609.3.peg.1797-MONOMER,4.93103440074396e-08,0.0
formation_469609.3.peg.1807-MONOMER,0.0,0.0
formation_469609.3.peg.1813-MONOMER,2.373299814306615e-09,0.0
formation_469609.3.peg.1824-MONOMER,1.4097883928210895e-08,0.0
formation_469609.3.peg.1825-MONOMER,9.778916240666747e-09,0.0
formation_469609.3.peg.1826-MONOMER,1.7981674855800205e-08,-1.967022797412833e-34
formation_469609.3.peg.1827-MONOMER,2.4292721196581635e-08,1.319743370486106e-34
formation_469609.3.peg.1828-MONOMER,1.1623332516144007e-07,0.0
formation_469609.3.peg.1831-MONOMER,1.2260122115660092e-08,3.4394063067330183e-34
formation_469609.3.peg.1833-MONOMER,0.0,0.0
formation_469609.3.peg.1843-MONOMER,1.521064031984414e-13,4.246493243493024e-34
formation_469609.3.peg.1844-MONOMER,1.1879992856204378e-06,0.0
formation_469609.3.peg.186-MONOMER,0.0,7.299838176951197e-35
formation_469609.3.peg.187-MONOMER,2.031062180696532e-09,0.0
formation_469609.3.peg.1873-MONOMER,1.18244393570651e-09,0.0
formation_469609.3.peg.1880-MONOMER,0.0,-2.4762554752829503e-34
formation_469609.3.peg.1883-MONOMER,1.6898667659525457e-12,-3.9656767024344294e-35
formation_469609.3.peg.1888-MONOMER,5.493878858821307e-11,0.0
formation_469609.3.peg.189-MONOMER,1.2427598669889681e-08,0.0
formation_469609.3.peg.1891-MONOMER,5.025118199651235e-11,0.0
formation_469609.3.peg.1901-MONOMER,1.1879992856204378e-06,-1.53250124718346e-35
formation_469609.3.peg.1903-MONOMER,1.1879992856204378e-06,0.0
formation_469609.3.peg.191-MONOMER,6.70540523293544e-13,-5.327943031792685e-35
formation_469609.3.peg.1932-MONOMER,1.1879992856204378e-06,0.0
formation_469609.3.peg.1934-MONOMER,1.1879992856204378e-06,0.0
formation_469609.3.peg.1935-MONOMER,1.1879992856204378e-06,0.0
formation_469609.3.peg.1936-MONOMER,1.1879992856204378e-06,5.272884646355728e-35
formation_469609.3.peg.1937-MONOMER,2.0063782944032217e-10,-4.5140098238170916e-36
formation_469609.3.peg.1940-MONOMER,1.1879992856204378e-06,1.3330213226982086e-34
formation_469609.3.peg.1941-MONOMER,1.1879992856204378e-06,-2.3851423568228808e-35
formation_469609.3.peg.1942-MONOMER,1.1879992856204378e-06,0.0
formation_469609.3.peg.1943-MONOMER,1.1879992856204378e-06,-1.2615085407778124e-34
formation_469609.3.peg.1944-MONOMER,1.1879992856204378e-06,-1.291978009032667e-34
formation_469609.3.peg.1945-MONOMER,1.1879992856204378e-06,5.988523635039928e-35
formation_469609.3.peg.1946-MONOMER,1.1879992856204378e-06,1.4487178196457084e-35
formation_469609.3.peg.1947-MONOMER,1.1879992856204378e-06,-1.284269786822357e-34
formation_469609.3.peg.1948-MONOMER,1.1879992856204378e-06,0.0
formation_469609.3.peg.1949-MONOMER,1.1879992856204378e-06,0.0
formation_469609.3.peg.195-MONOMER,1.1879992856204378e-06,-3.942214189930664e-36
formation_469609.3.peg.1950-MONOMER,1.1879992856204378e-06,0.0
formation_469609.3.peg.1951-MONOMER,1.1879992856204378e-06,1.0061549087509995e-34
formation_469609.3.peg.1952-MONOMER,1.1879992856204378e-06,1.3393967225617725e-34
formation_469609.3.peg.1953-MONOMER,1.1879992856204378e-06,-2.7800719845629575e-34
formation_469609.3.peg.1954-MONOMER,1.1879992856204378e-06,1.2362999823318426e-34
formation_469609.3.peg.1955-MONOMER,1.1879992856204378e-06,0.0
formation_469609.3.peg.1956-MONOMER,1.1879992856204378e-06,3.2100582247998663e-34
formation_469609.3.peg.1957-MONOMER,1.1879992856204378e-06,0.0
formation_469609.3.peg.1958-MONOMER,1.1880009754872038e-06,0.0
formation_469609.3.peg.1959-MONOMER,1.1880009754872038e-06,-1.638207539928249e-34
formation_469609.3.peg.1960-MONOMER,1.1880009754872038e-06,0.0
formation_469609.3.peg.1965-MONOMER,0.0,0.0
formation_469609.3.peg.1968-MONOMER,0.0,-2.6328626997584065e-34
formation_469609.3.peg.1973-MONOMER,2.4972881274194114e-08,0.0
formation_469609.3.peg.1974-MONOMER,1.1879992856204378e-06,0.0
formation_469609.3.peg.1975-MONOMER,0.0,0.0
formation_469609.3.peg.1978-MONOMER,1.8612358159144385e-11,-5.004541322041083e-35
formation_469609.3.peg.1980-MONOMER,1.1879992856204378e-06,0.0
formation_469609.3.peg.1986-MONOMER,0.0,0.0
formation_469609.3.peg.2-MONOMER,4.0981161954306205e-10,9.68394494720262e-35
formation_469609.3.peg.2009-MONOMER,0.0,0.0
formation_469609.3.peg.2012-MONOMER,0.0,1.9165229432787545e-34
formation_469609.3.peg.2014-MONOMER,1.4927471294963808e-10,0.0
formation_469609.3.peg.2034-MONOMER,1.1131331252061738e-09,-4.869668503968606e-34
formation_469609.3.peg.2036-MONOMER,0.0,0.0
formation_469609.3.peg.2038-MONOMER,3.7220507584085415e-10,3.322899554810682e-34
formation_469609.3.peg.204-MONOMER,3.0421280639688315e-13,0.0
formation_469609.3.peg.2041-MONOMER,1.1879992856204378e-06,1.321270249262994e-35
formation_469609.3.peg.2042-MONOMER,1.1879992856204378e-06,9.465278164344353e-35
formation_469609.3.peg.2052-MONOMER,3.6462291850942783e-10,-3.148350860359976e-34
formation_469609.3.peg.2065-MONOMER,1.1880009754872038e-06,0.0
formation_469609.3.peg.208-MONOMER,0.0,0.0
formation_469609.3.peg.2080-MONOMER,1.6541253741438973e-13,8.305701153469424e-33
formation_469609.3.peg.2081-MONOMER,1.6541253741438973e-13,-2.8232233967237007e-34
formation_469609.3.peg.209-MONOMER,0.0,-5.330368578998591e-34
formation_469609.3.peg.2108-MONOMER,0.0,3.747340117640712e-34
formation_469609.3.peg.2123-MONOMER,0.0,0.0
formation_469609.3.peg.2124-MONOMER,8.42334009246304e-10,0.0
formation_469609.3.peg.2131-MONOMER,0.0,0.0
formation_469609.3.peg.215-MONOMER,1.1879992856204378e-06,0.0
formation_469609.3.peg.216-MONOMER,1.1879992856204378e-06,0.0
formation_469609.3.peg.217-MONOMER,2.4972881274194114e-08,0.0
formation_469609.3.peg.218-MONOMER,4.2478455059596965e-29,-2.442430059312412e-33
formation_469609.3.peg.220-MONOMER,1.0656415201350193e-28,0.0
formation_469609.3.peg.227-MONOMER,1.3905070831671258e-15,2.220079962084125e-34
formation_469609.3.peg.23-MONOMER,1.023781629003335e-10,0.0
formation_469609.3.peg.233-MONOMER,1.1879992856204378e-06,-1.5259227653273724e-35
formation_469609.3.peg.24-MONOMER,0.0,0.0
formation_469609.3.peg.243-MONOMER,0.0,1.6242429152875772e-34
formation_469609.3.peg.251-MONOMER,3.877643977329863e-09,0.0
formation_469609.3.peg.252-MONOMER,3.578981076129922e-09,-2.4642320942445558e-34
formation_469609.3.peg.253-MONOMER,3.4091650067473948e-09,1.991056607676397e-34
formation_469609.3.peg.254-MONOMER,3.0970074503595034e-10,0.0
formation_469609.3.peg.256-MONOMER,3.0532559610457685e-09,0.0
formation_469609.3.peg.273-MONOMER,2.9757454207082673e-09,4.913142584187962e-35
formation_469609.3.peg.278-MONOMER,1.6347621750643883e-14,-1.0154099790639886e-34
formation_469609.3.peg.288-MONOMER,7.800527502867657e-30,-6.547051189858638e-34
formation_469609.3.peg.289-MONOMER,7.702213821884955e-10,3.950958677267932e-35
formation_469609.3.peg.297-MONOMER,0.0,0.0
formation_469609.3.peg.299-MONOMER,0.0,0.0
formation_469609.3.peg.303-MONOMER,0.0,0.0
formation_469609.3.peg.306-MONOMER,0.0,0.0
formation_469609.3.peg.312-MONOMER,0.0,0.0
formation_469609.3.peg.325-MONOMER,0.0,-1.7112793688609555e-34
formation_469609.3.peg.330-MONOMER,4.705865217866096e-11,7.845610140283603e-34
formation_469609.3.peg.341-MONOMER,1.521064031984414e-13,-2.4776290431977036e-37
formation_469609.3.peg.352-MONOMER,1.1879992856204378e-06,0.0
formation_469609.3.peg.353-MONOMER,0.0,0.0
formation_469609.3.peg.356-MONOMER,0.0,2.5681016879053457e-34
formation_469609.3.peg.364-MONOMER,2.0260079806527153e-11,-1.1988996064690538e-33
formation_469609.3.peg.365-MONOMER,0.0,0.0
formation_469609.3.peg.367-MONOMER,7.659267973706044e-10,0.0
formation_469609.3.peg.368-MONOMER,3.0491947642674005e-10,0.0
formation_469609.3.peg.369-MONOMER,3.788905901905538e-11,0.0
formation_469609.3.peg.372-MONOMER,0.0,0.0
formation_469609.3.peg.375-MONOMER,1.521064031984414e-13,0.0
formation_469609.3.peg.378-MONOMER,1.1880009754872038e-06,-7.552029592052516e-35
formation_469609.3.peg.379-MONOMER,1.1879992856204378e-06,0.0
formation_469609.3.peg.399-MONOMER,0.0,1.825274822884685e-33
formation_469609.3.peg.41-MONOMER,1.1879992856204378e-06,0.0
formation_469609.3.peg.415-MONOMER,1.426125727491302e-13,0.0
formation_469609.3.peg.416-MONOMER,1.426125727491302e-13,-9.75660127655984e-34
formation_469609.3.peg.419-MONOMER,2.083902106233332e-38,0.0
formation_469609.3.peg.426-MONOMER,1.1879992856204378e-06,-3.2212995170994295e-34
formation_469609.3.peg.429-MONOMER,2.924923810487656e-09,0.0
formation_469609.3.peg.434-MONOMER,9.002742585348397e-09,-6.845686074715765e-34
formation_469609.3.peg.438-MONOMER,0.0,-4.41498832793246e-34
formation_469609.3.peg.44-MONOMER,0.0,2.0404733923122054e-34
formation_469609.3.peg.441-MONOMER,2.2558950261873674e-09,0.0
formation_469609.3.peg.442-MONOMER,1.4349925521286168e-09,0.0
formation_469609.3.peg.447-MONOMER,0.0,-2.0135062920996196e-34
formation_469609.3.peg.457-MONOMER,0.0,3.6682727625944076e-35
formation_469609.3.peg.46-MONOMER,0.0,0.0
formation_469609.3.peg.465-MONOMER,0.0,0.0
formation_469609.3.peg.47-MONOMER,0.0,-0.3683128120092416
formation_469609.3.peg.48-MONOMER,0.0,0.0
formation_469609.3.peg.492-MONOMER,0.0,0.0
formation_469609.3.peg.493-MONOMER,0.0,2.0204255425906296e-34
formation_469609.3.peg.497-MONOMER,1.521064031984414e-13,2.09438450596007e-36
formation_469609.3.peg.511-MONOMER,0.0,0.0
formation_469609.3.peg.513-MONOMER,5.1826192825796264e-11,0.0
formation_469609.3.peg.519-MONOMER,4.1319880452662644e-18,8.454702231130355e-35
formation_469609.3.peg.52-MONOMER,0.0,5.035426581769104e-35
formation_469609.3.peg.527-MONOMER,1.8612358159144385e-11,-2.2562198605025785e-35
formation_469609.3.peg.54-MONOMER,0.0,-4.229425534823652e-34
formation_469609.3.peg.550-MONOMER,1.8612358159144385e-11,0.0
formation_469609.3.peg.553-MONOMER,4.012756588806448e-10,0.0
formation_469609.3.peg.554-MONOMER,1.521064031984414e-13,0.0
formation_469609.3.peg.558-MONOMER,0.0,-1.7631798728865862e-34
formation_469609.3.peg.563-MONOMER,4.966836254900108e-08,4.276410517123243e-34
formation_469609.3.peg.565-MONOMER,1.8578795990648565e-09,1.3472813292092282e-34
formation_469609.3.peg.566-MONOMER,0.0,0.0
formation_469609.3.peg.570-MONOMER,1.521064031984414e-13,-3.736059575115978e-35
formation_469609.3.peg.573-MONOMER,0.0,1.7808182539795082e-34
formation_469609.3.peg.578-MONOMER,0.0,0.0
formation_469609.3.peg.579-MONOMER,0.0,2.46331330781077e-34
formation_469609.3.peg.581-MONOMER,1.1879992856204378e-06,0.0
formation_469609.3.peg.583-MONOMER,0.0,0.0
formation_469609.3.peg.588-MONOMER,3.0421280639688315e-13,0.0
formation_469609.3.peg.590-MONOMER,3.89503971670602e-12,0.0
formation_469609.3.peg.596-MONOMER,1.521064031984414e-13,1.930065129220007e-34
formation_469609.3.peg.610-MONOMER,-1.4589834263717902e-43,0.0
formation_469609.3.peg.611-MONOMER,0.0,0.0
formation_469609.3.peg.614-MONOMER,1.2178226649597484e-09,0.0
formation_469609.3.peg.618-MONOMER,0.0,3.928953418591353e-34
formation_469609.3.peg.625-MONOMER,1.1879992856204378e-06,-1.4580345816327282e-34
formation_469609.3.peg.626-MONOMER,1.1879992856204378e-06,-2.201662574515303e-34
formation_469609.3.peg.63-MONOMER,3.0754748411100736e-24,0.0
formation_469609.3.peg.631-MONOMER,4.295391266006687e-09,0.0
formation_469609.3.peg.641-MONOMER,0.0,-1.750144546724492e-34
formation_469609.3.peg.657-MONOMER,1.6282749316516004e-10,0.0
formation_469609.3.peg.658-MONOMER,0.0,0.0
formation_469609.3.peg.659-MONOMER,6.402420595792671e-10,0.0
formation_469609.3.peg.660-MONOMER,0.0007733191824006794,0.0
formation_469609.3.peg.662-MONOMER,2.002671314070574e-10,0.0
formation_469609.3.peg.665-MONOMER,3.732598889037338e-08,0.0
formation_469609.3.peg.669-MONOMER,0.0,0.0
formation_469609.3.peg.671-MONOMER,0.0,-6.24669045380725e-36
formation_469609.3.peg.682-MONOMER,0.0,0.0
formation_469609.3.peg.684-MONOMER,0.0,0.0
formation_469609.3.peg.699-MONOMER,0.0,4.379487773778421e-34
formation_469609.3.peg.706-MONOMER,-9.318301314758983e-64,0.0
formation_469609.3.peg.707-MONOMER,6.294659597574137e-10,2.850643357425133e-34
formation_469609.3.peg.708-MONOMER,0.0,7.333629989660883e-35
formation_469609.3.peg.711-MONOMER,0.0,3.4813299752051423e-35
formation_469609.3.peg.714-MONOMER,2.2279249456080617e-10,0.0
formation_469609.3.peg.715-MONOMER,3.167613314270289e-10,-1.48057960632882e-33
formation_469609.3.peg.717-MONOMER,3.9801776405892205e-24,-6.849245695752556e-65
formation_469609.3.peg.727-MONOMER,0.0,0.0
formation_469609.3.peg.728-MONOMER,1.2685470099713338e-10,0.0
formation_469609.3.peg.729-MONOMER,0.0,0.0
formation_469609.3.peg.732-MONOMER,1.1879992856204378e-06,0.0
formation_469609.3.peg.76-MONOMER,0.0,0.0
formation_469609.3.peg.763-MONOMER,5.5637080840618616e-11,0.0
formation_469609.3.peg.779-MONOMER,1.1879992856204378e-06,6.634788983015918e-35
formation_469609.3.peg.780-MONOMER,1.1879992856204378e-06,-7.6625062359173e-36
formation_469609.3.peg.781-MONOMER,2.0063782944032217e-10,1.8119588187706335e-35
formation_469609.3.peg.793-MONOMER,0.0,0.0
formation_469609.3.peg.804-MONOMER,0.0,0.0
formation_469609.3.peg.813-MONOMER,0.0,-1.2796262998782164e-33
formation_469609.3.peg.820-MONOMER,0.0,0.0
formation_469609.3.peg.821-MONOMER,0.0,0.0
formation_469609.3.peg.834-MONOMER,2.3144217879418508e-10,0.0
formation_469609.3.peg.850-MONOMER,2.918252533112344e-11,5.518005776517303e-35
formation_469609.3.peg.876-MONOMER,0.0,0.0
formation_469609.3.peg.877-MONOMER,0.0,0.0
formation_469609.3.peg.880-MONOMER,0.0,0.0
formation_469609.3.peg.881-MONOMER,0.0,0.0
formation_469609.3.peg.902-MONOMER,0.0,0.0
formation_469609.3.peg.905-MONOMER,0.0,-1.939929799569797e-34
formation_469609.3.peg.918-MONOMER,0.0,0.0
formation_469609.3.peg.935-MONOMER,0.0,0.0
formation_469609.3.peg.937-MONOMER,1.3237976951101419e-09,0.0
formation_469609.3.peg.943-MONOMER,0.0,-4.6366403789882643e-35
formation_469609.3.peg.948-MONOMER,1.1879992856204378e-06,-2.938392440563915e-35
formation_469609.3.peg.961-MONOMER,0.0,-5.517151712204075e-34
formation_469609.3.peg.978-MONOMER,1.725560950879196e-09,0.0
formation_469609.3.peg.984-MONOMER,1.1879992856204378e-06,-1.1756000573188938e-34
formation_469609.3.peg.986-MONOMER,1.1879992856204378e-06,0.0
formation_469609.3.peg.989-MONOMER,0.0,0.0
formation_469609.3.peg.99-MONOMER,1.4594026243601827e-14,0.0
formation_469609.3.peg.990-MONOMER,0.0,0.0
formation_CPLX_3OAS100-0,0.0,-6.9244741467386e-34
formation_CPLX_5AIZCDC-0,0.0,0.0
formation_CPLX_ACCOACL-0,0.0,0.0
formation_CPLX_ACHBPL-0,7.637333541160619e-13,0.0
formation_CPLX_ACOTA-0,8.935765330407461e-10,0.0
formation_CPLX_ACTNDH-0,0.0,1.52859680147471e-32
formation_CPLX_ADOCBLabc-0,0.0,3.621641754446777e-32
formation_CPLX_ALAASPabc-0,9.664177549438133e-12,-1.984899313942575e-31
formation_CPLX_ALAPGPL-0,0.0,1.7426456705162158e-33
formation_CPLX_AMANK-0,0.0,-8.383284127212758e-34
formation_CPLX_ANS-0,5.49442332470799e-11,-2.114244488872286e-34
formation_CPLX_ARBTpts-0,0.0,0.0
formation_CPLX_ARBabc-0,0.0,-1.958549411196034e-35
formation_CPLX_ARBabc-1,0.0,0.0
formation_CPLX_ATPPRT-0,0.0,-1.173688800089219e-33
formation_CPLX_ATPS4-0,5.273478515176952e-09,-1.9442988495886274e-31
formation_CPLX_BTNCLi-0,0.0,-1.893971692433636e-32
formation_CPLX_DHORD2-0,0.0,0.0
formation_CPLX_DHORD2-1,-5.012791335318466e-30,0.0
formation_CPLX_DURIPP-0,1.156625691367211e-09,-1.0759491362341399e-26
formation_CPLX_FE3t4-0,0.0,5.877545445805344e-34
formation_CPLX_FRUpts-0,0.0,0.0
formation_CPLX_GAL6PI-0,0.0,2.2650276264600222e-34
formation_CPLX_GAL6PI-1,0.0,-2.2714018664923805e-34
formation_CPLX_GLGC-0,0.0,0.0
formation_CPLX_GLUDy-0,3.564814074057657e-08,-1.3100370996654347e-32
formation_CPLX_GLYBabc-0,0.0,-5.540845607972624e-34
formation_CPLX_IG3PS-0,0.0,-4.249539971396098e-34
formation_CPLX_ILEabc-0,0.0,0.0
formation_CPLX_IPPMIa-0,0.0,6.9769540031844884e-34
formation_CPLX_Kt3-0,0.0,0.0
formation_CPLX_Kt3-1,0.0,-1.993933340395704e-34
formation_CPLX_LACpts-0,0.0,1.9378389195037822e-33
formation_CPLX_MALTHXabc-0,0.0,-6.347105385167426e-34
formation_CPLX_MALTpts-0,0.0,-8.98138375485991e-34
formation_CPLX_MANpts-0,0.0,0.0
formation_CPLX_METDabc-0,5.433654032216805e-10,2.981137394790073e-34
formation_CPLX_MNabc-0,0.0,-4.091236112259345e-34
formation_CPLX_PDHc-0,0.0,0.0
formation_CPLX_PFK_2-0,0.0,0.0
formation_CPLX_PFK_2-1,0.0,-7.831755652280011e-34
formation_CPLX_PIabc-0,2.4070440939353677e-10,-3.587861806115337e-32
formation_CPLX_PPCDC-0,2.243651339311397e-11,-2.4229261221453004e-34
formation_CPLX_PRAMPC-0,0.0,0.0
formation_CPLX_PTRCabc-0,0.0,-3.3506626425759045e-34
formation_CPLX_RNDR1-0,0.0,5.0587953987995866e-34
formation_CPLX_RNDR1-1,0.0,4.969606921042784e-34
formation_CPLX_SBTpts-0,0.0,4.456401704976713e-34
formation_CPLX_SUCpts-0,0.0,1.7845729830856033e-33
formation_CPLX_TREpts-0,0.0,0.0
formation_CPLX_TRPS1-1,5.544860294562107e-11,0.0
formation_CPLX_YUMPS-0,0.0,-4.251441533843467e-34
formation_CPLX_YUMPS-1,1.521064031984414e-13,-2.421084850446017e-34
formation_CPLX_YUMPS-2,0.0,0.0
formation_CPLX_ZNabc-0,0.0,0.0
formation_CPLX_dreplication-0,0.0,-5.487959140919289e-33
formation_CPLX_dreplication-1,0.0,0.0
formation_CPLX_pbiosynthesis-0,1.6898667659525457e-12,-2.10297625592227e-30
formation_CPLX_r0060-0,1.3802493329117196e-07,5.149481979166416e-34
formation_CPLX_rtranscription-0,1.8612358159144385e-11,-3.426318786543942e-31
formation_CPLX_rtranscription-1,1.8612358159144385e-11,-3.0319223794597473e-31
formation_469609.3.peg.535-MONOMER_mod_mg2(1),8.036120745298556e-13,1.837487071004588e-33
formation_469609.3.peg.145-MONOMER_mod_pydx5p(1),-4.0532538691152255e-42,-1.1611328990877172e-31
formation_469609.3.peg.328-MONOMER_mod_zn2(1),0.0,-1.1166176392510896e-33
formation_469609.3.peg.124-MONOMER_mod_fe2(1),7.532139138716515e-10,-4.158657329631365e-32
formation_469609.3.peg.1665-MONOMER_mod_mg2(1),0.0,0.0
formation_469609.3.peg.1526-MONOMER_mod_mg2(1),7.555062032256746e-10,7.205548441652954e-34
formation_469609.3.peg.2111-MONOMER_mod_mg2(1),2.738928243936731e-07,0.0
formation_469609.3.peg.1564-MONOMER_mod_4fe4s(1),-3.2228372213778246e-30,1.0235060615248514e-33
formation_469609.3.peg.431-MONOMER_mod_mg2(1),0.0,0.0
formation_469609.3.peg.431-MONOMER_mod_mn2(1),-1.9166497635353393e-31,0.0
formation_469609.3.peg.1938-MONOMER_mod_mg2(1),1.5190974637639584e-07,-3.461456722059001e-32
formation_469609.3.peg.814-MONOMER_mod_mg2(1),0.0,-1.0465308639211726e-34
formation_469609.3.peg.814-MONOMER_mod_mn2(1),2.231563530019078e-12,7.266646652821922e-35
formation_469609.3.peg.1962-MONOMER_mod_mg2(1),2.2254631787431562e-10,0.0
formation_469609.3.peg.556-MONOMER_mod_zn2(1),0.0,-3.885174677532365e-33
formation_469609.3.peg.1360-MONOMER_mod_fe2(2),4.8671952003798316e-12,-6.284636470590197e-32
formation_469609.3.peg.432-MONOMER_mod_pydx5p(1),-9.540916480249068e-42,9.155105158371572e-34
formation_469609.3.peg.188-MONOMER_mod_mg2(1),4.980347095799869e-09,1.2977722086077832e-33
formation_CPLX_CBPS-0_mod_mg2(1),0.0,5.435601993447476e-33
formation_CPLX_CBPS-0_mod_mn2(1),0.0,4.0041190527638624e-33
formation_CPLX_CBPS-0_mod_cobalt2(1),0.0,0.0
formation_CPLX_CBPS-0_mod_cd2(1),0.0,0.0
formation_CPLX_CBPS-0_mod_zn2(1),0.0,0.0
formation_469609.3.peg.1332-MONOMER_mod_fmnh2(1),2.8895525248371228e-11,1.2152238943912366e-33
formation_469609.3.peg.1332-MONOMER_mod_fadh2(1),0.0,0.0
formation_469609.3.peg.1727-MONOMER_mod_mg2(1),5.320417184581167e-11,1.358900498361869e-33
formation_469609.3.peg.604-MONOMER_mod_pydx5p(2),1.486915416016749e-12,-4.683003367938745e-32
formation_469609.3.peg.863-MONOMER_mod_mg2(1),8.536781719532043e-10,1.4968811911958643e-32
formation_469609.3.peg.782-MONOMER_mod_mg2(1),1.7896671589151593e-09,4.3271070189621674e-33
formation_469609.3.peg.1625-MONOMER_mod_pydx5p(1),0.0,-9.947631677703257e-34
formation_469609.3.peg.1875-MONOMER_mod_mg2(1)_mod_k(1),0.0,0.0
formation_469609.3.peg.430-MONOMER_mod_fe2(2),5.20410986431506e-11,0.0
formation_469609.3.peg.592-MONOMER_mod_mg2(1),1.1936509474905088e-09,6.935811949723933e-35
formation_469609.3.peg.2040-MONOMER_mod_4fe4s(1),9.496127811091055e-13,-5.799623696763154e-34
formation_469609.3.peg.2107-MONOMER_mod_mg2(1),0.0,-4.9101596497231516e-34
formation_469609.3.peg.1215-MONOMER_mod_cobalt2(1)_mod_zn2(1),3.2715466924263095e-32,1.9247599321153742e-33
formation_469609.3.peg.1215-MONOMER_mod_mn2(1)_mod_zn2(1),-3.2716002729135387e-32,0.0
formation_469609.3.peg.1215-MONOMER_mod_ni2(1)_mod_zn2(1),0.0,3.6111923185508955e-35
formation_469609.3.peg.2109-MONOMER_mod_mg2(1),0.0,0.0
formation_469609.3.peg.1333-MONOMER_mod_cobalt2(1)_mod_nad(1),8.568384564203464e-11,1.249604827330558e-33
formation_469609.3.peg.1107-MONOMER_mod_mg2(1),0.0,1.0394666420771622e-34
formation_469609.3.peg.1107-MONOMER_mod_mn2(1),6.966513054747669e-10,-3.262421809826601e-32
formation_469609.3.peg.1498-MONOMER_mod_mg2(1),2.677124973749912e-10,4.2984321670934825e-33
formation_469609.3.peg.661-MONOMER_mod_mg2(1),1.3290852557289886e-10,-8.783880285291722e-34
formation_469609.3.peg.181-MONOMER_mod_zn2(1),0.0,-3.842336210829734e-34
formation_469609.3.peg.1389-MONOMER_mod_mg2(4),2.0260079806527153e-11,-4.4776351232903224e-32
formation_469609.3.peg.703-MONOMER_mod_mg2(1),0.0,5.461898067097722e-34
formation_469609.3.peg.1432-MONOMER_mod_mg2(1),0.0,1.237955845449721e-33
formation_469609.3.peg.805-MONOMER_mod_mg2(1),0.0,-4.942535519059162e-34
formation_469609.3.peg.1172-MONOMER_mod_fad(1),2.8288674191453925e-30,-2.2908365294647114e-33
formation_469609.3.peg.882-MONOMER_mod_mg2(1),0.0,0.0
formation_469609.3.peg.1509-MONOMER_mod_pydx5p(1),0.0,0.0
formation_469609.3.peg.225-MONOMER_mod_mn2(1),8.161098861967279e-45,0.0
formation_469609.3.peg.716-MONOMER_mod_mg2(1),3.5109015873846464e-10,0.0
formation_469609.3.peg.1963-MONOMER_mod_mg2(1),0.0,0.0
formation_469609.3.peg.50-MONOMER_mod_mg2(1),0.0,1.358900498361869e-33
formation_469609.3.peg.187-MONOMER_mod_mg2(1)_mod_zn2(1),0.0,2.6328796440361795e-34
formation_469609.3.peg.1171-MONOMER_mod_mg2(1),-1.2881916412495815e-29,2.620181402331147e-33
formation_469609.3.peg.1171-MONOMER_mod_mn2(1),0.0,0.0
formation_469609.3.peg.696-MONOMER_mod_mg2(1),3.176044063723946e-10,6.132691756649301e-34
formation_469609.3.peg.1052-MONOMER_mod_fad(1),0.0,1.0824834923220097e-33
formation_469609.3.peg.2077-MONOMER_mod_zn2(1),0.0,0.0
formation_469609.3.peg.1842-MONOMER_mod_mn2(1),0.0,0.0
formation_469609.3.peg.1371-MONOMER_mod_mn2(1),0.0,4.674859943169592e-34
formation_469609.3.peg.999-MONOMER_mod_k(1)_mod_mg2(1),-3.507777067720252e-42,5.317933186423261e-34
formation_469609.3.peg.1374-MONOMER_mod_pydx5p(1),4.008043447945129e-30,-6.251420777593478e-33
formation_469609.3.peg.1562-MONOMER_mod_mn2(1),5.855501411715941e-30,0.0
formation_469609.3.peg.1562-MONOMER_mod_mg2(1),-5.8570209625535406e-30,-5.9793747596749655e-34
formation_469609.3.peg.1370-MONOMER_mod_mg2(1),0.0,1.0346201866684821e-33
formation_469609.3.peg.1370-MONOMER_mod_mn2(1),0.0,0.0
formation_469609.3.peg.1208-MONOMER_mod_pydx5p(6),5.851297869863295e-13,-2.190370234667377e-33
formation_469609.3.peg.1208-MONOMER_mod_pydx5p(1),0.0,-1.132800937194789e-33
formation_469609.3.peg.901-MONOMER_mod_mg2(1)_mod_mn2(1),0.0,-5.2224386203056985e-34
formation_469609.3.peg.778-MONOMER_mod_ni2(1),0.0,-1.8270274044298938e-33
formation_469609.3.peg.1793-MONOMER_mod_mn2(1),0.0,0.0
formation_469609.3.peg.1793-MONOMER_mod_mg2(1),0.0,5.0160696696051904e-33
formation_469609.3.peg.828-MONOMER_mod_k(4)_mod_mg2(1),0.0,1.3677996177364565e-33
formation_469609.3.peg.828-MONOMER_mod_k(4)_mod_mn2(1),0.0,0.0
formation_469609.3.peg.828-MONOMER_mod_k(4)_mod_cobalt2(1),0.0,0.0
formation_469609.3.peg.828-MONOMER_mod_k(4)_mod_zn2(1),9.08553750302476e-12,2.3650472100893093e-33
formation_469609.3.peg.828-MONOMER_mod_k(4)_mod_cd2(1),0.0,0.0
formation_469609.3.peg.828-MONOMER_mod_k(4)_mod_ni2(1),0.0,-1.5353921295449668e-33
formation_469609.3.peg.828-MONOMER_mod_k(4)_mod_ca2(1),0.0,-1.417863280203051e-33
formation_469609.3.peg.828-MONOMER_mod_nh4(4)_mod_mg2(1),0.0,0.0
formation_469609.3.peg.828-MONOMER_mod_nh4(4)_mod_mn2(1),0.0,-2.1121165584091816e-33
formation_469609.3.peg.828-MONOMER_mod_nh4(4)_mod_cobalt2(1),0.0,0.0
formation_469609.3.peg.828-MONOMER_mod_nh4(4)_mod_zn2(1),0.0,-2.1057318240142568e-33
formation_469609.3.peg.828-MONOMER_mod_nh4(4)_mod_cd2(1),0.0,0.0
formation_469609.3.peg.828-MONOMER_mod_nh4(4)_mod_ni2(1),0.0,-1.2898749695497925e-33
formation_469609.3.peg.828-MONOMER_mod_nh4(4)_mod_ca2(1),0.0,-4.181992424874804e-33
formation_469609.3.peg.828-MONOMER_mod_tl(4)_mod_mg2(1),0.0,0.0
formation_469609.3.peg.828-MONOMER_mod_tl(4)_mod_mn2(1),0.0,2.1164229722399534e-33
formation_469609.3.peg.828-MONOMER_mod_tl(4)_mod_cobalt2(1),0.0,-1.2660484819994214e-33
formation_469609.3.peg.828-MONOMER_mod_tl(4)_mod_zn2(1),0.0,0.0
formation_469609.3.peg.828-MONOMER_mod_tl(4)_mod_cd2(1),0.0,-1.2298426603412802e-33
formation_469609.3.peg.828-MONOMER_mod_tl(4)_mod_ni2(1),0.0,2.1403186145684083e-33
formation_469609.3.peg.828-MONOMER_mod_tl(4)_mod_ca2(1),0.0,0.0
formation_469609.3.peg.828-MONOMER_mod_cs(4)_mod_mg2(1),0.0,0.0
formation_469609.3.peg.828-MONOMER_mod_cs(4)_mod_mn2(1),0.0,2.1164229722399534e-33
formation_469609.3.peg.828-MONOMER_mod_cs(4)_mod_cobalt2(1),0.0,-1.2660484819994214e-33
formation_469609.3.peg.828-MONOMER_mod_cs(4)_mod_zn2(1),0.0,0.0
formation_469609.3.peg.828-MONOMER_mod_cs(4)_mod_cd2(1),0.0,-1.2298426603412802e-33
formation_469609.3.peg.828-MONOMER_mod_cs(4)_mod_ni2(1),0.0,2.1403186145684083e-33
formation_469609.3.peg.828-MONOMER_mod_cs(4)_mod_ca2(1),0.0,0.0
formation_469609.3.peg.828-MONOMER_mod_na1(4)_mod_mg2(1),0.0,0.0
formation_469609.3.peg.828-MONOMER_mod_na1(4)_mod_mn2(1),0.0,2.1164229722399534e-33
formation_469609.3.peg.828-MONOMER_mod_na1(4)_mod_cobalt2(1),0.0,-1.2660484819994214e-33
formation_469609.3.peg.828-MONOMER_mod_na1(4)_mod_zn2(1),0.0,0.0
formation_469609.3.peg.828-MONOMER_mod_na1(4)_mod_cd2(1),0.0,-1.2298426603412802e-33
formation_469609.3.peg.828-MONOMER_mod_na1(4)_mod_ni2(1),0.0,2.1403186145684083e-33
formation_469609.3.peg.828-MONOMER_mod_na1(4)_mod_ca2(1),0.0,0.0
formation_469609.3.peg.1588-MONOMER_mod_pydx5p(1),2.280748373508651e-12,1.2055924937256e-33
formation_469609.3.peg.329-MONOMER_mod_fad(1),2.967731727968805e-08,-2.5061417075450677e-34
formation_469609.3.peg.760-MONOMER_mod_mg2(1),0.0,-1.0627502445745725e-32
formation_469609.3.peg.1193-MONOMER_mod_mg2(1),0.0,0.0
formation_469609.3.peg.580-MONOMER_mod_mg2(1),0.0,0.0
formation_469609.3.peg.580-MONOMER_mod_mn2(1),0.0,0.0
formation_469609.3.peg.1969-MONOMER_mod_mg2(1),0.0,-1.1754687348530125e-34
formation_469609.3.peg.1969-MONOMER_mod_mn2(1),0.0,0.0
formation_469609.3.peg.1969-MONOMER_mod_ca2(1),0.0,1.80638609664029e-34
formation_469609.3.peg.1969-MONOMER_mod_zn2(1),1.3857396733740178e-09,3.4421895741621623e-34
formation_469609.3.peg.1969-MONOMER_mod_cu2(1),0.0,-1.2982490144180884e-34
formation_469609.3.peg.1969-MONOMER_mod_cd2(1),0.0,1.8670682716894167e-34
formation_469609.3.peg.1969-MONOMER_mod_cobalt2(1),0.0,0.0
formation_469609.3.peg.1969-MONOMER_mod_ni2(1),0.0,0.0
formation_469609.3.peg.455-MONOMER_mod_mg2(1),0.0,-4.752978288633889e-34
formation_469609.3.peg.1214-MONOMER_mod_zn2(1),0.0,0.0
formation_469609.3.peg.1214-MONOMER_mod_cobalt2(1),0.0,-1.0801449152111616e-33
formation_469609.3.peg.259-MONOMER_mod_glycyl(1),0.0,0.0
formation_469609.3.peg.467-MONOMER_mod_zn2(1),4.580579113127923e-10,4.175965045529727e-34
formation_469609.3.peg.1302-MONOMER_mod_mg2(1),0.0,0.0
formation_469609.3.peg.1961-MONOMER_mod_mg2(1)_mod_cl(1),0.0,1.3988519176813801e-33
formation_469609.3.peg.1099-MONOMER_mod_23bpg(1),0.0,-1.8946167841220318e-28
formation_469609.3.peg.1187-MONOMER_mod_mg2(1),0.0,0.0
formation_469609.3.peg.30-MONOMER_mod_mg2(1),0.0,9.873389576061846e-34
formation_469609.3.peg.731-MONOMER_mod_mg2(1),1.596982511744701e-11,3.678961009416051e-35
formation_469609.3.peg.1041-MONOMER_mod_mg2(1),7.690576934205813e-09,-1.6704907184250945e-33
formation_469609.3.peg.1232-MONOMER_mod_mn2(1),8.04901131417206e-10,2.79837975413003e-34
formation_469609.3.peg.2061-MONOMER_mod_mg2(1),0.0,-5.538162553932607e-34
formation_469609.3.peg.51-MONOMER_mod_k(1)_mod_mg2(1),0.0,6.239940496806471e-34
formation_469609.3.peg.49-MONOMER_mod_mg2(1),0.0,0.0
formation_469609.3.peg.2073-MONOMER_mod_mg2(1)_mod_pi(1),0.0,3.0131867870189783e-34
formation_469609.3.peg.2073-MONOMER_mod_mn2(1)_mod_pi(1),8.598219775353966e-10,0.0
formation_469609.3.peg.1393-MONOMER_mod_mg2(1),0.0,-1.2968465899828603e-34
formation_469609.3.peg.1152-MONOMER_mod_mg2(1),1.1262876136288903e-11,9.871466229799004e-35
formation_469609.3.peg.1301-MONOMER_mod_mg2(1)_mod_k(1),0.0,0.0
formation_469609.3.peg.1301-MONOMER_mod_mn2(1)_mod_k(1),1.2758686226463031e-08,-3.1425551358812295e-33
formation_469609.3.peg.307-MONOMER_mod_mg2(1)_mod_thmpp(1)_mod_fad(1),0.0,0.0
formation_469609.3.peg.1327-MONOMER_mod_mg2(1),0.0,-2.856106904093661e-35
formation_469609.3.peg.1327-MONOMER_mod_mn2(1),0.0,-1.983387702128671e-35
formation_469609.3.peg.1327-MONOMER_mod_cobalt2(1),1.5153129019104993e-10,0.0
formation_469609.3.peg.1327-MONOMER_mod_fe2(1),0.0,0.0
formation_469609.3.peg.1327-MONOMER_mod_ca2(1),0.0,2.1946843479053007e-35
formation_469609.3.peg.1327-MONOMER_mod_k(1),0.0,1.5296189183888272e-35
formation_469609.3.peg.1550-MONOMER_mod_mn2(1),0.0,-2.7416275011066363e-32
formation_469609.3.peg.802-MONOMER_mod_nad(1),0.0,1.5531662174967187e-32
formation_469609.3.peg.536-MONOMER_mod_pydx5p(1),0.0,-1.0778078879732269e-33
formation_469609.3.peg.1197-MONOMER_mod_pydx5p(2),0.0,0.0
formation_469609.3.peg.670-MONOMER_mod_mg2(1),1.255278125579387e-10,-2.2851032090241033e-34
formation_CPLX_TRPS1-0_mod_pydx5p(1),1.221718756482713e-24,3.143618701170572e-32
formation_469609.3.peg.801-MONOMER_mod_nad(1),0.0,0.0
formation_469609.3.peg.1131-MONOMER_mod_k(1)_mod_mg2(1),0.0,0.0
formation_469609.3.peg.523-MONOMER_mod_mg2(1),0.0,1.119064127857791e-33
formation_469609.3.peg.997-MONOMER_mod_fad(1),0.0,-2.052769877725728e-32
formation_469609.3.peg.1991-MONOMER_mod_fad(1),0.0,1.466199857235662e-33
formation_469609.3.peg.1392-MONOMER_mod_mg2(1),0.0,-1.0152290618046422e-33
formation_469609.3.peg.1392-MONOMER_mod_cobalt2(1),0.0,0.0
formation_469609.3.peg.1392-MONOMER_mod_mn2(1),0.0,0.0
formation_469609.3.peg.1392-MONOMER_mod_fe2(1),0.0,-4.837231194148549e-34
formation_469609.3.peg.1392-MONOMER_mod_ca2(1),0.0,0.0
formation_469609.3.peg.1018-MONOMER_mod_mg2(2),9.126384191906495e-13,-1.497538387587126e-35
formation_469609.3.peg.1149-MONOMER_mod_4fe4s(1),1.521064031984414e-13,1.925929485209755e-34
formation_469609.3.peg.1174-MONOMER_mod_4fe4s(1),1.521064031984414e-13,-4.591774807899561e-41
formation_RNAP-CPLX_mod_zn2(1)_mod_mg2(2),1.1339812263646286e-07,0.0
formation_469609.3.peg.2127-MONOMER_mod_zn2(2),1.521064031984414e-13,-1.8912831890066584e-32
formation_469609.3.peg.339-MONOMER_mod_fe2(1),2.0063782944032217e-10,-2.785975515749137e-32
formation_469609.3.peg.418-MONOMER_mod_zn2(4),1.426125727491302e-13,-1.0239428899069042e-33
formation_469609.3.peg.47-MONOMER_mod_pan4p(1),1.623166670802749e-24,-2.8249176179384085e-33
formation_469609.3.peg.595-MONOMER_mod_mg2(1)_mod_k(1),2.0063782944032217e-10,-4.994484335094738e-33
formation_469609.3.peg.718-MONOMER_mod_mg2(1),4.563192095953238e-13,1.6986256229523362e-34
formation_469609.3.peg.8-MONOMER_mod_mg2(1),1.8612358159144385e-11,1.6986256229523362e-34
formation_469609.3.peg.820-MONOMER_mod_zn2(2),3.3797335319050955e-12,0.0
469609.3.peg.1495-MONOMER_to_generic_16Sm4Cm1402,0.0,-0.08337878793564289
469609.3.peg.570-MONOMER_to_generic_16Sm4Cm1402,1.521064031984414e-13,0.0
RNA_HMPREF0847_RS07065_to_generic_16s_rRNAs,1.1879992856204378e-06,2.6992544335735256e-30
RNA_HMPREF0847_RS07890_to_generic_16s_rRNAs,0.0,-295.68942832099236
RNA_HMPREF0847_RS07075_to_generic_23s_rRNAs,1.1879992856204378e-06,0.0
RNA_HMPREF0847_RS00025_to_generic_5s_rRNAs,1.1879992856204378e-06,0.0
RNA_HMPREF0847_RS07080_to_generic_5s_rRNAs,0.0,0.0
469609.3.peg.1965-MONOMER_to_generic_Dus,0.0,0.0
469609.3.peg.1048-MONOMER_to_generic_LYSINEaaRS,1.6898667659525457e-12,5.933168149371047e-34
CPLX_pbiosynthesis-0_to_generic_LYSINEaaRS,0.0,-103.98399302809754
469609.3.peg.1405-MONOMER_to_generic_RF,0.0,-0.27046021449328284
469609.3.peg.662-MONOMER_to_generic_RF,1.993072381806654e-10,0.0
469609.3.peg.820-MONOMER_to_generic_RNase,0.0,-0.12488303713941475
469609.3.peg.820-MONOMER_mod_zn2(2)_to_generic_RNase,3.3797335319050955e-12,0.0
469609.3.peg.1040-MONOMER_to_generic_Tuf,2.4972881274194114e-08,0.0
469609.3.peg.2036-MONOMER_to_generic_asp_ligase,0.0,-4.0759448798866265
469609.3.peg.442-MONOMER_to_generic_asp_ligase,1.4349925521286168e-09,0.0
CPLX_pbiosynthesis-0_to_generic_asp_ligase,0.0,-106.37863705284053
469609.3.peg.565-MONOMER_to_generic_gly_c_ligase,1.8578795990648565e-09,-1.238580079448222e-34
469609.3.peg.566-MONOMER_to_generic_gly_c_ligase,0.0,-2.418976191796546
CPLX_pbiosynthesis-0_to_generic_gly_c_ligase,0.0,-106.68118978176467
469609.3.peg.935-MONOMER_to_generic_phe_ligase,0.0,-4.552919584782345
469609.3.peg.937-MONOMER_to_generic_phe_ligase,1.3237976951101419e-09,0.0
CPLX_pbiosynthesis-0_to_generic_phe_ligase,0.0,-106.75046997843287
transcription_RNA_dummy,2.043736979805565e-05,-4.278316420347832e-33
DM_RNA_dummy,0.0,-73.96026232370639
translation_dummy,0.00024231121886702652,-4.711156750513758e-32
formation_CPLX_dummy,2.678004678601003e-06,0.0
dummy_protein_to_mass,0.00023963321418842535,-4.521698534236102e-33
formation_CPLX_dummy_mod_2fe2s(1),0.0,1.0231319869292636e-34
formation_CPLX_dummy_mod_4fe4s(1),1.6053452444132306e-19,1.1935420343534422e-34
23DHMPO_REV_469609.3.peg.535-MONOMER_mod_mg2(1),0.0,-1.0518459515629478e-35
23DHMPO_FWD_469609.3.peg.535-MONOMER_mod_mg2(1),0.0,-4.694443081486245e-07
2AHBUTI_REV_469609.3.peg.535-MONOMER_mod_mg2(1),0.0,-2.3472215407431224e-07
2AHBUTI_FWD_469609.3.peg.535-MONOMER_mod_mg2(1),0.0,-2.3472215407431224e-07
2HMCOXT_REV_469609.3.peg.660-MONOMER,1000.0,1.6467488369072703e-07
2HMCOXT_FWD_469609.3.peg.660-MONOMER,1000.0,-8.634816601912917e-40
2MBCOATA_REV_469609.3.peg.1643-MONOMER,0.0,-2.803010849672137e-07
2MBCOATA_FWD_469609.3.peg.1643-MONOMER,0.0,6.958162686066707e-35
3HAD100_REV_469609.3.peg.1639-MONOMER,0.0,2.8688992169552707e-09
3HAD100_FWD_469609.3.peg.1639-MONOMER,0.0,-1.1356306190491083e-41
3HAD10M11_REV_469609.3.peg.1639-MONOMER,0.0,2.8688826401370844e-09
3HAD10M11_FWD_469609.3.peg.1639-MONOMER,0.0,-1.1356306190491083e-41
3HAD10M12_REV_469609.3.peg.1639-MONOMER,0.0,2.8688826401370844e-09
3HAD10M12_FWD_469609.3.peg.1639-MONOMER,0.0,-1.1356306190491083e-41
3HAD11M12_REV_469609.3.peg.1639-MONOMER,0.0,2.8688826401370844e-09
3HAD11M12_FWD_469609.3.peg.1639-MONOMER,0.0,-1.1356306190491083e-41
3HAD120_REV_469609.3.peg.1639-MONOMER,0.0,2.8688992169552707e-09
3HAD120_FWD_469609.3.peg.1639-MONOMER,0.0,-1.1356306190491083e-41
3HAD12M13_REV_469609.3.peg.1639-MONOMER,0.0,2.8688826401370844e-09
3HAD12M13_FWD_469609.3.peg.1639-MONOMER,0.0,-1.1356306190491083e-41
3HAD12M14_REV_469609.3.peg.1639-MONOMER,0.0,2.8688826401370844e-09
3HAD12M14_FWD_469609.3.peg.1639-MONOMER,0.0,-1.1356306190491083e-41
3HAD13M14_REV_469609.3.peg.1639-MONOMER,0.0,2.8688826401370844e-09
3HAD13M14_FWD_469609.3.peg.1639-MONOMER,0.0,-1.1356306190491083e-41
3HAD140_REV_469609.3.peg.1639-MONOMER,0.0,9.76701261783049e-08
3HAD140_FWD_469609.3.peg.1639-MONOMER,0.0,6.989824010902283e-36
3HAD14M15_REV_469609.3.peg.1639-MONOMER,0.0,2.8688826401370844e-09
3HAD14M15_FWD_469609.3.peg.1639-MONOMER,0.0,1.6511264968017454e-35
3HAD14M16_REV_469609.3.peg.1639-MONOMER,0.0,2.8688826401370844e-09
3HAD14M16_FWD_469609.3.peg.1639-MONOMER,0.0,-5.277135391198474e-35
3HAD15M16_REV_469609.3.peg.1639-MONOMER,0.0,2.8688826401370844e-09
3HAD15M16_FWD_469609.3.peg.1639-MONOMER,0.0,1.6511264968017454e-35
3HAD160_REV_469609.3.peg.1639-MONOMER,0.0,1.0351163792658915e-07
3HAD160_FWD_469609.3.peg.1639-MONOMER,0.0,6.989824010902283e-36
3HAD180_REV_469609.3.peg.1639-MONOMER,0.0,1.035114946212001e-07
3HAD180_FWD_469609.3.peg.1639-MONOMER,0.0,6.989824010902283e-36
3HAD40_REV_469609.3.peg.1639-MONOMER,0.0,1.0935240873474536e-07
3HAD40_FWD_469609.3.peg.1639-MONOMER,0.0,6.989824010902283e-36
3HAD4M5_REV_469609.3.peg.1639-MONOMER,0.0,2.8688826401370844e-09
3HAD4M5_FWD_469609.3.peg.1639-MONOMER,0.0,8.579388384801964e-35
3HAD4M6_REV_469609.3.peg.1639-MONOMER,0.0,2.8688826401370844e-09
3HAD4M6_FWD_469609.3.peg.1639-MONOMER,0.0,1.6511264968017454e-35
3HAD5M6_REV_469609.3.peg.1639-MONOMER,0.0,2.8688826401370844e-09
3HAD5M6_FWD_469609.3.peg.1639-MONOMER,0.0,-1.1356306190491083e-41
3HAD60_REV_469609.3.peg.1639-MONOMER,0.0,2.8688992169552707e-09
3HAD60_FWD_469609.3.peg.1639-MONOMER,0.0,-1.1356306190491083e-41
3HAD6M7_REV_469609.3.peg.1639-MONOMER,0.0,2.8688826401370844e-09
3HAD6M7_FWD_469609.3.peg.1639-MONOMER,0.0,-1.1356306190491083e-41
3HAD6M8_REV_469609.3.peg.1639-MONOMER,0.0,2.8688826401370844e-09
3HAD6M8_FWD_469609.3.peg.1639-MONOMER,0.0,-1.1356306190491083e-41
3HAD7M8_REV_469609.3.peg.1639-MONOMER,0.0,2.8688826401370844e-09
3HAD7M8_FWD_469609.3.peg.1639-MONOMER,0.0,-1.1356306190491083e-41
3HAD80_REV_469609.3.peg.1639-MONOMER,0.0,2.8688992169552707e-09
3HAD80_FWD_469609.3.peg.1639-MONOMER,0.0,-1.1356306190491083e-41
3HAD8M10_REV_469609.3.peg.1639-MONOMER,0.0,2.8688826401370844e-09
3HAD8M10_FWD_469609.3.peg.1639-MONOMER,0.0,-1.1356306190491083e-41
3HAD8M9_REV_469609.3.peg.1639-MONOMER,0.0,2.8688826401370844e-09
3HAD8M9_FWD_469609.3.peg.1639-MONOMER,0.0,-1.1356306190491083e-41
3HAD9M10_REV_469609.3.peg.1639-MONOMER,0.0,2.8688826401370844e-09
3HAD9M10_FWD_469609.3.peg.1639-MONOMER,0.0,-1.1356306190491083e-41
3MOBS_REV_469609.3.peg.902-MONOMER,0.0,-3.181845454677302e-35
3MOBS_FWD_469609.3.peg.902-MONOMER,0.0,-5.484609927055799e-07
3OAR100_REV_469609.3.peg.1436-MONOMER,0.0,-1.4304885503236168e-08
3OAR100_FWD_469609.3.peg.1436-MONOMER,0.0,-5.355920245882792e-07
3OAR100_REV_469609.3.peg.1642-MONOMER,0.0,1.5814322088854722e-35
3OAR100_FWD_469609.3.peg.1642-MONOMER,0.0,-5.21287139085043e-07
3OAR10M11_REV_469609.3.peg.1436-MONOMER,0.0,-1.4304885503236168e-08
3OAR10M11_FWD_469609.3.peg.1436-MONOMER,0.0,-5.342939476417818e-07
3OAR10M11_REV_469609.3.peg.1642-MONOMER,0.0,3.5342496647286156e-36
3OAR10M11_FWD_469609.3.peg.1642-MONOMER,0.0,-5.199890621385456e-07
3OAR10M12_REV_469609.3.peg.1436-MONOMER,0.0,-1.4304885503236168e-08
3OAR10M12_FWD_469609.3.peg.1436-MONOMER,0.0,-5.342939476417818e-07
3OAR10M12_REV_469609.3.peg.1642-MONOMER,0.0,3.5342496647286156e-36
3OAR10M12_FWD_469609.3.peg.1642-MONOMER,0.0,-5.199890621385456e-07
3OAR11M12_REV_469609.3.peg.1436-MONOMER,0.0,-1.4304885503236168e-08
3OAR11M12_FWD_469609.3.peg.1436-MONOMER,0.0,-5.342939476417818e-07
3OAR11M12_REV_469609.3.peg.1642-MONOMER,0.0,3.5342496647286156e-36
3OAR11M12_FWD_469609.3.peg.1642-MONOMER,0.0,-5.199890621385456e-07
3OAR120_REV_469609.3.peg.1436-MONOMER,0.0,-1.4304885503236168e-08
3OAR120_FWD_469609.3.peg.1436-MONOMER,0.0,-5.355920245882792e-07
3OAR120_REV_469609.3.peg.1642-MONOMER,0.0,1.5814322088854722e-35
3OAR120_FWD_469609.3.peg.1642-MONOMER,0.0,-5.21287139085043e-07
3OAR12M13_REV_469609.3.peg.1436-MONOMER,0.0,-1.4304885503236168e-08
3OAR12M13_FWD_469609.3.peg.1436-MONOMER,0.0,-5.342939476417818e-07
3OAR12M13_REV_469609.3.peg.1642-MONOMER,0.0,3.5342496647286156e-36
3OAR12M13_FWD_469609.3.peg.1642-MONOMER,0.0,-5.199890621385456e-07
3OAR12M14_REV_469609.3.peg.1436-MONOMER,0.0,-1.4304885503236168e-08
3OAR12M14_FWD_469609.3.peg.1436-MONOMER,0.0,-5.342939476417818e-07
3OAR12M14_REV_469609.3.peg.1642-MONOMER,0.0,3.5342496647286156e-36
3OAR12M14_FWD_469609.3.peg.1642-MONOMER,0.0,-5.199890621385456e-07
3OAR13M14_REV_469609.3.peg.1436-MONOMER,0.0,-1.4304885503236168e-08
3OAR13M14_FWD_469609.3.peg.1436-MONOMER,0.0,-5.342939476417818e-07
3OAR13M14_REV_469609.3.peg.1642-MONOMER,0.0,3.5342496647286156e-36
3OAR13M14_FWD_469609.3.peg.1642-MONOMER,0.0,-5.199890621385456e-07
3OAR140_REV_469609.3.peg.1436-MONOMER,0.0,-1.4304885503236168e-08
3OAR140_FWD_469609.3.peg.1436-MONOMER,0.0,-4.4079079762692953e-07
3OAR140_REV_469609.3.peg.1642-MONOMER,0.0,-2.9212610132941003e-35
3OAR140_FWD_469609.3.peg.1642-MONOMER,0.0,-4.2648591212369333e-07
3OAR14M15_REV_469609.3.peg.1436-MONOMER,0.0,-1.4304885503236168e-08
3OAR14M15_FWD_469609.3.peg.1436-MONOMER,0.0,-5.342939476417818e-07
3OAR14M15_REV_469609.3.peg.1642-MONOMER,0.0,1.9907679563563424e-35
3OAR14M15_FWD_469609.3.peg.1642-MONOMER,0.0,-5.199890621385456e-07
3OAR14M16_REV_469609.3.peg.1436-MONOMER,0.0,-5.342939476417818e-07
3OAR14M16_FWD_469609.3.peg.1436-MONOMER,0.0,-1.4304885503236168e-08
3OAR14M16_REV_469609.3.peg.1642-MONOMER,0.0,-5.199890621385456e-07
3OAR14M16_FWD_469609.3.peg.1642-MONOMER,0.0,-7.833289982944542e-35
3OAR15M16_REV_469609.3.peg.1436-MONOMER,0.0,-1.4304885503236168e-08
3OAR15M16_FWD_469609.3.peg.1436-MONOMER,0.0,-5.342939476417818e-07
3OAR15M16_REV_469609.3.peg.1642-MONOMER,0.0,1.9907679563563424e-35
3OAR15M16_FWD_469609.3.peg.1642-MONOMER,0.0,-5.199890621385456e-07
3OAR160_REV_469609.3.peg.1436-MONOMER,0.0,-1.4304885503236168e-08
3OAR160_FWD_469609.3.peg.1436-MONOMER,0.0,-4.3494928587864524e-07
3OAR160_REV_469609.3.peg.1642-MONOMER,0.0,-2.9212610132941003e-35
3OAR160_FWD_469609.3.peg.1642-MONOMER,0.0,-4.206444003754091e-07
3OAR180_REV_469609.3.peg.1436-MONOMER,0.0,-1.4304885503236168e-08
3OAR180_FWD_469609.3.peg.1436-MONOMER,0.0,-4.349494291840343e-07
3OAR180_REV_469609.3.peg.1642-MONOMER,0.0,3.6281109462398234e-35
3OAR180_FWD_469609.3.peg.1642-MONOMER,0.0,-4.2064454368079813e-07
3OAR40_REV_469609.3.peg.1436-MONOMER,0.0,-1.4304885503236168e-08
3OAR40_FWD_469609.3.peg.1436-MONOMER,0.0,-4.2910851507048905e-07
3OAR40_REV_469609.3.peg.1642-MONOMER,0.0,-2.9212610132941003e-35
3OAR40_FWD_469609.3.peg.1642-MONOMER,0.0,-4.148036295672529e-07
3OAR4M5_REV_469609.3.peg.1436-MONOMER,0.0,-1.4304885503236168e-08
3OAR4M5_FWD_469609.3.peg.1436-MONOMER,0.0,-5.342939476417818e-07
3OAR4M5_REV_469609.3.peg.1642-MONOMER,0.0,8.540139915890266e-35
3OAR4M5_FWD_469609.3.peg.1642-MONOMER,0.0,-5.199890621385456e-07
3OAR4M6_REV_469609.3.peg.1436-MONOMER,0.0,-1.4304885503236168e-08
3OAR4M6_FWD_469609.3.peg.1436-MONOMER,0.0,-5.342939476417818e-07
3OAR4M6_REV_469609.3.peg.1642-MONOMER,0.0,2.163888383495811e-34
3OAR4M6_FWD_469609.3.peg.1642-MONOMER,0.0,-5.199890621385456e-07
3OAR5M6_REV_469609.3.peg.1436-MONOMER,0.0,-1.4304885503236168e-08
3OAR5M6_FWD_469609.3.peg.1436-MONOMER,0.0,-5.342939476417818e-07
3OAR5M6_REV_469609.3.peg.1642-MONOMER,0.0,3.5342496647286156e-36
3OAR5M6_FWD_469609.3.peg.1642-MONOMER,0.0,-5.199890621385456e-07
3OAR60_REV_469609.3.peg.1436-MONOMER,0.0,-1.4304885503236168e-08
3OAR60_FWD_469609.3.peg.1436-MONOMER,0.0,-5.355920245882792e-07
3OAR60_REV_469609.3.peg.1642-MONOMER,0.0,1.5814322088854722e-35
3OAR60_FWD_469609.3.peg.1642-MONOMER,0.0,-5.21287139085043e-07
3OAR6M7_REV_469609.3.peg.1436-MONOMER,0.0,-1.4304885503236168e-08
3OAR6M7_FWD_469609.3.peg.1436-MONOMER,0.0,-5.342939476417818e-07
3OAR6M7_REV_469609.3.peg.1642-MONOMER,0.0,3.5342496647286156e-36
3OAR6M7_FWD_469609.3.peg.1642-MONOMER,0.0,-5.199890621385456e-07
3OAR6M8_REV_469609.3.peg.1436-MONOMER,0.0,-1.4304885503236168e-08
3OAR6M8_FWD_469609.3.peg.1436-MONOMER,0.0,-5.342939476417818e-07
3OAR6M8_REV_469609.3.peg.1642-MONOMER,0.0,3.5342496647286156e-36
3OAR6M8_FWD_469609.3.peg.1642-MONOMER,0.0,-5.199890621385456e-07
3OAR7M8_REV_469609.3.peg.1436-MONOMER,0.0,-1.4304885503236168e-08
3OAR7M8_FWD_469609.3.peg.1436-MONOMER,0.0,-5.342939476417818e-07
3OAR7M8_REV_469609.3.peg.1642-MONOMER,0.0,3.5342496647286156e-36
3OAR7M8_FWD_469609.3.peg.1642-MONOMER,0.0,-5.199890621385456e-07
3OAR80_REV_469609.3.peg.1436-MONOMER,0.0,-1.4304885503236168e-08
3OAR80_FWD_469609.3.peg.1436-MONOMER,0.0,-5.355920245882792e-07
3OAR80_REV_469609.3.peg.1642-MONOMER,0.0,1.5814322088854722e-35
3OAR80_FWD_469609.3.peg.1642-MONOMER,0.0,-5.21287139085043e-07
3OAR8M10_REV_469609.3.peg.1436-MONOMER,0.0,-1.4304885503236168e-08
3OAR8M10_FWD_469609.3.peg.1436-MONOMER,0.0,-5.342939476417818e-07
3OAR8M10_REV_469609.3.peg.1642-MONOMER,0.0,3.5342496647286156e-36
3OAR8M10_FWD_469609.3.peg.1642-MONOMER,0.0,-5.199890621385456e-07
3OAR8M9_REV_469609.3.peg.1436-MONOMER,0.0,-1.4304885503236168e-08
3OAR8M9_FWD_469609.3.peg.1436-MONOMER,0.0,-5.342939476417818e-07
3OAR8M9_REV_469609.3.peg.1642-MONOMER,0.0,3.5342496647286156e-36
3OAR8M9_FWD_469609.3.peg.1642-MONOMER,0.0,-5.199890621385456e-07
3OAR9M10_REV_469609.3.peg.1436-MONOMER,0.0,-1.4304885503236168e-08
3OAR9M10_FWD_469609.3.peg.1436-MONOMER,0.0,-5.342939476417818e-07
3OAR9M10_REV_469609.3.peg.1642-MONOMER,0.0,3.5342496647286156e-36
3OAR9M10_FWD_469609.3.peg.1642-MONOMER,0.0,-5.199890621385456e-07
3OAS100_REV_CPLX_3OAS100-0,0.0,-6.944967149400637e-07
3OAS100_FWD_CPLX_3OAS100-0,0.0,-5.661800458772348e-35
3OAS10M11_REV_CPLX_3OAS100-0,0.0,-6.970927476836481e-07
3OAS10M11_FWD_CPLX_3OAS100-0,0.0,-1.976613544889365e-35
3OAS10M12_REV_CPLX_3OAS100-0,0.0,-6.970927476836481e-07
3OAS10M12_FWD_CPLX_3OAS100-0,0.0,-1.976613544889365e-35
3OAS11M12_REV_CPLX_3OAS100-0,0.0,-6.970927476836481e-07
3OAS11M12_FWD_CPLX_3OAS100-0,0.0,8.743930204588405e-35
3OAS120_REV_CPLX_3OAS100-0,0.0,-6.944967149400637e-07
3OAS120_FWD_CPLX_3OAS100-0,0.0,-7.33688541962825e-35
3OAS12M13_REV_CPLX_3OAS100-0,0.0,-6.970927476836481e-07
3OAS12M13_FWD_CPLX_3OAS100-0,0.0,1.410420207932729e-34
3OAS12M14_REV_CPLX_3OAS100-0,0.0,-6.970927476836481e-07
3OAS12M14_FWD_CPLX_3OAS100-0,0.0,1.410420207932729e-34
3OAS13M14_REV_CPLX_3OAS100-0,0.0,-6.970927476836481e-07
3OAS13M14_FWD_CPLX_3OAS100-0,0.0,1.410420207932729e-34
3OAS140_REV_CPLX_3OAS100-0,0.0,-5.996954879787141e-07
3OAS140_FWD_CPLX_3OAS100-0,0.0,8.743930204588405e-35
3OAS160_REV_CPLX_3OAS100-0,0.0,-5.262052363219674e-07
3OAS160_FWD_CPLX_3OAS100-0,0.0,-6.764874856992093e-08
3OAS180_REV_CPLX_3OAS100-0,0.0,-5.938541195358189e-07
3OAS180_FWD_CPLX_3OAS100-0,0.0,-7.33688541962825e-35
3OAS2M3_REV_CPLX_3OAS100-0,0.0,-6.970927476836481e-07
3OAS2M3_FWD_CPLX_3OAS100-0,0.0,-1.976613544889365e-35
3OAS3M4_REV_CPLX_3OAS100-0,0.0,-6.970927476836481e-07
3OAS3M4_FWD_CPLX_3OAS100-0,0.0,8.743930204588405e-35
3OAS4M3O6_REV_CPLX_3OAS100-0,0.0,-6.970927476836481e-07
3OAS4M3O6_FWD_CPLX_3OAS100-0,0.0,8.743930204588405e-35
3OAS4M5_REV_CPLX_3OAS100-0,0.0,-6.970927476836481e-07
3OAS4M5_FWD_CPLX_3OAS100-0,0.0,-1.976613544889365e-35
3OAS4M6_REV_CPLX_3OAS100-0,0.0,-6.970927476836481e-07
3OAS4M6_FWD_CPLX_3OAS100-0,0.0,-1.976613544889365e-35
3OAS5M6_REV_CPLX_3OAS100-0,0.0,-6.970927476836481e-07
3OAS5M6_FWD_CPLX_3OAS100-0,0.0,-1.976613544889365e-35
3OAS60_REV_CPLX_3OAS100-0,0.0,-6.944967149400637e-07
3OAS60_FWD_CPLX_3OAS100-0,0.0,-5.661800458772348e-35
3OAS6M7_REV_CPLX_3OAS100-0,0.0,-6.970927476836481e-07
3OAS6M7_FWD_CPLX_3OAS100-0,0.0,-1.976613544889365e-35
3OAS6M8_REV_CPLX_3OAS100-0,0.0,-6.970927476836481e-07
3OAS6M8_FWD_CPLX_3OAS100-0,0.0,-1.976613544889365e-35
3OAS7M8_REV_CPLX_3OAS100-0,0.0,-6.970927476836481e-07
3OAS7M8_FWD_CPLX_3OAS100-0,0.0,-1.976613544889365e-35
3OAS80_REV_CPLX_3OAS100-0,0.0,-6.944967149400637e-07
3OAS80_FWD_CPLX_3OAS100-0,0.0,-2.981664521402906e-35
3OAS8M10_REV_CPLX_3OAS100-0,0.0,-6.970927476836481e-07
3OAS8M10_FWD_CPLX_3OAS100-0,0.0,-1.976613544889365e-35
3OAS8M9_REV_CPLX_3OAS100-0,0.0,-6.970927476836481e-07
3OAS8M9_FWD_CPLX_3OAS100-0,0.0,-1.976613544889365e-35
3OAS9M10_REV_CPLX_3OAS100-0,0.0,-6.970927476836481e-07
3OAS9M10_FWD_CPLX_3OAS100-0,0.0,-1.976613544889365e-35
4HTHRS_REV_469609.3.peg.145-MONOMER_mod_pydx5p(1),0.0,-4.323057825885128e-07
4HTHRS_FWD_469609.3.peg.145-MONOMER_mod_pydx5p(1),-2.7976263023221837e-35,-4.913050566908516e-37
5AIZCDC_REV_CPLX_5AIZCDC-0,0.0,0.020276355309565727
5AIZCDC_FWD_CPLX_5AIZCDC-0,0.0,-0.020276923534723573
5MTHCYST_REV_469609.3.peg.328-MONOMER_mod_zn2(1),0.0,-4.5946621191692316e-07
5MTHCYST_FWD_469609.3.peg.328-MONOMER_mod_zn2(1),0.0,2.011079324454078e-35
6PGALSZ2i_REV_469609.3.peg.1471-MONOMER,0.0,1.352588510580825e-06
6PGALSZ2i_FWD_469609.3.peg.1471-MONOMER,0.0,1.6559903172517916e-35
6PHBG_REV_469609.3.peg.312-MONOMER,0.0,-3.6595920048874657e-07
6PHBG_FWD_469609.3.peg.312-MONOMER,0.0,-6.649960707339955e-36
6PHBG_REV_469609.3.peg.297-MONOMER,0.0,-3.806882029605913e-07
6PHBG_FWD_469609.3.peg.297-MONOMER,0.0,-1.4729002471844722e-08
6PHBG2_REV_469609.3.peg.312-MONOMER,0.0,-3.6595920048874657e-07
6PHBG2_FWD_469609.3.peg.312-MONOMER,0.0,-6.649960707339955e-36
6PHBG2_REV_469609.3.peg.297-MONOMER,0.0,-3.806882029605913e-07
6PHBG2_FWD_469609.3.peg.297-MONOMER,0.0,-1.4729002471844722e-08
AACPS7_REV_CPLX_dummy,0.0,-1.4504494117933163e-07
AACPS7_FWD_CPLX_dummy,0.0,-8.081383964025691e-35
AADSACYCL_REV_CPLX_dummy,0.0,-2.56071539839358e-07
AADSACYCL_FWD_CPLX_dummy,0.0,-3.5604027679124786e-37
AB6PGH_REV_469609.3.peg.312-MONOMER,0.0,-3.6595920048874657e-07
AB6PGH_FWD_469609.3.peg.312-MONOMER,0.0,2.1157120653269335e-37
AB6PGH_REV_469609.3.peg.297-MONOMER,0.0,-3.806882029605913e-07
AB6PGH_FWD_469609.3.peg.297-MONOMER,0.0,-1.4729002471844722e-08
AB6PGH2_REV_469609.3.peg.312-MONOMER,0.0,-3.6595920048874657e-07
AB6PGH2_FWD_469609.3.peg.312-MONOMER,0.0,2.1157120653269335e-37
AB6PGH2_REV_469609.3.peg.297-MONOMER,0.0,-3.806882029605913e-07
AB6PGH2_FWD_469609.3.peg.297-MONOMER,0.0,-1.4729002471844722e-08
ABTOXy_REV_469609.3.peg.558-MONOMER,0.0,-4.638845939618574e-07
ABTOXy_FWD_469609.3.peg.558-MONOMER,0.0,-4.6153549620213104e-35
ACACT1r_REV_CPLX_dummy,0.0,-2.56071539839358e-07
ACACT1r_FWD_CPLX_dummy,0.030476767101303443,3.0646998495394667e-35
ACALD_REV_469609.3.peg.124-MONOMER_mod_fe2(1),0.21885862363103395,-1.8823946733589408e-35
ACALD_FWD_469609.3.peg.124-MONOMER_mod_fe2(1),0.0,-1.786146803651624e-06
ACALDt_REV_CPLX_dummy,0.0,1.1522810745300647e-36
ACALDt_FWD_CPLX_dummy,0.0,-2.56071539839358e-07
ACCOACL_REV_CPLX_ACCOACL-0,0.0,-4.2636070641676555e-07
ACCOACL_FWD_CPLX_ACCOACL-0,0.0,-4.848385392600141e-35
ACEDIPIT_REV_469609.3.peg.44-MONOMER,0.0,-1.7543895171488985e-07
ACEDIPIT_FWD_469609.3.peg.44-MONOMER,0.0,-1.6728965891065866e-35
ACGAMT_REV_469609.3.peg.1665-MONOMER_mod_mg2(1),0.0,-3.9550426452574506e-07
ACGAMT_FWD_469609.3.peg.1665-MONOMER_mod_mg2(1),0.0,-9.310936420727221e-35
ACGK_REV_469609.3.peg.1526-MONOMER_mod_mg2(1),0.0,-4.3263866959100345e-07
ACGK_FWD_469609.3.peg.1526-MONOMER_mod_mg2(1),0.008693923002177268,-7.959754839015269e-36
ACGS_REV_469609.3.peg.1527-MONOMER,0.0,-7.087524132254765e-07
ACGS_FWD_469609.3.peg.1527-MONOMER,0.0,2.2217106842389128e-35
ACHBPL_REV_CPLX_ACHBPL-0,0.0,-5.702765760396333e-07
ACHBPL_FWD_CPLX_ACHBPL-0,2.0195987855547443e-05,-7.518707405488614e-36
ACKr_REV_469609.3.peg.2111-MONOMER_mod_mg2(1),2.7460437885253666,-4.549859990416244e-34
ACKr_FWD_469609.3.peg.2111-MONOMER_mod_mg2(1),0.0,-5.309182264243882e-07
ACLDC_REV_469609.3.peg.943-MONOMER,0.0,0.02027510879309776
ACLDC_FWD_469609.3.peg.943-MONOMER,0.0,-0.02027521545892281
ACLS_a_REV_CPLX_ACHBPL-0,0.0,-5.412098278591746e-07
ACLS_a_FWD_CPLX_ACHBPL-0,0.0,-2.9066748180458643e-08
ACLS_b_REV_CPLX_ACHBPL-0,0.0,-5.702765760396333e-07
ACLS_b_FWD_CPLX_ACHBPL-0,3.8548336522541393e-22,1.7491877856103312e-33
ACNML_REV_469609.3.peg.129-MONOMER,0.0,1.6705024584340194e-06
ACNML_FWD_469609.3.peg.129-MONOMER,0.0,-3.0857833387350457e-36
ACOAAGPAT140_REV_469609.3.peg.1555-MONOMER,0.0,1.2015871109424494e-06
ACOAAGPAT140_FWD_469609.3.peg.1555-MONOMER,0.0,-1.7001648174548516e-07
ACOAAGPAT160_REV_469609.3.peg.1555-MONOMER,0.0,1.0315706291969642e-06
ACOAAGPAT160_FWD_469609.3.peg.1555-MONOMER,0.0,1.4482029378720158e-35
ACOAAGPAT180_REV_469609.3.peg.1555-MONOMER,0.0,1.0315706291969642e-06
ACOAAGPAT180_FWD_469609.3.peg.1555-MONOMER,0.0,5.609437054689819e-35
ACOAAGPATAI15_REV_469609.3.peg.1555-MONOMER,0.0,1.0315706291969642e-06
ACOAAGPATAI15_FWD_469609.3.peg.1555-MONOMER,0.0,8.209618870041159e-35
ACOAAGPATAI17_REV_469609.3.peg.1555-MONOMER,0.0,1.0315706291969642e-06
ACOAAGPATAI17_FWD_469609.3.peg.1555-MONOMER,0.0,7.169899848496494e-35
ACOAAGPATI14_REV_469609.3.peg.1555-MONOMER,0.0,1.0315706291969642e-06
ACOAAGPATI14_FWD_469609.3.peg.1555-MONOMER,0.0,5.354405369307132e-35
ACOAAGPATI15_REV_469609.3.peg.1555-MONOMER,0.0,1.0315706291969642e-06
ACOAAGPATI15_FWD_469609.3.peg.1555-MONOMER,0.0,5.354405369307132e-35
ACOAAGPATI16_REV_469609.3.peg.1555-MONOMER,0.0,1.0315706291969642e-06
ACOAAGPATI16_FWD_469609.3.peg.1555-MONOMER,0.0,-6.06644863362898e-35
ACOAAGPATI17_REV_469609.3.peg.1555-MONOMER,0.0,1.0315706291969642e-06
ACOAAGPATI17_FWD_469609.3.peg.1555-MONOMER,0.0,3.008665731678692e-35
ACOAD1_REV_469609.3.peg.1633-MONOMER,0.0,-5.110778412521848e-07
ACOAD1_FWD_469609.3.peg.1633-MONOMER,0.0,4.3187372337658984e-36
ACOAD20_REV_469609.3.peg.1633-MONOMER,0.0,-5.110778412521848e-07
ACOAD20_FWD_469609.3.peg.1633-MONOMER,0.0,2.6559078045933368e-36
ACOADH2_REV_469609.3.peg.1633-MONOMER,0.0,-5.110778412521848e-07
ACOADH2_FWD_469609.3.peg.1633-MONOMER,0.0,2.6559078045933368e-36
ACOATA_REV_CPLX_3OAS100-0,0.0,-6.938476272867374e-07
ACOATA_FWD_CPLX_3OAS100-0,0.0,-4.3072812729585077e-36
ACOCT_REV_469609.3.peg.1543-MONOMER,0.0,-4.606769224672813e-07
ACOCT_FWD_469609.3.peg.1543-MONOMER,0.0,-4.390894035436063e-36
ACONT_REV_469609.3.peg.1564-MONOMER_mod_4fe4s(1),0.0,-6.877964308699669e-07
ACONT_FWD_469609.3.peg.1564-MONOMER_mod_4fe4s(1),-9.88440488175901e-23,8.258259762832153e-36
ACONTa_REV_469609.3.peg.1564-MONOMER_mod_4fe4s(1),0.0,-3.4389821543498343e-07
ACONTa_FWD_469609.3.peg.1564-MONOMER_mod_4fe4s(1),0.0,-3.4389821543498343e-07
ACONTb_REV_469609.3.peg.1564-MONOMER_mod_4fe4s(1),0.0,-6.877964308699669e-07
ACONTb_FWD_469609.3.peg.1564-MONOMER_mod_4fe4s(1),0.0,1.5802161544522128e-35
ACOTA_REV_CPLX_ACOTA-0,0.008693923002177268,3.72818112662923e-35
ACOTA_FWD_CPLX_ACOTA-0,0.0,-3.8107185539835204e-07
ACPS1_REV_469609.3.peg.431-MONOMER_mod_mg2(1),0.0,1.1257327493403257e-06
ACPS1_FWD_469609.3.peg.431-MONOMER_mod_mg2(1),0.0,-2.25401016741344e-09
ACPS1_REV_469609.3.peg.431-MONOMER_mod_mn2(1),0.0,1.1279867595077393e-06
ACPS1_FWD_469609.3.peg.431-MONOMER_mod_mn2(1),-1.623166670802749e-24,1.3091246835715276e-34
ACTD_REV_469609.3.peg.717-MONOMER,0.0,0.03548279308241303
ACTD_FWD_469609.3.peg.717-MONOMER,0.0,-0.03548279308241303
ACTNDH_REV_CPLX_ACTNDH-0,0.0,-1.3207664964890955e-35
ACTNDH_FWD_CPLX_ACTNDH-0,0.0,-7.656750399450436e-07
ACt2r_REV_CPLX_dummy,2.7460639845132224,5.383580045692772e-37
ACt2r_FWD_CPLX_dummy,0.0,-2.56071539839358e-07
ADCL_REV_469609.3.peg.325-MONOMER,0.0,-2.3495215426421284e-07
ADCL_FWD_469609.3.peg.325-MONOMER,0.0,1.1566269378076938e-35
ADCS_REV_469609.3.peg.1144-MONOMER,0.0,-1.8124198032147392e-07
ADCS_FWD_469609.3.peg.1144-MONOMER,-6.085926726095599e-35,-9.909614146292359e-36
ADCS_REV_469609.3.peg.325-MONOMER,0.0,-2.080970672928434e-07
ADCS_FWD_469609.3.peg.325-MONOMER,0.0,-2.685508697136946e-08
ADK1_REV_469609.3.peg.1938-MONOMER_mod_mg2(1),0.0,-1.213507285727789e-07
ADK1_FWD_469609.3.peg.1938-MONOMER_mod_mg2(1),0.5281614476715873,-4.61774462958451e-36
ADK10_REV_469609.3.peg.1938-MONOMER_mod_mg2(1),0.0017030574720834333,-2.489782216132889e-36
ADK10_FWD_469609.3.peg.1938-MONOMER_mod_mg2(1),0.0,-1.213507285727789e-07
ADK11_REV_469609.3.peg.1938-MONOMER_mod_mg2(1),0.0,-1.213507285727789e-07
ADK11_FWD_469609.3.peg.1938-MONOMER_mod_mg2(1),0.0020862236918203817,-1.3375789776109205e-35
ADK2_REV_469609.3.peg.1938-MONOMER_mod_mg2(1),0.0,-2.489782216132889e-36
ADK2_FWD_469609.3.peg.1938-MONOMER_mod_mg2(1),0.0,-1.213507285727789e-07
ADK3_REV_469609.3.peg.1938-MONOMER_mod_mg2(1),0.4100832416846666,-1.2626473032262993e-35
ADK3_FWD_469609.3.peg.1938-MONOMER_mod_mg2(1),0.0,-1.213507285727789e-07
ADK5_REV_469609.3.peg.1938-MONOMER_mod_mg2(1),0.010609286843084915,1.9282232903819744e-35
ADK5_FWD_469609.3.peg.1938-MONOMER_mod_mg2(1),0.0,-1.213507285727789e-07
ADK7_REV_469609.3.peg.1938-MONOMER_mod_mg2(1),0.0,-4.4618840171363096e-08
ADK7_FWD_469609.3.peg.1938-MONOMER_mod_mg2(1),0.0,-7.67318884014158e-08
ADK8_REV_469609.3.peg.1938-MONOMER_mod_mg2(1),0.0011827721655172459,-2.489782216132889e-36
ADK8_FWD_469609.3.peg.1938-MONOMER_mod_mg2(1),0.0,-1.213507285727789e-07
ADK9_REV_469609.3.peg.1938-MONOMER_mod_mg2(1),0.0,-1.213507285727789e-07
ADK9_FWD_469609.3.peg.1938-MONOMER_mod_mg2(1),0.0,8.396225343843427e-36
ADNCYC_REV_469609.3.peg.1195-MONOMER,0.0,1.23998270530635e-06
ADNCYC_FWD_469609.3.peg.1195-MONOMER,0.0,-8.274003777999127e-36
ADOCBLabc_REV_CPLX_ADOCBLabc-0,0.0,7.496444118815133e-07
ADOCBLabc_FWD_CPLX_ADOCBLabc-0,0.0,1.966565488997852e-35
ADPRDP_REV_469609.3.peg.1431-MONOMER,0.0,1.3753613264020979e-06
ADPRDP_FWD_469609.3.peg.1431-MONOMER,0.0,1.9891257966799937e-33
ADPT_REV_469609.3.peg.814-MONOMER_mod_mn2(1),0.0,-1.343012023421554e-07
ADPT_FWD_469609.3.peg.814-MONOMER_mod_mn2(1),2.0195987855547443e-05,-7.286175703621068e-36
ADPT_REV_469609.3.peg.814-MONOMER_mod_mg2(1),0.0,-1.367514976445053e-07
ADPT_FWD_469609.3.peg.814-MONOMER_mod_mg2(1),0.0,-2.450295302349923e-09
ADSL1r_REV_469609.3.peg.2052-MONOMER,0.0,-3.811018325475797e-07
ADSL1r_FWD_469609.3.peg.2052-MONOMER,0.004007171247381058,7.783926662619528e-35
ADSL2r_REV_469609.3.peg.2052-MONOMER,0.0,-3.811018325475797e-07
ADSL2r_FWD_469609.3.peg.2052-MONOMER,0.0,2.2011595386432965e-37
ADSS_REV_469609.3.peg.1962-MONOMER_mod_mg2(1),0.0,-8.289878037881026e-07
ADSS_FWD_469609.3.peg.1962-MONOMER_mod_mg2(1),0.004007171247381058,-2.4328269117457807e-34
AGDC_REV_469609.3.peg.556-MONOMER_mod_zn2(1),0.0,1.5973250054514445e-06
AGDC_FWD_469609.3.peg.556-MONOMER_mod_zn2(1),0.0,1.523781883833023e-36
AGPAT120_REV_469609.3.peg.1555-MONOMER,0.0,1.1425972278569905e-06
AGPAT120_FWD_469609.3.peg.1555-MONOMER,0.0,6.501311348403622e-35
AGPAT140_REV_469609.3.peg.1555-MONOMER,0.0,1.1455179748826937e-06
AGPAT140_FWD_469609.3.peg.1555-MONOMER,0.0,-1.355839999276248e-34
AGPAT141_REV_469609.3.peg.1555-MONOMER,0.0,1.1387032516358617e-06
AGPAT141_FWD_469609.3.peg.1555-MONOMER,0.0,-1.852590986517453e-36
AGPAT160_REV_469609.3.peg.1555-MONOMER,0.0,1.2015871109424494e-06
AGPAT160_FWD_469609.3.peg.1555-MONOMER,0.0,-5.6069199050987226e-08
AGPAT161_REV_469609.3.peg.1555-MONOMER,0.0,1.1387032516358617e-06
AGPAT161_FWD_469609.3.peg.1555-MONOMER,0.0,6.501311348403622e-35
AGPAT180_REV_469609.3.peg.1555-MONOMER,0.0,1.1455179970455075e-06
AGPAT180_FWD_469609.3.peg.1555-MONOMER,0.0,-1.852590986517453e-36
AGPAT181_REV_469609.3.peg.1555-MONOMER,0.0,1.1387032516358617e-06
AGPAT181_FWD_469609.3.peg.1555-MONOMER,0.0,-1.852590986517453e-36
AGPR_REV_469609.3.peg.1528-MONOMER,0.008693923002177268,3.382916234864568e-36
AGPR_FWD_469609.3.peg.1528-MONOMER,0.0,-1.730016746149289e-07
AHCYSNS_r_REV_469609.3.peg.1429-MONOMER,0.0,-3.668852819274373e-07
AHCYSNS_r_FWD_469609.3.peg.1429-MONOMER,2.0195987855547443e-05,2.2265782464535437e-37
AHEXASE3_REV_469609.3.peg.1975-MONOMER,0.0,-2.981674500879097e-07
AHEXASE3_FWD_469609.3.peg.1975-MONOMER,0.0,-2.981674500879097e-07
AHEXASE3_REV_469609.3.peg.419-MONOMER,2.37740876967178e-31,0.0
AHEXASE3_FWD_469609.3.peg.419-MONOMER,2.37740876967178e-31,0.0
AHSERL2_REV_469609.3.peg.1296-MONOMER,0.0,9.074863537805038e-08
AHSERL2_FWD_469609.3.peg.1296-MONOMER,0.0,-6.72222646380765e-07
AHSERL3_REV_469609.3.peg.1296-MONOMER,2.0195987855547443e-05,-1.2864139053756376e-35
AHSERL3_FWD_469609.3.peg.1296-MONOMER,0.0,-6.72222646380765e-07
AICART_REV_469609.3.peg.54-MONOMER,0.0,-6.060956218167894e-07
AICART_FWD_469609.3.peg.54-MONOMER,0.0,-4.980110399225807e-34
AIHPDCOATA_REV_469609.3.peg.1643-MONOMER,0.0,-5.763166287841434e-35
AIHPDCOATA_FWD_469609.3.peg.1643-MONOMER,0.0,-2.803010849672137e-07
AIPDCOATA_REV_469609.3.peg.1643-MONOMER,0.0,-5.763166287841434e-35
AIPDCOATA_FWD_469609.3.peg.1643-MONOMER,0.0,-2.803010849672137e-07
AIRC4_REV_CPLX_5AIZCDC-0,0.0,-5.682251578447929e-07
AIRC4_FWD_CPLX_5AIZCDC-0,0.0,-1.6954841015413045e-36
AKP1_REV_CPLX_dummy,0.0,0.09124314475353511
AKP1_FWD_CPLX_dummy,0.0,-0.09124340082507496
ALAALA_REV_469609.3.peg.1411-MONOMER,0.0,1.3324152951682223e-06
ALAALA_FWD_469609.3.peg.1411-MONOMER,0.0,8.704035826256257e-36
ALAASP1c_REV_469609.3.peg.1888-MONOMER,0.0,-2.603208214857428e-07
ALAASP1c_FWD_469609.3.peg.1888-MONOMER,1.2003642720840495e-23,-3.206482016391802e-36
ALAASP1c_REV_469609.3.peg.1360-MONOMER_mod_fe2(2),0.0,-3.434494298310566e-07
ALAASP1c_FWD_469609.3.peg.1360-MONOMER_mod_fe2(2),0.0,-8.31286083453138e-08
ALAASPabc_REV_CPLX_ALAASPabc-0,0.0,-7.838261930451902e-07
ALAASPabc_FWD_CPLX_ALAASPabc-0,1.2003642720840495e-23,7.208913475775603e-36
ALACI_REV_469609.3.peg.535-MONOMER_mod_mg2(1),0.0,-4.694443081486245e-07
ALACI_FWD_469609.3.peg.535-MONOMER_mod_mg2(1),-3.8548336522541393e-22,2.510038735225808e-36
ALAD_R_REV_469609.3.peg.1095-MONOMER,0.0,-6.593193431881003e-07
ALAD_R_FWD_469609.3.peg.1095-MONOMER,0.9851620047554724,1.060767465094067e-33
ALAGLN1c_REV_469609.3.peg.1888-MONOMER,7.636450307849636e-23,1.5497575356076355e-34
ALAGLN1c_FWD_469609.3.peg.1888-MONOMER,0.0,-2.603208214857428e-07
ALAGLN1c_REV_469609.3.peg.1360-MONOMER_mod_fe2(2),0.0,-8.31286083453138e-08
ALAGLN1c_FWD_469609.3.peg.1360-MONOMER_mod_fe2(2),0.0,-3.434494298310566e-07
ALAGLNabc_REV_CPLX_ALAASPabc-0,0.0,1.5335889112362018e-06
ALAGLNabc_FWD_CPLX_ALAASPabc-0,0.0,-2.317415104281392e-06
ALAGLU1c_REV_469609.3.peg.1888-MONOMER,0.0,9.175679893127948e-37
ALAGLU1c_FWD_469609.3.peg.1888-MONOMER,0.0,-2.603208214857428e-07
ALAGLU1c_REV_469609.3.peg.1360-MONOMER_mod_fe2(2),0.0,-8.31286083453138e-08
ALAGLU1c_FWD_469609.3.peg.1360-MONOMER_mod_fe2(2),0.0,-3.434494298310566e-07
ALAGLUabc_REV_CPLX_ALAASPabc-0,0.0,1.7896604510755598e-06
ALAGLUabc_FWD_CPLX_ALAASPabc-0,0.0,-2.57348664412075e-06
ALAGLY1c_REV_469609.3.peg.1888-MONOMER,0.0,-2.603208214857428e-07
ALAGLY1c_FWD_469609.3.peg.1888-MONOMER,0.0,8.02652987467507e-38
ALAGLY1c_REV_469609.3.peg.1360-MONOMER_mod_fe2(2),0.0,-3.434494298310566e-07
ALAGLY1c_FWD_469609.3.peg.1360-MONOMER_mod_fe2(2),0.0,-8.31286083453138e-08
ALAGLYabc_REV_CPLX_ALAASPabc-0,0.0,-7.838261930451902e-07
ALAGLYabc_FWD_CPLX_ALAASPabc-0,0.0,-2.245250423050536e-35
ALAHIS1c_REV_469609.3.peg.1888-MONOMER,0.0,-2.603208214857428e-07
ALAHIS1c_FWD_469609.3.peg.1888-MONOMER,0.0,1.2341662872273165e-36
ALAHIS1c_REV_469609.3.peg.1360-MONOMER_mod_fe2(2),0.0,-3.434494298310566e-07
ALAHIS1c_FWD_469609.3.peg.1360-MONOMER_mod_fe2(2),0.0,-8.31286083453138e-08
ALAHISabc_REV_CPLX_ALAASPabc-0,0.0,-7.838261930451902e-07
ALAHISabc_FWD_CPLX_ALAASPabc-0,0.0,-7.62179537736488e-36
ALALEU1c_REV_469609.3.peg.1888-MONOMER,0.0,-2.3683463210521255e-36
ALALEU1c_FWD_469609.3.peg.1888-MONOMER,0.0,-2.603208214857428e-07
ALALEU1c_REV_469609.3.peg.1360-MONOMER_mod_fe2(2),0.0,-8.31286083453138e-08
ALALEU1c_FWD_469609.3.peg.1360-MONOMER_mod_fe2(2),0.0,-3.434494298310566e-07
ALALEUabc_REV_CPLX_ALAASPabc-0,0.0,1.4496351415522705e-06
ALALEUabc_FWD_CPLX_ALAASPabc-0,0.0,-2.2334613345974606e-06
ALAPGPL_REV_CPLX_ALAPGPL-0,0.0,1.1690898313266521e-06
ALAPGPL_FWD_CPLX_ALAPGPL-0,-2.4199757399471886e-36,-3.181894286272249e-34
ALAR_REV_469609.3.peg.432-MONOMER_mod_pydx5p(1),0.0,-7.289384375093799e-07
ALAR_FWD_469609.3.peg.432-MONOMER_mod_pydx5p(1),-2.590725264629796e-34,-4.6386304273922556e-34
ALATHR1c_REV_469609.3.peg.1888-MONOMER,0.0,-2.603208214857428e-07
ALATHR1c_FWD_469609.3.peg.1888-MONOMER,0.0,-5.991756426411266e-36
ALATHR1c_REV_469609.3.peg.1360-MONOMER_mod_fe2(2),0.0,-3.434494298310566e-07
ALATHR1c_FWD_469609.3.peg.1360-MONOMER_mod_fe2(2),0.0,-8.31286083453138e-08
ALATHRabc_REV_CPLX_ALAASPabc-0,0.0,-7.838261930451902e-07
ALATHRabc_FWD_CPLX_ALAASPabc-0,0.0,7.208913475775603e-36
ALAt2r_REV_CPLX_dummy,0.0,-2.56071539839358e-07
ALAt2r_FWD_CPLX_dummy,1.0,-3.305930371044373e-36
ALCD19_REV_469609.3.peg.563-MONOMER,0.0,-6.134890157497564e-07
ALCD19_FWD_469609.3.peg.563-MONOMER,0.0,-2.2816500250587635e-35
ALCD19_REV_469609.3.peg.124-MONOMER_mod_fe2(1),0.0,-1.1998179097006902e-06
ALCD19_FWD_469609.3.peg.124-MONOMER_mod_fe2(1),0.0,-5.863288939509338e-07
ALCD19_REV_469609.3.peg.1807-MONOMER,0.0,-6.856511590264626e-07
ALCD19_FWD_469609.3.peg.1807-MONOMER,0.0,-7.216214327670617e-08
ALCD2x_REV_469609.3.peg.563-MONOMER,0.4308842451370491,1.979371081086751e-34
ALCD2x_FWD_469609.3.peg.563-MONOMER,0.0,-6.134890157497564e-07
ALCD2x_REV_469609.3.peg.124-MONOMER_mod_fe2(1),0.0,-5.863288939509338e-07
ALCD2x_FWD_469609.3.peg.124-MONOMER_mod_fe2(1),0.0,-1.1998179097006902e-06
ALCD2x_REV_469609.3.peg.1807-MONOMER,0.0,-7.216214327670617e-08
ALCD2x_FWD_469609.3.peg.1807-MONOMER,0.0,-6.856511590264626e-07
ALLTNRS_REV_CPLX_dummy,0.0,-2.56071539839358e-07
ALLTNRS_FWD_CPLX_dummy,0.0,-3.727715479005437e-38
ALLTNS_REV_CPLX_dummy,0.0,-2.56071539839358e-07
ALLTNS_FWD_CPLX_dummy,0.0,5.383580045692772e-37
AMAA_REV_469609.3.peg.1044-MONOMER,0.0,1.158048311729889e-06
AMAA_FWD_469609.3.peg.1044-MONOMER,0.0,3.1117543991231776e-36
AMALT1_REV_469609.3.peg.116-MONOMER,0.0,-4.5728721182739235e-07
AMALT1_FWD_469609.3.peg.116-MONOMER,0.0,-2.2602498415786393e-36
AMALT2_REV_469609.3.peg.116-MONOMER,0.0,-4.5728721182739235e-07
AMALT2_FWD_469609.3.peg.116-MONOMER,0.0,-2.2602498415786393e-36
AMALT3_REV_469609.3.peg.116-MONOMER,0.0,-4.5728721182739235e-07
AMALT3_FWD_469609.3.peg.116-MONOMER,0.0,-2.2602498415786393e-36
AMALT4_REV_469609.3.peg.116-MONOMER,0.0,-4.5728721182739235e-07
AMALT4_FWD_469609.3.peg.116-MONOMER,0.0,1.4884432614012212e-36
AMANAPEr_REV_469609.3.peg.128-MONOMER,0.0,-2.235897807002443e-07
AMANAPEr_FWD_469609.3.peg.128-MONOMER,0.0,-2.0649123668347298e-36
AMANK_REV_CPLX_AMANK-0,0.0,1.0943843244488662e-06
AMANK_FWD_CPLX_AMANK-0,0.0,1.5169053033753673e-35
AMOPBHL_REV_CPLX_dummy,0.0,-2.56071539839358e-07
AMOPBHL_FWD_CPLX_dummy,0.0,-3.727715479005437e-38
AMPTASECG_REV_469609.3.peg.1888-MONOMER,0.0,-2.603208214857428e-07
AMPTASECG_FWD_469609.3.peg.1888-MONOMER,0.000509702103326327,-1.4155341027866973e-34
AMPTASECG_REV_469609.3.peg.1360-MONOMER_mod_fe2(2),0.0,-3.434494298310566e-07
AMPTASECG_FWD_469609.3.peg.1360-MONOMER_mod_fe2(2),0.0,-8.31286083453138e-08
AMPTASEGC_REV_469609.3.peg.1888-MONOMER,0.0,-2.603208214857428e-07
AMPTASEGC_FWD_469609.3.peg.1888-MONOMER,0.0,-1.4155341027866973e-34
AMPTASEGC_REV_469609.3.peg.1360-MONOMER_mod_fe2(2),0.0,-3.434494298310566e-07
AMPTASEGC_FWD_469609.3.peg.1360-MONOMER_mod_fe2(2),0.0,-8.31286083453138e-08
ANPRT_REV_469609.3.peg.1143-MONOMER,0.0,-5.546347348580111e-07
ANPRT_FWD_469609.3.peg.1143-MONOMER,0.0007996059457802975,-6.401256768196366e-35
ANS_REV_CPLX_ANS-0,0.0,2.7853364715059466e-07
ANS_FWD_CPLX_ANS-0,0.0,-5.12143079678716e-07
ANS2_REV_CPLX_ANS-0,0.0,-2.3360943252812133e-07
ANS2_FWD_CPLX_ANS-0,0.0007996059457802975,7.304847051702534e-36
AOBUTDs_REV_CPLX_dummy,0.0,-2.56071539839358e-07
AOBUTDs_FWD_CPLX_dummy,0.0,-3.727715479005437e-38
AOXHEXCYCL_REV_CPLX_dummy,0.0,3.543923523528073e-41
AOXHEXCYCL_FWD_CPLX_dummy,0.0,-2.56071539839358e-07
APAT_REV_469609.3.peg.170-MONOMER,0.0,-7.799473292276865e-07
APAT_FWD_469609.3.peg.170-MONOMER,0.0,-7.063479882687617e-36
ARBTpts_REV_CPLX_ARBTpts-0,0.0,4.428784966676048e-07
ARBTpts_FWD_CPLX_ARBTpts-0,0.0,5.503017518224599e-37
ARBabc_REV_CPLX_ARBabc-0,0.0,4.7050357621207406e-07
ARBabc_FWD_CPLX_ARBabc-0,0.0,-8.19609707256499e-07
ARBabc_REV_469609.3.peg.372-MONOMER,0.0,1.290113283468573e-06
ARBabc_FWD_469609.3.peg.372-MONOMER,0.0,-4.3149319827994544e-35
ARBabc_REV_CPLX_ARBabc-1,0.0,4.551019644544344e-07
ARBabc_FWD_CPLX_ARBabc-1,0.0,-8.350113190141386e-07
ARGDA_REV_469609.3.peg.1544-MONOMER,0.0,0.04055185396960786
ARGDA_FWD_469609.3.peg.1544-MONOMER,0.0,-0.04055203282339722
ARGSL_REV_469609.3.peg.2052-MONOMER,0.0,-2.714118405461418e-08
ARGSL_FWD_469609.3.peg.2052-MONOMER,0.0,-3.5396064849296555e-07
ARGSL_REV_469609.3.peg.189-MONOMER,0.14130607699782272,-1.1723437635382692e-33
ARGSL_FWD_469609.3.peg.189-MONOMER,0.0,-3.2681946443835133e-07
ARGSSr_REV_469609.3.peg.188-MONOMER_mod_mg2(1),0.14130607699782272,2.1944430991721774e-35
ARGSSr_FWD_469609.3.peg.188-MONOMER_mod_mg2(1),0.0,-7.932937874786555e-07
ASAD_REV_469609.3.peg.610-MONOMER,0.0,-2.0324262881426454e-35
ASAD_FWD_469609.3.peg.610-MONOMER,0.0,-5.017253235295885e-07
ASNt2r_REV_CPLX_dummy,0.0,-2.56071539839358e-07
ASNt2r_FWD_CPLX_dummy,0.225,-5.014301404250893e-36
ASPCT_REV_469609.3.peg.706-MONOMER,0.0,0.08617010285632011
ASPCT_FWD_469609.3.peg.706-MONOMER,0.0,-0.08616845264965298
ASPKi_REV_469609.3.peg.1649-MONOMER,0.0,0.03041438690509509
ASPKi_FWD_469609.3.peg.1649-MONOMER,0.0,-0.030414862546652644
ASPT_REV_469609.3.peg.1649-MONOMER,0.0,-4.756415575521795e-07
ASPT_FWD_469609.3.peg.1649-MONOMER,0.13729890575044168,-1.2331388924665617e-35
ASPTA_REV_469609.3.peg.1693-MONOMER,0.0,-1.3285379238796623e-07
ASPTA_FWD_469609.3.peg.1693-MONOMER,0.4300841131993761,1.8861041629356346e-33
ASPTA_REV_469609.3.peg.1258-MONOMER,0.0,-2.543125087255909e-07
ASPTA_FWD_469609.3.peg.1258-MONOMER,0.0,-1.2145871633762472e-07
ASPTA_REV_469609.3.peg.438-MONOMER,0.0,-2.6677439290916223e-07
ASPTA_FWD_469609.3.peg.438-MONOMER,0.0,-1.33920600521196e-07
ASPt2r_REV_CPLX_dummy,0.0,-2.56071539839358e-07
ASPt2r_FWD_CPLX_dummy,0.225,1.765052239520484e-36
ATPPRT_REV_CPLX_ATPPRT-0,0.0,1.470603829031638e-06
ATPPRT_FWD_CPLX_ATPPRT-0,0.0,6.904448842148321e-35
ATPS4_REV_CPLX_ATPS4-0,0.0,-5.32039727477871e-07
ATPS4_FWD_CPLX_ATPS4-0,0.18160626913029485,-2.6146829495328065e-34
BACCLi_REV_469609.3.peg.905-MONOMER,0.0,-3.5460315780699516e-07
BACCLi_FWD_469609.3.peg.905-MONOMER,0.0,2.4267075488925336e-35
BGLA_REV_469609.3.peg.1778-MONOMER,0.0,-2.811093845157524e-07
BGLA_FWD_469609.3.peg.1778-MONOMER,0.0,-2.5964381723164247e-38
BGLA_REV_469609.3.peg.297-MONOMER,0.0,-3.382632949740942e-07
BGLA_FWD_469609.3.peg.297-MONOMER,0.0,-5.715391045834183e-08
BGLA1_REV_469609.3.peg.312-MONOMER,0.0,-3.6595920048874657e-07
BGLA1_FWD_469609.3.peg.312-MONOMER,0.0,-8.75957397201015e-36
BGLA1_REV_469609.3.peg.297-MONOMER,0.0,-3.806882029605913e-07
BGLA1_FWD_469609.3.peg.297-MONOMER,0.0,-1.4729002471844722e-08
BGLAr_REV_469609.3.peg.1778-MONOMER,0.0,-2.811093845157524e-07
BGLAr_FWD_469609.3.peg.1778-MONOMER,0.0,1.0391690798293296e-40
BGLAr_REV_469609.3.peg.297-MONOMER,0.0,-3.382632949740942e-07
BGLAr_FWD_469609.3.peg.297-MONOMER,0.0,-5.715391045834183e-08
BPNT_REV_CPLX_dummy,0.0,-2.56071539839358e-07
BPNT_FWD_CPLX_dummy,-1.623166670802749e-24,-2.8234388148860158e-36
BTDD_RR_REV_469609.3.peg.447-MONOMER,0.0,-1.9500199887828625e-07
BTDD_RR_FWD_469609.3.peg.447-MONOMER,0.0,-1.9500199887828625e-07
BTDD_RR_REV_469609.3.peg.717-MONOMER,1.3798828044539063e-17,-5.399095617273467e-38
BTDD_RR_FWD_469609.3.peg.717-MONOMER,1.3798828044539063e-17,-5.399095617273467e-38
BTNCLi_REV_CPLX_BTNCLi-0,0.0,-4.486937774317093e-07
BTNCLi_FWD_CPLX_BTNCLi-0,0.0,-2.692065505613177e-34
BTNabc_REV_469609.3.peg.1055-MONOMER,0.0,-1.2879898038798296e-07
BTNabc_FWD_469609.3.peg.1055-MONOMER,0.0,-4.5837410229173876e-35
CA2abc_REV_CPLX_dummy,0.0,-2.56071539839358e-07
CA2abc_FWD_CPLX_dummy,0.0,-9.021742362559528e-36
CBL1abc_REV_CPLX_ADOCBLabc-0,0.0,7.496444118815133e-07
CBL1abc_FWD_CPLX_ADOCBLabc-0,0.0,1.4475261731242716e-35
CBL2abc_REV_CPLX_ADOCBLabc-0,0.0,7.496444118815133e-07
CBL2abc_FWD_CPLX_ADOCBLabc-0,0.0,1.4475261731242716e-35
CBMKr_REV_469609.3.peg.1542-MONOMER,0.14130607699782272,4.242963038213556e-36
CBMKr_FWD_469609.3.peg.1542-MONOMER,0.0,-5.208229219334448e-07
CBMTHL2_REV_CPLX_dummy,0.0,0.0
CBMTHL2_FWD_CPLX_dummy,0.0,-2.56071539839358e-07
CBPS_REV_CPLX_CBPS-0_mod_cd2(1),0.0,0.02027678346909816
CBPS_FWD_CPLX_CBPS-0_mod_cd2(1),0.0,-0.020277472259114585
CBPS_REV_CPLX_CBPS-0_mod_zn2(1),0.0,0.02027678348766383
CBPS_FWD_CPLX_CBPS-0_mod_zn2(1),0.0,-0.020277472240548915
CBPS_REV_CPLX_CBPS-0_mod_mn2(1),0.0,0.020276783035965147
CBPS_FWD_CPLX_CBPS-0_mod_mn2(1),0.0,-0.020277472692247597
CBPS_REV_CPLX_CBPS-0_mod_mg2(1),0.0,0.020276782510784217
CBPS_FWD_CPLX_CBPS-0_mod_mg2(1),0.0,-0.02027747321742853
CBPS_REV_CPLX_CBPS-0_mod_cobalt2(1),0.0,0.020276783235853656
CBPS_FWD_CPLX_CBPS-0_mod_cobalt2(1),0.0,-0.02027747249235909
CD2abc1_REV_469609.3.peg.306-MONOMER,0.0,0.015207863864632777
CD2abc1_FWD_469609.3.peg.306-MONOMER,0.0,-0.015206546004420436
CD2t6r_REV_469609.3.peg.99-MONOMER,0.0,-3.3405541986142586e-07
CD2t6r_FWD_469609.3.peg.99-MONOMER,0.0,-1.0580836689768664e-36
CGLYabc_REV_CPLX_ALAASPabc-0,0.0,-7.838261930451902e-07
CGLYabc_FWD_CPLX_ALAASPabc-0,0.000509702103326327,-3.914118164079759e-36
CHORM_REV_469609.3.peg.1146-MONOMER,0.0,8.670095003139904e-08
CHORM_FWD_469609.3.peg.1146-MONOMER,0.0,-9.669465314523667e-08
CHORM_REV_469609.3.peg.1349-MONOMER,0.0,1.833956031766357e-07
CHORM_FWD_469609.3.peg.1349-MONOMER,-6.264742264403854e-23,-5.2686856262829394e-36
CHORS_REV_469609.3.peg.1332-MONOMER_mod_fadh2(1),0.0,-8.508154289920347e-07
CHORS_FWD_469609.3.peg.1332-MONOMER_mod_fadh2(1),0.0,-1.4047528940577495e-08
CHORS_REV_469609.3.peg.1332-MONOMER_mod_fmnh2(1),0.0,-8.367679000514573e-07
CHORS_FWD_469609.3.peg.1332-MONOMER_mod_fmnh2(1),0.0007996059457802975,-4.1482806828170615e-35
CLPNS140_REV_469609.3.peg.2012-MONOMER,0.0,-1.8559451770698686e-07
CLPNS140_FWD_469609.3.peg.2012-MONOMER,0.0,1.7894171999839048e-41
CLPNS160_REV_469609.3.peg.2012-MONOMER,0.0,-5.368251599951715e-41
CLPNS160_FWD_469609.3.peg.2012-MONOMER,0.0,-1.8559451770698686e-07
CLPNS180_REV_469609.3.peg.2012-MONOMER,0.0,-5.368251599951715e-41
CLPNS180_FWD_469609.3.peg.2012-MONOMER,0.0,-1.8559451770698686e-07
CLPNSAI15_REV_469609.3.peg.2012-MONOMER,0.0,-5.368251599951715e-41
CLPNSAI15_FWD_469609.3.peg.2012-MONOMER,0.0,-1.8559451770698686e-07
CLPNSAI17_REV_469609.3.peg.2012-MONOMER,0.0,-5.368251599951715e-41
CLPNSAI17_FWD_469609.3.peg.2012-MONOMER,0.0,-1.8559451770698686e-07
CLPNSI14_REV_469609.3.peg.2012-MONOMER,0.0,-5.368251599951715e-41
CLPNSI14_FWD_469609.3.peg.2012-MONOMER,0.0,-1.8559451770698686e-07
CLPNSI15_REV_469609.3.peg.2012-MONOMER,0.0,-5.368251599951715e-41
CLPNSI15_FWD_469609.3.peg.2012-MONOMER,0.0,-1.8559451770698686e-07
CLPNSI16_REV_469609.3.peg.2012-MONOMER,0.0,-5.368251599951715e-41
CLPNSI16_FWD_469609.3.peg.2012-MONOMER,0.0,-1.8559451770698686e-07
CLPNSI17_REV_469609.3.peg.2012-MONOMER,0.0,-5.368251599951715e-41
CLPNSI17_FWD_469609.3.peg.2012-MONOMER,0.0,-1.8559451770698686e-07
CMLDC_REV_469609.3.peg.1023-MONOMER,0.0,1.2394623111558578e-06
CMLDC_FWD_469609.3.peg.1023-MONOMER,0.0,2.7888049133775714e-37
CMPSAS_REV_469609.3.peg.303-MONOMER,0.0,1.3418739333611602e-06
CMPSAS_FWD_469609.3.peg.303-MONOMER,0.0,2.266356994472165e-35
CO2t_REV_CPLX_dummy,0.602920731746875,0.0
CO2t_FWD_CPLX_dummy,0.0,-2.56071539839358e-07
COBALTt5_REV_469609.3.peg.1891-MONOMER,0.0002339727519520495,0.0
COBALTt5_FWD_469609.3.peg.1891-MONOMER,0.0,-8.469793055862594e-08
CPPPGO_REV_469609.3.peg.1291-MONOMER,0.0,1.5214565578716526e-06
CPPPGO_FWD_469609.3.peg.1291-MONOMER,0.0,1.7575269165831468e-35
CTPS1_REV_469609.3.peg.1727-MONOMER_mod_mg2(1),0.0,-5.843064215418838e-07
CTPS1_FWD_469609.3.peg.1727-MONOMER_mod_mg2(1),0.0018974870652805182,-9.885164015759704e-35
CTPS2_REV_469609.3.peg.1727-MONOMER_mod_mg2(1),0.0,-7.216334186316782e-08
CTPS2_FWD_469609.3.peg.1727-MONOMER_mod_mg2(1),0.0,-5.12143079678716e-07
CYSDS_REV_469609.3.peg.821-MONOMER,0.0,0.020276723011383908
CYSDS_FWD_469609.3.peg.821-MONOMER,0.0,-0.020275389131241
CYSS_REV_469609.3.peg.604-MONOMER_mod_pydx5p(2),0.0,-7.481320602508166e-07
CYSS_FWD_469609.3.peg.604-MONOMER_mod_pydx5p(2),0.0,-3.694825272239781e-36
CYSS3r_REV_469609.3.peg.604-MONOMER_mod_pydx5p(2),0.0,-8.38880695628867e-07
CYSS3r_FWD_469609.3.peg.604-MONOMER_mod_pydx5p(2),2.0195987855547443e-05,-1.0312436554099982e-35
CYSTL_REV_469609.3.peg.821-MONOMER,0.0,0.02027742507804072
CYSTL_FWD_469609.3.peg.821-MONOMER,0.0,-0.02027609119789781
CYSabc_REV_469609.3.peg.465-MONOMER,0.0,0.015204720284759084
CYSabc_FWD_469609.3.peg.465-MONOMER,0.0,-0.015203460820153693
CYTD_REV_469609.3.peg.727-MONOMER,0.0,0.020276708251806035
CYTD_FWD_469609.3.peg.727-MONOMER,0.0,-0.020276838088800462
CYTDK1_REV_469609.3.peg.863-MONOMER_mod_mg2(1),0.0,-3.0952160396939574e-08
CYTDK1_FWD_469609.3.peg.863-MONOMER_mod_mg2(1),0.0,2.3279849150673197e-36
CYTDK2_REV_469609.3.peg.863-MONOMER_mod_mg2(1),0.0,9.039856817583934e-08
CYTDK2_FWD_469609.3.peg.863-MONOMER_mod_mg2(1),0.0,-1.213507285727789e-07
CYTDK3_REV_469609.3.peg.782-MONOMER_mod_mg2(1),0.0,-2.2502665708365043e-07
CYTDK3_FWD_469609.3.peg.782-MONOMER_mod_mg2(1),0.0,-1.9407449668671086e-07
CYTDK4_REV_469609.3.peg.863-MONOMER_mod_mg2(1),0.0,9.039856817583934e-08
CYTDK4_FWD_469609.3.peg.863-MONOMER_mod_mg2(1),0.0,-1.213507285727789e-07
CYTK1_REV_469609.3.peg.782-MONOMER_mod_mg2(1),0.0,-4.1910115377036126e-07
CYTK1_FWD_469609.3.peg.782-MONOMER_mod_mg2(1),0.010609286843084915,2.781481936481709e-35
CYTK2_REV_469609.3.peg.782-MONOMER_mod_mg2(1),0.0,-4.1910115377036126e-07
CYTK2_FWD_469609.3.peg.782-MONOMER_mod_mg2(1),0.0011827721655172459,1.4757418543571561e-35
Cuabc_REV_469609.3.peg.306-MONOMER,0.0,1.3178602123402123e-06
Cuabc_FWD_469609.3.peg.306-MONOMER,0.0,1.7878420661799278e-35
Cuabc_REV_469609.3.peg.2131-MONOMER,0.0,3.0691408838411355e-07
Cuabc_FWD_469609.3.peg.2131-MONOMER,0.0,-1.0109461239560987e-06
Cut1_REV_469609.3.peg.306-MONOMER,0.0,0.04055245833466316
Cut1_FWD_469609.3.peg.306-MONOMER,0.0,-0.04055114047445082
Cut1_REV_469609.3.peg.2131-MONOMER,0.0,0.040551447388539205
Cut1_FWD_469609.3.peg.2131-MONOMER,0.0,-0.04055215142057478
DACTt3_REV_CPLX_dummy,0.0,-2.56071539839358e-07
DACTt3_FWD_CPLX_dummy,0.0,-3.727715479005437e-38
DAGK120_REV_469609.3.peg.1092-MONOMER,0.0,-2.715300741082735e-07
DAGK120_FWD_469609.3.peg.1092-MONOMER,0.0,-6.818533660008789e-36
DAGK140_REV_469609.3.peg.1092-MONOMER,0.0,-2.715300741082735e-07
DAGK140_FWD_469609.3.peg.1092-MONOMER,0.0,1.4556368134820207e-35
DAGK141_REV_469609.3.peg.1092-MONOMER,0.0,-2.715300741082735e-07
DAGK141_FWD_469609.3.peg.1092-MONOMER,0.0,-6.818533660008789e-36
DAGK160_REV_469609.3.peg.1092-MONOMER,0.0,-2.715300741082735e-07
DAGK160_FWD_469609.3.peg.1092-MONOMER,0.0,1.0281387775854407e-35
DAGK161_REV_469609.3.peg.1092-MONOMER,0.0,-2.715300741082735e-07
DAGK161_FWD_469609.3.peg.1092-MONOMER,0.0,-6.818533660008789e-36
DAGK180_REV_469609.3.peg.1092-MONOMER,0.0,-2.715300741082735e-07
DAGK180_FWD_469609.3.peg.1092-MONOMER,0.0,1.731427057922809e-36
DAGK181_REV_469609.3.peg.1092-MONOMER,0.0,-2.715300741082735e-07
DAGK181_FWD_469609.3.peg.1092-MONOMER,0.0,-6.818533660008789e-36
DAPDAi_REV_469609.3.peg.171-MONOMER,0.0,-4.2920369499315927e-07
DAPDAi_FWD_469609.3.peg.171-MONOMER,0.0,6.448418539825838e-36
DAPDC_REV_469609.3.peg.1625-MONOMER_mod_pydx5p(1),0.0,0.03041012797034581
DAPDC_FWD_469609.3.peg.1625-MONOMER_mod_pydx5p(1),0.0,-0.030410478278682606
DAPE_REV_CPLX_dummy,0.0,-2.56071539839358e-07
DAPE_FWD_CPLX_dummy,0.0,3.329608262488518e-36
DASYN120_REV_469609.3.peg.1875-MONOMER_mod_mg2(1)_mod_k(1),0.0,-3.9920647499051684e-07
DASYN120_FWD_469609.3.peg.1875-MONOMER_mod_mg2(1)_mod_k(1),0.0,9.670847981873516e-36
DASYN140_REV_469609.3.peg.1875-MONOMER_mod_mg2(1)_mod_k(1),0.0,-3.9920647499051684e-07
DASYN140_FWD_469609.3.peg.1875-MONOMER_mod_mg2(1)_mod_k(1),0.0,2.654785819307458e-35
DASYN141_REV_469609.3.peg.1875-MONOMER_mod_mg2(1)_mod_k(1),0.0,-3.9920647499051684e-07
DASYN141_FWD_469609.3.peg.1875-MONOMER_mod_mg2(1)_mod_k(1),0.0,9.670847981873516e-36
DASYN160_REV_469609.3.peg.1875-MONOMER_mod_mg2(1)_mod_k(1),0.0,-3.9920647499051684e-07
DASYN160_FWD_469609.3.peg.1875-MONOMER_mod_mg2(1)_mod_k(1),0.0,1.3890100534673782e-35
DASYN161_REV_469609.3.peg.1875-MONOMER_mod_mg2(1)_mod_k(1),0.0,-3.9920647499051684e-07
DASYN161_FWD_469609.3.peg.1875-MONOMER_mod_mg2(1)_mod_k(1),0.0,9.670847981873516e-36
DASYN180_REV_469609.3.peg.1875-MONOMER_mod_mg2(1)_mod_k(1),0.0,-3.9920647499051684e-07
DASYN180_FWD_469609.3.peg.1875-MONOMER_mod_mg2(1)_mod_k(1),0.0,3.498636329867511e-35
DASYN181_REV_469609.3.peg.1875-MONOMER_mod_mg2(1)_mod_k(1),0.0,-3.9920647499051684e-07
DASYN181_FWD_469609.3.peg.1875-MONOMER_mod_mg2(1)_mod_k(1),0.0,9.670847981873516e-36
DASYNAI15_REV_469609.3.peg.1875-MONOMER_mod_mg2(1)_mod_k(1),0.0,-3.9920647499051684e-07
DASYNAI15_FWD_469609.3.peg.1875-MONOMER_mod_mg2(1)_mod_k(1),0.0,9.670847981873516e-36
DASYNAI17_REV_469609.3.peg.1875-MONOMER_mod_mg2(1)_mod_k(1),0.0,-3.9920647499051684e-07
DASYNAI17_FWD_469609.3.peg.1875-MONOMER_mod_mg2(1)_mod_k(1),0.0,3.498636329867511e-35
DASYNI14_REV_469609.3.peg.1875-MONOMER_mod_mg2(1)_mod_k(1),0.0,-3.9920647499051684e-07
DASYNI14_FWD_469609.3.peg.1875-MONOMER_mod_mg2(1)_mod_k(1),0.0,1.3890100534673782e-35
DASYNI15_REV_469609.3.peg.1875-MONOMER_mod_mg2(1)_mod_k(1),0.0,-3.9920647499051684e-07
DASYNI15_FWD_469609.3.peg.1875-MONOMER_mod_mg2(1)_mod_k(1),0.0,1.3890100534673782e-35
DASYNI16_REV_469609.3.peg.1875-MONOMER_mod_mg2(1)_mod_k(1),0.0,-3.9920647499051684e-07
DASYNI16_FWD_469609.3.peg.1875-MONOMER_mod_mg2(1)_mod_k(1),0.0,2.2328605640274315e-35
DASYNI17_REV_469609.3.peg.1875-MONOMER_mod_mg2(1)_mod_k(1),0.0,-3.9920647499051684e-07
DASYNI17_FWD_469609.3.peg.1875-MONOMER_mod_mg2(1)_mod_k(1),0.0,3.498636329867511e-35
DCMPDA_REV_469609.3.peg.834-MONOMER,0.0011827721655172459,1.1710562823685518e-36
DCMPDA_FWD_469609.3.peg.834-MONOMER,0.0,-8.271393751834436e-08
DCYTD_REV_469609.3.peg.727-MONOMER,0.0,0.020276604428567196
DCYTD_FWD_469609.3.peg.727-MONOMER,0.0,-0.020276734265561622
DDPA_REV_469609.3.peg.430-MONOMER_mod_fe2(2),0.0,-3.8319122872987594e-07
DDPA_FWD_469609.3.peg.430-MONOMER_mod_fe2(2),0.0007996059457802975,-7.072612109867433e-36
DGK1_REV_469609.3.peg.592-MONOMER_mod_mg2(1),0.0,-9.097674339720931e-36
DGK1_FWD_469609.3.peg.592-MONOMER_mod_mg2(1),0.0,-7.67318884014158e-08
DHAD1_REV_469609.3.peg.2040-MONOMER_mod_4fe4s(1),0.0,0.020272395683868072
DHAD1_FWD_469609.3.peg.2040-MONOMER_mod_4fe4s(1),0.0,-0.020273508597245322
DHAD2_REV_469609.3.peg.2040-MONOMER_mod_4fe4s(1),0.0,-1.112913377250155e-06
DHAD2_FWD_469609.3.peg.2040-MONOMER_mod_4fe4s(1),2.0195987855547443e-05,1.669974396300317e-36
DHDPRy_REV_469609.3.peg.699-MONOMER,0.0,-3.788044208780919e-07
DHDPRy_FWD_469609.3.peg.699-MONOMER,0.0,-4.523011548851418e-36
DHDPS_REV_469609.3.peg.611-MONOMER,0.0,-4.7172312767593193e-07
DHDPS_FWD_469609.3.peg.611-MONOMER,0.0,-2.564312222970981e-36
DHFOR2_REV_469609.3.peg.368-MONOMER,0.0,-1.4520003025603476e-08
DHFOR2_FWD_469609.3.peg.368-MONOMER,0.0,2.3002196128636826e-35
DHFOR2_REV_469609.3.peg.671-MONOMER,0.0,-1.7707169936685428e-08
DHFOR2_FWD_469609.3.peg.671-MONOMER,0.0,-3.1871669110819497e-09
DHFR_REV_469609.3.peg.368-MONOMER,0.0,-1.4520003025603476e-08
DHFR_FWD_469609.3.peg.368-MONOMER,0.0017030574720834333,4.1197847911950645e-34
DHFR_REV_469609.3.peg.671-MONOMER,0.0,-1.7707169936685428e-08
DHFR_FWD_469609.3.peg.671-MONOMER,0.0,-3.1871669110819497e-09
DHFS_REV_469609.3.peg.2108-MONOMER,0.0,-3.080600678083487e-07
DHFS_FWD_469609.3.peg.2108-MONOMER,0.0,-4.7818251805350663e-08
DHFS_REV_469609.3.peg.2014-MONOMER,0.0,-2.60241816002998e-07
DHFS_FWD_469609.3.peg.2014-MONOMER,0.0,-4.404615863344986e-34
DHNPA_REV_469609.3.peg.2107-MONOMER_mod_mg2(1),0.0,1.2261905895696452e-06
DHNPA_FWD_469609.3.peg.2107-MONOMER_mod_mg2(1),0.0,0.0
DHNPA2_REV_469609.3.peg.2107-MONOMER_mod_mg2(1),0.0,1.2261905895696452e-06
DHNPA2_FWD_469609.3.peg.2107-MONOMER_mod_mg2(1),0.0,0.0
DHORD2_REV_CPLX_DHORD2-1,0.0,1.5431019216244443e-06
DHORD2_FWD_CPLX_DHORD2-1,0.0,-1.1140456771858389e-36
DHORD2_REV_CPLX_DHORD2-0,0.0,1.4264262935283529e-06
DHORD2_FWD_CPLX_DHORD2-0,0.0,-1.1667562809609141e-07
DHORD5_REV_469609.3.peg.288-MONOMER,0.0,1.3868401809636756e-06
DHORD5_FWD_469609.3.peg.288-MONOMER,6.56978528017423e-23,1.6587603976406327e-36
DHORD5_REV_CPLX_DHORD2-0,0.0,1.3482954231979686e-06
DHORD5_FWD_CPLX_DHORD2-0,0.0,-3.854475776570702e-08
DHORDfum_REV_CPLX_dummy,0.0,-2.56071539839358e-07
DHORDfum_FWD_CPLX_dummy,0.0,2.149100551482791e-36
DHORDi_REV_CPLX_DHORD2-1,0.0,1.5431019216244443e-06
DHORDi_FWD_CPLX_DHORD2-1,-6.56978528017423e-23,-1.539596128027011e-36
DHORDi_REV_CPLX_DHORD2-0,0.0,1.4264262935283529e-06
DHORDi_FWD_CPLX_DHORD2-0,0.0,-1.1667562809609141e-07
DHORTS_REV_469609.3.peg.1215-MONOMER_mod_mn2(1)_mod_zn2(1),0.0,-7.723815425749712e-07
DHORTS_FWD_469609.3.peg.1215-MONOMER_mod_mn2(1)_mod_zn2(1),0.0,-3.010623337647304e-10
DHORTS_REV_469609.3.peg.1215-MONOMER_mod_cobalt2(1)_mod_zn2(1),0.0,-7.720804802412065e-07
DHORTS_FWD_469609.3.peg.1215-MONOMER_mod_cobalt2(1)_mod_zn2(1),9.51650801741316e-25,9.759069820032303e-37
DHORTS_REV_469609.3.peg.1215-MONOMER_mod_ni2(1)_mod_zn2(1),0.0,-7.720804802412065e-07
DHORTS_FWD_469609.3.peg.1215-MONOMER_mod_ni2(1)_mod_zn2(1),0.0,4.333436919561538e-36
DHPR_REV_469609.3.peg.961-MONOMER,0.0,1.1819372981536982e-06
DHPR_FWD_469609.3.peg.961-MONOMER,3.145433403857639e-23,1.1469164392009834e-35
DHPS_REV_469609.3.peg.2109-MONOMER_mod_mg2(1),0.0,-5.262539470461188e-07
DHPS_FWD_469609.3.peg.2109-MONOMER_mod_mg2(1),0.0,-1.090559471007409e-35
DHPS2_REV_469609.3.peg.2109-MONOMER_mod_mg2(1),0.0,-5.262539470461188e-07
DHPS2_FWD_469609.3.peg.2109-MONOMER_mod_mg2(1),0.0,-8.731120339151022e-36
DHQS_REV_469609.3.peg.1333-MONOMER_mod_cobalt2(1)_mod_nad(1),0.0,-2.769474792483112e-07
DHQS_FWD_469609.3.peg.1333-MONOMER_mod_cobalt2(1)_mod_nad(1),0.0007996059457802975,-8.163356974018887e-36
DHQTi_REV_469609.3.peg.1335-MONOMER,0.0,-1.3303269849048627e-07
DHQTi_FWD_469609.3.peg.1335-MONOMER,0.0007996059457802975,-2.5481500497233542e-36
DMATT_REV_469609.3.peg.1107-MONOMER_mod_mg2(1),0.0,-2.2400460812049005e-07
DMATT_FWD_469609.3.peg.1107-MONOMER_mod_mg2(1),0.0,-2.821017972934001e-09
DMATT_REV_469609.3.peg.1107-MONOMER_mod_mn2(1),0.0,-2.2118359014755605e-07
DMATT_FWD_469609.3.peg.1107-MONOMER_mod_mn2(1),0.002770615191027586,-1.2085766706340918e-34
DPCOAK_REV_469609.3.peg.1088-MONOMER,0.0,-1.8627799532892058e-07
DPCOAK_FWD_469609.3.peg.1088-MONOMER,0.00023397251473691367,-8.120554081705489e-35
DPCOAti_REV_CPLX_dummy,0.0,-2.56071539839358e-07
DPCOAti_FWD_CPLX_dummy,0.0,6.581136390857712e-36
DPMVDc_REV_469609.3.peg.252-MONOMER,0.0,-3.610922030999884e-07
DPMVDc_FWD_469609.3.peg.252-MONOMER,0.030476767101303443,9.40797206764171e-34
DPRr_REV_469609.3.peg.535-MONOMER_mod_mg2(1),0.0,1.2379989212453252e-35
DPRr_FWD_469609.3.peg.535-MONOMER_mod_mg2(1),0.0,-4.694443081486245e-07
DRPAr_REV_469609.3.peg.728-MONOMER,0.0007996059457802975,-9.702999467809283e-36
DRPAr_FWD_469609.3.peg.728-MONOMER,0.0,-5.568438908163799e-07
DTMPK_REV_469609.3.peg.1498-MONOMER_mod_mg2(1),0.0,-2.732191968413013e-07
DTMPK_FWD_469609.3.peg.1498-MONOMER_mod_mg2(1),0.0017030574720834333,-1.9067688071125115e-34
DURIK1_REV_469609.3.peg.661-MONOMER_mod_mg2(1),0.0,1.7668920995012192e-08
DURIK1_FWD_469609.3.peg.661-MONOMER_mod_mg2(1),0.0007996059457802975,-2.3724632980483417e-35
DURIPP_REV_469609.3.peg.729-MONOMER,0.0,-6.346976389636457e-08
DURIPP_FWD_469609.3.peg.729-MONOMER,0.0,-5.731332616516275e-07
DURIPP_REV_CPLX_DURIPP-0,0.0007996059457802975,-3.104206013988143e-33
DURIPP_FWD_CPLX_DURIPP-0,0.0,-5.09663497755263e-07
DUTPDP_REV_469609.3.peg.181-MONOMER_mod_zn2(1),0.0,0.04055199883042158
DUTPDP_FWD_469609.3.peg.181-MONOMER_mod_zn2(1),0.0,-0.04055243956598883
E4PD_REV_469609.3.peg.218-MONOMER,0.0,-1.189238121524191e-06
E4PD_FWD_469609.3.peg.218-MONOMER,0.0,-1.4329600214239277e-35
EHGLAT_REV_469609.3.peg.1587-MONOMER,0.0,0.010139331112874501
EHGLAT_FWD_469609.3.peg.1587-MONOMER,0.0,-0.010137981664739547
EHGLAT_REV_469609.3.peg.1693-MONOMER,0.0,0.01013858996191083
EHGLAT_FWD_469609.3.peg.1693-MONOMER,0.0,-0.010138722815703218
EHGLAT_REV_469609.3.peg.1258-MONOMER,0.0,0.010138468503194492
EHGLAT_FWD_469609.3.peg.1258-MONOMER,0.0,-0.010138844274419556
EHGLAT_REV_469609.3.peg.438-MONOMER,0.0,0.010138456041310308
EHGLAT_FWD_469609.3.peg.438-MONOMER,0.0,-0.01013885673630374
ENO_REV_469609.3.peg.1389-MONOMER_mod_mg2(4),0.0,-8.908699472194699e-07
ENO_FWD_469609.3.peg.1389-MONOMER_mod_mg2(4),1.036925990827083e-21,-1.651482055282433e-35
ETOHt_REV_CPLX_dummy,0.4308842451370491,-1.6413325088742304e-41
ETOHt_FWD_CPLX_dummy,0.0,-2.56071539839358e-07
F6PE4PL_REV_469609.3.peg.330-MONOMER,0.0,-6.799530443772807e-07
F6PE4PL_FWD_469609.3.peg.330-MONOMER,0.0007996059457802975,1.746979752950187e-36
FBA_REV_469609.3.peg.1725-MONOMER,0.0,-4.5692430183341334e-36
FBA_FWD_469609.3.peg.1725-MONOMER,0.0,-4.486141652208423e-07
FBA2_REV_469609.3.peg.1725-MONOMER,0.0,-4.486141652208423e-07
FBA2_FWD_469609.3.peg.1725-MONOMER,0.0,9.804099426813587e-37
FBA3_REV_469609.3.peg.1725-MONOMER,0.0,-3.382618760028394e-36
FBA3_FWD_469609.3.peg.1725-MONOMER,0.0,-4.486141652208423e-07
FCLTc_REV_469609.3.peg.1272-MONOMER,0.0,1.019838850382871e-07
FCLTc_FWD_469609.3.peg.1272-MONOMER,0.0,-2.335252237734779e-35
FE2abc_REV_CPLX_dummy,0.0,-2.56071539839358e-07
FE2abc_FWD_CPLX_dummy,1.0676683309990345e-09,-6.081701695958448e-36
FE3abc_REV_CPLX_dummy,0.0,0.020276449816999016
FE3abc_FWD_CPLX_dummy,0.0,-0.020276705888538856
FE3t4_REV_CPLX_FE3t4-0,0.0,6.973708747112295e-07
FE3t4_FWD_CPLX_FE3t4-0,0.0,0.0
FERO_REV_469609.3.peg.1137-MONOMER,0.0,0.08110838985112896
FERO_FWD_469609.3.peg.1137-MONOMER,0.0,-0.08110739378545997
FFSD_REV_469609.3.peg.1880-MONOMER,0.0,-3.258401435839511e-07
FFSD_FWD_469609.3.peg.1880-MONOMER,0.0,-6.365109999317311e-08
FFSD_REV_469609.3.peg.399-MONOMER,0.0,-5.560077414805463e-07
FFSD_FWD_469609.3.peg.399-MONOMER,0.0,-2.938186978897683e-07
FFSD_REV_469609.3.peg.1263-MONOMER,0.0,-2.6218904359077797e-07
FFSD_FWD_469609.3.peg.1263-MONOMER,0.0,4.285013366285018e-36
FGLU_REV_469609.3.peg.1833-MONOMER,0.0,0.025345567633929346
FGLU_FWD_469609.3.peg.1833-MONOMER,0.0,-0.025344335571627376
FMNAT_REV_469609.3.peg.763-MONOMER,0.0,-2.4276655702781815e-07
FMNAT_FWD_469609.3.peg.763-MONOMER,0.00023400219205419335,1.579586757217429e-35
FMNRx2_REV_469609.3.peg.519-MONOMER,0.0,-1.8714896029971662e-07
FMNRx2_FWD_469609.3.peg.519-MONOMER,2.8895525248371228e-11,-1.5568321201588156e-35
FOLD3_REV_469609.3.peg.2109-MONOMER_mod_mg2(1),0.0,-5.262539470461188e-07
FOLD3_FWD_469609.3.peg.2109-MONOMER_mod_mg2(1),0.0,-8.731120339151022e-36
FORTHFC_REV_469609.3.peg.1827-MONOMER,0.0,-4.202389780476523e-07
FORTHFC_FWD_469609.3.peg.1827-MONOMER,0.1470929602245189,-3.368559824218152e-35
FORt2r_REV_CPLX_dummy,2.5521057076400018,1.2125403753839272e-37
FORt2r_FWD_CPLX_dummy,0.0,-2.56071539839358e-07
FPGS_REV_469609.3.peg.2108-MONOMER,0.0,-3.080600678083487e-07
FPGS_FWD_469609.3.peg.2108-MONOMER,0.0,-4.7818251805350663e-08
FPGS_REV_469609.3.peg.2014-MONOMER,0.0,-2.60241816002998e-07
FPGS_FWD_469609.3.peg.2014-MONOMER,0.0,1.2284181704839528e-35
FPGS7_REV_469609.3.peg.2108-MONOMER,0.0,-3.080600678083487e-07
FPGS7_FWD_469609.3.peg.2108-MONOMER,0.0,-4.7818251805350663e-08
FPGS7_REV_469609.3.peg.2014-MONOMER,0.0,-2.60241816002998e-07
FPGS7_FWD_469609.3.peg.2014-MONOMER,0.0015670451278278624,1.5790734396593035e-32
FPGS_tm_REV_469609.3.peg.2108-MONOMER,0.0,-3.080600678083487e-07
FPGS_tm_FWD_469609.3.peg.2108-MONOMER,0.0,-4.7818251805350663e-08
FPGS_tm_REV_469609.3.peg.2014-MONOMER,0.0,-2.60241816002998e-07
FPGS_tm_FWD_469609.3.peg.2014-MONOMER,0.0,-8.531715676279464e-36
FRUK_REV_469609.3.peg.703-MONOMER_mod_mg2(1),0.0,0.09124018756981436
FRUK_FWD_469609.3.peg.703-MONOMER_mod_mg2(1),0.0,-0.09124071422224116
FRUpts_REV_CPLX_FRUpts-0,0.0,0.07096462795377201
FRUpts_FWD_CPLX_FRUpts-0,0.0,-0.07096542603386904
FTHFCL_REV_469609.3.peg.172-MONOMER,0.0,1.2419774075478866e-06
FTHFCL_FWD_469609.3.peg.172-MONOMER,0.0,-7.754683489797286e-36
FTHFL_REV_469609.3.peg.1828-MONOMER,0.0,-4.803094792466507e-07
FTHFL_FWD_469609.3.peg.1828-MONOMER,0.5050146409902124,-2.6084287130905106e-34
FTHFL_REV_469609.3.peg.1182-MONOMER,0.0,-5.911812669937102e-07
FTHFL_FWD_469609.3.peg.1182-MONOMER,0.0,-1.1087178774705959e-07
G1PACT_REV_469609.3.peg.1432-MONOMER_mod_mg2(1),0.0,0.015207682474521061
G1PACT_FWD_469609.3.peg.1432-MONOMER_mod_mg2(1),0.0,-0.015208492010536966
G1PTT_REV_469609.3.peg.805-MONOMER_mod_mg2(1),0.0,1.2818578239307922e-06
G1PTT_FWD_469609.3.peg.805-MONOMER_mod_mg2(1),0.0,-9.478954787230503e-36
G3PAT120_REV_469609.3.peg.46-MONOMER,0.0,0.04055190632921108
G3PAT120_FWD_469609.3.peg.46-MONOMER,0.0,-0.040552404313619485
G3PAT140_REV_469609.3.peg.46-MONOMER,0.0,-5.6069136059755787e-08
G3PAT140_FWD_469609.3.peg.46-MONOMER,0.0,-4.389945253160888e-07
G3PAT141_REV_469609.3.peg.46-MONOMER,0.0,0.10137829056280939
G3PAT141_FWD_469609.3.peg.46-MONOMER,0.0,-0.10137879244119402
G3PAT160_REV_469609.3.peg.46-MONOMER,0.0,7.790274888070592e-07
G3PAT160_FWD_469609.3.peg.46-MONOMER,0.0,-1.2740912131741352e-06
G3PAT161_REV_469609.3.peg.46-MONOMER,0.0,0.10137829056280939
G3PAT161_FWD_469609.3.peg.46-MONOMER,0.0,-0.10137879244119402
G3PAT180_REV_469609.3.peg.46-MONOMER,0.0,-4.950636392130306e-07
G3PAT180_FWD_469609.3.peg.46-MONOMER,0.0,-6.057991197456812e-36
G3PAT181_REV_469609.3.peg.46-MONOMER,0.0,0.10137829056280939
G3PAT181_FWD_469609.3.peg.46-MONOMER,0.0,-0.10137879244119402
G3PATAI15_REV_469609.3.peg.46-MONOMER,0.0,-6.09011007061574e-07
G3PATAI15_FWD_469609.3.peg.46-MONOMER,0.0,-6.029629237787197e-35
G3PATAI17_REV_469609.3.peg.46-MONOMER,0.0,-6.09011007061574e-07
G3PATAI17_FWD_469609.3.peg.46-MONOMER,0.0,-6.331591685900172e-36
G3PATI14_REV_469609.3.peg.46-MONOMER,0.0,-6.09011007061574e-07
G3PATI14_FWD_469609.3.peg.46-MONOMER,0.0,-1.4385521976960205e-35
G3PATI15_REV_469609.3.peg.46-MONOMER,0.0,-6.09011007061574e-07
G3PATI15_FWD_469609.3.peg.46-MONOMER,0.0,-1.4385521976960205e-35
G3PATI16_REV_469609.3.peg.46-MONOMER,0.0,-6.09011007061574e-07
G3PATI16_FWD_469609.3.peg.46-MONOMER,0.0,2.8824614870956746e-35
G3PATI17_REV_469609.3.peg.46-MONOMER,0.0,-6.09011007061574e-07
G3PATI17_FWD_469609.3.peg.46-MONOMER,0.0,8.4282088616628e-36
G3PD1_REV_469609.3.peg.176-MONOMER,4.705711281001295e-22,4.3938960926996057e-35
G3PD1_FWD_469609.3.peg.176-MONOMER,0.0,-6.93743712993884e-07
G3PD2_REV_469609.3.peg.176-MONOMER,0.0,-2.1840658945948477e-07
G3PD2_FWD_469609.3.peg.176-MONOMER,0.0,-4.7533712353439924e-07
G3PO_REV_469609.3.peg.1172-MONOMER_mod_fad(1),0.0,1.328281602426359e-06
G3PO_FWD_469609.3.peg.1172-MONOMER_mod_fad(1),6.56978528017423e-23,-9.353730935147476e-37
G5SADs_REV_CPLX_dummy,0.0,-2.56071539839358e-07
G5SADs_FWD_CPLX_dummy,0.009235262430555894,-9.366767068860873e-37
G5SDr_REV_469609.3.peg.715-MONOMER,0.0,-7.794188951616254e-07
G5SDr_FWD_469609.3.peg.715-MONOMER,0.009235262430555894,3.4331255938883465e-35
G6PBDH_REV_469609.3.peg.1013-MONOMER,0.0,-2.6473665739555107e-07
G6PBDH_FWD_469609.3.peg.1013-MONOMER,0.0,-2.4335557792853237e-35
G6PDA_REV_469609.3.peg.1537-MONOMER,0.0,-5.495804040497358e-07
G6PDA_FWD_469609.3.peg.1537-MONOMER,0.0,1.467501300570533e-37
G6PDH2r_REV_469609.3.peg.1013-MONOMER,0.0,-2.6473665739555107e-07
G6PDH2r_FWD_469609.3.peg.1013-MONOMER,0.0,-2.4335557792853237e-35
G6PI_REV_469609.3.peg.166-MONOMER,0.0,0.0
G6PI_FWD_469609.3.peg.166-MONOMER,727.3483034559137,0.0
G6PI_REV_469609.3.peg.158-MONOMER,0.0,-2.804079163162234e-07
G6PI_FWD_469609.3.peg.158-MONOMER,0.0,-2.804079163162234e-07
G6PI3_REV_469609.3.peg.166-MONOMER,0.0,5.6676316204174636e-36
G6PI3_FWD_469609.3.peg.166-MONOMER,727.3483034559137,-5.6676316204174636e-36
G6PI3_REV_469609.3.peg.158-MONOMER,0.0,-2.804079163162234e-07
G6PI3_FWD_469609.3.peg.158-MONOMER,0.0,-2.804079163162234e-07
GAL6PI_REV_CPLX_GAL6PI-0,0.0,-3.286034625016532e-07
GAL6PI_FWD_CPLX_GAL6PI-0,0.0,-2.6508434389695568e-36
GAL6PI_REV_CPLX_GAL6PI-1,0.0,-3.286053851878328e-07
GAL6PI_FWD_CPLX_GAL6PI-1,0.0,-1.922686179597174e-12
GALK_REV_469609.3.peg.882-MONOMER_mod_mg2(1),0.0,1.1291227532699453e-06
GALK_FWD_469609.3.peg.882-MONOMER_mod_mg2(1),0.0,-2.9328593699326373e-35
GALM1r_REV_469609.3.peg.63-MONOMER,1.3945045124119368e-17,2.609385387999517e-38
GALM1r_FWD_469609.3.peg.63-MONOMER,1.3945045124119368e-17,3.0582650731509604e-41
GALT_REV_469609.3.peg.881-MONOMER,0.0,-2.947409118691844e-07
GALT_FWD_469609.3.peg.881-MONOMER,0.0,5.384074772471538e-35
GALU_REV_469609.3.peg.175-MONOMER,0.0,-1.8282681185710433e-07
GALU_FWD_469609.3.peg.175-MONOMER,0.0,1.4617296110361656e-35
GALabc_REV_CPLX_dummy,0.0,0.020275785447866974
GALabc_FWD_CPLX_dummy,0.0,-0.020276041519406814
GAPD_REV_469609.3.peg.218-MONOMER,0.0,-1.189238121524191e-06
GAPD_FWD_469609.3.peg.218-MONOMER,1.036925990827083e-21,-9.761001698142023e-35
GARFTi_REV_469609.3.peg.52-MONOMER,0.0,-1.7427115155863388e-07
GARFTi_FWD_469609.3.peg.52-MONOMER,0.0,3.5535602247967977e-34
GCALDD_REV_CPLX_dummy,0.0,0.0608271352119712
GCALDD_FWD_CPLX_dummy,0.0,-0.06082739128351104
GCALDt_REV_CPLX_dummy,0.0,0.0
GCALDt_FWD_CPLX_dummy,0.0,-2.56071539839358e-07
GF6PTA_REV_469609.3.peg.1736-MONOMER,0.0,4.421358662585847e-07
GF6PTA_FWD_469609.3.peg.1736-MONOMER,0.0,-1.131730697148583e-06
GHMT2r_REV_469609.3.peg.665-MONOMER,0.6488374986148201,6.4913705394750605e-34
GHMT2r_FWD_469609.3.peg.665-MONOMER,0.0,-6.826356082936178e-07
GK1_REV_469609.3.peg.592-MONOMER_mod_mg2(1),0.0,-7.67318884014158e-08
GK1_FWD_469609.3.peg.592-MONOMER_mod_mg2(1),0.012847104305658507,-1.5240223840088889e-34
GK2_REV_469609.3.peg.592-MONOMER_mod_mg2(1),0.0,-4.405441129493321e-34
GK2_FWD_469609.3.peg.592-MONOMER_mod_mg2(1),0.0,-7.67318884014158e-08
GLCP3_REV_469609.3.peg.117-MONOMER,0.0,-3.07447848539952e-07
GLCP3_FWD_469609.3.peg.117-MONOMER,0.0,1.4117563317810935e-35
GLCP3_REV_469609.3.peg.1509-MONOMER_mod_pydx5p(1),0.0,-3.8909960441502005e-07
GLCP3_FWD_469609.3.peg.1509-MONOMER_mod_pydx5p(1),0.0,-8.165175587506808e-08
GLCS3_REV_469609.3.peg.1510-MONOMER,0.0,-3.56546289517932e-07
GLCS3_FWD_469609.3.peg.1510-MONOMER,0.0,1.5037441465541947e-35
GLCabc_REV_CPLX_ARBabc-0,0.0,0.02027581583480618
GLCabc_FWD_CPLX_ARBabc-0,0.0,-0.020276164940937227
GLCabc_REV_469609.3.peg.372-MONOMER,0.0,0.020276635444513438
GLCabc_FWD_469609.3.peg.372-MONOMER,0.0,-0.02027534533122997
GLCabc_REV_CPLX_ARBabc-1,0.0,0.020275800433194425
GLCabc_FWD_CPLX_ARBabc-1,0.0,-0.020276180342548984
GLCpts_REV_469609.3.peg.513-MONOMER,0.0,-7.576226852627772e-07
GLCpts_FWD_469609.3.peg.513-MONOMER,0.0007996059457802975,5.530980624406329e-36
GLGC_REV_CPLX_GLGC-0,0.0,0.010138533128839234
GLGC_FWD_CPLX_GLGC-0,0.0,-0.010139070580253795
GLNS_REV_469609.3.peg.225-MONOMER_mod_mn2(1),0.0,0.020275280684512793
GLNS_FWD_469609.3.peg.225-MONOMER_mod_mn2(1),0.0,-0.02027615336399101
GLNSP1_REV_469609.3.peg.225-MONOMER_mod_mn2(1),0.0,-8.726794782166501e-07
GLNSP1_FWD_469609.3.peg.225-MONOMER_mod_mn2(1),0.0,3.583962448993461e-35
GLNSP2_REV_469609.3.peg.225-MONOMER_mod_mn2(1),0.0,-8.726794782166501e-07
GLNSP2_FWD_469609.3.peg.225-MONOMER_mod_mn2(1),0.0,5.862703381211002e-35
GLNSP3_REV_469609.3.peg.225-MONOMER_mod_mn2(1),0.0,-8.726794782166501e-07
GLNSP3_FWD_469609.3.peg.225-MONOMER_mod_mn2(1),0.0,-1.3126804387268505e-34
GLNt2r_REV_CPLX_dummy,0.0,-2.56071539839358e-07
GLNt2r_FWD_CPLX_dummy,0.014985261903181966,1.649853712517166e-33
GLU5K_REV_469609.3.peg.716-MONOMER_mod_mg2(1),0.0,-9.148747862503251e-07
GLU5K_FWD_469609.3.peg.716-MONOMER_mod_mg2(1),0.009235262430555894,1.2770838497219733e-35
GLUCYS_REV_469609.3.peg.1963-MONOMER_mod_mg2(1),0.0,0.06082950266939092
GLUCYS_FWD_469609.3.peg.1963-MONOMER_mod_mg2(1),0.0,-0.060829875296107734
GLUDy_REV_CPLX_GLUDy-0,0.0,-5.347435708923414e-07
GLUDy_FWD_CPLX_GLUDy-0,0.4213699942093433,-2.512076568362897e-35
GLUFORT_REV_469609.3.peg.1826-MONOMER,0.1470929602245189,1.975479635979052e-34
GLUFORT_FWD_469609.3.peg.1826-MONOMER,0.0,-3.0886820128676705e-07
GLUPRT_REV_469609.3.peg.50-MONOMER_mod_mg2(1),0.0,-8.13155213782532e-07
GLUPRT_FWD_469609.3.peg.50-MONOMER_mod_mg2(1),0.0,-8.629258201431824e-37
GLUR_REV_469609.3.peg.1623-MONOMER,0.0,-3.8657023624725554e-07
GLUR_FWD_469609.3.peg.1623-MONOMER,0.0,2.033396825147598e-37
GLUTRS_REV_469609.3.peg.187-MONOMER_mod_mg2(1)_mod_zn2(1),0.0,-2.2182356595217763e-07
GLUTRS_FWD_469609.3.peg.187-MONOMER_mod_mg2(1)_mod_zn2(1),0.0,-1.6416816701509686e-35
GLUt2r_REV_CPLX_dummy,0.11358263188155168,1.6762411594535232e-37
GLUt2r_FWD_CPLX_dummy,0.0,-2.56071539839358e-07
GLXCL_REV_CPLX_dummy,0.0,-2.56071539839358e-07
GLXCL_FWD_CPLX_dummy,0.0,-1.270125066069535e-35
GLYASN1c_REV_469609.3.peg.1888-MONOMER,0.0,-1.2287402997457573e-35
GLYASN1c_FWD_469609.3.peg.1888-MONOMER,0.0,-2.603208214857428e-07
GLYASN1c_REV_469609.3.peg.1360-MONOMER_mod_fe2(2),0.0,-8.31286083453138e-08
GLYASN1c_FWD_469609.3.peg.1360-MONOMER_mod_fe2(2),0.0,-3.434494298310566e-07
GLYASNabc_REV_CPLX_ALAASPabc-0,0.0,-7.838261930451902e-07
GLYASNabc_FWD_CPLX_ALAASPabc-0,0.0,-3.914118164079759e-36
GLYASP1c_REV_469609.3.peg.1888-MONOMER,0.0,-4.8154333686691426e-36
GLYASP1c_FWD_469609.3.peg.1888-MONOMER,0.0,-2.603208214857428e-07
GLYASP1c_REV_469609.3.peg.1360-MONOMER_mod_fe2(2),0.0,-8.31286083453138e-08
GLYASP1c_FWD_469609.3.peg.1360-MONOMER_mod_fe2(2),0.0,-3.434494298310566e-07
GLYASPabc_REV_CPLX_ALAASPabc-0,0.0,-7.838261930451902e-07
GLYASPabc_FWD_CPLX_ALAASPabc-0,0.0,-3.914118164079759e-36
GLYBabc_REV_CPLX_GLYBabc-0,0.0,-3.7159201759224154e-07
GLYBabc_FWD_CPLX_GLYBabc-0,0.0,-1.546226674942449e-08
GLYBabc_REV_469609.3.peg.299-MONOMER,0.0,-3.5612975084281705e-07
GLYBabc_FWD_469609.3.peg.299-MONOMER,0.0,2.6448812150191144e-35
GLYCLTDxr_REV_CPLX_dummy,0.0,-4.74981675078577e-36
GLYCLTDxr_FWD_CPLX_dummy,0.0,-2.56071539839358e-07
GLYCYSabc_REV_CPLX_ALAASPabc-0,0.0,-7.838261930451902e-07
GLYCYSabc_FWD_CPLX_ALAASPabc-0,0.0,-3.914118164079759e-36
GLYCt_REV_469609.3.peg.1173-MONOMER,0.0,-8.696655202741156e-07
GLYCt_FWD_469609.3.peg.1173-MONOMER,4.371975545987269e-22,5.52799033730042e-41
GLYGLN1c_REV_469609.3.peg.1888-MONOMER,7.639680989239823e-23,-1.7682002657627385e-33
GLYGLN1c_FWD_469609.3.peg.1888-MONOMER,0.0,-2.603208214857428e-07
GLYGLN1c_REV_469609.3.peg.1360-MONOMER_mod_fe2(2),0.0,-8.31286083453138e-08
GLYGLN1c_FWD_469609.3.peg.1360-MONOMER_mod_fe2(2),0.0,-3.434494298310566e-07
GLYGLNabc_REV_CPLX_ALAASPabc-0,0.0,1.9756452237802093e-06
GLYGLNabc_FWD_CPLX_ALAASPabc-0,0.0,-2.7594714168253994e-06
GLYGLU1c_REV_469609.3.peg.1888-MONOMER,0.0,-1.0794485542749276e-36
GLYGLU1c_FWD_469609.3.peg.1888-MONOMER,0.0,-2.603208214857428e-07
GLYGLU1c_REV_469609.3.peg.1360-MONOMER_mod_fe2(2),0.0,-8.31286083453138e-08
GLYGLU1c_FWD_469609.3.peg.1360-MONOMER_mod_fe2(2),0.0,-3.434494298310566e-07
GLYGLUabc_REV_CPLX_ALAASPabc-0,0.0,2.231716763619567e-06
GLYGLUabc_FWD_CPLX_ALAASPabc-0,0.0,-3.015542956664757e-06
GLYK_REV_469609.3.peg.1171-MONOMER_mod_mn2(1),0.0,0.0912400560697977
GLYK_FWD_469609.3.peg.1171-MONOMER_mod_mn2(1),0.0,-0.0912409056446625
GLYK_REV_469609.3.peg.1171-MONOMER_mod_mg2(1),0.0,0.09124005538402921
GLYK_FWD_469609.3.peg.1171-MONOMER_mod_mg2(1),0.0,-0.091240906330431
GLYLEUHYDROc_REV_469609.3.peg.1888-MONOMER,0.0,2.3023969830315726e-36
GLYLEUHYDROc_FWD_469609.3.peg.1888-MONOMER,0.0,-2.603208214857428e-07
GLYLEUHYDROc_REV_469609.3.peg.1360-MONOMER_mod_fe2(2),0.0,-8.31286083453138e-08
GLYLEUHYDROc_FWD_469609.3.peg.1360-MONOMER_mod_fe2(2),0.0,-3.434494298310566e-07
GLYLEUPEPT1tc_REV_CPLX_ALAASPabc-0,0.0,-7.838261930451902e-07
GLYLEUPEPT1tc_FWD_CPLX_ALAASPabc-0,0.0,8.257331624343146e-38
GLYMET1c_REV_469609.3.peg.1888-MONOMER,0.0,-2.603208214857428e-07
GLYMET1c_FWD_469609.3.peg.1888-MONOMER,3.2012622253782813e-35,3.1821731812793696e-37
GLYMET1c_REV_469609.3.peg.1360-MONOMER_mod_fe2(2),0.0,-3.434494298310566e-07
GLYMET1c_FWD_469609.3.peg.1360-MONOMER_mod_fe2(2),0.0,-8.31286083453138e-08
GLYMETabc_REV_CPLX_ALAASPabc-0,0.0,-7.838261930451902e-07
GLYMETabc_FWD_CPLX_ALAASPabc-0,0.0,-7.62179537736488e-36
GLYOX_REV_469609.3.peg.1402-MONOMER,0.0,1.3544023973470527e-06
GLYOX_FWD_469609.3.peg.1402-MONOMER,0.0,7.841069834823216e-37
GLYPHEHYc_REV_469609.3.peg.1888-MONOMER,0.0,1.9816219021054895e-36
GLYPHEHYc_FWD_469609.3.peg.1888-MONOMER,0.0,-2.603208214857428e-07
GLYPHEHYc_REV_469609.3.peg.1360-MONOMER_mod_fe2(2),0.0,-8.31286083453138e-08
GLYPHEHYc_FWD_469609.3.peg.1360-MONOMER_mod_fe2(2),0.0,-3.434494298310566e-07
GLYPHEabc_REV_CPLX_ALAASPabc-0,0.0,1.9756452237802093e-06
GLYPHEabc_FWD_CPLX_ALAASPabc-0,0.0,-2.7594714168253994e-06
GLYPROPRO1c_REV_469609.3.peg.1888-MONOMER,9.60622299832772e-35,1.9028699960585933e-37
GLYPROPRO1c_FWD_469609.3.peg.1888-MONOMER,0.0,-2.603208214857428e-07
GLYPROPRO1c_REV_469609.3.peg.1360-MONOMER_mod_fe2(2),0.0,-8.31286083453138e-08
GLYPROPRO1c_FWD_469609.3.peg.1360-MONOMER_mod_fe2(2),0.0,-3.434494298310566e-07
GLYPROabc_REV_CPLX_ALAASPabc-0,0.0,0.0050701321708253675
GLYPROabc_FWD_CPLX_ALAASPabc-0,0.0,-0.005070915997018413
GLYTYR1c_REV_469609.3.peg.1888-MONOMER,7.650470111924787e-23,-6.308978815368187e-37
GLYTYR1c_FWD_469609.3.peg.1888-MONOMER,0.0,-2.603208214857428e-07
GLYTYR1c_REV_469609.3.peg.1360-MONOMER_mod_fe2(2),0.0,-8.31286083453138e-08
GLYTYR1c_FWD_469609.3.peg.1360-MONOMER_mod_fe2(2),0.0,-3.434494298310566e-07
GLYTYRabc_REV_CPLX_ALAASPabc-0,0.0,1.9756452237802093e-06
GLYTYRabc_FWD_CPLX_ALAASPabc-0,0.0,-2.7594714168253994e-06
GLYt2r_REV_CPLX_dummy,0.0,-2.56071539839358e-07
GLYt2r_FWD_CPLX_dummy,0.45,-1.423871409878191e-36
GMPR_REV_469609.3.peg.657-MONOMER,0.0,-5.98896902053853e-07
GMPR_FWD_469609.3.peg.657-MONOMER,0.004007171247381058,-1.0591265963872552e-35
GMPS2_REV_469609.3.peg.696-MONOMER_mod_mg2(1),0.0,-5.922279693009369e-07
GMPS2_FWD_469609.3.peg.696-MONOMER_mod_mg2(1),0.006550277865658797,2.2140857362440563e-35
GND_REV_469609.3.peg.511-MONOMER,0.0,-6.120953594021951e-07
GND_FWD_469609.3.peg.511-MONOMER,0.0,1.3089009675969357e-35
GPDDA1_REV_469609.3.peg.243-MONOMER,0.0,-1.2458551275495735e-07
GPDDA1_FWD_469609.3.peg.243-MONOMER,0.0,2.126014782972688e-36
GPDDA2_REV_469609.3.peg.243-MONOMER,0.0,-1.2458551275495735e-07
GPDDA2_FWD_469609.3.peg.243-MONOMER,0.0,-5.548086585623568e-36
GPDDA4_REV_469609.3.peg.243-MONOMER,0.0,-1.2458551275495735e-07
GPDDA4_FWD_469609.3.peg.243-MONOMER,0.0,2.126014782972688e-36
GRTT_REV_469609.3.peg.1107-MONOMER_mod_mg2(1),0.0,-2.2400460812049005e-07
GRTT_FWD_469609.3.peg.1107-MONOMER_mod_mg2(1),0.0,-2.821017972934001e-09
GRTT_REV_469609.3.peg.1107-MONOMER_mod_mn2(1),0.0,-2.2118359014755605e-07
GRTT_FWD_469609.3.peg.1107-MONOMER_mod_mn2(1),0.002770615191027586,4.207835685719818e-34
GTHRD_REV_469609.3.peg.1052-MONOMER_mod_fad(1),0.0,-7.673268601790476e-07
GTHRD_FWD_469609.3.peg.1052-MONOMER_mod_fad(1),0.0,-1.5084642353587844e-35
GTHS_REV_469609.3.peg.1963-MONOMER_mod_mg2(1),0.0,-3.726267168156096e-07
GTHS_FWD_469609.3.peg.1963-MONOMER_mod_mg2(1),0.0,5.80443256642524e-36
GTPCI_REV_469609.3.peg.2077-MONOMER_mod_zn2(1),0.0,3.3367285012830857e-06
GTPCI_FWD_469609.3.peg.2077-MONOMER_mod_zn2(1),0.0,-1.1122428337610286e-06
GTPDPK_REV_469609.3.peg.1194-MONOMER,0.0,7.368263428308931e-07
GTPDPK_FWD_469609.3.peg.1194-MONOMER,0.0,-6.793360296218022e-07
GTPDPK_REV_469609.3.peg.492-MONOMER,0.0,1.4161623724526952e-06
GTPDPK_FWD_469609.3.peg.492-MONOMER,0.0,1.0551832041431496e-34
GTPDPK_REV_469609.3.peg.1842-MONOMER_mod_mn2(1),0.0,5.416476542781921e-07
GTPDPK_FWD_469609.3.peg.1842-MONOMER_mod_mn2(1),0.0,-8.745147181745031e-07
GUAPRT_REV_469609.3.peg.2-MONOMER,0.0,-7.875536170399611e-08
GUAPRT_FWD_469609.3.peg.2-MONOMER,0.0,-4.8698999014741415e-36
H2CO3D_REV_469609.3.peg.186-MONOMER,0.0,-2.522844682933989e-07
H2CO3D_FWD_469609.3.peg.186-MONOMER,0.0,-3.854763444518454e-37
H2Ot_REV_CPLX_dummy,0.0,-2.56071539839358e-07
H2Ot_FWD_CPLX_dummy,4.249614507871564,0.0
HDG3PACT_REV_469609.3.peg.46-MONOMER,0.0,-3.0931259265171797e-35
HDG3PACT_FWD_469609.3.peg.46-MONOMER,0.0,-6.09011007061574e-07
HEX1_REV_469609.3.peg.669-MONOMER,0.0,2.9074632968609243e-08
HEX1_FWD_469609.3.peg.669-MONOMER,0.0,-6.883580703801104e-07
HEX7_REV_469609.3.peg.1734-MONOMER,0.0,-5.265900466560178e-07
HEX7_FWD_469609.3.peg.1734-MONOMER,0.0,-5.910164345534144e-35
HEXb_REV_469609.3.peg.669-MONOMER,0.0,2.9074632968609243e-08
HEXb_FWD_469609.3.peg.669-MONOMER,0.0,-6.883580703801104e-07
HG2abc_REV_469609.3.peg.306-MONOMER,0.0,1.3178602123402123e-06
HG2abc_FWD_469609.3.peg.306-MONOMER,0.0,4.599460872216189e-36
HISD_REV_469609.3.peg.1831-MONOMER,0.0,-5.441701956367375e-07
HISD_FWD_469609.3.peg.1831-MONOMER,0.1470929602245189,-5.314512722476318e-34
HISTD_REV_469609.3.peg.1371-MONOMER_mod_mn2(1),0.0,-5.060818480262916e-07
HISTD_FWD_469609.3.peg.1371-MONOMER_mod_mn2(1),0.0,9.259863300174554e-36
HISTDOX_REV_469609.3.peg.1371-MONOMER_mod_mn2(1),0.0,-5.060818480262916e-07
HISTDOX_FWD_469609.3.peg.1371-MONOMER_mod_mn2(1),0.0,-3.764920684420826e-37
HISTLOX_REV_469609.3.peg.1371-MONOMER_mod_mn2(1),0.0,-2.530409240131458e-07
HISTLOX_FWD_469609.3.peg.1371-MONOMER_mod_mn2(1),0.0,-2.530409240131458e-07
HISTP_REV_469609.3.peg.1364-MONOMER,0.0,1.5559475830956598e-06
HISTP_FWD_469609.3.peg.1364-MONOMER,0.0,1.184830746905037e-36
HISt2r_REV_CPLX_dummy,0.0,-2.56071539839358e-07
HISt2r_FWD_CPLX_dummy,0.15,1.4740417991575072e-36
HMGCOAS_REV_469609.3.peg.256-MONOMER,0.030476767101303443,-5.225151669146083e-35
HMGCOAS_FWD_469609.3.peg.256-MONOMER,0.0,-2.636075123941931e-07
HPPK_REV_469609.3.peg.2107-MONOMER_mod_mg2(1),0.0,0.04055335436920206
HPPK_FWD_469609.3.peg.2107-MONOMER_mod_mg2(1),0.0,-0.040552128178612486
HPPK2_REV_469609.3.peg.2107-MONOMER_mod_mg2(1),0.0,0.04055335436920206
HPPK2_FWD_469609.3.peg.2107-MONOMER_mod_mg2(1),0.0,-0.040552128178612486
HSDx_REV_469609.3.peg.1000-MONOMER,0.0,-2.4629923159023717e-07
HSDx_FWD_469609.3.peg.1000-MONOMER,0.0,-2.1840658945948477e-07
HSDy_REV_469609.3.peg.1000-MONOMER,0.0,-4.6470582104972196e-07
HSDy_FWD_469609.3.peg.1000-MONOMER,-1.6487590435083476e-34,4.0718498821023487e-35
HSK_REV_469609.3.peg.999-MONOMER_mod_k(1)_mod_mg2(1),0.0,-4.638380424375812e-07
HSK_FWD_469609.3.peg.999-MONOMER_mod_k(1)_mod_mg2(1),-5.039468690114848e-35,1.1058068777371194e-35
HSST_REV_469609.3.peg.813-MONOMER,0.0,1.5067604918723923e-06
HSST_FWD_469609.3.peg.813-MONOMER,0.0,2.511570644925384e-35
HSTPTr_REV_469609.3.peg.1374-MONOMER_mod_pydx5p(1),0.0,-9.004378714839203e-37
HSTPTr_FWD_469609.3.peg.1374-MONOMER_mod_pydx5p(1),0.0,-3.4880798923082095e-07
HXPRT_REV_469609.3.peg.2-MONOMER,0.0,-7.875536170399611e-08
HXPRT_FWD_469609.3.peg.2-MONOMER,0.0,-4.1713703262739916e-36
IAHDGK_REV_469609.3.peg.1092-MONOMER,0.0,-2.715300741082735e-07
IAHDGK_FWD_469609.3.peg.1092-MONOMER,0.0,1.731427057922809e-36
IAPDGK_REV_469609.3.peg.1092-MONOMER,0.0,-2.715300741082735e-07
IAPDGK_FWD_469609.3.peg.1092-MONOMER,0.0,1.0281387775854407e-35
IBCOATA_REV_469609.3.peg.1643-MONOMER,0.0,3.546548710700234e-36
IBCOATA_FWD_469609.3.peg.1643-MONOMER,0.0,-2.803010849672137e-07
ICDHy_REV_469609.3.peg.1562-MONOMER_mod_mn2(1),0.0,0.06589465861550284
ICDHy_FWD_469609.3.peg.1562-MONOMER_mod_mn2(1),0.0,-0.06589519528190883
ICDHy_REV_469609.3.peg.1562-MONOMER_mod_mg2(1),0.0,0.06589465725408739
ICDHy_FWD_469609.3.peg.1562-MONOMER_mod_mg2(1),0.0,-0.06589519664332429
ICHORT_REV_469609.3.peg.457-MONOMER,0.0,7.817336595387792e-08
ICHORT_FWD_469609.3.peg.457-MONOMER,0.0,8.609822777911632e-37
IG3PS_REV_CPLX_IG3PS-0,0.0,0.07603798956436529
IG3PS_FWD_CPLX_IG3PS-0,0.0,-0.07603851305478088
IGPDH_REV_469609.3.peg.1370-MONOMER_mod_mg2(1),0.0,1.2648625714982996e-06
IGPDH_FWD_469609.3.peg.1370-MONOMER_mod_mg2(1),0.0,-1.8429345375651477e-09
IGPDH_REV_469609.3.peg.1370-MONOMER_mod_mn2(1),0.0,1.2667055060358646e-06
IGPDH_FWD_469609.3.peg.1370-MONOMER_mod_mn2(1),0.0,3.407380857536668e-36
IGPS_REV_469609.3.peg.1142-MONOMER,0.0,-9.152401140303911e-08
IGPS_FWD_469609.3.peg.1142-MONOMER,0.0007996059457802975,-6.111778718395669e-36
IHDCOATA_REV_469609.3.peg.1643-MONOMER,0.0,5.97498199112637e-36
IHDCOATA_FWD_469609.3.peg.1643-MONOMER,0.0,-2.803010849672137e-07
IHDGK_REV_469609.3.peg.1092-MONOMER,0.0,-2.715300741082735e-07
IHDGK_FWD_469609.3.peg.1092-MONOMER,0.0,1.731427057922809e-36
IHPDCOATA_REV_469609.3.peg.1643-MONOMER,0.0,5.97498199112637e-36
IHPDCOATA_FWD_469609.3.peg.1643-MONOMER,0.0,-2.803010849672137e-07
IHXDGK_REV_469609.3.peg.1092-MONOMER,0.0,-2.715300741082735e-07
IHXDGK_FWD_469609.3.peg.1092-MONOMER,0.0,1.731427057922809e-36
ILETA_REV_469609.3.peg.1208-MONOMER_mod_pydx5p(1),0.0,-2.6480936194585607e-08
ILETA_FWD_469609.3.peg.1208-MONOMER_mod_pydx5p(1),0.0,-5.774765168644546e-07
ILETA_REV_469609.3.peg.1208-MONOMER_mod_pydx5p(6),2.0195987855547443e-05,-1.8812361959730824e-36
ILETA_FWD_469609.3.peg.1208-MONOMER_mod_pydx5p(6),0.0,-5.509955806698691e-07
ILEabc_REV_CPLX_ILEabc-0,0.0,0.01520671056600917
ILEabc_FWD_CPLX_ILEabc-0,0.0,-0.015207342215840863
ILEt2r_REV_469609.3.peg.631-MONOMER,0.0,-4.239790792072204e-07
ILEt2r_FWD_469609.3.peg.631-MONOMER,0.011642571328788265,-1.2274499794783246e-37
IMPC_REV_469609.3.peg.54-MONOMER,0.0,3.623462633681846e-37
IMPC_FWD_469609.3.peg.54-MONOMER,0.0,-6.060956218167894e-07
IMPD_REV_469609.3.peg.24-MONOMER,0.0,0.04055353613123615
IMPD_FWD_469609.3.peg.24-MONOMER,0.0,-0.04055459864078803
IPDCOATA_REV_469609.3.peg.1643-MONOMER,0.0,5.97498199112637e-36
IPDCOATA_FWD_469609.3.peg.1643-MONOMER,0.0,-2.803010849672137e-07
IPDDI_REV_469609.3.peg.254-MONOMER,0.0,-3.94528553605871e-07
IPDDI_FWD_469609.3.peg.254-MONOMER,0.002770615191027586,-1.8628860627879965e-35
IPDGK_REV_469609.3.peg.1092-MONOMER,0.0,-2.715300741082735e-07
IPDGK_FWD_469609.3.peg.1092-MONOMER,0.0,1.0281387775854407e-35
IPMDr_REV_469609.3.peg.901-MONOMER_mod_mg2(1)_mod_mn2(1),0.0,-6.8017802479947e-07
IPMDr_FWD_469609.3.peg.901-MONOMER_mod_mg2(1)_mod_mn2(1),0.0,-3.037507409475411e-37
IPPMIa_REV_CPLX_IPPMIa-0,0.0,-5.354742086969761e-07
IPPMIa_FWD_CPLX_IPPMIa-0,0.0,5.514074843499626e-36
IPPMIb_REV_CPLX_IPPMIa-0,0.0,-8.933723216482324e-37
IPPMIb_FWD_CPLX_IPPMIa-0,0.0,-5.354742086969761e-07
ITDCOATA_REV_469609.3.peg.1643-MONOMER,0.0,5.97498199112637e-36
ITDCOATA_FWD_469609.3.peg.1643-MONOMER,0.0,-2.803010849672137e-07
ITDGK_REV_469609.3.peg.1092-MONOMER,0.0,-2.715300741082735e-07
ITDGK_FWD_469609.3.peg.1092-MONOMER,0.0,1.0281387775854407e-35
IVCOATA_REV_469609.3.peg.1643-MONOMER,0.0,6.715318950827846e-35
IVCOATA_FWD_469609.3.peg.1643-MONOMER,0.0,-2.803010849672137e-07
IZPN_REV_469609.3.peg.1824-MONOMER,0.0,-4.2013656984718123e-07
IZPN_FWD_469609.3.peg.1824-MONOMER,0.1470929602245189,4.1332054683328734e-35
KARA1_REV_469609.3.peg.535-MONOMER_mod_mg2(1),0.0,-2.3472215407431224e-07
KARA1_FWD_469609.3.peg.535-MONOMER_mod_mg2(1),0.0,-2.3472215407431224e-07
KARA2_REV_469609.3.peg.535-MONOMER_mod_mg2(1),0.0,-4.694443081486245e-07
KARA2_FWD_469609.3.peg.535-MONOMER_mod_mg2(1),2.0195987855547443e-05,1.2379989212453252e-35
KARA3_REV_469609.3.peg.535-MONOMER_mod_mg2(1),0.0,-4.694443081486245e-07
KARA3_FWD_469609.3.peg.535-MONOMER_mod_mg2(1),3.8548336522541393e-22,1.2379989212453252e-35
KAS14_REV_CPLX_3OAS100-0,0.0,-5.880132054222736e-07
KAS14_FWD_CPLX_3OAS100-0,0.0,8.743930204588405e-35
KAS_HP_REV_CPLX_dummy,0.0,-3.791208737663738e-08
KAS_HP_FWD_CPLX_dummy,0.0,-6.595276181253392e-36
Kt1r_REV_469609.3.peg.278-MONOMER,0.0,-2.671635438346289e-07
Kt1r_FWD_469609.3.peg.278-MONOMER,1.2825430609472934e-07,3.836333823067835e-41
Kt3_REV_CPLX_Kt3-0,0.0,0.005069189670324599
Kt3_FWD_CPLX_Kt3-0,0.0,-0.005069059066953157
Kt3_REV_CPLX_Kt3-1,0.0,0.00506893320071304
Kt3_FWD_CPLX_Kt3-1,0.0,-0.005069315536564715
L2A6ODs_REV_CPLX_dummy,0.0,-2.56071539839358e-07
L2A6ODs_FWD_CPLX_dummy,0.0,-9.366767068860873e-37
LACZ_REV_469609.3.peg.1448-MONOMER,0.0,-9.526259101081843e-07
LACZ_FWD_469609.3.peg.1448-MONOMER,0.0,-9.142171484674512e-41
LACpts_REV_CPLX_LACpts-0,0.0,0.16220570930337636
LACpts_FWD_CPLX_LACpts-0,0.0,-0.162204260784067
LARGNAT_REV_469609.3.peg.44-MONOMER,0.0,-1.7543895171488985e-07
LARGNAT_FWD_469609.3.peg.44-MONOMER,0.0,3.2683557707808845e-35
LDH_L_REV_469609.3.peg.1329-MONOMER,0.0,-4.5112354637373977e-07
LDH_L_FWD_469609.3.peg.1329-MONOMER,7.550483960620707e-23,8.4439919262373e-36
LDH_L_REV_469609.3.peg.1204-MONOMER,0.0,-5.131791551803873e-07
LDH_L_FWD_469609.3.peg.1204-MONOMER,0.0,-6.205560880664753e-08
LEUTA_REV_469609.3.peg.1208-MONOMER_mod_pydx5p(1),0.0,-5.774765168644546e-07
LEUTA_FWD_469609.3.peg.1208-MONOMER_mod_pydx5p(1),0.0,-2.6480936194585607e-08
LEUTA_REV_469609.3.peg.1208-MONOMER_mod_pydx5p(6),0.0,-5.509955806698691e-07
LEUTA_FWD_469609.3.peg.1208-MONOMER_mod_pydx5p(6),0.0,6.947813588912422e-37
LEUabc_REV_CPLX_ILEabc-0,0.0,0.01520671056600917
LEUabc_FWD_CPLX_ILEabc-0,0.0,-0.015207342215840863
LEUt2r_REV_469609.3.peg.631-MONOMER,0.0,-4.239790792072204e-07
LEUt2r_FWD_469609.3.peg.631-MONOMER,0.018536224804954607,4.474100105263577e-37
LGTHL_REV_469609.3.peg.778-MONOMER_mod_ni2(1),0.0,1.5848664580196308e-06
LGTHL_FWD_469609.3.peg.778-MONOMER_mod_ni2(1),0.0,1.4656130994495355e-37
LPAMS_REV_CPLX_dummy,0.0,-2.56071539839358e-07
LPAMS_FWD_CPLX_dummy,2.0195987855547443e-05,1.4830555176140162e-36
LPLIPAL1A120_REV_469609.3.peg.353-MONOMER,0.0,1.3169499251610436e-06
LPLIPAL1A120_FWD_469609.3.peg.353-MONOMER,0.0,1.3129557753208405e-35
LPLIPAL1A140_REV_469609.3.peg.353-MONOMER,0.0,1.3169499251610436e-06
LPLIPAL1A140_FWD_469609.3.peg.353-MONOMER,0.0,-5.059860468901146e-36
LPLIPAL1A141_REV_469609.3.peg.353-MONOMER,0.0,1.3169499251610436e-06
LPLIPAL1A141_FWD_469609.3.peg.353-MONOMER,0.0,1.3129557753208405e-35
LPLIPAL1A160_REV_469609.3.peg.353-MONOMER,0.0,1.3169499251610436e-06
LPLIPAL1A160_FWD_469609.3.peg.353-MONOMER,0.0,-5.059860468901146e-36
LPLIPAL1A161_REV_469609.3.peg.353-MONOMER,0.0,1.3169499251610436e-06
LPLIPAL1A161_FWD_469609.3.peg.353-MONOMER,0.0,1.3129557753208405e-35
LPLIPAL1A180_REV_469609.3.peg.353-MONOMER,0.0,1.3169499251610436e-06
LPLIPAL1A180_FWD_469609.3.peg.353-MONOMER,0.0,-5.059860468901146e-36
LPLIPAL1A181_REV_469609.3.peg.353-MONOMER,0.0,1.3169499251610436e-06
LPLIPAL1A181_FWD_469609.3.peg.353-MONOMER,0.0,1.3129557753208405e-35
LPLIPAL1E120_REV_469609.3.peg.353-MONOMER,0.0,1.3169499251610436e-06
LPLIPAL1E120_FWD_469609.3.peg.353-MONOMER,0.0,-4.508665977322069e-36
LPLIPAL1E140_REV_469609.3.peg.353-MONOMER,0.0,1.3169499251610436e-06
LPLIPAL1E140_FWD_469609.3.peg.353-MONOMER,0.0,-5.059860468901146e-36
LPLIPAL1E141_REV_469609.3.peg.353-MONOMER,0.0,1.3169499251610436e-06
LPLIPAL1E141_FWD_469609.3.peg.353-MONOMER,0.0,-1.3327777842587308e-35
LPLIPAL1E160_REV_469609.3.peg.353-MONOMER,0.0,1.3169499251610436e-06
LPLIPAL1E160_FWD_469609.3.peg.353-MONOMER,0.0,-5.059860468901146e-36
LPLIPAL1E161_REV_469609.3.peg.353-MONOMER,0.0,1.3169499251610436e-06
LPLIPAL1E161_FWD_469609.3.peg.353-MONOMER,0.0,-1.3327777842587308e-35
LPLIPAL1E180_REV_469609.3.peg.353-MONOMER,0.0,1.3169499251610436e-06
LPLIPAL1E180_FWD_469609.3.peg.353-MONOMER,0.0,-5.059860468901146e-36
LPLIPAL1E181_REV_469609.3.peg.353-MONOMER,0.0,1.3169499251610436e-06
LPLIPAL1E181_FWD_469609.3.peg.353-MONOMER,0.0,-1.3327777842587308e-35
LPLIPAL1G120_REV_469609.3.peg.353-MONOMER,0.0,1.3169499251610436e-06
LPLIPAL1G120_FWD_469609.3.peg.353-MONOMER,0.0,4.310445887943168e-36
LPLIPAL1G140_REV_469609.3.peg.353-MONOMER,0.0,1.3169499251610436e-06
LPLIPAL1G140_FWD_469609.3.peg.353-MONOMER,0.0,-5.059860468901146e-36
LPLIPAL1G141_REV_469609.3.peg.353-MONOMER,0.0,1.3169499251610436e-06
LPLIPAL1G141_FWD_469609.3.peg.353-MONOMER,0.0,-1.3327777842587308e-35
LPLIPAL1G160_REV_469609.3.peg.353-MONOMER,0.0,1.3169499251610436e-06
LPLIPAL1G160_FWD_469609.3.peg.353-MONOMER,0.0,-5.059860468901146e-36
LPLIPAL1G161_REV_469609.3.peg.353-MONOMER,0.0,1.3169499251610436e-06
LPLIPAL1G161_FWD_469609.3.peg.353-MONOMER,0.0,-1.3327777842587308e-35
LPLIPAL1G180_REV_469609.3.peg.353-MONOMER,0.0,1.3169499251610436e-06
LPLIPAL1G180_FWD_469609.3.peg.353-MONOMER,0.0,-5.059860468901146e-36
LPLIPAL1G181_REV_469609.3.peg.353-MONOMER,0.0,1.3169499251610436e-06
LPLIPAL1G181_FWD_469609.3.peg.353-MONOMER,0.0,-1.3327777842587308e-35
LPLIPAL2A120_REV_469609.3.peg.353-MONOMER,0.0,1.3169499251610436e-06
LPLIPAL2A120_FWD_469609.3.peg.353-MONOMER,0.0,-4.2886587665196855e-36
LPLIPAL2A140_REV_469609.3.peg.353-MONOMER,0.0,1.3169499251610436e-06
LPLIPAL2A140_FWD_469609.3.peg.353-MONOMER,0.0,-8.925413763923575e-36
LPLIPAL2A141_REV_469609.3.peg.353-MONOMER,0.0,1.3169499251610436e-06
LPLIPAL2A141_FWD_469609.3.peg.353-MONOMER,0.0,-4.2886587665196855e-36
LPLIPAL2A160_REV_469609.3.peg.353-MONOMER,0.0,1.3169499251610436e-06
LPLIPAL2A160_FWD_469609.3.peg.353-MONOMER,0.0,-8.925413763923575e-36
LPLIPAL2A161_REV_469609.3.peg.353-MONOMER,0.0,0.060827011081498766
LPLIPAL2A161_FWD_469609.3.peg.353-MONOMER,0.0,-0.060825694131573606
LPLIPAL2A180_REV_469609.3.peg.353-MONOMER,0.0,1.3169499251610436e-06
LPLIPAL2A180_FWD_469609.3.peg.353-MONOMER,0.0,-2.7430737673850562e-36
LPLIPAL2A181_REV_469609.3.peg.353-MONOMER,0.0,0.060827011081498766
LPLIPAL2A181_FWD_469609.3.peg.353-MONOMER,0.0,-0.060825694131573606
LPLIPAL2E120_REV_469609.3.peg.353-MONOMER,0.0,1.3169499251610436e-06
LPLIPAL2E120_FWD_469609.3.peg.353-MONOMER,0.0,-4.508665977322069e-36
LPLIPAL2E140_REV_469609.3.peg.353-MONOMER,0.0,1.3169499251610436e-06
LPLIPAL2E140_FWD_469609.3.peg.353-MONOMER,0.0,-5.059860468901146e-36
LPLIPAL2E141_REV_469609.3.peg.353-MONOMER,0.0,1.3169499251610436e-06
LPLIPAL2E141_FWD_469609.3.peg.353-MONOMER,0.0,-1.3327777842587308e-35
LPLIPAL2E160_REV_469609.3.peg.353-MONOMER,0.0,1.3169499251610436e-06
LPLIPAL2E160_FWD_469609.3.peg.353-MONOMER,0.0,-5.059860468901146e-36
LPLIPAL2E161_REV_469609.3.peg.353-MONOMER,0.0,1.3169499251610436e-06
LPLIPAL2E161_FWD_469609.3.peg.353-MONOMER,0.0,-1.3327777842587308e-35
LPLIPAL2E180_REV_469609.3.peg.353-MONOMER,0.0,1.3169499251610436e-06
LPLIPAL2E180_FWD_469609.3.peg.353-MONOMER,0.0,-5.059860468901146e-36
LPLIPAL2E181_REV_469609.3.peg.353-MONOMER,0.0,1.3169499251610436e-06
LPLIPAL2E181_FWD_469609.3.peg.353-MONOMER,0.0,-1.3327777842587308e-35
LPLIPAL2G120_REV_469609.3.peg.353-MONOMER,0.0,1.3169499251610436e-06
LPLIPAL2G120_FWD_469609.3.peg.353-MONOMER,0.0,4.310445887943168e-36
LPLIPAL2G140_REV_469609.3.peg.353-MONOMER,0.0,1.3169499251610436e-06
LPLIPAL2G140_FWD_469609.3.peg.353-MONOMER,0.0,-5.059860468901146e-36
LPLIPAL2G141_REV_469609.3.peg.353-MONOMER,0.0,1.3169499251610436e-06
LPLIPAL2G141_FWD_469609.3.peg.353-MONOMER,0.0,-1.3327777842587308e-35
LPLIPAL2G160_REV_469609.3.peg.353-MONOMER,0.0,1.3169499251610436e-06
LPLIPAL2G160_FWD_469609.3.peg.353-MONOMER,0.0,-5.059860468901146e-36
LPLIPAL2G161_REV_469609.3.peg.353-MONOMER,0.0,1.3169499251610436e-06
LPLIPAL2G161_FWD_469609.3.peg.353-MONOMER,0.0,-1.3327777842587308e-35
LPLIPAL2G180_REV_469609.3.peg.353-MONOMER,0.0,1.3169499251610436e-06
LPLIPAL2G180_FWD_469609.3.peg.353-MONOMER,0.0,-5.059860468901146e-36
LPLIPAL2G181_REV_469609.3.peg.353-MONOMER,0.0,1.3169499251610436e-06
LPLIPAL2G181_FWD_469609.3.peg.353-MONOMER,0.0,-1.3327777842587308e-35
LYSt2r_REV_CPLX_dummy,0.0,-2.56071539839358e-07
LYSt2r_FWD_CPLX_dummy,0.013284261224373624,-4.555026764339845e-37
L_LACD2_REV_469609.3.peg.1329-MONOMER,0.0,-1.3385460165750235e-07
L_LACD2_FWD_469609.3.peg.1329-MONOMER,0.0,-3.1726894471623747e-07
L_LACD2_REV_469609.3.peg.1204-MONOMER,0.0,-1.9591021046414987e-07
L_LACD2_FWD_469609.3.peg.1204-MONOMER,0.0,-3.7932455352288496e-07
L_LACD3_REV_469609.3.peg.1329-MONOMER,0.0,-2.119854719878867e-07
L_LACD3_FWD_469609.3.peg.1329-MONOMER,0.0,-2.3913807438585306e-07
L_LACD3_REV_469609.3.peg.1204-MONOMER,0.0,-2.7404108079453425e-07
L_LACD3_FWD_469609.3.peg.1204-MONOMER,0.0,-3.011936831925006e-07
L_LACDr_REV_469609.3.peg.1329-MONOMER,0.0,-4.5112354637373977e-07
L_LACDr_FWD_469609.3.peg.1329-MONOMER,2.912341858444102e-23,1.610704274217103e-36
L_LACDr_REV_469609.3.peg.1204-MONOMER,0.0,-5.131791551803873e-07
L_LACDr_FWD_469609.3.peg.1204-MONOMER,0.0,-6.205560880664753e-08
L_LACt2r_REV_CPLX_dummy,0.0,1.1139931639286088e-36
L_LACt2r_FWD_CPLX_dummy,0.0,-2.56071539839358e-07
MADGBG_REV_469609.3.peg.1778-MONOMER,0.0,-2.811093845157524e-07
MADGBG_FWD_469609.3.peg.1778-MONOMER,0.0,1.4845272568990422e-41
MADGBG_REV_469609.3.peg.297-MONOMER,0.0,-3.382632949740942e-07
MADGBG_FWD_469609.3.peg.297-MONOMER,0.0,-5.715391045834183e-08
MALTATr_REV_469609.3.peg.618-MONOMER,0.0,-4.973951582436238e-07
MALTATr_FWD_469609.3.peg.618-MONOMER,0.0,-1.0185747446942978e-35
MALTHXabc_REV_CPLX_MALTHXabc-0,0.0,-6.270225209193058e-07
MALTHXabc_FWD_CPLX_MALTHXabc-0,0.0,1.2800613526653122e-35
MALTTRabc_REV_CPLX_MALTHXabc-0,0.0,0.040551489630907
MALTTRabc_FWD_CPLX_MALTHXabc-0,0.0,-0.04055211665342792
MALTabc_REV_CPLX_ARBabc-0,0.0,4.7050357621207406e-07
MALTabc_FWD_CPLX_ARBabc-0,0.0,-8.19609707256499e-07
MALTabc_REV_469609.3.peg.372-MONOMER,0.0,1.290113283468573e-06
MALTabc_FWD_469609.3.peg.372-MONOMER,0.0,4.4459779960736864e-36
MALTabc_REV_CPLX_MALTHXabc-0,0.0,3.315453812746336e-07
MALTabc_FWD_CPLX_MALTHXabc-0,0.0,-9.585679021939395e-07
MALTabc_REV_CPLX_ARBabc-1,0.0,4.551019644544344e-07
MALTabc_FWD_CPLX_ARBabc-1,0.0,-8.350113190141386e-07
MALTpts_REV_CPLX_MALTpts-0,0.0,-7.609456430108615e-07
MALTpts_FWD_CPLX_MALTpts-0,0.0,4.432146554202181e-37
MAN6PI_REV_469609.3.peg.1728-MONOMER,0.0,-4.334426580333774e-07
MAN6PI_FWD_469609.3.peg.1728-MONOMER,0.0,3.687806637754522e-36
MANpts_REV_CPLX_MANpts-0,0.0,-5.700704937618794e-07
MANpts_FWD_CPLX_MANpts-0,0.0,-2.4589046653247957e-07
MBDGBG_REV_469609.3.peg.1778-MONOMER,0.0,-4.4535817706971267e-41
MBDGBG_FWD_469609.3.peg.1778-MONOMER,0.0,-2.811093845157524e-07
MBDGBG_REV_469609.3.peg.297-MONOMER,0.0,-5.715391045834183e-08
MBDGBG_FWD_469609.3.peg.297-MONOMER,0.0,-3.382632949740942e-07
MCOATA_REV_469609.3.peg.1643-MONOMER,0.0,-2.26410344323572e-07
MCOATA_FWD_469609.3.peg.1643-MONOMER,0.0,2.604015614692892e-34
ME1_REV_469609.3.peg.1793-MONOMER_mod_mg2(1),0.0,1.823709644128528e-06
ME1_FWD_469609.3.peg.1793-MONOMER_mod_mg2(1),0.0,-5.209951511063616e-10
ME1_REV_469609.3.peg.1793-MONOMER_mod_mn2(1),0.0,1.8242306392796345e-06
ME1_FWD_469609.3.peg.1793-MONOMER_mod_mn2(1),0.0,-2.024239655020585e-35
METALA1c_REV_469609.3.peg.1888-MONOMER,0.0,-2.603208214857428e-07
METALA1c_FWD_469609.3.peg.1888-MONOMER,1.4259370512284266e-23,1.9863923499907115e-36
METALA1c_REV_469609.3.peg.1360-MONOMER_mod_fe2(2),0.0,-3.434494298310566e-07
METALA1c_FWD_469609.3.peg.1360-MONOMER_mod_fe2(2),0.0,-8.31286083453138e-08
METALAabc_REV_CPLX_ALAASPabc-0,0.0,-7.838261930451902e-07
METALAabc_FWD_CPLX_ALAASPabc-0,1.4259370512284266e-23,-3.914118164079759e-36
METAT_REV_469609.3.peg.828-MONOMER_mod_k(4)_mod_mn2(1),0.0,-8.799508674059593e-07
METAT_FWD_469609.3.peg.828-MONOMER_mod_k(4)_mod_mn2(1),0.0,-7.106105955503815e-10
METAT_REV_469609.3.peg.828-MONOMER_mod_tl(4)_mod_ni2(1),0.0,-8.848576205324597e-07
METAT_FWD_469609.3.peg.828-MONOMER_mod_tl(4)_mod_ni2(1),0.0,-5.617363722050794e-09
METAT_REV_469609.3.peg.828-MONOMER_mod_na1(4)_mod_ni2(1),0.0,-8.848576205324597e-07
METAT_FWD_469609.3.peg.828-MONOMER_mod_na1(4)_mod_ni2(1),0.0,-5.617363722050794e-09
METAT_REV_469609.3.peg.828-MONOMER_mod_nh4(4)_mod_ca2(1),0.0,-8.837918943394868e-07
METAT_FWD_469609.3.peg.828-MONOMER_mod_nh4(4)_mod_ca2(1),0.0,-4.551637529077977e-09
METAT_REV_469609.3.peg.828-MONOMER_mod_nh4(4)_mod_ni2(1),0.0,-8.824549471660769e-07
METAT_FWD_469609.3.peg.828-MONOMER_mod_nh4(4)_mod_ni2(1),0.0,-3.2146903556679358e-09
METAT_REV_469609.3.peg.828-MONOMER_mod_tl(4)_mod_zn2(1),0.0,-8.844442927254524e-07
METAT_FWD_469609.3.peg.828-MONOMER_mod_tl(4)_mod_zn2(1),0.0,-5.2040359150434645e-09
METAT_REV_469609.3.peg.828-MONOMER_mod_tl(4)_mod_cobalt2(1),0.0,-8.848412461160681e-07
METAT_FWD_469609.3.peg.828-MONOMER_mod_tl(4)_mod_cobalt2(1),0.0,-5.600989305659142e-09
METAT_REV_469609.3.peg.828-MONOMER_mod_na1(4)_mod_ca2(1),0.0,-8.861945604377962e-07
METAT_FWD_469609.3.peg.828-MONOMER_mod_na1(4)_mod_ca2(1),0.0,-6.954303627387311e-09
METAT_REV_469609.3.peg.828-MONOMER_mod_tl(4)_mod_mn2(1),0.0,-8.851556236622414e-07
METAT_FWD_469609.3.peg.828-MONOMER_mod_tl(4)_mod_mn2(1),0.0,-5.915366851832502e-09
METAT_REV_469609.3.peg.828-MONOMER_mod_k(4)_mod_zn2(1),0.0,-8.792402568104088e-07
METAT_FWD_469609.3.peg.828-MONOMER_mod_k(4)_mod_zn2(1),0.0002541685025924611,2.7575526046072957e-35
METAT_REV_469609.3.peg.828-MONOMER_mod_cs(4)_mod_cd2(1),0.0,-8.844432156534444e-07
METAT_FWD_469609.3.peg.828-MONOMER_mod_cs(4)_mod_cd2(1),0.0,-5.202958843035538e-09
METAT_REV_469609.3.peg.828-MONOMER_mod_na1(4)_mod_cd2(1),0.0,-8.844432156534444e-07
METAT_FWD_469609.3.peg.828-MONOMER_mod_na1(4)_mod_cd2(1),0.0,-5.202958843035538e-09
METAT_REV_469609.3.peg.828-MONOMER_mod_na1(4)_mod_zn2(1),0.0,-8.844442927254524e-07
METAT_FWD_469609.3.peg.828-MONOMER_mod_na1(4)_mod_zn2(1),0.0,-5.2040359150434645e-09
METAT_REV_469609.3.peg.828-MONOMER_mod_nh4(4)_mod_zn2(1),0.0,-8.82042440311656e-07
METAT_FWD_469609.3.peg.828-MONOMER_mod_nh4(4)_mod_zn2(1),0.0,-2.8021835012471818e-09
METAT_REV_469609.3.peg.828-MONOMER_mod_nh4(4)_mod_cobalt2(1),0.0,-8.824392014511618e-07
METAT_FWD_469609.3.peg.828-MONOMER_mod_nh4(4)_mod_cobalt2(1),0.0,-3.1989446407530058e-09
METAT_REV_469609.3.peg.828-MONOMER_mod_tl(4)_mod_ca2(1),0.0,-8.861945604377962e-07
METAT_FWD_469609.3.peg.828-MONOMER_mod_tl(4)_mod_ca2(1),0.0,-6.954303627387311e-09
METAT_REV_469609.3.peg.828-MONOMER_mod_na1(4)_mod_mn2(1),0.0,-8.851556236622414e-07
METAT_FWD_469609.3.peg.828-MONOMER_mod_na1(4)_mod_mn2(1),0.0,-5.915366851832502e-09
METAT_REV_469609.3.peg.828-MONOMER_mod_nh4(4)_mod_mg2(1),0.0,-8.835917974947584e-07
METAT_FWD_469609.3.peg.828-MONOMER_mod_nh4(4)_mod_mg2(1),0.0,-4.351540684349484e-09
METAT_REV_469609.3.peg.828-MONOMER_mod_na1(4)_mod_mg2(1),0.0,-8.859945681641836e-07
METAT_FWD_469609.3.peg.828-MONOMER_mod_na1(4)_mod_mg2(1),0.0,-6.754311353774734e-09
METAT_REV_469609.3.peg.828-MONOMER_mod_k(4)_mod_ca2(1),0.0,-8.809887618658452e-07
METAT_FWD_469609.3.peg.828-MONOMER_mod_k(4)_mod_ca2(1),0.0,-1.7485050554363539e-09
METAT_REV_469609.3.peg.828-MONOMER_mod_nh4(4)_mod_cd2(1),0.0,-8.820418605868494e-07
METAT_FWD_469609.3.peg.828-MONOMER_mod_nh4(4)_mod_cd2(1),0.0,-2.8016037764405626e-09
METAT_REV_469609.3.peg.828-MONOMER_mod_cs(4)_mod_mn2(1),0.0,-8.851556236622414e-07
METAT_FWD_469609.3.peg.828-MONOMER_mod_cs(4)_mod_mn2(1),0.0,-5.915366851832502e-09
METAT_REV_469609.3.peg.828-MONOMER_mod_k(4)_mod_mg2(1),0.0,-8.807885431884475e-07
METAT_FWD_469609.3.peg.828-MONOMER_mod_k(4)_mod_mg2(1),0.0,-1.5482863780386367e-09
METAT_REV_469609.3.peg.828-MONOMER_mod_cs(4)_mod_ca2(1),0.0,-8.861945604377962e-07
METAT_FWD_469609.3.peg.828-MONOMER_mod_cs(4)_mod_ca2(1),0.0,-6.954303627387311e-09
METAT_REV_469609.3.peg.828-MONOMER_mod_cs(4)_mod_mg2(1),0.0,-8.859945681641836e-07
METAT_FWD_469609.3.peg.828-MONOMER_mod_cs(4)_mod_mg2(1),0.0,-6.754311353774734e-09
METAT_REV_469609.3.peg.828-MONOMER_mod_k(4)_mod_cd2(1),0.0,-8.792402568104088e-07
METAT_FWD_469609.3.peg.828-MONOMER_mod_k(4)_mod_cd2(1),0.0,4.6281130672283295e-35
METAT_REV_469609.3.peg.828-MONOMER_mod_k(4)_mod_ni2(1),0.0,-8.796518066139805e-07
METAT_FWD_469609.3.peg.828-MONOMER_mod_k(4)_mod_ni2(1),0.0,-4.115498035716079e-10
METAT_REV_469609.3.peg.828-MONOMER_mod_nh4(4)_mod_mn2(1),0.0,-8.827534387211975e-07
METAT_FWD_469609.3.peg.828-MONOMER_mod_nh4(4)_mod_mn2(1),0.0,-3.5131819107886564e-09
METAT_REV_469609.3.peg.828-MONOMER_mod_cs(4)_mod_zn2(1),0.0,-8.844442927254524e-07
METAT_FWD_469609.3.peg.828-MONOMER_mod_cs(4)_mod_zn2(1),0.0,-5.2040359150434645e-09
METAT_REV_469609.3.peg.828-MONOMER_mod_cs(4)_mod_ni2(1),0.0,-8.848576205324597e-07
METAT_FWD_469609.3.peg.828-MONOMER_mod_cs(4)_mod_ni2(1),0.0,-5.617363722050794e-09
METAT_REV_469609.3.peg.828-MONOMER_mod_tl(4)_mod_mg2(1),0.0,-8.859945681641836e-07
METAT_FWD_469609.3.peg.828-MONOMER_mod_tl(4)_mod_mg2(1),0.0,-6.754311353774734e-09
METAT_REV_469609.3.peg.828-MONOMER_mod_na1(4)_mod_cobalt2(1),0.0,-8.848412461160681e-07
METAT_FWD_469609.3.peg.828-MONOMER_mod_na1(4)_mod_cobalt2(1),0.0,-5.600989305659142e-09
METAT_REV_469609.3.peg.828-MONOMER_mod_k(4)_mod_cobalt2(1),0.0,-8.796367937389001e-07
METAT_FWD_469609.3.peg.828-MONOMER_mod_k(4)_mod_cobalt2(1),0.0,-3.965369284911655e-10
METAT_REV_469609.3.peg.828-MONOMER_mod_tl(4)_mod_cd2(1),0.0,-8.844432156534444e-07
METAT_FWD_469609.3.peg.828-MONOMER_mod_tl(4)_mod_cd2(1),0.0,-5.202958843035538e-09
METAT_REV_469609.3.peg.828-MONOMER_mod_cs(4)_mod_cobalt2(1),0.0,-8.848412461160681e-07
METAT_FWD_469609.3.peg.828-MONOMER_mod_cs(4)_mod_cobalt2(1),0.0,-5.600989305659142e-09
METB1_REV_469609.3.peg.1588-MONOMER_mod_pydx5p(1),0.0,-6.411620318661274e-07
METB1_FWD_469609.3.peg.1588-MONOMER_mod_pydx5p(1),2.0195987855547443e-05,2.1800199834410784e-37
METDabc_REV_CPLX_METDabc-0,0.0,-5.752573635533898e-07
METDabc_FWD_CPLX_METDabc-0,0.0,-1.345664669330425e-35
METFR_REV_469609.3.peg.329-MONOMER_mod_fad(1),0.0,-2.1840658945948477e-07
METFR_FWD_469609.3.peg.329-MONOMER_mod_fad(1),0.3354191359873894,-1.666093815398284e-35
METSOX1abc_REV_CPLX_METDabc-0,0.0,-5.752573635533898e-07
METSOX1abc_FWD_CPLX_METDabc-0,0.006628509520388957,-1.0349371284696659e-36
METSOX2abc_REV_CPLX_METDabc-0,0.0,-5.752573635533898e-07
METSOX2abc_FWD_CPLX_METDabc-0,0.0,-1.345664669330425e-35
METSOXR1r_REV_469609.3.peg.289-MONOMER,0.0,-1.8424210091196195e-07
METSOXR1r_FWD_469609.3.peg.289-MONOMER,0.006628509520388957,6.97691711702947e-34
METSOXR1r_REV_469609.3.peg.641-MONOMER,0.0,-2.416969851929013e-07
METSOXR1r_FWD_469609.3.peg.641-MONOMER,0.0,-5.745488428093937e-08
METabc_REV_CPLX_METDabc-0,0.0,0.010137385270932855
METabc_FWD_CPLX_METDabc-0,0.0,-0.010137960528296408
MEVK1c_REV_469609.3.peg.251-MONOMER,0.0,-4.803835430170255e-07
MEVK1c_FWD_469609.3.peg.251-MONOMER,0.030476767101303443,2.6784533931611188e-36
MG2abc_REV_CPLX_dummy,0.0,0.020276058782596383
MG2abc_FWD_CPLX_dummy,0.0,-0.02027631485413622
MGt5_REV_469609.3.peg.1891-MONOMER,0.000203819541285956,5.235276160895759e-42
MGt5_FWD_469609.3.peg.1891-MONOMER,0.0,-8.469793055862594e-08
MI1PP_REV_469609.3.peg.760-MONOMER_mod_mg2(1),0.0,-2.051458075588157e-07
MI1PP_FWD_469609.3.peg.760-MONOMER_mod_mg2(1),0.0,3.7553082316328146e-36
MI3PP_REV_469609.3.peg.760-MONOMER_mod_mg2(1),0.0,-2.051458075588157e-07
MI3PP_FWD_469609.3.peg.760-MONOMER_mod_mg2(1),0.0,3.7553082316328146e-36
MI4PP_REV_469609.3.peg.760-MONOMER_mod_mg2(1),0.0,-2.051458075588157e-07
MI4PP_FWD_469609.3.peg.760-MONOMER_mod_mg2(1),0.0,3.7553082316328146e-36
MLTP1_REV_469609.3.peg.117-MONOMER,0.0,-3.07447848539952e-07
MLTP1_FWD_469609.3.peg.117-MONOMER,0.0,2.9759582998477038e-36
MLTP2_REV_469609.3.peg.117-MONOMER,0.0,-3.07447848539952e-07
MLTP2_FWD_469609.3.peg.117-MONOMER,0.0,2.9759582998477038e-36
MLTP3_REV_469609.3.peg.117-MONOMER,0.0,-3.07447848539952e-07
MLTP3_FWD_469609.3.peg.117-MONOMER,0.0,-5.3802454636247195e-36
MNabc_REV_CPLX_MNabc-0,0.0,0.015206893788750755
MNabc_FWD_CPLX_MNabc-0,0.0,-0.01520716479761139
MNt2_REV_469609.3.peg.227-MONOMER,0.0,-4.18174567095072e-07
MNt2_FWD_469609.3.peg.227-MONOMER,1.512229220442042e-08,3.955291839337082e-37
MTAN_REV_469609.3.peg.1429-MONOMER,0.0,-3.668852819274373e-07
MTAN_FWD_469609.3.peg.1429-MONOMER,0.0,5.980585236090391e-36
MTHFC_REV_469609.3.peg.1112-MONOMER,0.0,-1.0281107334892046e-08
MTHFC_FWD_469609.3.peg.1112-MONOMER,0.0,-4.905905865815427e-07
MTHFC_REV_469609.3.peg.1828-MONOMER,0.5034475958623846,5.656813184609805e-36
MTHFC_FWD_469609.3.peg.1828-MONOMER,0.0,-4.803094792466507e-07
MTHFC_REV_469609.3.peg.1182-MONOMER,0.0,-1.1087178774705959e-07
MTHFC_FWD_469609.3.peg.1182-MONOMER,0.0,-5.911812669937102e-07
MTHFD_REV_469609.3.peg.1112-MONOMER,0.6505405560869035,2.805958036477959e-35
MTHFD_FWD_469609.3.peg.1112-MONOMER,0.0,-5.008716939164348e-07
MTHPTGHM_REV_469609.3.peg.328-MONOMER_mod_zn2(1),0.0,0.04055469256138655
MTHPTGHM_FWD_469609.3.peg.328-MONOMER_mod_zn2(1),0.0,-0.04055515202759847
NACt2r_REV_CPLX_dummy,0.0,-2.56071539839358e-07
NACt2r_FWD_CPLX_dummy,0.013010190935047017,5.383580045692772e-37
NADK_REV_469609.3.peg.1193-MONOMER_mod_mg2(1),0.0,-4.2141850533609447e-07
NADK_FWD_469609.3.peg.1193-MONOMER_mod_mg2(1),0.0,-1.9218661753818205e-35
NADK2_REV_469609.3.peg.1193-MONOMER_mod_mg2(1),0.0,-3.000677767633156e-07
NADK2_FWD_469609.3.peg.1193-MONOMER_mod_mg2(1),0.0,-1.213507285727789e-07
NADS1_REV_469609.3.peg.580-MONOMER_mod_mg2(1),0.0,0.020276664362723934
NADS1_FWD_469609.3.peg.580-MONOMER_mod_mg2(1),0.0,-0.020275397215922926
NADS1_REV_469609.3.peg.580-MONOMER_mod_mn2(1),0.0,0.020276665823095636
NADS1_FWD_469609.3.peg.580-MONOMER_mod_mn2(1),0.0,-0.020275395755551227
NADS2_REV_CPLX_dummy,0.0,0.02027641489663319
NADS2_FWD_CPLX_dummy,0.0,-0.020276670968173028
NAPRT_REV_469609.3.peg.579-MONOMER,0.0,0.04055316641860227
NAPRT_FWD_469609.3.peg.579-MONOMER,0.0,-0.0405535330098006
NDPK1_REV_CPLX_dummy,0.0,-2.493864984924579e-07
NDPK1_FWD_CPLX_dummy,0.0,-6.685041346900092e-09
NDPK2_REV_CPLX_dummy,0.0,-2.493864984924579e-07
NDPK2_FWD_CPLX_dummy,0.0,-6.685041346900092e-09
NDPK3_REV_CPLX_dummy,0.0,-2.493864984924579e-07
NDPK3_FWD_CPLX_dummy,0.0,-6.685041346900092e-09
NDPK4_REV_CPLX_dummy,0.0,-2.493864984924579e-07
NDPK4_FWD_CPLX_dummy,0.0,-6.685041346900092e-09
NDPK5_REV_CPLX_dummy,0.0,-1.28035769919679e-07
NDPK5_FWD_CPLX_dummy,0.0,-1.28035769919679e-07
NDPK6_REV_CPLX_dummy,0.0,-1.28035769919679e-07
NDPK6_FWD_CPLX_dummy,0.0,-1.28035769919679e-07
NDPK7_REV_CPLX_dummy,0.0,-2.493864984924579e-07
NDPK7_FWD_CPLX_dummy,0.0,-6.685041346900092e-09
NDPK8_REV_CPLX_dummy,0.0,-2.047676583210948e-07
NDPK8_FWD_CPLX_dummy,0.0,-5.130388151826319e-08
NDPK9_REV_CPLX_dummy,0.0,-1.28035769919679e-07
NDPK9_FWD_CPLX_dummy,0.0,-1.28035769919679e-07
NH4tb_REV_CPLX_dummy,3.849886244721125,0.0
NH4tb_FWD_CPLX_dummy,0.0,-2.56071539839358e-07
NMNAT_REV_469609.3.peg.1969-MONOMER_mod_ca2(1),0.0,-2.3327881449653857e-07
NMNAT_FWD_469609.3.peg.1969-MONOMER_mod_ca2(1),0.0,-5.031196290866796e-09
NMNAT_REV_469609.3.peg.1969-MONOMER_mod_cobalt2(1),0.0,-2.2938577545527197e-07
NMNAT_FWD_469609.3.peg.1969-MONOMER_mod_cobalt2(1),0.0,-1.1381572496001832e-09
NMNAT_REV_469609.3.peg.1969-MONOMER_mod_zn2(1),0.0,-2.2824761820567179e-07
NMNAT_FWD_469609.3.peg.1969-MONOMER_mod_zn2(1),0.0002339726004207593,-3.1744053473256494e-35
NMNAT_REV_469609.3.peg.1969-MONOMER_mod_ni2(1),0.0,-2.2922457107216156e-07
NMNAT_FWD_469609.3.peg.1969-MONOMER_mod_ni2(1),0.0,-9.769528664897937e-10
NMNAT_REV_469609.3.peg.1969-MONOMER_mod_mg2(1),0.0,-2.326383839735255e-07
NMNAT_FWD_469609.3.peg.1969-MONOMER_mod_mg2(1),0.0,-4.390765767853711e-09
NMNAT_REV_469609.3.peg.1969-MONOMER_mod_cd2(1),0.0,-2.2841167597569286e-07
NMNAT_FWD_469609.3.peg.1969-MONOMER_mod_cd2(1),0.0,-1.6405777002109126e-10
NMNAT_REV_469609.3.peg.1969-MONOMER_mod_cu2(1),0.0,-2.310743104918722e-07
NMNAT_FWD_469609.3.peg.1969-MONOMER_mod_cu2(1),0.0,-2.826692286200422e-09
NMNAT_REV_469609.3.peg.1969-MONOMER_mod_mn2(1),0.0,-2.302913166648247e-07
NMNAT_FWD_469609.3.peg.1969-MONOMER_mod_mn2(1),0.0,-2.043698459152897e-09
NMNP_REV_469609.3.peg.1968-MONOMER,0.0,-3.837637649101207e-07
NMNP_FWD_469609.3.peg.1968-MONOMER,0.0,-5.7446587400360455e-08
NMNP_REV_469609.3.peg.978-MONOMER,0.0,-3.263171775097602e-07
NMNP_FWD_469609.3.peg.978-MONOMER,0.013244163535467776,0.0
NMNPH_REV_469609.3.peg.1969-MONOMER_mod_ca2(1),0.0,-2.3327881449653857e-07
NMNPH_FWD_469609.3.peg.1969-MONOMER_mod_ca2(1),0.0,-5.031196290866796e-09
NMNPH_REV_469609.3.peg.1969-MONOMER_mod_cobalt2(1),0.0,-2.2938577545527197e-07
NMNPH_FWD_469609.3.peg.1969-MONOMER_mod_cobalt2(1),0.0,-1.1381572496001832e-09
NMNPH_REV_469609.3.peg.1969-MONOMER_mod_zn2(1),0.0,-2.2824761820567179e-07
NMNPH_FWD_469609.3.peg.1969-MONOMER_mod_zn2(1),0.013010190935047017,-1.362423963850682e-35
NMNPH_REV_469609.3.peg.1969-MONOMER_mod_ni2(1),0.0,-2.2922457107216156e-07
NMNPH_FWD_469609.3.peg.1969-MONOMER_mod_ni2(1),0.0,-9.769528664897937e-10
NMNPH_REV_469609.3.peg.1969-MONOMER_mod_mg2(1),0.0,-2.326383839735255e-07
NMNPH_FWD_469609.3.peg.1969-MONOMER_mod_mg2(1),0.0,-4.390765767853711e-09
NMNPH_REV_469609.3.peg.1969-MONOMER_mod_cd2(1),0.0,-2.2841167597569286e-07
NMNPH_FWD_469609.3.peg.1969-MONOMER_mod_cd2(1),0.0,-1.6405777002109126e-10
NMNPH_REV_469609.3.peg.1969-MONOMER_mod_cu2(1),0.0,-2.310743104918722e-07
NMNPH_FWD_469609.3.peg.1969-MONOMER_mod_cu2(1),0.0,-2.826692286200422e-09
NMNPH_REV_469609.3.peg.1969-MONOMER_mod_mn2(1),0.0,-2.302913166648247e-07
NMNPH_FWD_469609.3.peg.1969-MONOMER_mod_mn2(1),0.0,-2.043698459152897e-09
NNAM_REV_469609.3.peg.441-MONOMER,0.0,-2.69698090734856e-07
NNAM_FWD_469609.3.peg.441-MONOMER,0.013010190935047017,3.410240728904418e-37
NNATr_REV_469609.3.peg.455-MONOMER_mod_mg2(1),0.0,1.4363451416322953e-06
NNATr_FWD_469609.3.peg.455-MONOMER_mod_mg2(1),0.0,-3.9791199908743575e-36
NP1_r_REV_CPLX_DURIPP-0,0.0,-5.09663497755263e-07
NP1_r_FWD_CPLX_DURIPP-0,0.0,8.980964876899804e-34
NT5C_REV_469609.3.peg.1214-MONOMER_mod_zn2(1),0.0,-8.153144491366688e-07
NT5C_FWD_469609.3.peg.1214-MONOMER_mod_zn2(1),0.0,-2.436975460954508e-36
NT5C_REV_469609.3.peg.1214-MONOMER_mod_cobalt2(1),0.0,-8.1603731273092e-07
NT5C_FWD_469609.3.peg.1214-MONOMER_mod_cobalt2(1),0.0,-7.228635942512459e-10
NTD1_REV_469609.3.peg.1214-MONOMER_mod_zn2(1),0.0,0.020275812675646515
NTD1_FWD_469609.3.peg.1214-MONOMER_mod_zn2(1),0.0,-0.02027662799009565
NTD1_REV_469609.3.peg.1214-MONOMER_mod_cobalt2(1),0.0,0.02027581195278292
NTD1_FWD_469609.3.peg.1214-MONOMER_mod_cobalt2(1),0.0,-0.020276628712959245
NTD10_REV_469609.3.peg.1214-MONOMER_mod_zn2(1),0.0,0.040552573777433154
NTD10_FWD_469609.3.peg.1214-MONOMER_mod_zn2(1),0.0,-0.04055338909188229
NTD10_REV_469609.3.peg.1214-MONOMER_mod_cobalt2(1),0.0,0.04055257305456956
NTD10_FWD_469609.3.peg.1214-MONOMER_mod_cobalt2(1),0.0,-0.040553389814745884
NTD11_REV_469609.3.peg.1214-MONOMER_mod_zn2(1),0.0,0.040552573777433154
NTD11_FWD_469609.3.peg.1214-MONOMER_mod_zn2(1),0.0,-0.04055338909188229
NTD11_REV_469609.3.peg.1214-MONOMER_mod_cobalt2(1),0.0,0.04055257305456956
NTD11_FWD_469609.3.peg.1214-MONOMER_mod_cobalt2(1),0.0,-0.040553389814745884
NTD2_REV_469609.3.peg.1214-MONOMER_mod_zn2(1),0.0,0.02027583698618721
NTD2_FWD_469609.3.peg.1214-MONOMER_mod_zn2(1),0.0,-0.02027665230063635
NTD2_REV_469609.3.peg.1214-MONOMER_mod_cobalt2(1),0.0,0.020275836263323615
NTD2_FWD_469609.3.peg.1214-MONOMER_mod_cobalt2(1),0.0,-0.02027665302349994
NTD3_REV_469609.3.peg.1214-MONOMER_mod_zn2(1),0.0,-8.153144491366688e-07
NTD3_FWD_469609.3.peg.1214-MONOMER_mod_zn2(1),0.0,7.898075233694569e-37
NTD3_REV_469609.3.peg.1214-MONOMER_mod_cobalt2(1),0.0,-8.1603731273092e-07
NTD3_FWD_469609.3.peg.1214-MONOMER_mod_cobalt2(1),0.0,-7.228635942512459e-10
NTD4_REV_469609.3.peg.1214-MONOMER_mod_zn2(1),0.0,0.02027583698618721
NTD4_FWD_469609.3.peg.1214-MONOMER_mod_zn2(1),0.0,-0.02027665230063635
NTD4_REV_469609.3.peg.1214-MONOMER_mod_cobalt2(1),0.0,0.020275836263323615
NTD4_FWD_469609.3.peg.1214-MONOMER_mod_cobalt2(1),0.0,-0.02027665302349994
NTD5_REV_469609.3.peg.1214-MONOMER_mod_zn2(1),0.0,0.020275812675646515
NTD5_FWD_469609.3.peg.1214-MONOMER_mod_zn2(1),0.0,-0.02027662799009565
NTD5_REV_469609.3.peg.1214-MONOMER_mod_cobalt2(1),0.0,0.02027581195278292
NTD5_FWD_469609.3.peg.1214-MONOMER_mod_cobalt2(1),0.0,-0.020276628712959245
NTD5_a_REV_469609.3.peg.1214-MONOMER_mod_zn2(1),0.0,0.02027570738629791
NTD5_a_FWD_469609.3.peg.1214-MONOMER_mod_zn2(1),0.0,-0.020276522700747045
NTD5_a_REV_469609.3.peg.1214-MONOMER_mod_cobalt2(1),0.0,0.020275706663434315
NTD5_a_FWD_469609.3.peg.1214-MONOMER_mod_cobalt2(1),0.0,-0.02027652342361064
NTD6_REV_469609.3.peg.1214-MONOMER_mod_zn2(1),0.0,0.040551723170054815
NTD6_FWD_469609.3.peg.1214-MONOMER_mod_zn2(1),0.0,-0.04055253848450395
NTD6_REV_469609.3.peg.1214-MONOMER_mod_cobalt2(1),0.0,0.04055172244719122
NTD6_FWD_469609.3.peg.1214-MONOMER_mod_cobalt2(1),0.0,-0.040552539207367545
NTD7_REV_469609.3.peg.1214-MONOMER_mod_zn2(1),0.0,0.04055260155035347
NTD7_FWD_469609.3.peg.1214-MONOMER_mod_zn2(1),0.0,-0.040553416864802606
NTD7_REV_469609.3.peg.1214-MONOMER_mod_cobalt2(1),0.0,0.040552600827489876
NTD7_FWD_469609.3.peg.1214-MONOMER_mod_cobalt2(1),0.0,-0.0405534175876662
NTD8_REV_469609.3.peg.1214-MONOMER_mod_zn2(1),0.0,0.0405518488609113
NTD8_FWD_469609.3.peg.1214-MONOMER_mod_zn2(1),0.0,-0.04055266417536044
NTD8_REV_469609.3.peg.1214-MONOMER_mod_cobalt2(1),0.0,0.04055184813804771
NTD8_FWD_469609.3.peg.1214-MONOMER_mod_cobalt2(1),0.0,-0.04055266489822403
NTD9_REV_469609.3.peg.1214-MONOMER_mod_zn2(1),0.0,0.040552573777433154
NTD9_FWD_469609.3.peg.1214-MONOMER_mod_zn2(1),0.0,-0.04055338909188229
NTD9_REV_469609.3.peg.1214-MONOMER_mod_cobalt2(1),0.0,0.04055257305456956
NTD9_FWD_469609.3.peg.1214-MONOMER_mod_cobalt2(1),0.0,-0.040553389814745884
NTPTP1_REV_469609.3.peg.1573-MONOMER,0.0,0.060828526856211436
NTPTP1_FWD_469609.3.peg.1573-MONOMER,0.0,-0.060828569609137566
O2t_REV_CPLX_dummy,0.0,7.661740151424908e-38
O2t_FWD_CPLX_dummy,0.0,-2.56071539839358e-07
OAASr_REV_469609.3.peg.1563-MONOMER,0.0,-3.2429237448196067e-07
OAASr_FWD_469609.3.peg.1563-MONOMER,9.88440488175901e-23,9.259652646324038e-34
OBTFL_REV_469609.3.peg.259-MONOMER_mod_glycyl(1),0.0,-2.3560046213322166e-07
OBTFL_FWD_469609.3.peg.259-MONOMER_mod_glycyl(1),0.0,1.946105858054609e-35
OCBT_REV_469609.3.peg.1543-MONOMER,0.14130607699782272,-1.5713877450181972e-36
OCBT_FWD_469609.3.peg.1543-MONOMER,0.0,-4.606769224672813e-07
OMCDC_REV_CPLX_dummy,0.0,0.030414468557812647
OMCDC_FWD_CPLX_dummy,0.0,-0.030414724629352484
OMPDC_REV_469609.3.peg.1221-MONOMER,0.0,1.3911409450937262e-06
OMPDC_FWD_469609.3.peg.1221-MONOMER,-2.916407562917645e-56,-2.4715539833933023e-35
ORNTAC_REV_469609.3.peg.467-MONOMER_mod_zn2(1),0.0,-3.6954821329569433e-07
ORNTAC_FWD_469609.3.peg.467-MONOMER_mod_zn2(1),0.008693923002177268,1.712754857501318e-36
ORNTAC_REV_469609.3.peg.1527-MONOMER,0.0,-5.391503132605855e-07
ORNTAC_FWD_469609.3.peg.1527-MONOMER,0.0,-1.696020999648911e-07
OROTPT_REV_469609.3.peg.1220-MONOMER,0.0,1.0224405755685394e-06
OROTPT_FWD_469609.3.peg.1220-MONOMER,0.0,1.995353160604619e-36
P5CRyr_REV_469609.3.peg.714-MONOMER,0.009235262430555894,-6.052819021437242e-34
P5CRyr_FWD_469609.3.peg.714-MONOMER,0.0,-8.158907326451863e-07
PAPPT2_REV_469609.3.peg.573-MONOMER,0.0,-3.221049266870532e-07
PAPPT2_FWD_469609.3.peg.573-MONOMER,0.0,-8.276996541698122e-35
PAPPT3_REV_469609.3.peg.573-MONOMER,0.0,-3.221049266870532e-07
PAPPT3_FWD_469609.3.peg.573-MONOMER,0.0,-8.276996541698122e-35
PBt_REV_469609.3.peg.306-MONOMER,0.0,1.3178602123402123e-06
PBt_FWD_469609.3.peg.306-MONOMER,0.0,4.599460872216189e-36
PDHa_REV_CPLX_dummy,0.0,-2.56071539839358e-07
PDHa_FWD_CPLX_dummy,2.0195987855547443e-05,1.1139931639286088e-36
PDHbr_REV_469609.3.peg.682-MONOMER,0.0,-4.7619496086146927e-07
PDHbr_FWD_469609.3.peg.682-MONOMER,0.0,5.5684119569044e-36
PDHc_REV_CPLX_PDHc-0,0.0,0.01013826089959097
PDHc_FWD_CPLX_PDHc-0,0.0,-0.010138938470589994
PEPGLY_REV_469609.3.peg.1986-MONOMER,0.0,1.3333011496116196e-07
PEPGLY_FWD_469609.3.peg.1986-MONOMER,0.0,-1.1483418112998709e-06
PEPGLY_REV_469609.3.peg.2123-MONOMER,0.0,2.043945668270364e-07
PEPGLY_FWD_469609.3.peg.2123-MONOMER,0.0,-1.0772773594339964e-06
PEPGLY_REV_469609.3.peg.583-MONOMER,0.0,1.2816719262610326e-06
PEPGLY_FWD_469609.3.peg.583-MONOMER,0.0,1.1386864033016443e-34
PFK_REV_469609.3.peg.1302-MONOMER_mod_mg2(1),0.0,0.16220529790634733
PFK_FWD_469609.3.peg.1302-MONOMER_mod_mg2(1),0.0,-0.1622064154960345
PFK_2_REV_CPLX_PFK_2-1,0.0,4.284861705792571e-07
PFK_2_FWD_CPLX_PFK_2-1,0.0,-3.891137269280465e-35
PFK_2_REV_469609.3.peg.1302-MONOMER_mod_mg2(1),0.0,-3.4455175831014765e-07
PFK_2_FWD_469609.3.peg.1302-MONOMER_mod_mg2(1),0.0,-7.730379288894048e-07
PFK_2_REV_CPLX_PFK_2-0,0.0,3.8745682068646717e-07
PFK_2_FWD_CPLX_PFK_2-0,0.0,-4.1029349892789943e-08
PFK_3_REV_469609.3.peg.1302-MONOMER_mod_mg2(1),0.0,-1.1175896871995524e-06
PFK_3_FWD_469609.3.peg.1302-MONOMER_mod_mg2(1),0.0,-1.304467192800625e-36
PFL_REV_469609.3.peg.259-MONOMER_mod_glycyl(1),0.0,-2.3560046213322166e-07
PFL_FWD_469609.3.peg.259-MONOMER_mod_glycyl(1),0.0,1.946105858054609e-35
PFL_REV_469609.3.peg.1595-MONOMER,0.0,-2.3560046213322166e-07
PFL_FWD_469609.3.peg.1595-MONOMER,3.055553303502386,1.351796491567753e-35
PGAMT_REV_469609.3.peg.918-MONOMER,0.0,6.940678188196787e-36
PGAMT_FWD_469609.3.peg.918-MONOMER,0.0,-5.936068032379205e-07
PGI_REV_469609.3.peg.166-MONOMER,727.3475038499679,5.6676316204174636e-36
PGI_FWD_469609.3.peg.166-MONOMER,0.0,-5.6676316204174636e-36
PGI_REV_469609.3.peg.158-MONOMER,0.0,-2.804079163162234e-07
PGI_FWD_469609.3.peg.158-MONOMER,0.0,-2.804079163162234e-07
PGK_REV_469609.3.peg.220-MONOMER,1.036925990827083e-21,-9.528746589683797e-36
PGK_FWD_469609.3.peg.220-MONOMER,0.0,-7.534897955740079e-07
PGL_REV_469609.3.peg.1385-MONOMER,0.0,0.08110394458630796
PGL_FWD_469609.3.peg.1385-MONOMER,0.0,-0.08110435661834793
PGLYCP_REV_469609.3.peg.1961-MONOMER_mod_mg2(1)_mod_cl(1),0.0,1.4576275200180877e-07
PGLYCP_FWD_469609.3.peg.1961-MONOMER_mod_mg2(1)_mod_cl(1),0.0,1.5418929098879297e-36
PGM_REV_469609.3.peg.1099-MONOMER_mod_23bpg(1),5.184629954135415e-22,1.8638834737374965e-35
PGM_FWD_469609.3.peg.1099-MONOMER_mod_23bpg(1),0.0,-0.22302876203589075
PGMT_REV_469609.3.peg.1187-MONOMER_mod_mg2(1),0.0,-5.069918194167741e-07
PGMT_FWD_469609.3.peg.1187-MONOMER_mod_mg2(1),0.0,-1.8492012098825363e-37
PGPP120_REV_469609.3.peg.1508-MONOMER,0.0,-1.7433062130991488e-07
PGPP120_FWD_469609.3.peg.1508-MONOMER,0.0,-2.544626912077953e-35
PGPP140_REV_469609.3.peg.1508-MONOMER,0.0,-1.7433062130991488e-07
PGPP140_FWD_469609.3.peg.1508-MONOMER,0.0,-1.8589902231140233e-35
PGPP141_REV_469609.3.peg.1508-MONOMER,0.0,-1.7433062130991488e-07
PGPP141_FWD_469609.3.peg.1508-MONOMER,0.0,-8.30535189668129e-36
PGPP160_REV_469609.3.peg.1508-MONOMER,0.0,-1.7433062130991488e-07
PGPP160_FWD_469609.3.peg.1508-MONOMER,0.0,5.407381882597299e-36
PGPP161_REV_469609.3.peg.1508-MONOMER,0.0,-1.7433062130991488e-07
PGPP161_FWD_469609.3.peg.1508-MONOMER,0.0,-1.4489850070419957e-36
PGPP180_REV_469609.3.peg.1508-MONOMER,0.0,-1.7433062130991488e-07
PGPP180_FWD_469609.3.peg.1508-MONOMER,0.0,-2.8874452565599177e-35
PGPP181_REV_469609.3.peg.1508-MONOMER,0.0,-1.7433062130991488e-07
PGPP181_FWD_469609.3.peg.1508-MONOMER,0.0,5.407381882597299e-36
PGPPAI15_REV_469609.3.peg.1508-MONOMER,0.0,-1.7433062130991488e-07
PGPPAI15_FWD_469609.3.peg.1508-MONOMER,0.0,1.569193221705624e-35
PGPPAI17_REV_469609.3.peg.1508-MONOMER,0.0,-1.7433062130991488e-07
PGPPAI17_FWD_469609.3.peg.1508-MONOMER,0.0,-2.8874452565599177e-35
PGPPI14_REV_469609.3.peg.1508-MONOMER,0.0,-1.7433062130991488e-07
PGPPI14_FWD_469609.3.peg.1508-MONOMER,0.0,1.9791984377776518e-36
PGPPI15_REV_469609.3.peg.1508-MONOMER,0.0,-1.7433062130991488e-07
PGPPI15_FWD_469609.3.peg.1508-MONOMER,0.0,1.9791984377776518e-36
PGPPI16_REV_469609.3.peg.1508-MONOMER,0.0,-1.7433062130991488e-07
PGPPI16_FWD_469609.3.peg.1508-MONOMER,0.0,1.6310382034430108e-34
PGPPI17_REV_469609.3.peg.1508-MONOMER,0.0,-1.7433062130991488e-07
PGPPI17_FWD_469609.3.peg.1508-MONOMER,0.0,-2.8874452565599177e-35
PGSA120_REV_469609.3.peg.30-MONOMER_mod_mg2(1),0.0,1.2042798165034066e-06
PGSA120_FWD_469609.3.peg.30-MONOMER_mod_mg2(1),0.0,-1.398659880175881e-36
PGSA140_REV_469609.3.peg.30-MONOMER_mod_mg2(1),0.0,1.2042798165034066e-06
PGSA140_FWD_469609.3.peg.30-MONOMER_mod_mg2(1),0.0,-6.288895363915026e-36
PGSA141_REV_469609.3.peg.30-MONOMER_mod_mg2(1),0.0,1.2042798165034066e-06
PGSA141_FWD_469609.3.peg.30-MONOMER_mod_mg2(1),0.0,8.38181108730241e-36
PGSA160_REV_469609.3.peg.30-MONOMER_mod_mg2(1),0.0,1.2042798165034066e-06
PGSA160_FWD_469609.3.peg.30-MONOMER_mod_mg2(1),0.0,-1.851448407326289e-35
PGSA161_REV_469609.3.peg.30-MONOMER_mod_mg2(1),0.0,1.2042798165034066e-06
PGSA161_FWD_469609.3.peg.30-MONOMER_mod_mg2(1),0.0,-1.398659880175881e-36
PGSA180_REV_469609.3.peg.30-MONOMER_mod_mg2(1),0.0,1.2042798165034066e-06
PGSA180_FWD_469609.3.peg.30-MONOMER_mod_mg2(1),0.0,-3.843777622045454e-36
PGSA181_REV_469609.3.peg.30-MONOMER_mod_mg2(1),0.0,1.2042798165034066e-06
PGSA181_FWD_469609.3.peg.30-MONOMER_mod_mg2(1),0.0,-6.288895363915026e-36
PGSAAI15_REV_469609.3.peg.30-MONOMER_mod_mg2(1),0.0,1.2042798165034066e-06
PGSAAI15_FWD_469609.3.peg.30-MONOMER_mod_mg2(1),0.0,-8.734013105784599e-36
PGSAAI17_REV_469609.3.peg.30-MONOMER_mod_mg2(1),0.0,1.2042798165034066e-06
PGSAAI17_FWD_469609.3.peg.30-MONOMER_mod_mg2(1),0.0,-3.843777622045454e-36
PGSAI14_REV_469609.3.peg.30-MONOMER_mod_mg2(1),0.0,1.2042798165034066e-06
PGSAI14_FWD_469609.3.peg.30-MONOMER_mod_mg2(1),0.0,-1.3624248589523743e-35
PGSAI15_REV_469609.3.peg.30-MONOMER_mod_mg2(1),0.0,1.2042798165034066e-06
PGSAI15_FWD_469609.3.peg.30-MONOMER_mod_mg2(1),0.0,-1.3624248589523743e-35
PGSAI16_REV_469609.3.peg.30-MONOMER_mod_mg2(1),0.0,1.2042798165034066e-06
PGSAI16_FWD_469609.3.peg.30-MONOMER_mod_mg2(1),0.0,-1.398659880175881e-36
PGSAI17_REV_469609.3.peg.30-MONOMER_mod_mg2(1),0.0,1.2042798165034066e-06
PGSAI17_FWD_469609.3.peg.30-MONOMER_mod_mg2(1),0.0,-3.843777622045454e-36
PHETA1_REV_469609.3.peg.1374-MONOMER_mod_pydx5p(1),0.0,-3.4880798923082095e-07
PHETA1_FWD_469609.3.peg.1374-MONOMER_mod_pydx5p(1),6.264742264403854e-23,-1.0654485374820153e-36
PHEt2r_REV_CPLX_dummy,0.0,-2.56071539839358e-07
PHEt2r_FWD_CPLX_dummy,0.01032608175960195,-1.4627477190460499e-37
PIabc_REV_CPLX_PIabc-0,0.0,-6.847881292985783e-07
PIabc_FWD_CPLX_PIabc-0,0.006225358511781738,1.7012751830830307e-34
PMEVKc_REV_469609.3.peg.253-MONOMER,0.0,-3.235759200699137e-07
PMEVKc_FWD_469609.3.peg.253-MONOMER,0.030476767101303443,-9.564052036032212e-36
PMTCOATA_REV_469609.3.peg.1643-MONOMER,0.0,6.958162686066707e-35
PMTCOATA_FWD_469609.3.peg.1643-MONOMER,0.0,-2.260856807964724e-07
PNP_REV_CPLX_DURIPP-0,0.0,-5.09663497755263e-07
PNP_FWD_CPLX_DURIPP-0,0.013010190935047017,-1.299928312722566e-34
PNTK_REV_469609.3.peg.731-MONOMER_mod_mg2(1),0.0,4.8481431369418105e-08
PNTK_FWD_469609.3.peg.731-MONOMER_mod_mg2(1),0.00023397251473691367,2.0150691856292996e-36
PNTOabc_REV_CPLX_dummy,0.0,-2.56071539839358e-07
PNTOabc_FWD_CPLX_dummy,0.00023397251473691367,-2.160287211102126e-35
PPA_REV_469609.3.peg.1594-MONOMER,0.0,-4.445277596521584e-07
PPA_FWD_469609.3.peg.1594-MONOMER,0.1586302742035695,-1.6070157540146352e-35
PPAKr_REV_469609.3.peg.2111-MONOMER_mod_mg2(1),0.0,4.613953970267243e-36
PPAKr_FWD_469609.3.peg.2111-MONOMER_mod_mg2(1),0.0,-5.309182264243882e-07
PPCDC_REV_CPLX_PPCDC-0,0.0,-3.122038396538109e-07
PPCDC_FWD_CPLX_PPCDC-0,0.00023397251473691367,5.153398987834991e-35
PPCr_REV_469609.3.peg.1041-MONOMER_mod_mg2(1),0.0,-4.2500485117032184e-07
PPCr_FWD_469609.3.peg.1041-MONOMER_mod_mg2(1),0.4300841131993761,1.557117219335656e-36
PPDK_REV_469609.3.peg.990-MONOMER,0.0,0.020277656551061563
PPDK_FWD_469609.3.peg.990-MONOMER,0.0,-0.020276365158558685
PPM_REV_469609.3.peg.1232-MONOMER_mod_mn2(1),0.0,-5.213743068395307e-07
PPM_FWD_469609.3.peg.1232-MONOMER_mod_mn2(1),0.0073700797992946425,1.921303160922938e-33
PPNCL3_REV_469609.3.peg.1184-MONOMER,0.0,-1.8619082546965153e-07
PPNCL3_FWD_469609.3.peg.1184-MONOMER,0.00023397251473691367,-4.574064435262817e-34
PPND_REV_469609.3.peg.1331-MONOMER,0.0,0.09124051250618034
PPND_FWD_469609.3.peg.1331-MONOMER,0.0,-0.09124086586196183
PPND2_REV_469609.3.peg.1331-MONOMER,0.0,0.09124029409959088
PPND2_FWD_469609.3.peg.1331-MONOMER,0.0,-0.09124064745537237
PPNDH_REV_469609.3.peg.1326-MONOMER,0.0,0.0811030438611262
PPNDH_FWD_469609.3.peg.1326-MONOMER,0.0,-0.08110137573133373
PRAGS_REV_469609.3.peg.2061-MONOMER_mod_mg2(1),0.0,-5.119870518935342e-07
PRAGS_FWD_469609.3.peg.2061-MONOMER_mod_mg2(1),0.0,-7.177908808819383e-36
PRAI_REV_469609.3.peg.1141-MONOMER,0.0,-2.672603004399835e-07
PRAI_FWD_469609.3.peg.1141-MONOMER,0.0007996059457802975,2.642601482728014e-35
PRAIS_REV_469609.3.peg.51-MONOMER_mod_k(1)_mod_mg2(1),0.0,-4.646244121792639e-07
PRAIS_FWD_469609.3.peg.51-MONOMER_mod_k(1)_mod_mg2(1),0.0,1.1254222004954e-35
PRAMPC_REV_CPLX_PRAMPC-0,0.0,5.929827967156402e-07
PRAMPC_FWD_CPLX_PRAMPC-0,0.0,-5.012816403501219e-36
PRASCSi_REV_469609.3.peg.48-MONOMER,0.0,0.13686250783804263
PRASCSi_FWD_469609.3.peg.48-MONOMER,0.0,-0.1368627513166276
PRATPP_REV_CPLX_PRAMPC-0,0.0,5.929827967156402e-07
PRATPP_FWD_CPLX_PRAMPC-0,0.0,-2.2782883364431503e-34
PRFGS_REV_469609.3.peg.49-MONOMER_mod_mg2(1),0.0,-7.157015740540286e-07
PRFGS_FWD_469609.3.peg.49-MONOMER_mod_mg2(1),0.0,2.8821710604088823e-36
PRMICI_REV_469609.3.peg.1368-MONOMER,0.0,-4.000244576609393e-07
PRMICI_FWD_469609.3.peg.1368-MONOMER,0.0,3.1041057022188307e-35
PRO1x_REV_469609.3.peg.714-MONOMER,0.0,2.1840658945948477e-07
PRO1x_FWD_469609.3.peg.714-MONOMER,0.0,-1.034297322104671e-06
PROabc_REV_CPLX_GLYBabc-0,0.0,0.020275073343154117
PROabc_FWD_CPLX_GLYBabc-0,0.0,-0.02027546039743846
PROabc_REV_469609.3.peg.299-MONOMER,0.0,0.020275088805420866
PROabc_FWD_469609.3.peg.299-MONOMER,0.0,-0.02027544493517171
PRPPS_REV_469609.3.peg.2073-MONOMER_mod_mg2(1)_mod_pi(1),0.0,-3.925251924766466e-07
PRPPS_FWD_469609.3.peg.2073-MONOMER_mod_mg2(1)_mod_pi(1),0.0,-2.6698623683969067e-09
PRPPS_REV_469609.3.peg.2073-MONOMER_mod_mn2(1)_mod_pi(1),0.0,-3.898553301082497e-07
PRPPS_FWD_469609.3.peg.2073-MONOMER_mod_mn2(1)_mod_pi(1),0.0073700797992946425,1.2582879660369346e-33
PRPPS_REV_469609.3.peg.1196-MONOMER,0.0,-4.0976206266240046e-07
PRPPS_FWD_469609.3.peg.1196-MONOMER,0.0,-1.9906732554150767e-08
PSCVT_REV_469609.3.peg.1328-MONOMER,0.0,-6.104498302534853e-07
PSCVT_FWD_469609.3.peg.1328-MONOMER,0.0007996059457802975,-3.2120616481667806e-35
PSD120_REV_469609.3.peg.876-MONOMER,0.0,1.2415810246726622e-06
PSD120_FWD_469609.3.peg.876-MONOMER,0.0,4.29152345966856e-37
PSD140_REV_469609.3.peg.876-MONOMER,0.0,1.2415810246726622e-06
PSD140_FWD_469609.3.peg.876-MONOMER,0.0,4.29152345966856e-37
PSD141_REV_469609.3.peg.876-MONOMER,0.0,1.2415810246726622e-06
PSD141_FWD_469609.3.peg.876-MONOMER,0.0,1.0972310295166088e-35
PSD160_REV_469609.3.peg.876-MONOMER,0.0,1.2415810246726622e-06
PSD160_FWD_469609.3.peg.876-MONOMER,0.0,4.29152345966856e-37
PSD161_REV_469609.3.peg.876-MONOMER,0.0,1.2415810246726622e-06
PSD161_FWD_469609.3.peg.876-MONOMER,0.0,4.29152345966856e-37
PSD180_REV_469609.3.peg.876-MONOMER,0.0,1.2415810246726622e-06
PSD180_FWD_469609.3.peg.876-MONOMER,0.0,4.29152345966856e-37
PSD181_REV_469609.3.peg.876-MONOMER,0.0,1.2415810246726622e-06
PSD181_FWD_469609.3.peg.876-MONOMER,0.0,4.29152345966856e-37
PSDAI15_REV_469609.3.peg.876-MONOMER,0.0,1.2415810246726622e-06
PSDAI15_FWD_469609.3.peg.876-MONOMER,0.0,4.29152345966856e-37
PSDAI17_REV_469609.3.peg.876-MONOMER,0.0,1.2415810246726622e-06
PSDAI17_FWD_469609.3.peg.876-MONOMER,0.0,4.29152345966856e-37
PSDI14_REV_469609.3.peg.876-MONOMER,0.0,1.2415810246726622e-06
PSDI14_FWD_469609.3.peg.876-MONOMER,0.0,4.29152345966856e-37
PSDI15_REV_469609.3.peg.876-MONOMER,0.0,1.2415810246726622e-06
PSDI15_FWD_469609.3.peg.876-MONOMER,0.0,4.29152345966856e-37
PSDI16_REV_469609.3.peg.876-MONOMER,0.0,1.2415810246726622e-06
PSDI16_FWD_469609.3.peg.876-MONOMER,0.0,4.29152345966856e-37
PSDI17_REV_469609.3.peg.876-MONOMER,0.0,1.2415810246726622e-06
PSDI17_FWD_469609.3.peg.876-MONOMER,0.0,4.29152345966856e-37
PSP_L_REV_469609.3.peg.1393-MONOMER_mod_mg2(1),0.0,-2.7548887387638955e-07
PSP_L_FWD_469609.3.peg.1393-MONOMER_mod_mg2(1),0.0,-1.828994446761843e-35
PSSA120_REV_469609.3.peg.877-MONOMER,0.0,0.09631097605056556
PSSA120_FWD_469609.3.peg.877-MONOMER,0.0,-0.09631116409345156
PSSA140_REV_469609.3.peg.877-MONOMER,0.0,0.0912390129943683
PSSA140_FWD_469609.3.peg.877-MONOMER,0.0,-0.09123920103725432
PSSA141_REV_469609.3.peg.877-MONOMER,0.0,-1.880428860087421e-07
PSSA141_FWD_469609.3.peg.877-MONOMER,0.0,3.848604758006044e-35
PSSA160_REV_469609.3.peg.877-MONOMER,0.0,0.09123910579162715
PSSA160_FWD_469609.3.peg.877-MONOMER,0.0,-0.09123929383451317
PSSA161_REV_469609.3.peg.877-MONOMER,0.0,0.09631097605056556
PSSA161_FWD_469609.3.peg.877-MONOMER,0.0,-0.09631116409345156
PSSA180_REV_469609.3.peg.877-MONOMER,0.0,0.09123910579162715
PSSA180_FWD_469609.3.peg.877-MONOMER,0.0,-0.09123929383451317
PSSA181_REV_469609.3.peg.877-MONOMER,0.0,0.09631097605056556
PSSA181_FWD_469609.3.peg.877-MONOMER,0.0,-0.09631116409345156
PSSAAI15_REV_469609.3.peg.877-MONOMER,0.0,0.09123910579162715
PSSAAI15_FWD_469609.3.peg.877-MONOMER,0.0,-0.09123929383451317
PSSAAI17_REV_469609.3.peg.877-MONOMER,0.0,0.09123910579162715
PSSAAI17_FWD_469609.3.peg.877-MONOMER,0.0,-0.09123929383451317
PSSAI14_REV_469609.3.peg.877-MONOMER,0.0,0.09123910579162715
PSSAI14_FWD_469609.3.peg.877-MONOMER,0.0,-0.09123929383451317
PSSAI15_REV_469609.3.peg.877-MONOMER,0.0,0.09123910579162715
PSSAI15_FWD_469609.3.peg.877-MONOMER,0.0,-0.09123929383451317
PSSAI16_REV_469609.3.peg.877-MONOMER,0.0,0.09123910579162715
PSSAI16_FWD_469609.3.peg.877-MONOMER,0.0,-0.09123929383451317
PSSAI17_REV_469609.3.peg.877-MONOMER,0.0,0.09123910579162715
PSSAI17_FWD_469609.3.peg.877-MONOMER,0.0,-0.09123929383451317
PTA2_REV_469609.3.peg.1191-MONOMER,0.0,-6.655724315061679e-07
PTA2_FWD_469609.3.peg.1191-MONOMER,0.0,-6.755713912883693e-35
PTAr_REV_469609.3.peg.1191-MONOMER,0.0,-6.655724315061679e-07
PTAr_FWD_469609.3.peg.1191-MONOMER,2.7452441825795866,5.52475997231696e-35
PTPAT_REV_469609.3.peg.1152-MONOMER_mod_mg2(1),0.0,-6.037199414718796e-08
PTPAT_FWD_469609.3.peg.1152-MONOMER_mod_mg2(1),0.00023397251473691367,7.467502771622802e-35
PTRCabc_REV_CPLX_PTRCabc-0,0.0,0.020276125048572156
PTRCabc_FWD_CPLX_PTRCabc-0,0.0,-0.020276333286091002
PUNP1_REV_CPLX_DURIPP-0,0.0,8.926279274827345e-34
PUNP1_FWD_CPLX_DURIPP-0,0.0,-5.09663497755263e-07
PUNP2_REV_CPLX_DURIPP-0,0.0,8.980964876899804e-34
PUNP2_FWD_CPLX_DURIPP-0,0.0,-5.09663497755263e-07
PUNP3_REV_CPLX_DURIPP-0,0.0,8.980964876899804e-34
PUNP3_FWD_CPLX_DURIPP-0,0.0,-5.09663497755263e-07
PUNP4_REV_CPLX_DURIPP-0,0.0,9.035650478972263e-34
PUNP4_FWD_CPLX_DURIPP-0,0.0,-5.09663497755263e-07
PUNP5_REV_CPLX_DURIPP-0,0.0,8.980964876899804e-34
PUNP5_FWD_CPLX_DURIPP-0,0.0,-5.09663497755263e-07
PUNP6_REV_CPLX_DURIPP-0,0.0,9.008307677936034e-34
PUNP6_FWD_CPLX_DURIPP-0,0.0,-5.09663497755263e-07
PUNP7_REV_CPLX_DURIPP-0,0.0,9.035650478972263e-34
PUNP7_FWD_CPLX_DURIPP-0,0.0,-5.09663497755263e-07
PYDAMK_REV_469609.3.peg.850-MONOMER,0.0,-9.092528985816577e-08
PYDAMK_FWD_469609.3.peg.850-MONOMER,0.0,1.0835860163923427e-35
PYDXK_REV_469609.3.peg.850-MONOMER,0.0,-9.092528985816577e-08
PYDXK_FWD_469609.3.peg.850-MONOMER,0.00023397252350227158,-3.724759426622547e-35
PYDXNK_REV_469609.3.peg.850-MONOMER,0.0,-9.092528985816577e-08
PYDXNK_FWD_469609.3.peg.850-MONOMER,0.0,1.0835860163923427e-35
PYDXtr_REV_CPLX_dummy,0.0,-2.56071539839358e-07
PYDXtr_FWD_CPLX_dummy,0.00023397252350227158,0.0
PYK_REV_469609.3.peg.1301-MONOMER_mod_mn2(1)_mod_k(1),0.0,-9.974964688596854e-07
PYK_FWD_469609.3.peg.1301-MONOMER_mod_mn2(1)_mod_k(1),0.4276852953620352,2.622416300548862e-35
PYK_REV_469609.3.peg.1301-MONOMER_mod_mg2(1)_mod_k(1),0.0,-9.98198727571054e-07
PYK_FWD_469609.3.peg.1301-MONOMER_mod_mg2(1)_mod_k(1),0.0,-7.02258711368579e-10
PYNP1r_REV_469609.3.peg.729-MONOMER,0.0,-6.36603025547992e-07
PYNP1r_FWD_469609.3.peg.729-MONOMER,0.0,-1.2405784727497486e-35
PYNP2r_REV_469609.3.peg.493-MONOMER,0.0,-4.670800966599098e-08
PYNP2r_FWD_469609.3.peg.493-MONOMER,0.0,-2.654458954063021e-07
PYNP2r_REV_469609.3.peg.367-MONOMER,0.005640111135752374,-2.1509937443049511e-35
PYNP2r_FWD_469609.3.peg.367-MONOMER,0.0,-2.1873788574031113e-07
PYNP2r_REV_469609.3.peg.729-MONOMER,0.0,-2.089325699038405e-07
PYNP2r_FWD_469609.3.peg.729-MONOMER,0.0,-4.276704556441516e-07
PYROX_REV_469609.3.peg.307-MONOMER_mod_mg2(1)_mod_thmpp(1)_mod_fad(1),0.0,0.01013904381185221
PYROX_FWD_469609.3.peg.307-MONOMER_mod_mg2(1)_mod_thmpp(1)_mod_fad(1),0.0,-0.01013739225728598
RAFH_REV_469609.3.peg.1880-MONOMER,0.0,-3.258401435839511e-07
RAFH_FWD_469609.3.peg.1880-MONOMER,0.0,-6.365109999317311e-08
RAFH_REV_469609.3.peg.399-MONOMER,0.0,-5.560077414805463e-07
RAFH_FWD_469609.3.peg.399-MONOMER,0.0,-2.938186978897683e-07
RAFH_REV_469609.3.peg.1263-MONOMER,0.0,-2.6218904359077797e-07
RAFH_FWD_469609.3.peg.1263-MONOMER,0.0,1.443927391498552e-41
RB5PE_REV_469609.3.peg.208-MONOMER,0.0,0.0
RB5PE_FWD_469609.3.peg.208-MONOMER,0.0,-3.142269289632622e-07
RBFK_REV_469609.3.peg.763-MONOMER,0.0,-2.4276655702781815e-07
RBFK_FWD_469609.3.peg.763-MONOMER,0.0002340022209497186,2.315850084266787e-35
RE1944C_REV_469609.3.peg.684-MONOMER,0.0,2.6991782688329354e-36
RE1944C_FWD_469609.3.peg.684-MONOMER,0.0,-2.0251902156798529e-07
RE3351C_REV_CPLX_dummy,0.0,-3.543923523528073e-41
RE3351C_FWD_CPLX_dummy,0.0,-2.56071539839358e-07
RE3352C_REV_CPLX_dummy,0.0,-6.782715231680379e-37
RE3352C_FWD_CPLX_dummy,0.0,-2.56071539839358e-07
RHCCE_REV_469609.3.peg.590-MONOMER,0.0,-2.905481018767603e-07
RHCCE_FWD_469609.3.peg.590-MONOMER,2.0195987855547443e-05,1.534037341672592e-36
RIBFLVt2r_REV_469609.3.peg.1611-MONOMER,0.0,-5.473831800479783e-08
RIBFLVt2r_FWD_469609.3.peg.1611-MONOMER,0.00046797473568663224,6.616538982710885e-37
RNDR1_REV_CPLX_RNDR1-1,0.0,-1.5449862822885913e-07
RNDR1_FWD_CPLX_RNDR1-1,0.0,-2.7126294871470195e-07
RNDR1_REV_CPLX_RNDR1-0,0.0,-1.4256726347226688e-07
RNDR1_FWD_CPLX_RNDR1-0,0.0,-2.593315839581097e-07
RNDR2_REV_CPLX_RNDR1-1,0.0,-3.525812452030538e-07
RNDR2_FWD_CPLX_RNDR1-1,0.0,-7.318033174050722e-08
RNDR2_REV_CPLX_RNDR1-0,0.0,-3.406498804464616e-07
RNDR2_FWD_CPLX_RNDR1-0,0.0,-6.124896698391497e-08
RNDR3_REV_CPLX_RNDR1-1,0.0,0.02027545643141372
RNDR3_FWD_CPLX_RNDR1-1,0.0,-0.020275882192990664
RNDR3_REV_CPLX_RNDR1-0,0.0,0.02027546836277848
RNDR3_FWD_CPLX_RNDR1-0,0.0,-0.020275870261625906
RNDR4_REV_CPLX_RNDR1-1,0.0,-3.525812452030538e-07
RNDR4_FWD_CPLX_RNDR1-1,0.0,-7.318033174050722e-08
RNDR4_REV_CPLX_RNDR1-0,0.0,-3.406498804464616e-07
RNDR4_FWD_CPLX_RNDR1-0,0.0,-6.124896698391497e-08
RNTR1_REV_469609.3.peg.2009-MONOMER,0.0,-3.062403566910608e-07
RNTR1_FWD_469609.3.peg.2009-MONOMER,0.0,-2.6954090037407204e-07
RNTR1_REV_469609.3.peg.614-MONOMER,0.0,-3.669945631698881e-08
RNTR1_FWD_469609.3.peg.614-MONOMER,0.0017030574720834333,-1.1954174823538674e-35
RNTR2_REV_469609.3.peg.2009-MONOMER,0.0,-3.062403566910608e-07
RNTR2_FWD_469609.3.peg.2009-MONOMER,0.0,-2.6954090037407204e-07
RNTR2_REV_469609.3.peg.614-MONOMER,0.0,-3.669945631698881e-08
RNTR2_FWD_469609.3.peg.614-MONOMER,0.0011827721655172459,-1.1954174823538674e-35
RNTR3_REV_469609.3.peg.2009-MONOMER,0.0,0.02027538142157366
RNTR3_FWD_469609.3.peg.2009-MONOMER,0.0,-0.020275957202830725
RNTR3_REV_469609.3.peg.614-MONOMER,0.0,0.020275650962474034
RNTR3_FWD_469609.3.peg.614-MONOMER,0.0,-0.02027568766193035
RNTR4_REV_469609.3.peg.2009-MONOMER,0.0,-3.062403566910608e-07
RNTR4_FWD_469609.3.peg.2009-MONOMER,0.0,-2.6954090037407204e-07
RNTR4_REV_469609.3.peg.614-MONOMER,0.0,-3.669945631698881e-08
RNTR4_FWD_469609.3.peg.614-MONOMER,0.0020862236918203817,-1.1954174823538674e-35
RPE_REV_469609.3.peg.208-MONOMER,0.0,-3.142269289632622e-07
RPE_FWD_469609.3.peg.208-MONOMER,0.0,-1.2009495632042618e-36
RPI_REV_469609.3.peg.1233-MONOMER,0.0,-3.038123124753882e-07
RPI_FWD_469609.3.peg.1233-MONOMER,0.0,2.9011256277568257e-37
SALCpts_REV_CPLX_ARBTpts-0,0.0,4.428784966676048e-07
SALCpts_FWD_CPLX_ARBTpts-0,0.0,1.4230990481962208e-35
SBTDOX_REV_469609.3.peg.447-MONOMER,0.0,-3.900039977565725e-07
SBTDOX_FWD_469609.3.peg.447-MONOMER,0.0,1.387583700166081e-35
SBTPD_REV_469609.3.peg.159-MONOMER,1.5248492127235737e-17,4.885097476876364e-37
SBTPD_FWD_469609.3.peg.159-MONOMER,1.5248492127235737e-17,4.885097476876364e-37
SBTpts_REV_CPLX_SBTpts-0,0.0,0.010138227949796538
SBTpts_FWD_CPLX_SBTpts-0,0.0,-0.010137717131660595
SERATi_REV_469609.3.peg.365-MONOMER,0.0,-8.083103872496727e-07
SERATi_FWD_469609.3.peg.365-MONOMER,0.0,-2.8363058021986255e-08
SERATi_REV_469609.3.peg.170-MONOMER,0.0,-7.799473292276865e-07
SERATi_FWD_469609.3.peg.170-MONOMER,2.0195987855547443e-05,4.194782178235872e-36
SERt2r_REV_CPLX_dummy,0.0,-2.56071539839358e-07
SERt2r_FWD_CPLX_dummy,1.0,-6.46738887393749e-38
SGAT_REV_469609.3.peg.46-MONOMER,0.0,-6.09011007061574e-07
SGAT_FWD_469609.3.peg.46-MONOMER,0.0,4.7787676988497397e-35
SHK3Dr_REV_469609.3.peg.1334-MONOMER,0.0,-3.9920206380180477e-07
SHK3Dr_FWD_469609.3.peg.1334-MONOMER,0.0007996059457802975,-1.2239866211616136e-34
SHKK_REV_469609.3.peg.1327-MONOMER_mod_mn2(1),0.0,-4.9722032578882106e-08
SHKK_FWD_469609.3.peg.1327-MONOMER_mod_mn2(1),0.0,-1.628830057852831e-09
SHKK_REV_469609.3.peg.1327-MONOMER_mod_cobalt2(1),0.0,-4.809320252102927e-08
SHKK_FWD_469609.3.peg.1327-MONOMER_mod_cobalt2(1),0.0007996059457802975,4.097072604709995e-34
SHKK_REV_469609.3.peg.1327-MONOMER_mod_mg2(1),0.0,-5.389052150528462e-08
SHKK_FWD_469609.3.peg.1327-MONOMER_mod_mg2(1),0.0,-5.797318984255344e-09
SHKK_REV_469609.3.peg.1327-MONOMER_mod_k(1),0.0,-5.1411936759616107e-08
SHKK_FWD_469609.3.peg.1327-MONOMER_mod_k(1),0.0,-3.318734238586832e-09
SHKK_REV_469609.3.peg.1327-MONOMER_mod_fe2(1),0.0,-5.2452551831073006e-08
SHKK_FWD_469609.3.peg.1327-MONOMER_mod_fe2(1),0.0,-4.359349310043733e-09
SHKK_REV_469609.3.peg.1327-MONOMER_mod_ca2(1),0.0,-5.5093282934908466e-08
SHKK_FWD_469609.3.peg.1327-MONOMER_mod_ca2(1),0.0,-7.0000804138791905e-09
SHSL1r_REV_469609.3.peg.1588-MONOMER_mod_pydx5p(1),2.0195987855547443e-05,-1.1474419999051028e-33
SHSL1r_FWD_469609.3.peg.1588-MONOMER_mod_pydx5p(1),0.0,-6.411620318661274e-07
SHSL2_REV_469609.3.peg.1588-MONOMER_mod_pydx5p(1),0.0,7.020666568124713e-07
SHSL2_FWD_469609.3.peg.1588-MONOMER_mod_pydx5p(1),0.0,-1.3432286886785987e-06
SHSL4r_REV_469609.3.peg.1588-MONOMER_mod_pydx5p(1),0.0,-6.411620318661274e-07
SHSL4r_FWD_469609.3.peg.1588-MONOMER_mod_pydx5p(1),2.0195987855547443e-05,-4.715354386457559e-36
SO4t2_REV_CPLX_dummy,0.0,-6.129123141493859e-37
SO4t2_FWD_CPLX_dummy,0.0,-2.56071539839358e-07
SPMDabc_REV_CPLX_PTRCabc-0,0.0,0.020276125048572156
SPMDabc_FWD_CPLX_PTRCabc-0,0.0,-0.020276333286091002
SPODM_REV_469609.3.peg.1550-MONOMER_mod_mn2(1),0.0,1.1349721628302117e-06
SPODM_FWD_469609.3.peg.1550-MONOMER_mod_mn2(1),0.0,-9.962846081809713e-36
STCOATA_REV_469609.3.peg.1643-MONOMER,0.0,-5.606911389694184e-08
STCOATA_FWD_469609.3.peg.1643-MONOMER,0.0,-1.7001648174548516e-07
SUCpts_REV_CPLX_SUCpts-0,0.0,-1.0701722739909342e-07
SUCpts_FWD_CPLX_SUCpts-0,0.0,-6.341189558193781e-07
TDCOATA_REV_469609.3.peg.1643-MONOMER,0.0,-2.2608561780524097e-07
TDCOATA_FWD_469609.3.peg.1643-MONOMER,0.0,-1.236667328844562e-34
TDG3PACT_REV_469609.3.peg.46-MONOMER,0.0,-7.029072739200639e-35
TDG3PACT_FWD_469609.3.peg.46-MONOMER,0.0,-6.09011007061574e-07
TDPDRE_REV_469609.3.peg.804-MONOMER,0.0,1.0584087366943392e-06
TDPDRE_FWD_469609.3.peg.804-MONOMER,0.0,-8.095106525343619e-36
TDPDRRr_REV_469609.3.peg.793-MONOMER,0.0,-3.024556758884073e-07
TDPDRRr_FWD_469609.3.peg.793-MONOMER,0.0,3.5594011513366954e-35
TDPGDH_REV_469609.3.peg.802-MONOMER_mod_nad(1),0.0,1.1215850102949026e-06
TDPGDH_FWD_469609.3.peg.802-MONOMER_mod_nad(1),0.0,-1.1062713374136376e-36
TECA3S140_REV_469609.3.peg.76-MONOMER,0.0,1.4535367151315157e-06
TECA3S140_FWD_469609.3.peg.76-MONOMER,0.0,2.213094007045341e-34
TECA3S160_REV_469609.3.peg.76-MONOMER,0.0,1.4535367151315157e-06
TECA3S160_FWD_469609.3.peg.76-MONOMER,0.0,-1.855036248292105e-33
TECA3S180_REV_469609.3.peg.76-MONOMER,0.0,1.4535367151315157e-06
TECA3S180_FWD_469609.3.peg.76-MONOMER,0.0,-1.855036248292105e-33
TECA3SAI15_REV_469609.3.peg.76-MONOMER,0.0,1.4535367151315157e-06
TECA3SAI15_FWD_469609.3.peg.76-MONOMER,0.0,-1.855036248292105e-33
TECA3SAI17_REV_469609.3.peg.76-MONOMER,0.0,1.4535367151315157e-06
TECA3SAI17_FWD_469609.3.peg.76-MONOMER,-6.257234090223172e-36,8.288635743809147e-35
TECA3SI14_REV_469609.3.peg.76-MONOMER,0.0,1.4535367151315157e-06
TECA3SI14_FWD_469609.3.peg.76-MONOMER,0.0,-1.855036248292105e-33
TECA3SI15_REV_469609.3.peg.76-MONOMER,0.0,1.4535367151315157e-06
TECA3SI15_FWD_469609.3.peg.76-MONOMER,0.0,-1.855036248292105e-33
TECA3SI16_REV_469609.3.peg.76-MONOMER,0.0,1.4535367151315157e-06
TECA3SI16_FWD_469609.3.peg.76-MONOMER,0.0,-1.855036248292105e-33
TECA3SI17_REV_469609.3.peg.76-MONOMER,0.0,1.4535367151315157e-06
TECA3SI17_FWD_469609.3.peg.76-MONOMER,0.0,-1.855036248292105e-33
TECA5S140_REV_469609.3.peg.1665-MONOMER_mod_mg2(1),0.0,-3.9550426452574506e-07
TECA5S140_FWD_469609.3.peg.1665-MONOMER_mod_mg2(1),0.0,-9.861306172748216e-34
TECA5S160_REV_469609.3.peg.1665-MONOMER_mod_mg2(1),0.0,-3.9550426452574506e-07
TECA5S160_FWD_469609.3.peg.1665-MONOMER_mod_mg2(1),0.0,-9.861306172748216e-34
TECA5S180_REV_469609.3.peg.1665-MONOMER_mod_mg2(1),0.0,-3.9550426452574506e-07
TECA5S180_FWD_469609.3.peg.1665-MONOMER_mod_mg2(1),-2.1676668982667728e-36,-9.861306172748216e-34
TECA5SAI15_REV_469609.3.peg.1665-MONOMER_mod_mg2(1),0.0,-3.9550426452574506e-07
TECA5SAI15_FWD_469609.3.peg.1665-MONOMER_mod_mg2(1),0.0,-9.861306172748216e-34
TECA5SAI17_REV_469609.3.peg.1665-MONOMER_mod_mg2(1),0.0,-3.9550426452574506e-07
TECA5SAI17_FWD_469609.3.peg.1665-MONOMER_mod_mg2(1),6.257234090223172e-36,9.021853687013809e-34
TECA5SI14_REV_469609.3.peg.1665-MONOMER_mod_mg2(1),0.0,-3.9550426452574506e-07
TECA5SI14_FWD_469609.3.peg.1665-MONOMER_mod_mg2(1),0.0,-9.861306172748216e-34
TECA5SI15_REV_469609.3.peg.1665-MONOMER_mod_mg2(1),0.0,-3.9550426452574506e-07
TECA5SI15_FWD_469609.3.peg.1665-MONOMER_mod_mg2(1),0.0,-9.861306172748216e-34
TECA5SI16_REV_469609.3.peg.1665-MONOMER_mod_mg2(1),0.0,-3.9550426452574506e-07
TECA5SI16_FWD_469609.3.peg.1665-MONOMER_mod_mg2(1),0.0,-9.861306172748216e-34
TECA5SI17_REV_469609.3.peg.1665-MONOMER_mod_mg2(1),0.0,-3.9550426452574506e-07
TECA5SI17_FWD_469609.3.peg.1665-MONOMER_mod_mg2(1),0.0,-9.861306172748216e-34
TGBPA_REV_469609.3.peg.1475-MONOMER,0.0,-2.3965218010683756e-07
TGBPA_FWD_469609.3.peg.1475-MONOMER,0.0,2.484722243963076e-35
TGBPA_REV_469609.3.peg.1482-MONOMER,0.0,-2.7535739813493154e-07
TGBPA_FWD_469609.3.peg.1482-MONOMER,0.0,-3.570521802809401e-08
THIORDXi_REV_469609.3.peg.273-MONOMER,0.0,2.9973573540617654e-07
THIORDXi_FWD_469609.3.peg.273-MONOMER,0.0,-5.766182926075016e-07
THIORDXi_REV_469609.3.peg.356-MONOMER,0.0,8.763540280524603e-07
THIORDXi_FWD_469609.3.peg.356-MONOMER,0.0,5.085971389384441e-34
THRAi_REV_469609.3.peg.1797-MONOMER,0.0,7.179343969704341e-08
THRAi_FWD_469609.3.peg.1797-MONOMER,0.2128252274517954,2.950584925505227e-33
THRD_L_REV_469609.3.peg.536-MONOMER_mod_pydx5p(1),0.0,0.02027336520152879
THRD_L_FWD_469609.3.peg.536-MONOMER_mod_pydx5p(1),0.0,-0.02027376671095941
THRS_REV_469609.3.peg.145-MONOMER_mod_pydx5p(1),0.0,-4.323057825885128e-07
THRS_FWD_469609.3.peg.145-MONOMER_mod_pydx5p(1),-5.605189093912773e-35,2.9907011874606616e-33
THRt2r_REV_CPLX_dummy,0.0,-2.56071539839358e-07
THRt2r_FWD_CPLX_dummy,0.225,-4.273053016595045e-36
THZPSN_REV_469609.3.peg.989-MONOMER,0.0,0.03548928281228096
THZPSN_FWD_469609.3.peg.989-MONOMER,0.0,-0.03548809310292565
THZPSN_REV_469609.3.peg.1197-MONOMER_mod_pydx5p(2),0.0,0.03548947112888059
THZPSN_FWD_469609.3.peg.1197-MONOMER_mod_pydx5p(2),0.0,-0.03548790478632602
TMDK1_REV_469609.3.peg.661-MONOMER_mod_mg2(1),0.0,1.7668920995012192e-08
TMDK1_FWD_469609.3.peg.661-MONOMER_mod_mg2(1),0.0,8.142645539127031e-35
TMDPK_REV_469609.3.peg.209-MONOMER,0.0,0.09631253003616867
TMDPK_FWD_469609.3.peg.209-MONOMER,0.0,-0.09631132675620065
TMDS_REV_469609.3.peg.670-MONOMER_mod_mg2(1),0.0,-2.183589803603439e-07
TMDS_FWD_469609.3.peg.670-MONOMER_mod_mg2(1),0.0017030574720834333,1.7541739023568583e-35
TPI_REV_469609.3.peg.1039-MONOMER,4.371975545987269e-22,1.4101957525883743e-36
TPI_FWD_469609.3.peg.1039-MONOMER,0.0,-7.570512285271323e-07
TRDOXOX_REV_469609.3.peg.289-MONOMER,0.0,3.5576355297966934e-37
TRDOXOX_FWD_469609.3.peg.289-MONOMER,0.0,-1.8424210091196195e-07
TRDOXOX_REV_469609.3.peg.641-MONOMER,0.0,-5.745488428093937e-08
TRDOXOX_FWD_469609.3.peg.641-MONOMER,0.0,-2.416969851929013e-07
TRDRr_REV_469609.3.peg.1249-MONOMER,0.0,-4.1666380958824535e-07
TRDRr_FWD_469609.3.peg.1249-MONOMER,0.011600561361937402,-3.847168371486008e-34
TRDRr_REV_469609.3.peg.578-MONOMER,0.0,-5.153489460914836e-07
TRDRr_FWD_469609.3.peg.578-MONOMER,0.0,-9.868513650323833e-08
TRE6PH_REV_469609.3.peg.1598-MONOMER,0.0,-3.0915204359006876e-07
TRE6PH_FWD_469609.3.peg.1598-MONOMER,0.0,-4.639884159274444e-08
TREpts_REV_CPLX_TREpts-0,0.0,-7.163568631779065e-07
TREpts_FWD_CPLX_TREpts-0,0.0,1.709979242415304e-36
TRPS1_REV_CPLX_TRPS1-0_mod_pydx5p(1),0.0,-4.637493371285126e-07
TRPS1_FWD_CPLX_TRPS1-0_mod_pydx5p(1),3.007112881898411e-17,-8.209473832765532e-34
TRPS1_REV_CPLX_TRPS1-1,0.0,-4.637493371285126e-07
TRPS1_FWD_CPLX_TRPS1-1,0.0007996059457802674,-1.285858207841958e-32
TRPS2_REV_CPLX_TRPS1-0_mod_pydx5p(1),0.0,-2.318746685642563e-07
TRPS2_FWD_CPLX_TRPS1-0_mod_pydx5p(1),0.0,-2.318746685642563e-07
TRPS2_REV_CPLX_TRPS1-1,0.0,-2.318746685642563e-07
TRPS2_FWD_CPLX_TRPS1-1,0.0,-2.318746685642563e-07
TRPS3_REV_CPLX_TRPS1-0_mod_pydx5p(1),0.0,-4.637493371285126e-07
TRPS3_FWD_CPLX_TRPS1-0_mod_pydx5p(1),0.0,-4.675195445844519e-36
TRPS3_REV_CPLX_TRPS1-1,0.0,-4.637493371285126e-07
TRPS3_FWD_CPLX_TRPS1-1,0.0,-1.2012521489016937e-32
TRPTA_REV_469609.3.peg.1374-MONOMER_mod_pydx5p(1),0.0,-3.4880798923082095e-07
TRPTA_FWD_469609.3.peg.1374-MONOMER_mod_pydx5p(1),0.0,-6.825227262223873e-34
TRSARr_REV_CPLX_dummy,0.0,1.4590298536612453e-35
TRSARr_FWD_CPLX_dummy,0.0,-2.56071539839358e-07
TYRTA_REV_469609.3.peg.1374-MONOMER_mod_pydx5p(1),0.0,-3.4880798923082095e-07
TYRTA_FWD_469609.3.peg.1374-MONOMER_mod_pydx5p(1),0.0,-1.8740473598622893e-36
TYRt2r_REV_CPLX_dummy,0.0,-2.56071539839358e-07
TYRt2r_FWD_CPLX_dummy,0.006578895958330453,4.581786007296499e-37
UAAGDS_REV_CPLX_dummy,0.0,-2.56071539839358e-07
UAAGDS_FWD_CPLX_dummy,0.0,4.44753054743004e-34
UAG4E_REV_469609.3.peg.801-MONOMER_mod_nad(1),0.0,-2.8537428861570716e-36
UAG4E_FWD_469609.3.peg.801-MONOMER_mod_nad(1),0.0,-3.6102433912744823e-07
UAG4E_REV_469609.3.peg.880-MONOMER,0.0,-8.099885866145675e-08
UAG4E_FWD_469609.3.peg.880-MONOMER,0.0,-4.42023197788905e-07
UAGCVT_r_REV_469609.3.peg.1363-MONOMER,0.0,-6.033330315438065e-07
UAGCVT_r_FWD_469609.3.peg.1363-MONOMER,0.0,-9.197272294946177e-09
UAGCVT_r_REV_469609.3.peg.1037-MONOMER,0.0,-5.941357592488603e-07
UAGCVT_r_FWD_469609.3.peg.1037-MONOMER,0.0,-1.3454669710668763e-35
UAGDP_REV_469609.3.peg.1432-MONOMER_mod_mg2(1),0.0,-8.095360159035486e-07
UAGDP_FWD_469609.3.peg.1432-MONOMER_mod_mg2(1),-1.2756865441757633e-33,-8.410577198322785e-38
UAGPT2_REV_469609.3.peg.1130-MONOMER,0.0,1.2311516010588045e-06
UAGPT2_FWD_469609.3.peg.1130-MONOMER,0.0,-2.33957112248107e-36
UAGPT3_REV_469609.3.peg.1130-MONOMER,0.0,1.2311516010588045e-06
UAGPT3_FWD_469609.3.peg.1130-MONOMER,0.0,-1.7610708234359308e-34
UAMAGS_REV_469609.3.peg.1131-MONOMER_mod_k(1)_mod_mg2(1),0.0,-6.295355728630026e-07
UAMAGS_FWD_469609.3.peg.1131-MONOMER_mod_k(1)_mod_mg2(1),0.0,-5.624866966773325e-35
UAMAS_REV_469609.3.peg.523-MONOMER_mod_mg2(1),0.0,1.3987947920042525e-06
UAMAS_FWD_469609.3.peg.523-MONOMER_mod_mg2(1),0.0,-2.0359362174478528e-33
UAPGR_REV_469609.3.peg.997-MONOMER_mod_fad(1),0.0,1.3064903506824697e-06
UAPGR_FWD_469609.3.peg.997-MONOMER_mod_fad(1),0.0,-3.916899595433718e-35
UDCPDP_REV_469609.3.peg.1667-MONOMER,0.0,-8.13832094941639e-08
UDCPDP_FWD_469609.3.peg.1667-MONOMER,0.0,9.560653098557082e-35
UDCPDPS_REV_CPLX_dummy,0.0,-2.56071539839358e-07
UDCPDPS_FWD_CPLX_dummy,0.002770615191027586,8.12538312236293e-35
UDPG4E_REV_469609.3.peg.801-MONOMER_mod_nad(1),0.0,-3.6102433912744823e-07
UDPG4E_FWD_469609.3.peg.801-MONOMER_mod_nad(1),0.0,7.4942735657263e-36
UDPG4E_REV_469609.3.peg.880-MONOMER,0.0,-4.42023197788905e-07
UDPG4E_FWD_469609.3.peg.880-MONOMER,0.0,-8.099885866145675e-08
UDPGALM_REV_469609.3.peg.1991-MONOMER_mod_fad(1),0.0,1.5410942019456083e-06
UDPGALM_FWD_469609.3.peg.1991-MONOMER_mod_fad(1),0.0,4.0285398026764584e-36
UGMDDS_REV_469609.3.peg.1410-MONOMER,0.0,1.294776521454598e-06
UGMDDS_FWD_469609.3.peg.1410-MONOMER,0.0,2.2213312894420526e-34
UMPK_REV_469609.3.peg.1416-MONOMER,0.0,-9.228006755661181e-07
UMPK_FWD_469609.3.peg.1416-MONOMER,0.020815202568629395,-1.8572729973469997e-36
UPPRT_REV_469609.3.peg.708-MONOMER,0.0,0.020276732602863473
UPPRT_FWD_469609.3.peg.708-MONOMER,0.0,-0.02027695314987872
UPPRT_REV_469609.3.peg.1585-MONOMER,0.0,0.020276643275915898
UPPRT_FWD_469609.3.peg.1585-MONOMER,0.0,-0.0202770424768263
UPPRT_REV_469609.3.peg.711-MONOMER,0.0,0.02027693447785717
UPPRT_FWD_469609.3.peg.711-MONOMER,0.0,-0.020276751274885027
URAt2_REV_469609.3.peg.707-MONOMER,0.0,-4.817550544807634e-07
URAt2_FWD_469609.3.peg.707-MONOMER,0.006439717081532671,-9.358189611531788e-38
URCN_REV_469609.3.peg.1825-MONOMER,0.0,-6.224334568712907e-07
URCN_FWD_469609.3.peg.1825-MONOMER,0.1470929602245189,1.5106640800618511e-37
UREAt_REV_CPLX_dummy,0.0,-1.6413325088742304e-41
UREAt_FWD_CPLX_dummy,0.0,-2.56071539839358e-07
URIDK3_REV_469609.3.peg.1416-MONOMER,0.0020862236918203817,4.943088588046795e-34
URIDK3_FWD_469609.3.peg.1416-MONOMER,0.0,-9.228006755661181e-07
URIK1_REV_469609.3.peg.863-MONOMER_mod_mg2(1),0.0,-3.0952160396939574e-08
URIK1_FWD_469609.3.peg.863-MONOMER_mod_mg2(1),0.005640111135752374,9.027719790956425e-36
URIK10_REV_469609.3.peg.863-MONOMER_mod_mg2(1),0.0,9.039856817583934e-08
URIK10_FWD_469609.3.peg.863-MONOMER_mod_mg2(1),0.0,-1.213507285727789e-07
URIK11_REV_469609.3.peg.863-MONOMER_mod_mg2(1),0.0,-3.0952160396939574e-08
URIK11_FWD_469609.3.peg.863-MONOMER_mod_mg2(1),0.0,-1.5944019291902966e-35
URIK12_REV_469609.3.peg.863-MONOMER_mod_mg2(1),0.0,4.5779728004476235e-08
URIK12_FWD_469609.3.peg.863-MONOMER_mod_mg2(1),0.0,-7.67318884014158e-08
URIK13_REV_469609.3.peg.863-MONOMER_mod_mg2(1),0.0,-3.0952160396939574e-08
URIK13_FWD_469609.3.peg.863-MONOMER_mod_mg2(1),0.0,3.546118528865339e-36
URIK14_REV_469609.3.peg.863-MONOMER_mod_mg2(1),0.0,9.039856817583934e-08
URIK14_FWD_469609.3.peg.863-MONOMER_mod_mg2(1),0.0,-1.213507285727789e-07
URIK2_REV_469609.3.peg.863-MONOMER_mod_mg2(1),0.0,9.039856817583934e-08
URIK2_FWD_469609.3.peg.863-MONOMER_mod_mg2(1),0.0,-1.213507285727789e-07
URIK3_REV_469609.3.peg.863-MONOMER_mod_mg2(1),0.0,-3.0952160396939574e-08
URIK3_FWD_469609.3.peg.863-MONOMER_mod_mg2(1),0.0,4.1551853357643486e-36
URIK4_REV_469609.3.peg.863-MONOMER_mod_mg2(1),0.0,9.039856817583934e-08
URIK4_FWD_469609.3.peg.863-MONOMER_mod_mg2(1),0.0,-1.213507285727789e-07
URIK5_REV_469609.3.peg.863-MONOMER_mod_mg2(1),0.0,9.039856817583934e-08
URIK5_FWD_469609.3.peg.863-MONOMER_mod_mg2(1),0.0,-1.213507285727789e-07
URIK6_REV_469609.3.peg.863-MONOMER_mod_mg2(1),0.0,-3.0952160396939574e-08
URIK6_FWD_469609.3.peg.863-MONOMER_mod_mg2(1),0.0,-1.0462418029811881e-35
URIK7_REV_469609.3.peg.863-MONOMER_mod_mg2(1),0.0,4.5779728004476235e-08
URIK7_FWD_469609.3.peg.863-MONOMER_mod_mg2(1),0.0,-7.67318884014158e-08
URIK8_REV_469609.3.peg.863-MONOMER_mod_mg2(1),0.0,-3.0952160396939574e-08
URIK8_FWD_469609.3.peg.863-MONOMER_mod_mg2(1),0.0,1.8772788701340577e-35
URIK9_REV_469609.3.peg.863-MONOMER_mod_mg2(1),0.0,9.039856817583934e-08
URIK9_FWD_469609.3.peg.863-MONOMER_mod_mg2(1),0.0,-1.213507285727789e-07
UTPATPT_REV_469609.3.peg.1938-MONOMER_mod_mg2(1),0.020815202568629395,8.396225343843427e-36
UTPATPT_FWD_469609.3.peg.1938-MONOMER_mod_mg2(1),0.0,-1.213507285727789e-07
VALTA_REV_469609.3.peg.1208-MONOMER_mod_pydx5p(1),0.0,-5.774765168644546e-07
VALTA_FWD_469609.3.peg.1208-MONOMER_mod_pydx5p(1),0.0,-2.6480936194585607e-08
VALTA_REV_469609.3.peg.1208-MONOMER_mod_pydx5p(6),0.0,-5.509955806698691e-07
VALTA_FWD_469609.3.peg.1208-MONOMER_mod_pydx5p(6),3.8548336522541393e-22,5.451873788456553e-35
VALabc_REV_CPLX_ILEabc-0,0.0,0.01520671056600917
VALabc_FWD_CPLX_ILEabc-0,0.0,-0.015207342215840863
VALt2r_REV_469609.3.peg.631-MONOMER,0.0,-4.239790792072204e-07
VALt2r_FWD_469609.3.peg.631-MONOMER,0.015275446165355708,3.763743513740665e-37
XANt2_REV_469609.3.peg.659-MONOMER,0.0,-4.370690107810826e-07
XANt2_FWD_469609.3.peg.659-MONOMER,0.006550277865658797,-3.306599471316632e-36
XPPT_REV_469609.3.peg.658-MONOMER,0.0,-1.7750486352651277e-07
XPPT_FWD_469609.3.peg.658-MONOMER,0.0,-9.874950182251666e-08
XPPT_REV_469609.3.peg.2-MONOMER,0.0,-7.875536170399611e-08
XPPT_FWD_469609.3.peg.2-MONOMER,0.006550277865658797,-2.4499837773686626e-36
XU5PG3PL_REV_469609.3.peg.330-MONOMER,0.0,-3.8960824388365345e-08
XU5PG3PL_FWD_469609.3.peg.330-MONOMER,0.0,-6.409922199889153e-07
YUMPS_REV_CPLX_YUMPS-2,0.0,-2.091509694706961e-07
YUMPS_FWD_CPLX_YUMPS-2,0.0,-2.57850703018922e-36
YUMPS_REV_CPLX_YUMPS-1,0.0,-2.3772041590991607e-07
YUMPS_FWD_CPLX_YUMPS-1,0.0,-2.856944643921999e-08
YUMPS_REV_CPLX_YUMPS-0,0.0,-2.671648618892474e-07
YUMPS_FWD_CPLX_YUMPS-0,0.0,-5.8013892418551283e-08
ZN2t4_REV_469609.3.peg.99-MONOMER,1.152586398888139e-07,-7.1850519058646495e-37
ZN2t4_FWD_469609.3.peg.99-MONOMER,0.0,-3.3405541986142586e-07
ZNabc_REV_CPLX_ZNabc-0,0.0,0.025344780768541922
ZNabc_FWD_CPLX_ZNabc-0,0.0,-0.025345057920891464
dreplication_REV_CPLX_dreplication-1,0.0,1.1864458673076003e-06
dreplication_FWD_CPLX_dreplication-1,0.0,-8.237462113068058e-41
dreplication_REV_CPLX_dreplication-0,0.0,9.903132921914273e-07
dreplication_FWD_CPLX_dreplication-0,0.0,-1.9613257511617287e-07
pbiosynthesis_REV_CPLX_pbiosynthesis-0,0.0,-1.078487820129905e-06
pbiosynthesis_FWD_CPLX_pbiosynthesis-0,0.0,-8.296939855251644e-41
r0060_REV_CPLX_r0060-0,0.0,-6.777807698033319e-07
r0060_FWD_CPLX_r0060-0,1.6411269874811736,-1.8776841586759798e-35
r0082_REV_469609.3.peg.1562-MONOMER_mod_mn2(1),0.0,0.06589439028229985
r0082_FWD_469609.3.peg.1562-MONOMER_mod_mn2(1),0.0,-0.06589492694870584
r0082_REV_469609.3.peg.1562-MONOMER_mod_mg2(1),0.0,0.0658943889208844
r0082_FWD_469609.3.peg.1562-MONOMER_mod_mg2(1),0.0,-0.0658949283101213
r0120_REV_469609.3.peg.2077-MONOMER_mod_zn2(1),0.0,2.224485667522057e-06
r0120_FWD_469609.3.peg.2077-MONOMER_mod_zn2(1),0.0,-4.707289947707156e-36
r0127_REV_469609.3.peg.434-MONOMER,0.0,-4.818635016755462e-07
r0127_FWD_469609.3.peg.434-MONOMER,0.21627866208412774,4.933942438735746e-36
r0339_REV_469609.3.peg.1392-MONOMER_mod_cobalt2(1),0.0,9.353517662789979e-07
r0339_FWD_469609.3.peg.1392-MONOMER_mod_cobalt2(1),0.0,-1.4710420906646423e-35
r0339_REV_469609.3.peg.1392-MONOMER_mod_ca2(1),0.0,9.315311347586393e-07
r0339_FWD_469609.3.peg.1392-MONOMER_mod_ca2(1),0.0,-3.820631520358528e-09
r0339_REV_469609.3.peg.1392-MONOMER_mod_mg2(1),0.0,9.323675993160031e-07
r0339_FWD_469609.3.peg.1392-MONOMER_mod_mg2(1),0.0,-2.9841669629947534e-09
r0339_REV_469609.3.peg.1392-MONOMER_mod_fe2(1),0.0,9.328902278487082e-07
r0339_FWD_469609.3.peg.1392-MONOMER_mod_fe2(1),0.0,-2.461538430289624e-09
r0339_REV_469609.3.peg.1392-MONOMER_mod_mn2(1),0.0,9.344587625532472e-07
r0339_FWD_469609.3.peg.1392-MONOMER_mod_mn2(1),0.0,-8.930037257505999e-10
r0345_REV_469609.3.peg.1938-MONOMER_mod_mg2(1),0.0,1.9282232903819744e-35
r0345_FWD_469609.3.peg.1938-MONOMER_mod_mg2(1),0.0,-1.213507285727789e-07
r0398_REV_469609.3.peg.961-MONOMER,0.0,1.4003438876131828e-06
r0398_FWD_469609.3.peg.961-MONOMER,0.0,-2.1840658945948477e-07
r0422_REV_469609.3.peg.1562-MONOMER_mod_mn2(1),9.88440488175901e-23,-1.568392830560609e-35
r0422_FWD_469609.3.peg.1562-MONOMER_mod_mn2(1),0.0,-5.366664059945435e-07
r0422_REV_469609.3.peg.1562-MONOMER_mod_mg2(1),0.0,-1.36141545513895e-09
r0422_FWD_469609.3.peg.1562-MONOMER_mod_mg2(1),0.0,-5.380278214496825e-07
r0488_REV_CPLX_dummy,0.030476767101303443,-4.551941076720722e-35
r0488_FWD_CPLX_dummy,0.0,-2.56071539839358e-07
r0570_REV_469609.3.peg.1232-MONOMER_mod_mn2(1),0.0007996059457802975,3.880807743713565e-36
r0570_FWD_469609.3.peg.1232-MONOMER_mod_mn2(1),0.0,-5.213743068395307e-07
r0671_REV_469609.3.peg.1184-MONOMER,0.0,8.403511570191858e-08
r0671_FWD_469609.3.peg.1184-MONOMER,0.0,-2.7022594117157007e-07
r0708_REV_469609.3.peg.2077-MONOMER_mod_zn2(1),0.0,2.224485667522057e-06
r0708_FWD_469609.3.peg.2077-MONOMER_mod_zn2(1),0.0,3.1073955624588046e-35
r0775_REV_469609.3.peg.2077-MONOMER_mod_zn2(1),0.0,2.224485667522057e-06
r0775_FWD_469609.3.peg.2077-MONOMER_mod_zn2(1),0.0,4.648963984294479e-36
r0777_REV_469609.3.peg.2077-MONOMER_mod_zn2(1),0.0,2.224485667522057e-06
r0777_FWD_469609.3.peg.2077-MONOMER_mod_zn2(1),0.0,9.82283408732327e-36
r0792_REV_469609.3.peg.329-MONOMER_mod_fad(1),0.3354191359873894,-3.896196907174509e-35
r0792_FWD_469609.3.peg.329-MONOMER_mod_fad(1),0.0,-2.1840658945948477e-07
r1667_REV_469609.3.peg.1541-MONOMER,0.0,-5.844392246673973e-07
r1667_FWD_469609.3.peg.1541-MONOMER,0.15,3.0182622270011184e-34
r2137_REV_469609.3.peg.1230-MONOMER,0.0,0.0
r2137_FWD_469609.3.peg.1230-MONOMER,0.0,0.0
rtranscription_REV_CPLX_rtranscription-0,0.0,-6.552266620188928e-07
rtranscription_FWD_CPLX_rtranscription-0,0.0,-1.3140520251914248e-08
rtranscription_REV_CPLX_rtranscription-1,0.0,-6.420861417669786e-07
rtranscription_FWD_CPLX_rtranscription-1,0.0,3.8663347245561464e-41
dummy_reaction_REV_SPONT,0.0,1.0
dummy_reaction_FWD_SPONT,3.784636242976751e-07,-1.136689476234242e-34
GAM,0.029960370161204914,-0.8110491666932632
ATPM,1.0,-0.02027622916733158
DNA_replication,0.005771659275201358,0.20266964368589302
formation_ribosome,1.1879992856204378e-06,1.0255191767873153e-29
formation_RNAP_4696093peg1239MONOMER,1.1339812263646286e-07,0.0
formation_RNA_degradosome,2.0260079806527153e-11,-2.5703993274497483e-31
formation_rRNA_containing_excision_machinery,9.126384191906495e-13,0.0
formation_monocistronic_excision_machinery,2.467095112714446e-12,2.8484684942868796e-34
CPLX_dummy_mod_2fe2s(1)_to_generic_2fe2s_transfer_complex,0.0,0.0
CPLX_dummy_2fe2s_unloading,0.0,0.0
CPLX_dummy_mod_4fe4s(1)_to_generic_4fe4s_transfer_complex,1.6053452444132306e-19,0.0
CPLX_dummy_4fe4s_unloading,0.0,-2.2094533282647923e-34
translocation_469609.3.peg.124_Membrane,3.012855655486606e-08,7.245848641360376e-34
translocation_469609.3.peg.1665_Inner_Membrane,0.0,-2.6726870716903267e-34
translocation_469609.3.peg.2111_Membrane,2.738928243936731e-07,0.0
translocation_469609.3.peg.1031_Inner_Membrane,0.0,-4.899647069447255e-34
translocation_469609.3.peg.1962_Membrane,4.4509263574863124e-10,-6.572551907229337e-34
translocation_469609.3.peg.1652_Inner_Membrane,9.664177549438133e-12,0.0
translocation_469609.3.peg.1095_Inner_Membrane,1.069181764753248e-07,1.0066201430746856e-33
translocation_469609.3.peg.73_Inner_Membrane,0.0,0.0
translocation_469609.3.peg.292_Inner_Membrane,0.0,0.0
translocation_469609.3.peg.1264_Inner_Membrane,0.0,-1.204046484038419e-34
translocation_469609.3.peg.1265_Inner_Membrane,0.0,0.0
translocation_469609.3.peg.1500_Inner_Membrane,5.273478515176952e-09,-1.5440319615339732e-34
translocation_469609.3.peg.1505_Inner_Membrane,5.273478515176952e-09,-2.2809001195495182e-34
translocation_469609.3.peg.99_Inner_Membrane,1.4594026243601827e-14,0.0
translocation_469609.3.peg.2012_Inner_Membrane,0.0,0.0
translocation_469609.3.peg.2131_Inner_Membrane,0.0,-2.0397244763970587e-33
translocation_469609.3.peg.1875_Inner_Membrane,0.0,2.3911191641603823e-34
translocation_469609.3.peg.728_Membrane,1.2685470099713338e-10,-4.250862344071717e-34
translocation_469609.3.peg.1228_Membrane,1.156625691367211e-09,0.0
translocation_469609.3.peg.729_Membrane,0.0,9.736666103491656e-34
translocation_469609.3.peg.218_Membrane,1.6991382023838786e-28,-5.254817918280165e-34
translocation_469609.3.peg.1389_Membrane,4.052015961305431e-11,0.0
translocation_469609.3.peg.702_Inner_Membrane,0.0,0.0
translocation_469609.3.peg.1172_Inner_Membrane,5.657734838290785e-30,1.0330183323411041e-33
translocation_469609.3.peg.63_Periplasm,3.0754748411100736e-24,1.0545044341868606e-34
translocation_469609.3.peg.665_Membrane,7.465197778074676e-08,0.0
translocation_469609.3.peg.513_Inner_Membrane,5.1826192825796264e-11,0.0
translocation_469609.3.peg.225_Membrane,-7.65109660704562e-43,0.0
translocation_469609.3.peg.893_Inner_Membrane,0.0,5.3772909513473025e-34
translocation_469609.3.peg.1173_Inner_Membrane,9.457426266994889e-29,-3.6490390330304407e-34
translocation_469609.3.peg.1052_Membrane,0.0,4.067284937845642e-34
translocation_469609.3.peg.1580_Inner_Membrane,0.0,-3.312536095461748e-34
translocation_469609.3.peg.1581_Inner_Membrane,0.0,1.2959378012758213e-34
translocation_469609.3.peg.1582_Periplasm,0.0,-3.560095039084012e-34
translocation_469609.3.peg.631_Inner_Membrane,4.295391266006687e-09,-1.868658505587404e-31
translocation_469609.3.peg.1614_Inner_Membrane,0.0,0.0
translocation_469609.3.peg.113_Inner_Membrane,0.0,-1.2048873273661865e-34
translocation_469609.3.peg.114_Inner_Membrane,0.0,0.0
translocation_469609.3.peg.115_Periplasm,0.0,0.0
translocation_469609.3.peg.1627_Inner_Membrane,0.0,-4.685996339541773e-34
translocation_469609.3.peg.1628_Inner_Membrane,0.0,0.0
translocation_469609.3.peg.466_Inner_Membrane,5.433654032216805e-10,-2.8014843712088304e-34
translocation_469609.3.peg.469_Inner_Membrane,5.433654032216805e-10,0.0
translocation_469609.3.peg.1821_Inner_Membrane,0.0,1.2348856198311454e-34
translocation_469609.3.peg.227_Inner_Membrane,1.3905070831671258e-15,-2.5204906837025427e-34
translocation_469609.3.peg.1969_Inner_Membrane,1.3857396733740178e-09,-3.400380019701586e-34
translocation_469609.3.peg.1214_Periplasm,0.0,6.382897463628554e-34
translocation_469609.3.peg.259_Membrane,0.0,2.1261144821301268e-33
translocation_469609.3.peg.573_Inner_Membrane,0.0,-2.2016936007647806e-34
translocation_469609.3.peg.1986_Inner_Membrane,0.0,0.0
translocation_469609.3.peg.30_Inner_Membrane,0.0,0.0
translocation_469609.3.peg.756_Inner_Membrane,2.4070440939353677e-10,0.0
translocation_469609.3.peg.757_Inner_Membrane,2.4070440939353677e-10,-2.4374053579789485e-34
translocation_469609.3.peg.48_Membrane,0.0,0.0
translocation_469609.3.peg.876_Inner_Membrane,0.0,5.369407234849443e-34
translocation_469609.3.peg.992_Periplasm,0.0,4.712498001544925e-34
translocation_469609.3.peg.993_Inner_Membrane,0.0,3.0154180743260553e-35
translocation_469609.3.peg.994_Inner_Membrane,0.0,-2.416287033800122e-34
translocation_469609.3.peg.1301_Membrane,5.1034744905852124e-08,0.0
translocation_469609.3.peg.307_Inner_Membrane,0.0,-1.1982543011995794e-33
translocation_469609.3.peg.162_Inner_Membrane,0.0,-4.4873345778125045e-34
translocation_469609.3.peg.163_Inner_Membrane,0.0,0.0
translocation_469609.3.peg.273_Inner_Membrane,2.9757454207082673e-09,8.467059086533473e-35
translocation_469609.3.peg.1039_Membrane,7.5075369831352e-29,-2.164337089191022e-34
translocation_469609.3.peg.1599_Inner_Membrane,0.0,0.0
translocation_469609.3.peg.1130_Inner_Membrane,0.0,0.0
translocation_469609.3.peg.1667_Inner_Membrane,0.0,-5.443813578794988e-35
translocation_469609.3.peg.1585_Membrane,-6.759240610186042e-43,1.788756559266713e-34
translocation_469609.3.peg.707_Inner_Membrane,6.294659597574137e-10,2.4313862535067548e-34
translocation_469609.3.peg.1048_Membrane,3.406790827651487e-09,1.829652854446471e-34
translocation_469609.3.peg.1488_Membrane,1.6437115770550417e-09,4.639574757942229e-34
translocation_469609.3.peg.1529_Membrane,7.600866447556445e-09,-1.0692061565766844e-33
translocation_469609.3.peg.2124_Membrane,1.6863578852585605e-09,-9.785792684857999e-34
translocation_469609.3.peg.216_Membrane,1.1880009754872038e-06,0.0
translocation_469609.3.peg.434_Periplasm,3.6010970341393586e-08,5.184849259786884e-34
translocation_469609.3.peg.1014_Inner_Membrane,1.7850462375828995e-11,-9.07760262108554e-34
translocation_469609.3.peg.1040_Inner_Membrane,2.4972881274194114e-08,0.0
translocation_469609.3.peg.1091_Inner_Membrane,3.042128063968828e-13,0.0
translocation_469609.3.peg.1206_Membrane,1.1879992856204378e-06,-6.716172869881729e-34
translocation_469609.3.peg.191_Inner_Membrane,6.70540523293544e-13,2.324887800162388e-34
translocation_469609.3.peg.1973_Membrane,2.4972881274194114e-08,3.0495650336452134e-34
translocation_469609.3.peg.2080_Membrane,2.315775523801456e-12,0.0
translocation_469609.3.peg.364_Membrane,6.078023941958147e-11,-5.868391243505734e-34
translocation_469609.3.peg.416_Inner_Membrane,1.426125727491302e-13,0.0
translocation_469609.3.peg.418_Membrane,2.852251454982604e-13,5.335698371597362e-34
translocation_469609.3.peg.426_Membrane,1.1879992856204378e-06,0.0
translocation_469609.3.peg.429_Inner_Membrane,2.924923810487656e-09,0.0
translocation_469609.3.peg.553_Membrane,4.012756588806448e-10,8.46621770772622e-34
translocation_469609.3.peg.781_Membrane,2.0063782944032217e-10,1.4508346281570917e-34
biomass_constituent_demand,0.029960370161204914,-0.014173051044359689
TS_4fe4s_c,-1.2538257480405126e-12,0.0
