,fluxes,reduced_costs
biomass_dilution,0.0015559240674619611,0.014959454831184518
protein_biomass_to_biomass,0.0006300761088162447,-1.4191744890073645e-36
mRNA_biomass_to_biomass,1.6895456495606077e-06,-2.553459954467958e-36
tRNA_biomass_to_biomass,9.663841836743981e-06,0.0
rRNA_biomass_to_biomass,7.545949490822113e-05,2.5963037219243384e-36
ncRNA_biomass_to_biomass,0.0,0.0
tmRNA_biomass_to_biomass,0.0,0.0
DNA_biomass_to_biomass,9.228825246890419e-05,0.0
lipid_biomass_to_biomass,0.0,0.0
constituent_biomass_to_biomass,0.00039210250428293856,0.0
prosthetic_group_biomass_to_biomass,2.26508290210413e-07,0.0
peptidoglycan_biomass_to_biomass,0.0,0.0
DM_4HBA,0.0,-2.1418774701819982e-07
DM_5DRIB,9.635837749791925e-06,0.0
DM_5MTR,4.817918874895962e-06,0.0
DM_GCALD,1.4453756624687888e-05,0.0
DM_atp_c_,0.0,-5.2812804565835805e-08
DM_clpn180(c),0.0,-2.8809643883853212e-06
DM_clpnai17(c),0.0,-3.6412236745068006e-06
DM_clpni17(c),0.0,-3.6767029627830776e-06
DM_dad_5,0.0,-5.948841534372252e-08
DM_dhptd(c),5.370316058987368e-06,0.0
DM_kdo2lipid4L(c),0.0,-2.8718739835791826e-06
EX_4abz(e),-1.4453756624687888e-05,0.0
EX_5mthf(e),0.0,-5.691130408182202e-07
EX_C02528(e),0.0,0.0
EX_ac(e),0.7453683030793183,0.0
EX_acald(e),0.0,-1.4082750861192363e-08
EX_acgam(e),-2.0662986635548023e-37,0.0
EX_ala_L(e),1.3243504762434222e-37,0.0
EX_alaasp(e),1.2060154859830432e-22,0.0
EX_alagln(e),1.2060154859830432e-22,0.0
EX_alaglu(e),1.2060154859830432e-22,0.0
EX_alagly(e),1.2060154859830432e-22,0.0
EX_alahis(e),1.2060154859830432e-22,0.0
EX_alaleu(e),1.2060154859830432e-22,0.0
EX_alathr(e),1.2060154859830432e-22,0.0
EX_arab_L(e),6.4456621387743064e-24,0.0
EX_arabinogal(e),-7.006154498667725e-26,0.0
EX_arabttr(e),0.0,0.0
EX_arbt(e),0.0,0.0
EX_asn_L(e),-0.0003192495561159358,0.0
EX_asp_L(e),-0.04139724493210602,0.0
EX_biomass(e),0.0,0.0
EX_btn(e),0.0,0.0
EX_ca2(e),0.0,0.0
EX_cd2(e),0.0,-0.00034241880095517424
EX_cgly(e),0.0,0.0
EX_cholate(e),0.0,0.0
EX_cl(e),0.0,0.0
EX_co2(e),0.015461540103569808,0.0
EX_cobalt2(e),-4.817948019955282e-06,0.0
EX_cu2(e),0.0,0.0
EX_cys_L(e),-5.676444941122021e-05,0.0
EX_cytd(e),0.012929577089785666,0.0
EX_ddca(e),-0.00036603113687042635,0.0
EX_dextrin(e),7.456022447345778e-23,0.0
EX_dgchol(e),0.0,0.0
EX_drib(e),0.0,0.0
EX_etoh(e),0.0,-1.923425895555034e-08
EX_fe2(e),-9.635845525584537e-06,0.0
EX_fe3(e),0.0,0.0
EX_fol(e),-7.785343418726633e-23,0.0
EX_for(e),0.00749390165944824,0.0
EX_fru(e),2.0409563340756776e-22,0.0
EX_gal(e),0.00470194,0.0
EX_galt(e),0.0,0.0
EX_gam(e),-0.0003827631139582147,0.0
EX_gchola(e),0.0,0.0
EX_glc_D(e),-0.14898579,-1.6772957884683195e-08
EX_glcur(e),0.0,-4.432832101031224e-10
EX_gln_L(e),-0.0019399701278847137,0.0
EX_glu_L(e),-1.9050369601010982e-35,0.0
EX_gly(e),-0.0006613444570243094,0.0
EX_glyasn(e),1.1718565599607347e-22,0.0
EX_glyasp(e),1.2060154859830432e-22,0.0
EX_glyc(e),4.9702438411004887e-05,0.0
EX_glyc3p(e),-3.6734198463196485e-38,0.0
EX_glycys(e),0.0,0.0
EX_glygln(e),1.1718565599607347e-22,0.0
EX_glyglu(e),0.0,0.0
EX_glyleu(e),0.0,-1.8346302554183854e-08
EX_glymet(e),0.0,-2.7296745462015725e-09
EX_glyphe(e),1.2060154859830432e-22,0.0
EX_glypro(e),1.2060154859830432e-22,-1.1862912664345903e-35
EX_glytyr(e),1.1718565599607347e-22,0.0
EX_h(e),1.2123953535492584,0.0
EX_h2o(e),-0.06450608243283641,0.0
EX_hg2(e),0.0,0.0
EX_his_L(e),-0.00020135702942713541,0.0
EX_hxan(e),-0.00013086078526479598,0.0
EX_ile_L(e),-0.0004672529334135332,0.0
EX_k(e),-4.1811999783014804e-10,0.0
EX_lac_L(e),0.514924917312605,0.0
EX_lcts(e),0.0,0.0
EX_leu_L(e),-0.0009102274776432472,0.0
EX_lys_L(e),-0.00037303701424901744,0.0
EX_malt(e),-0.07449289,-1.0568838049579173e-08
EX_malthx(e),0.0,-2.2061327024914737e-07
EX_malttr(e),1.7277846343004403e-22,0.0
EX_man(e),0.0,0.0
EX_mantr(e),8.036028274380253e-23,0.0
EX_melib(e),0.0,0.0
EX_met_D(e),0.0,0.0
EX_met_L(e),4.509357674782949e-37,0.0
EX_metala(e),1.1546555761687518e-22,-3.110214788901766e-36
EX_metsox_R_L(e),0.0,0.0
EX_metsox_S_L(e),-0.00027001571953558007,0.0
EX_mg2(e),-8.752458767853701e-06,0.0
EX_mn2(e),-6.416694564396692e-10,0.0
EX_mnl(e),0.0,0.0
EX_mqn7(e),-9.635837749791925e-06,0.0
EX_na1(e),0.0,0.0
EX_nac(e),-4.8179223776026904e-06,0.0
EX_nh4(e),0.0,-1.0824627196860239e-09
EX_o2(e),0.0,-9.545245106659367e-08
EX_pb(e),0.0,0.0
EX_phe_L(e),-0.0003154875077042087,0.0
EX_pi(e),-0.0010521766959712764,0.0
EX_pnto_R(e),-4.817918874895962e-06,0.0
EX_ppi(e),0.0,-5.287333626528676e-09
EX_pro_L(e),-1.4173543196504412e-37,0.0
EX_pydam(e),0.0,0.0
EX_pydx(e),-4.817937311618837e-06,0.0
EX_pydxn(e),0.0,0.0
EX_raffin(e),-0.00470194,-1.738914958308731e-09
EX_rib_D(e),-4.958198208729108e-23,0.0
EX_ribflv(e),-9.635847079584402e-06,0.0
EX_rmn(e),0.0,0.0
EX_salcn(e),0.0,0.0
EX_sbt_D(e),0.0,0.0
EX_ser_L(e),-0.0006356680332353851,0.0
EX_so4(e),0.0,0.0
EX_stys(e),0.0,-1.9293041695798834e-08
EX_succ(e),0.01325331458437666,0.0
EX_sucr(e),-0.07449289,-2.0611384110192685e-08
EX_taur(e),0.0,0.0
EX_tchola(e),0.0,0.0
EX_tdchola(e),0.0,0.0
EX_thf(e),0.0,-5.907474663395454e-07
EX_thm(e),-4.818811236056484e-06,0.0
EX_thr_L(e),-0.0006506534043098362,0.0
EX_tre(e),0.0,0.0
EX_trp_L(e),-0.00011139965482157818,0.0
EX_tsul(e),0.0,0.0
EX_tyr_L(e),-0.00023024982363132102,0.0
EX_val_L(e),-6.51496109027682e-37,0.0
EX_xan(e),-0.0001748108545761735,0.0
EX_xyl_D(e),-0.06934693699458633,2.2567553806818986e-36
EX_zn2(e),-7.676543390700689e-08,0.0
translation_759350.9.peg.1,1.4350208129611585e-33,-2.748088628765215e-33
transcription_TU_759350.9.peg.1,2.168400085070524e-33,1.8056699780423096e-34
translation_759350.9.peg.2,1.4350208129611585e-33,-8.404033313961952e-34
transcription_TU_759350.9.peg.2,0.0,-0.02292362068130692
translation_759350.9.peg.5,1.4350208129611585e-33,6.8902447445545e-33
transcription_TU_759350.9.peg.5,2.168400085070524e-33,7.071155158767086e-34
translation_759350.9.peg.6,1.4350208129611585e-33,3.768922258156397e-33
transcription_TU_759350.9.peg.6,0.0,-0.054060688977281696
translation_759350.9.peg.9,-6.194519983613027e-44,1.480525059470834e-33
transcription_TU_759350.9.peg.9,9.493773866278828e-44,1.847760187320685e-35
translation_759350.9.peg.12,-1.6237792198273824e-43,-2.4987639044860045e-33
transcription_TU_759350.9.peg.12,-2.6471348303223464e-43,-5.505399373611517e-34
translation_759350.9.peg.18,0.0,-4.356922300935895e-34
transcription_TU_759350.9.peg.18,0.0,-0.007460543907875509
translation_759350.9.peg.20,0.0,-2.77272933874266e-33
transcription_TU_759350.9.peg.20,0.0,-0.009784563298082435
translation_759350.9.peg.24,1.6905935117579625e-10,-1.3024798283428703e-33
transcription_TU_759350.9.peg.24,2.5545853283835724e-10,-9.428206878356115e-35
translation_759350.9.peg.32,2.8654816179902605e-10,1.2447911602837944e-34
transcription_TU_759350.9.peg.32,4.329909732386776e-10,2.1718547987641764e-34
translation_759350.9.peg.34,3.274833109438754e-39,-3.052035312970375e-33
transcription_TU_759350.9.peg.34,1.276796857990001e-39,-1.735673960012371e-33
translation_759350.9.peg.36,2.978041457656114e-45,1.6156072697231138e-33
transcription_TU_759350.9.peg.36,3.053308957726304e-45,-1.0606732738150629e-33
translation_759350.9.peg.39,1.485157576371635e-12,-6.384967799013279e-34
transcription_TU_759350.9.peg.39,2.2441596566826607e-12,-8.350276618736919e-34
translation_759350.9.peg.45,0.0,1.8357941571706726e-33
transcription_TU_759350.9.peg.45,0.0,-0.0498892228306031
translation_759350.9.peg.51,0.0,-3.3251949798098264e-34
transcription_TU_759350.9.peg.51,0.0,1.5594422537638129e-34
translation_759350.9.peg.58,0.0,-3.564257965053043e-33
transcription_TU_759350.9.peg.58,0.0,-0.014307479146789905
translation_759350.9.peg.61,0.0,-6.100779747813776e-34
transcription_TU_759350.9.peg.61,0.0,-2.2665577696405214e-35
translation_759350.9.peg.73,1.8296551802317196e-12,-2.0252075283399696e-33
transcription_TU_759350.9.peg.73,2.7647156143174146e-12,-6.557759831094101e-34
translation_759350.9.peg.85,-7.406635205252472e-31,-4.760487703444137e-33
transcription_TU_759350.9.peg.85,0.0,-0.044023145145445766
translation_759350.9.peg.87,0.0,3.849900607705645e-33
transcription_TU_759350.9.peg.87,0.0,-0.029599016902379465
translation_759350.9.peg.91,-1.554621421961806e-30,-4.298698597373425e-33
transcription_TU_759350.9.peg.91,-2.3491235759001875e-30,3.4168831892185243e-34
translation_759350.9.peg.94,8.793531693583751e-13,-1.1371922259430028e-33
transcription_TU_759350.9.peg.94,1.328753889854102e-12,9.928975143245588e-34
translation_759350.9.peg.95,0.0,-3.659196470970578e-33
transcription_TU_759350.9.peg.95,0.0,9.995372448382226e-35
translation_759350.9.peg.98,0.0,7.834685884320767e-33
transcription_TU_759350.9.peg.98,0.0,-0.02897658700011665
translation_759350.9.peg.99,0.0,-2.0337090990730332e-33
transcription_TU_759350.9.peg.99,0.0,-8.523267378871041e-35
translation_759350.9.peg.100,0.0,4.211531083895671e-33
transcription_TU_759350.9.peg.100,0.0,3.1185688309580377e-34
translation_759350.9.peg.101,0.0,-1.2950847698313618e-33
transcription_TU_759350.9.peg.101,0.0,-1.5398703064493683e-34
translation_759350.9.peg.102,0.0,-5.335208087941076e-33
transcription_TU_759350.9.peg.102,0.0,-5.126587490106137e-35
translation_759350.9.peg.104,2.297565926928587e-11,-5.0970909955524584e-33
transcription_TU_759350.9.peg.104,3.471756023612414e-11,1.2361894465058888e-34
translation_759350.9.peg.107,-5.957117841309616e-30,1.5648904087404164e-33
transcription_TU_759350.9.peg.107,-9.001552254295117e-30,-3.7565511780950147e-34
translation_759350.9.peg.109,-1.071455178390794e-29,-5.589256557086808e-34
transcription_TU_759350.9.peg.109,-1.6190312216988989e-29,-2.3802013346921353e-34
translation_759350.9.peg.112,0.0,-1.832066585663641e-33
transcription_TU_759350.9.peg.112,0.0,1.176000447237812e-33
translation_759350.9.peg.114,-1.419980579594423e-29,7.848723200571245e-34
transcription_TU_759350.9.peg.114,0.0,-0.04562041103866611
translation_759350.9.peg.115,0.0,-3.965665928772318e-33
transcription_TU_759350.9.peg.115,0.0,1.3879509573352315e-33
translation_759350.9.peg.116,4.257933619454804e-31,-2.1843805861464275e-34
transcription_TU_759350.9.peg.116,0.0,-0.025377058752333544
translation_759350.9.peg.117,-1.0320447494313379e-30,2.1438874845009437e-33
transcription_TU_759350.9.peg.117,-1.5594797666004816e-30,3.2704092609297776e-34
translation_759350.9.peg.118,-7.802719765305013e-31,-2.5320183160550824e-33
transcription_TU_759350.9.peg.118,-1.179036432785648e-30,1.8182970408258221e-34
translation_759350.9.peg.126,5.929882270879193e-12,-6.3228296913200205e-34
transcription_TU_759350.9.peg.126,8.960397720015973e-12,1.042585006377681e-33
translation_759350.9.peg.128,8.061241392868139e-14,7.312364941223242e-33
transcription_TU_759350.9.peg.128,1.2181005574406558e-13,-3.855410557137599e-33
translation_759350.9.peg.130,1.594989462733402e-15,1.3721573329089958e-34
transcription_TU_759350.9.peg.130,2.4101220382587657e-15,-2.91615701453833e-33
translation_759350.9.peg.131,3.189978925466804e-15,-7.289112079200622e-34
transcription_TU_759350.9.peg.131,4.820244076517531e-15,-7.452492454829169e-34
translation_759350.9.peg.152,1.4350208129611585e-33,1.1978986571003114e-32
transcription_TU_759350.9.peg.152,0.0,-0.05729141334123481
translation_759350.9.peg.155,7.061543497122303e-11,-4.287504551508554e-33
transcription_TU_759350.9.peg.155,1.0670403788982299e-10,5.1518416156731625e-34
translation_759350.9.peg.156,7.061543497122303e-11,1.1916464004595851e-33
transcription_TU_759350.9.peg.156,1.0670403788982299e-10,-1.6107923090834308e-34
translation_759350.9.peg.157,0.0,-9.215064603098034e-35
transcription_TU_759350.9.peg.157,0.0,5.200140130820099e-34
translation_759350.9.peg.160,0.0,-1.6754961706317298e-33
transcription_TU_759350.9.peg.160,0.0,-0.03906828748531059
translation_759350.9.peg.161,0.0,-1.200803574902174e-33
transcription_TU_759350.9.peg.161,0.0,1.2868871035816921e-33
translation_759350.9.peg.165,1.4350208129611585e-33,9.68249165490438e-33
transcription_TU_759350.9.peg.165,0.0,-0.0629293405886444
translation_759350.9.peg.166,5.26855326149215e-13,-6.371816094784199e-34
transcription_TU_759350.9.peg.166,7.961091042884674e-13,3.702886161265086e-35
translation_759350.9.peg.167,1.4350208129611585e-33,9.033547571751206e-34
transcription_TU_759350.9.peg.167,0.0,-0.02348135933455823
translation_759350.9.peg.170,1.7588268045440203e-13,-2.4739487824988664e-33
transcription_TU_759350.9.peg.170,2.657689810594266e-13,-4.696320325757944e-34
translation_759350.9.peg.187,3.953772797677197e-12,3.514442437270027e-33
transcription_TU_759350.9.peg.187,5.974381133289396e-12,-1.661500488711554e-33
translation_759350.9.peg.226,-6.510769972243521e-33,-1.269970795309614e-33
transcription_TU_759350.9.peg.226,-9.838152892192246e-33,-1.0925881750003911e-33
translation_759350.9.peg.227,-8.139126714202277e-33,1.7212887737670813e-33
transcription_TU_759350.9.peg.227,-1.2298694834136615e-32,3.4631824194247372e-34
translation_759350.9.peg.229,5.1221782559446406e-33,-1.853488681552223e-33
transcription_TU_759350.9.peg.229,7.739909878430058e-33,-1.7800686082487375e-33
translation_759350.9.peg.234,2.011645964303182e-16,3.369935561334889e-33
transcription_TU_759350.9.peg.234,3.039714295938134e-16,-8.226741854504886e-34
translation_759350.9.peg.235,-1.625308988236747e-31,4.3457013104371875e-34
transcription_TU_759350.9.peg.235,-2.4559366084714505e-31,2.3887456471756457e-33
translation_759350.9.peg.243,4.609330054281459e-59,5.641847441814755e-34
transcription_TU_759350.9.peg.243,6.964968288619464e-59,-1.2937688527987065e-33
translation_759350.9.peg.247,9.094278705559793e-11,-2.144141797811289e-33
transcription_TU_759350.9.peg.247,1.3741985161942505e-10,4.661911579672872e-34
translation_759350.9.peg.249,5.021792953617002e-08,-5.051936308684631e-34
transcription_TU_759350.9.peg.249,7.58822183586295e-08,-4.834270986667819e-34
translation_759350.9.peg.250,1.8802156175072135e-30,9.988987593488503e-34
transcription_TU_759350.9.peg.250,0.0,-0.01338925762786192
translation_759350.9.peg.251,5.021792953617002e-08,-5.321213378929715e-34
transcription_TU_759350.9.peg.251,7.58822183586295e-08,-2.183219155269338e-34
translation_759350.9.peg.252,5.021792953617002e-08,1.481434638677998e-34
transcription_TU_759350.9.peg.252,7.58822183586295e-08,-4.433046066721705e-34
translation_759350.9.peg.254,1.3744385222042495e-09,5.3948238933287615e-34
transcription_TU_759350.9.peg.254,2.076856712845856e-09,-2.315803314496221e-34
translation_759350.9.peg.255,6.036864304344816e-13,8.562206269341713e-34
transcription_TU_759350.9.peg.255,9.122053807769284e-13,-8.917231737716637e-34
translation_759350.9.peg.256,0.0,-6.226868930535057e-33
transcription_TU_759350.9.peg.256,0.0,4.994529458495234e-34
translation_759350.9.peg.262,3.709678560966168e-15,-3.7409716710304536e-34
transcription_TU_759350.9.peg.262,5.605540515182106e-15,-3.0620627250018187e-34
translation_759350.9.peg.263,3.709678560966168e-15,4.711794873978764e-33
transcription_TU_759350.9.peg.263,5.605540515182106e-15,-5.8589571315498715e-34
translation_759350.9.peg.264,3.709678560966168e-15,8.45265752543128e-34
transcription_TU_759350.9.peg.264,5.605540515182106e-15,1.2059686762440152e-33
translation_759350.9.peg.271,-2.2387524635826225e-30,7.847317943303752e-34
transcription_TU_759350.9.peg.271,-3.3828854526974724e-30,-1.6954988552561617e-34
translation_759350.9.peg.273,4.664560206937332e-12,-1.0112691682212403e-32
transcription_TU_759350.9.peg.273,7.04842233519108e-12,-4.694026409352272e-33
translation_759350.9.peg.274,0.0,5.6531203300978054e-33
transcription_TU_759350.9.peg.274,0.0,-0.031119823900681538
translation_759350.9.peg.279,1.1689868679940356e-09,-1.84676229402137e-33
transcription_TU_759350.9.peg.279,1.7664072890859193e-09,-1.1212831751759238e-34
translation_759350.9.peg.284,1.587994807937317e-32,-3.651345832828738e-33
transcription_TU_759350.9.peg.284,2.3995527071954954e-32,-1.1144961289297856e-33
translation_759350.9.peg.285,1.6810956473971018e-11,-8.193207243350153e-34
transcription_TU_759350.9.peg.285,2.5402335017744648e-11,1.1798727464914224e-33
translation_759350.9.peg.286,1.6810956473971018e-11,2.491218327993628e-34
transcription_TU_759350.9.peg.286,2.5402335017744648e-11,1.0682495114851706e-34
translation_759350.9.peg.287,1.6810956473971018e-11,-3.3304314554956533e-34
transcription_TU_759350.9.peg.287,2.5402335017744648e-11,4.883726982569911e-34
translation_759350.9.peg.288,1.6810956473971018e-11,-4.9285498683010505e-34
transcription_TU_759350.9.peg.288,2.5402335017744648e-11,-5.56853468752908e-34
translation_759350.9.peg.289,1.6810956473971018e-11,-3.671783660597287e-33
transcription_TU_759350.9.peg.289,2.5402335017744648e-11,-1.884326056631274e-33
translation_759350.9.peg.290,1.6810956473971018e-11,-1.4801103014030885e-33
transcription_TU_759350.9.peg.290,2.5402335017744648e-11,8.033126891824359e-34
translation_759350.9.peg.291,1.6810956473971018e-11,-2.9712091838274425e-33
transcription_TU_759350.9.peg.291,2.5402335017744648e-11,-6.9991809009010645e-34
translation_759350.9.peg.292,1.6810956473971018e-11,-9.995102272085865e-34
transcription_TU_759350.9.peg.292,2.5402335017744648e-11,4.698319610698666e-34
translation_759350.9.peg.300,-4.1457991606118505e-29,-4.217273425154215e-34
transcription_TU_759350.9.peg.300,-6.264544159471623e-29,7.523624908509623e-35
translation_759350.9.peg.301,2.9022683018261625e-12,1.996602862040183e-33
transcription_TU_759350.9.peg.301,4.385496555684921e-12,1.3359116748386801e-33
translation_759350.9.peg.302,0.0,2.3635171891128092e-33
transcription_TU_759350.9.peg.302,0.0,-1.3110363611551601e-33
translation_759350.9.peg.305,3.6733516224498526e-14,-5.221847805416316e-35
transcription_TU_759350.9.peg.305,5.550648393856991e-14,-2.6690453958649873e-34
translation_759350.9.peg.306,0.0,3.826163608225425e-33
transcription_TU_759350.9.peg.306,0.0,-0.026233927956776853
translation_759350.9.peg.309,0.0,-1.6369320054298608e-33
transcription_TU_759350.9.peg.309,-5.266487729959128e-44,-1.942179049284401e-33
translation_759350.9.peg.328,5.021792953617002e-08,-2.2867449072642233e-36
transcription_TU_759350.9.peg.328,7.58822183586295e-08,5.74110454557042e-35
translation_759350.9.peg.340,3.339114504763145e-16,1.1490286698744553e-33
transcription_TU_759350.9.peg.340,5.045596628837607e-16,3.970790343321946e-34
translation_759350.9.peg.341,3.0556073149505824e-13,1.0121470761804158e-34
transcription_TU_759350.9.peg.341,4.617200741506107e-13,-1.2436394135481614e-33
translation_759350.9.peg.344,3.937486531376297e-12,4.990742823013764e-34
transcription_TU_759350.9.peg.344,5.949771635703448e-12,-4.939706960910151e-34
translation_759350.9.peg.348,2.1346706097657818e-30,7.037740334603545e-33
transcription_TU_759350.9.peg.348,3.2256117054233664e-30,-1.1950988796978748e-33
translation_759350.9.peg.350,-4.207238641782823e-30,-2.1822530632002574e-33
transcription_TU_759350.9.peg.350,-6.357382796371191e-30,9.740200554632074e-34
translation_759350.9.peg.353,1.0808779525388602e-13,5.949450245877989e-34
transcription_TU_759350.9.peg.353,1.6332695826200234e-13,2.0689442370785485e-34
translation_759350.9.peg.358,-3.2465887490223196e-53,3.4595587719207056e-33
transcription_TU_759350.9.peg.358,-4.905784819275337e-53,-7.860346582736627e-34
translation_759350.9.peg.359,0.0,6.363152670050957e-34
transcription_TU_759350.9.peg.359,0.0,-1.2003075430960737e-33
translation_759350.9.peg.360,3.083191246559212e-30,-8.012012076720111e-34
transcription_TU_759350.9.peg.360,4.658881669828887e-30,-7.373888989001802e-34
translation_759350.9.peg.361,0.0,-6.500915133357987e-34
transcription_TU_759350.9.peg.361,0.0,7.112824465952678e-34
translation_759350.9.peg.368,-3.30058469731789e-31,1.3531998938420106e-33
transcription_TU_759350.9.peg.368,-4.987375844172024e-31,-4.525749752657327e-34
translation_759350.9.peg.373,5.021792953617002e-08,2.382866272328751e-34
transcription_TU_759350.9.peg.373,7.58822183586295e-08,-7.997139762891348e-36
translation_759350.9.peg.374,0.0,4.247526153870151e-33
transcription_TU_759350.9.peg.374,0.0,5.818550530642631e-34
translation_759350.9.peg.375,0.0,4.553158921743994e-33
transcription_TU_759350.9.peg.375,0.0,-5.086180889198897e-34
translation_759350.9.peg.376,0.0,9.219529003451344e-34
transcription_TU_759350.9.peg.376,0.0,-3.033651833738915e-34
translation_759350.9.peg.377,0.0,7.023743273350102e-34
transcription_TU_759350.9.peg.377,0.0,-4.346866363224231e-34
translation_759350.9.peg.378,0.0,-1.7506950579136573e-33
transcription_TU_759350.9.peg.378,0.0,-4.699582316977018e-34
translation_759350.9.peg.379,0.0,1.9027862596497304e-34
transcription_TU_759350.9.peg.379,0.0,1.3363641445884225e-36
translation_759350.9.peg.383,3.848236148373355e-13,-2.0801286054231812e-33
transcription_TU_759350.9.peg.383,5.814909105245228e-13,-2.0223503754073868e-33
translation_759350.9.peg.384,1.6023571880094635e-12,1.6425234540373593e-34
transcription_TU_759350.9.peg.384,2.421255100560783e-12,-2.203843357815742e-34
translation_759350.9.peg.387,6.830977165702352e-12,-3.089937475179056e-35
transcription_TU_759350.9.peg.387,1.0322004624210777e-11,-7.1174543889733e-35
translation_759350.9.peg.388,6.830977165702352e-12,5.004711998053151e-33
transcription_TU_759350.9.peg.388,1.0322004624210777e-11,-1.839289532703412e-33
translation_759350.9.peg.389,3.0956766890077404e-13,-9.525183251504726e-35
transcription_TU_759350.9.peg.389,4.677747901052159e-13,-1.3105838914054176e-34
translation_759350.9.peg.390,5.021792953617002e-08,1.1868820495561354e-34
transcription_TU_759350.9.peg.390,7.58822183586295e-08,7.6330594526334e-35
translation_759350.9.peg.393,8.616855018846835e-14,-1.4874310288386394e-33
transcription_TU_759350.9.peg.393,1.3020570145844697e-13,-6.504200039787368e-34
translation_759350.9.peg.398,2.6690984375678264e-14,-1.7724855835533264e-34
transcription_TU_759350.9.peg.398,4.033163301054039e-14,-6.912054167694827e-34
translation_759350.9.peg.400,7.419357121932345e-15,2.3716467490807052e-34
transcription_TU_759350.9.peg.400,1.1211081030364226e-14,8.050383877628493e-34
translation_759350.9.peg.407,2.021550457110721e-09,4.1833027988545407e-33
transcription_TU_759350.9.peg.407,3.054680561829518e-09,6.6115300734472256e-34
translation_759350.9.peg.410,5.021792953617002e-08,-5.110864545531385e-34
transcription_TU_759350.9.peg.410,7.58822183586295e-08,-7.509945590494151e-35
translation_759350.9.peg.414,5.516242238180993e-13,-4.415118980711001e-33
transcription_TU_759350.9.peg.414,8.335363522609091e-13,-1.5549701690279854e-33
translation_759350.9.peg.415,0.0,-6.74874101184049e-34
transcription_TU_759350.9.peg.415,0.0,2.368205625047798e-34
translation_759350.9.peg.416,0.0,1.26317946636759e-33
transcription_TU_759350.9.peg.416,0.0,8.11288783840688e-34
translation_759350.9.peg.417,-4.5432197695099323e-64,1.375225971323897e-33
transcription_TU_759350.9.peg.417,0.0,9.65970302938718e-35
translation_759350.9.peg.422,2.615674172422492e-29,-2.0370879142418024e-34
transcription_TU_759350.9.peg.422,0.0,-0.03717619680159181
translation_759350.9.peg.426,1.29870361404569e-09,-3.0259436847463296e-34
transcription_TU_759350.9.peg.426,1.9624168525939658e-09,-7.155335577323837e-36
translation_759350.9.peg.431,0.0,-8.128476917283781e-33
transcription_TU_759350.9.peg.431,0.0,-0.04347140747764269
translation_759350.9.peg.437,3.506351570702281e-18,1.9270907974281677e-33
transcription_TU_759350.9.peg.437,5.298301582475923e-18,2.459120477089089e-34
translation_759350.9.peg.453,-8.88605337598132e-31,-6.910765042198989e-34
transcription_TU_759350.9.peg.453,-1.3427344553044228e-30,-9.31772007900038e-34
translation_759350.9.peg.457,0.0,-1.2806521848497161e-33
transcription_TU_759350.9.peg.457,0.0,-8.864198074025883e-35
translation_759350.9.peg.460,0.0,-7.384738520086108e-34
transcription_TU_759350.9.peg.460,0.0,-0.021033005750064757
translation_759350.9.peg.461,0.0,2.0776744855855902e-33
transcription_TU_759350.9.peg.461,0.0,5.853906306436466e-34
translation_759350.9.peg.466,-7.62526334979597e-30,1.4396869684101552e-33
transcription_TU_759350.9.peg.466,-1.152221734140815e-29,-1.347518050047192e-33
translation_759350.9.peg.469,0.0,-1.9402382875872046e-34
transcription_TU_759350.9.peg.469,0.0,-2.349159805349333e-34
translation_759350.9.peg.470,-4.3262243392031684e-30,-1.957864926120333e-33
transcription_TU_759350.9.peg.470,-6.537177119964347e-30,1.2700299747657028e-33
translation_759350.9.peg.482,7.663918087615772e-08,1.3162803005880323e-33
transcription_TU_759350.9.peg.482,1.1580626903150969e-07,3.9633193311750345e-33
translation_759350.9.peg.483,7.663918087615772e-08,2.223953631072541e-33
transcription_TU_759350.9.peg.483,1.1580626903150969e-07,-1.6051522210401287e-33
translation_759350.9.peg.508,-2.5817076075544664e-32,4.096257202144196e-33
transcription_TU_759350.9.peg.508,-3.901110663542584e-32,-8.729667242619876e-34
translation_759350.9.peg.509,-2.2112454259468969e-32,1.693955450054378e-33
transcription_TU_759350.9.peg.509,-3.341320715649328e-32,-2.1011432471765057e-34
translation_759350.9.peg.511,-1.2738363531880648e-31,-1.910683711225118e-33
transcription_TU_759350.9.peg.511,-1.9248409721104784e-31,-4.79512709203893e-34
translation_759350.9.peg.520,4.2584753631233923e-13,-1.4964743136994295e-33
transcription_TU_759350.9.peg.520,6.434804468524062e-13,-3.2898759827210262e-34
translation_759350.9.peg.525,1.9451818400523767e-13,-7.3856761619817694e-34
transcription_TU_759350.9.peg.525,2.939283130495877e-13,-9.506284216567501e-34
translation_759350.9.peg.534,0.0,-2.8110395673063723e-33
transcription_TU_759350.9.peg.534,0.0,-2.541575197065427e-33
translation_759350.9.peg.542,0.0,-6.732778411411513e-33
transcription_TU_759350.9.peg.542,0.0,1.5225080951220383e-34
translation_759350.9.peg.544,0.0,3.2608236005424994e-33
transcription_TU_759350.9.peg.544,0.0,-0.034670384334019644
translation_759350.9.peg.548,3.976815713872284e-14,2.8052164886408767e-33
transcription_TU_759350.9.peg.548,6.009200322660311e-14,2.3334812023931387e-34
translation_759350.9.peg.549,1.0192187692030882e-13,-1.4520877623681472e-33
transcription_TU_759350.9.peg.549,1.5400989629446376e-13,1.087800413694976e-33
translation_759350.9.peg.554,3.92945725083325e-30,-1.4312205421577516e-33
transcription_TU_759350.9.peg.554,0.0,-0.016017883410727345
translation_759350.9.peg.555,4.177340878902401e-14,-3.786898128896065e-33
transcription_TU_759350.9.peg.555,6.312205534140723e-14,-1.63310012000097e-34
translation_759350.9.peg.556,-1.1242317077707898e-30,-1.9019187146902265e-33
transcription_TU_759350.9.peg.556,-1.6987796335432972e-30,-1.231833109845577e-33
translation_759350.9.peg.559,6.017972035074917e-14,-7.243022646567887e-34
transcription_TU_759350.9.peg.559,9.093506487812653e-14,-1.956142476212502e-34
translation_759350.9.peg.562,0.0,3.7616959830980174e-33
transcription_TU_759350.9.peg.562,0.0,-1.5511083923266945e-33
translation_759350.9.peg.563,0.0,1.8116386949520143e-33
transcription_TU_759350.9.peg.563,0.0,1.1152221850398375e-33
translation_759350.9.peg.564,1.4350208129611585e-33,4.426344903374029e-33
transcription_TU_759350.9.peg.564,0.0,-0.04261748624655482
translation_759350.9.peg.565,3.7841090660927543e-47,3.790434236271386e-33
transcription_TU_759350.9.peg.565,4.808448707223492e-47,-1.6957093063025535e-34
translation_759350.9.peg.566,0.0,1.348616942008844e-35
transcription_TU_759350.9.peg.566,0.0,-0.013021703889697322
translation_759350.9.peg.568,-2.347736002298756e-34,3.0262261785015657e-33
transcription_TU_759350.9.peg.568,-3.547565931537153e-34,6.082035240725262e-36
translation_759350.9.peg.573,0.0,-1.7118360086180261e-34
transcription_TU_759350.9.peg.573,0.0,-0.04481202453681645
translation_759350.9.peg.579,2.014447639484089e-12,7.992464385016777e-34
transcription_TU_759350.9.peg.579,3.0439477904252848e-12,1.6453904611102557e-33
translation_759350.9.peg.581,0.0,1.4802180153860435e-33
transcription_TU_759350.9.peg.581,3.0684361012518764e-65,-3.277985498599885e-34
translation_759350.9.peg.582,0.0,1.0949134754322252e-33
transcription_TU_759350.9.peg.582,0.0,3.886504699241999e-34
translation_759350.9.peg.586,0.0,-1.5047152538186597e-34
transcription_TU_759350.9.peg.586,0.0,-3.255677687682346e-34
translation_759350.9.peg.588,1.3728929725794024e-30,8.975714019216619e-34
transcription_TU_759350.9.peg.588,2.074521297284124e-30,2.893996519353265e-33
translation_759350.9.peg.589,0.0,-3.9704535215428536e-33
transcription_TU_759350.9.peg.589,0.0,-1.3830842768874193e-34
translation_759350.9.peg.590,0.0,2.6793621043838853e-33
transcription_TU_759350.9.peg.590,0.0,-2.123240607047653e-34
translation_759350.9.peg.591,0.0,-3.6828816469537487e-33
transcription_TU_759350.9.peg.591,0.0,3.0936303819606003e-33
translation_759350.9.peg.598,0.0,-4.6955831811963005e-33
transcription_TU_759350.9.peg.598,0.0,-8.204644494633739e-34
translation_759350.9.peg.608,0.0,-1.8007411930840432e-32
transcription_TU_759350.9.peg.608,0.0,-3.398784399228823e-33
translation_759350.9.peg.609,7.566407267666903e-57,-1.4136374709213068e-33
transcription_TU_759350.9.peg.609,1.143328246760819e-56,4.426311633237165e-34
translation_759350.9.peg.611,4.312140328160242e-32,2.985494120166612e-33
transcription_TU_759350.9.peg.611,0.0,-1.3243684349440856e-33
translation_759350.9.peg.614,0.0,-2.2273620671616017e-33
transcription_TU_759350.9.peg.614,0.0,1.1072671354862246e-33
translation_759350.9.peg.616,5.021792953617002e-08,5.647946980638593e-34
transcription_TU_759350.9.peg.616,7.58822183586295e-08,1.3674056739312244e-34
translation_759350.9.peg.617,5.021792953617002e-08,1.853623191880114e-33
transcription_TU_759350.9.peg.617,7.58822183586295e-08,2.23446398506576e-34
translation_759350.9.peg.618,5.905594025795239e-11,2.166086322854338e-33
transcription_TU_759350.9.peg.618,8.923696766113026e-11,4.362650191703622e-34
translation_759350.9.peg.620,5.905594025795239e-11,-2.6111390475218958e-33
transcription_TU_759350.9.peg.620,8.923696766113026e-11,3.510323453816518e-34
translation_759350.9.peg.631,4.3059303575099464e-30,-1.1628969361187476e-33
transcription_TU_759350.9.peg.631,0.0,-0.017792440298388223
translation_759350.9.peg.632,-6.624738010323633e-31,2.3297227960953782e-33
transcription_TU_759350.9.peg.632,-1.0010365240287645e-30,-5.377024235312472e-35
translation_759350.9.peg.633,0.0,-2.0914069906756511e-35
transcription_TU_759350.9.peg.633,0.0,-2.7290239440866723e-34
translation_759350.9.peg.635,7.8345345608003e-12,2.416331532820717e-33
transcription_TU_759350.9.peg.635,1.1838438338097577e-11,-4.579414769487256e-34
translation_759350.9.peg.645,0.0,4.441407899870738e-34
transcription_TU_759350.9.peg.645,0.0,-0.013755814912440037
translation_759350.9.peg.646,0.0,-4.261762037479925e-34
transcription_TU_759350.9.peg.646,0.0,-1.4205445631451737e-35
translation_759350.9.peg.649,0.0,4.855434522734121e-33
transcription_TU_759350.9.peg.649,0.0,-1.4137575168990355e-33
translation_759350.9.peg.651,1.305436684395707e-45,-1.0878282741677536e-33
transcription_TU_759350.9.peg.651,1.1214929124111309e-45,-6.8245065323958056e-34
translation_759350.9.peg.653,9.53000519361618e-46,-3.1530639919424198e-34
transcription_TU_759350.9.peg.653,1.7089415808169613e-45,1.7963680417917887e-33
translation_759350.9.peg.655,1.204930246229578e-47,-1.7385659328382524e-33
transcription_TU_759350.9.peg.655,-1.1208237638953724e-47,-7.847929970999507e-34
translation_759350.9.peg.656,2.463999668454342e-47,-4.641858036685284e-34
transcription_TU_759350.9.peg.656,3.045558735876531e-48,-9.789551325010968e-34
translation_759350.9.peg.658,2.1051740845602606e-12,1.7627932522980496e-33
transcription_TU_759350.9.peg.658,3.1810407367048326e-12,-8.679211604247422e-34
translation_759350.9.peg.659,3.709678560966168e-15,-5.96896953757609e-33
transcription_TU_759350.9.peg.659,5.605540515182106e-15,-1.680230631840431e-33
translation_759350.9.peg.661,3.2549907078871644e-12,-4.532697916165502e-33
transcription_TU_759350.9.peg.661,4.918480668807786e-12,1.459478006727671e-33
translation_759350.9.peg.662,3.1089393629575673e-12,2.1358632408497957e-33
transcription_TU_759350.9.peg.662,4.697788574372934e-12,1.0768359141779592e-33
translation_759350.9.peg.663,4.299612092794338e-12,-2.1813907963462506e-33
transcription_TU_759350.9.peg.663,6.496964464610764e-12,1.0779092145145577e-33
translation_759350.9.peg.664,3.5027405310972194e-12,-2.8110506449528374e-33
transcription_TU_759350.9.peg.664,5.292845091172043e-12,3.6399612983939143e-34
translation_759350.9.peg.665,4.381964095843927e-12,6.146039952992429e-34
transcription_TU_759350.9.peg.665,6.621403140904228e-12,-1.088652740432863e-33
translation_759350.9.peg.667,3.90739471461279e-12,-9.02098227343785e-34
transcription_TU_759350.9.peg.667,5.904301146745683e-12,6.938886676109791e-34
translation_759350.9.peg.668,0.0,-3.1618202093128114e-33
transcription_TU_759350.9.peg.668,0.0,-1.4554794368462253e-34
translation_759350.9.peg.669,1.1489744287302604e-65,-1.0761173441680807e-33
transcription_TU_759350.9.peg.669,1.305560552696111e-65,-3.009449963403849e-35
translation_759350.9.peg.670,1.0090074965731476e-65,7.1319979078381934e-34
transcription_TU_759350.9.peg.670,-1.8792843941923259e-65,9.518385151735034e-34
translation_759350.9.peg.671,0.0,-2.6331927429540387e-33
transcription_TU_759350.9.peg.671,1.1175168516904983e-65,-1.5341881281967875e-34
translation_759350.9.peg.675,3.0656861069100594e-12,8.839299373517448e-34
transcription_TU_759350.9.peg.675,4.6324303835746715e-12,-6.913316873973178e-34
translation_759350.9.peg.681,7.163413311776202e-16,1.1258608076443137e-34
transcription_TU_759350.9.peg.681,1.0824335016157898e-15,-3.114780712122984e-34
translation_759350.9.peg.682,1.6231243796475602e-31,-2.842568064342795e-34
transcription_TU_759350.9.peg.682,2.4526355374910335e-31,-1.4062444145428455e-33
translation_759350.9.peg.683,1.8431324285160916e-20,2.5318110999396567e-34
transcription_TU_759350.9.peg.683,2.785080521963629e-20,3.5782991418010945e-34
translation_759350.9.peg.690,5.390361620377692e-30,1.6514202185103828e-34
transcription_TU_759350.9.peg.690,8.145150572463679e-30,-1.375087137124528e-34
translation_759350.9.peg.691,0.0,7.131470332972065e-34
transcription_TU_759350.9.peg.691,0.0,-0.009598198544618308
translation_759350.9.peg.695,-7.582579245966417e-64,3.0536775489156648e-33
transcription_TU_759350.9.peg.695,-1.3266887082053915e-63,-1.9188084605825828e-33
translation_759350.9.peg.696,4.298389304985251e-13,-4.106618069345473e-33
transcription_TU_759350.9.peg.696,6.495116760964029e-13,1.5310313625009094e-34
translation_759350.9.peg.697,3.301032975620586e-12,-6.705086191835454e-34
transcription_TU_759350.9.peg.697,4.988053218814205e-12,1.751584059119597e-34
translation_759350.9.peg.699,3.889940066946574e-14,-2.8930416255091154e-33
transcription_TU_759350.9.peg.699,5.877926156820485e-14,3.085317565628121e-34
translation_759350.9.peg.700,0.0,9.112067509233077e-33
transcription_TU_759350.9.peg.700,0.0,1.0601471461990833e-34
translation_759350.9.peg.707,3.0556073149505824e-13,-4.44911261847392e-33
transcription_TU_759350.9.peg.707,4.617200741506107e-13,-2.603605642989433e-33
translation_759350.9.peg.709,3.4290788374343998e-09,-1.4815955240147276e-33
transcription_TU_759350.9.peg.709,5.181537978855464e-09,1.916788130537221e-33
translation_759350.9.peg.714,0.0,-1.486441518175684e-33
transcription_TU_759350.9.peg.714,0.0,1.612265466408174e-33
translation_759350.9.peg.716,3.0556073149505824e-13,-2.5621505947738626e-34
transcription_TU_759350.9.peg.716,4.617200741506107e-13,-1.221984000874437e-34
translation_759350.9.peg.729,3.5834734785427676e-11,-2.076788748082427e-34
transcription_TU_759350.9.peg.729,5.414837280085097e-11,-5.407013509423314e-34
translation_759350.9.peg.736,6.682470156219249e-12,-8.777108848511575e-34
transcription_TU_759350.9.peg.736,1.0097601877513161e-11,-2.541196385181922e-34
translation_759350.9.peg.737,-3.4410856279108214e-30,-2.524680585804287e-33
transcription_TU_759350.9.peg.737,-5.1996809390518194e-30,-5.81570944151634e-34
translation_759350.9.peg.738,0.0,-1.8062096356223845e-33
transcription_TU_759350.9.peg.738,0.0,-0.018158195893327
translation_759350.9.peg.739,0.0,-6.851647582695088e-34
transcription_TU_759350.9.peg.739,0.0,3.0212352220017942e-34
translation_759350.9.peg.740,0.0,1.9478714044618844e-33
transcription_TU_759350.9.peg.740,-7.667349503218956e-46,5.382916864611444e-34
translation_759350.9.peg.741,5.021792582649146e-08,-1.5637294251705723e-33
transcription_TU_759350.9.peg.741,7.588221275308899e-08,1.2695459373590014e-33
translation_759350.9.peg.742,4.691280699624703e-14,9.546072035352191e-34
transcription_TU_759350.9.peg.742,7.088798556980408e-14,-2.7941585429449585e-34
translation_759350.9.peg.745,1.6653700676172615e-09,7.84031534204352e-34
transcription_TU_759350.9.peg.745,2.5164712342000836e-09,-4.151146890079785e-35
translation_759350.9.peg.746,0.0,4.62962402563505e-34
transcription_TU_759350.9.peg.746,0.0,-1.0802452211295075e-34
translation_759350.9.peg.774,-7.290379075295457e-31,-3.8197716467813916e-34
transcription_TU_759350.9.peg.774,-1.1016187684725185e-30,-3.929647163752334e-33
translation_759350.9.peg.777,3.107264481931154e-30,2.3142784531446152e-36
transcription_TU_759350.9.peg.777,4.69525773152567e-30,4.822275277023483e-34
translation_759350.9.peg.779,-7.565895238533323e-31,-8.669412955254465e-33
transcription_TU_759350.9.peg.779,-1.1432508665164834e-30,-1.4310671154647675e-34
translation_759350.9.peg.780,4.363919117527691e-09,3.5578681907553006e-33
transcription_TU_759350.9.peg.780,6.594136126960868e-09,9.037820187299182e-35
translation_759350.9.peg.781,3.790584699124537e-11,-4.9807754489980916e-33
transcription_TU_759350.9.peg.781,5.7277944053562294e-11,8.248628763329642e-34
translation_759350.9.peg.782,4.406930200005625e-09,4.385231306329702e-34
transcription_TU_759350.9.peg.782,6.659128379381009e-09,-9.739674427016094e-34
translation_759350.9.peg.784,1.1089858771866652e-12,-1.4772857835845432e-33
transcription_TU_759350.9.peg.784,1.6757422949646533e-12,-2.3518325336385102e-33
translation_759350.9.peg.785,4.045616628708283e-44,4.356098887976773e-34
transcription_TU_759350.9.peg.785,1.3009751211181645e-43,-1.0963447261784862e-33
translation_759350.9.peg.788,-8.989583846908158e-32,-1.748974614134271e-33
transcription_TU_759350.9.peg.788,-1.3583785128635703e-31,4.101901345224086e-34
translation_759350.9.peg.790,7.715472851509063e-10,2.8163329531763177e-33
transcription_TU_759350.9.peg.790,1.1658529156137336e-09,4.534693922128982e-34
translation_759350.9.peg.793,2.9296829759476394e-14,4.6380942806634024e-33
transcription_TU_759350.9.peg.793,4.426921726079854e-14,-1.7833305994678117e-33
translation_759350.9.peg.795,1.2584433191009022e-12,-1.30408068693805e-34
transcription_TU_759350.9.peg.795,1.9015812004593477e-12,-1.5026204712380059e-33
translation_759350.9.peg.797,1.2584433191009022e-12,-1.481706998736285e-33
transcription_TU_759350.9.peg.797,1.9015812004593477e-12,1.8589140927794546e-34
translation_759350.9.peg.799,2.2247574223412825e-14,-1.575216970229348e-33
transcription_TU_759350.9.peg.799,3.361738129714981e-14,1.8915129598655563e-33
translation_759350.9.peg.801,0.0,-8.518446294613253e-33
transcription_TU_759350.9.peg.801,0.0,-7.133974796115062e-34
translation_759350.9.peg.802,5.4845420961284616e-11,-5.627571789479357e-34
transcription_TU_759350.9.peg.802,8.287462760402293e-11,-1.0297580151000962e-33
translation_759350.9.peg.804,-8.080943247629463e-42,-1.3643429046616555e-33
transcription_TU_759350.9.peg.804,-1.2210775889606268e-41,4.411264383420146e-34
translation_759350.9.peg.805,5.021792582649146e-08,2.506661027357784e-34
transcription_TU_759350.9.peg.805,7.588221275308899e-08,-4.000253489816809e-34
translation_759350.9.peg.806,0.0,-7.445603419582934e-33
transcription_TU_759350.9.peg.806,0.0,-1.2827412179677722e-33
translation_759350.9.peg.811,-8.253777174390015e-34,-4.938460848371213e-33
transcription_TU_759350.9.peg.811,-1.2471938361764294e-33,8.522741251255061e-34
translation_759350.9.peg.814,-1.1080833767712722e-39,-3.08122824558197e-33
transcription_TU_759350.9.peg.814,-1.6743785642369604e-39,4.616769830221814e-34
translation_759350.9.peg.815,4.1454931047909856e-14,3.158428267109653e-33
transcription_TU_759350.9.peg.815,6.264081691288578e-14,-1.1406657165486156e-33
translation_759350.9.peg.819,5.176027399399457e-14,6.418744414308051e-34
transcription_TU_759350.9.peg.819,7.821279072618536e-14,-6.463267311264148e-34
translation_759350.9.peg.821,-2.1184392530989645e-30,-2.4420021682173212e-33
transcription_TU_759350.9.peg.821,0.0,-0.026836622505287237
translation_759350.9.peg.827,0.0,-3.2905497107498014e-34
transcription_TU_759350.9.peg.827,0.0,-4.423891446203658e-34
translation_759350.9.peg.857,-9.331647535749123e-31,-3.1183962974806696e-33
transcription_TU_759350.9.peg.857,-1.4100663298823786e-30,1.3966373242750563e-33
translation_759350.9.peg.873,0.0,-6.113694247229166e-35
transcription_TU_759350.9.peg.873,0.0,5.266747887003128e-34
translation_759350.9.peg.880,9.77813175570996e-13,-4.405595358640197e-34
transcription_TU_759350.9.peg.880,1.4775326977425633e-12,1.9172932130485613e-33
translation_759350.9.peg.881,1.7806147364912483e-12,-5.336746191574484e-34
transcription_TU_759350.9.peg.881,2.6906126456229725e-12,-2.8249896212413686e-34
translation_759350.9.peg.882,1.4350208129611585e-33,1.018962807864632e-32
transcription_TU_759350.9.peg.882,0.0,-0.05490237155058973
translation_759350.9.peg.886,5.021793324584858e-08,1.6218345191596956e-34
transcription_TU_759350.9.peg.886,7.588222396417001e-08,3.3918395146978908e-34
translation_759350.9.peg.896,2.6908365651556934e-11,-2.7026393266206398e-33
transcription_TU_759350.9.peg.896,4.0660108787930255e-11,6.585013241601849e-34
translation_759350.9.peg.900,-1.4082003814650592e-30,-2.384265915197559e-33
transcription_TU_759350.9.peg.900,-2.1278728499165176e-30,-5.2311816601629005e-34
translation_759350.9.peg.901,-1.5517208421855422e-30,1.9930928536639414e-33
transcription_TU_759350.9.peg.901,-2.344740630804989e-30,-5.660080892709548e-35
translation_759350.9.peg.902,-1.997733572146157e-30,1.049140427694335e-33
transcription_TU_759350.9.peg.902,-3.0186918605390424e-30,-8.681105663664949e-34
translation_759350.9.peg.903,8.120812545815736e-11,6.849691686640907e-34
transcription_TU_759350.9.peg.903,1.2271021058469653e-10,-8.632701922994818e-34
translation_759350.9.peg.910,0.0,1.358546846243645e-34
transcription_TU_759350.9.peg.910,0.0,-0.025366820265360197
translation_759350.9.peg.917,6.67822900952629e-16,-1.988283064427009e-34
transcription_TU_759350.9.peg.917,1.0091193257675215e-15,-1.0688177293104286e-33
translation_759350.9.peg.918,-2.320970519894257e-29,6.981808507669747e-34
transcription_TU_759350.9.peg.918,0.0,-0.04304150146364961
translation_759350.9.peg.919,-3.796097484415195e-33,2.6249215194974365e-33
transcription_TU_759350.9.peg.919,-1.0176311432125518e-33,-1.5597053175718027e-33
translation_759350.9.peg.920,8.091277174041947e-11,6.1795681529194485e-34
transcription_TU_759350.9.peg.920,1.222639139032239e-10,3.4143577766618217e-34
translation_759350.9.peg.921,-8.187037874604247e-44,1.3660012456247924e-33
transcription_TU_759350.9.peg.921,-2.7817565341541166e-44,-1.0866008427305423e-33
translation_759350.9.peg.923,5.021792582649146e-08,-2.827661252037477e-34
transcription_TU_759350.9.peg.923,7.588221275308899e-08,-5.502242607915639e-34
translation_759350.9.peg.924,1.640410293051031e-11,9.948872289511188e-34
transcription_TU_759350.9.peg.924,2.4787555601109582e-11,1.096197410446012e-33
translation_759350.9.peg.928,5.021792953617002e-08,-2.7527538462727964e-34
transcription_TU_759350.9.peg.928,7.58822183586295e-08,-2.341267891109638e-34
translation_759350.9.peg.932,-1.3408968351599055e-30,-2.0691239124399266e-33
transcription_TU_759350.9.peg.932,-2.0261732688264746e-30,-6.534504990467799e-35
translation_759350.9.peg.943,3.0228602634103664e-11,-6.277379758352549e-33
transcription_TU_759350.9.peg.943,4.567718038046854e-11,-4.873520106819905e-33
translation_759350.9.peg.944,3.0228602634103664e-11,-2.8222358870777655e-33
transcription_TU_759350.9.peg.944,4.567718038046854e-11,-3.1348787870534084e-34
translation_759350.9.peg.945,0.0,-5.648425312460983e-33
transcription_TU_759350.9.peg.945,0.0,-2.2914330833240412e-33
translation_759350.9.peg.974,0.0,6.142012832635596e-33
transcription_TU_759350.9.peg.974,0.0,-6.204938651818118e-34
translation_759350.9.peg.975,5.117986138835822e-14,-2.8102609870963528e-33
transcription_TU_759350.9.peg.975,7.733575345113648e-14,1.8751188233516292e-34
translation_759350.9.peg.978,1.1912398331917827e-10,-9.292765301205247e-34
transcription_TU_759350.9.peg.978,1.800032816459488e-10,-8.382791305404463e-34
translation_759350.9.peg.980,9.537261438410625e-11,2.6328763912714337e-34
transcription_TU_759350.9.peg.980,1.441135788944769e-10,-4.7919703263430526e-34
translation_759350.9.peg.981,9.466252371455303e-11,-1.0960258655797574e-33
transcription_TU_759350.9.peg.981,1.4304059050688012e-10,-4.974010481472026e-34
translation_759350.9.peg.982,0.0,-9.83802990981853e-35
transcription_TU_759350.9.peg.982,0.0,-0.0168146934326435
translation_759350.9.peg.983,0.0,3.215688265624304e-33
transcription_TU_759350.9.peg.983,0.0,4.149778958278238e-34
translation_759350.9.peg.984,1.4122171139721318e-10,-1.6000227410036194e-33
transcription_TU_759350.9.peg.984,2.1339423668401567e-10,7.658524029246817e-34
translation_759350.9.peg.990,2.10283535542724e-31,-2.359659382449659e-33
transcription_TU_759350.9.peg.990,3.1775067806777343e-31,1.518214893775644e-33
translation_759350.9.peg.1048,0.0,4.5461908436614445e-33
transcription_TU_759350.9.peg.1048,0.0,1.5230237001856983e-33
translation_759350.9.peg.1051,1.964739597485072e-09,-7.335015932244479e-34
transcription_TU_759350.9.peg.1051,2.968836041852845e-09,6.03363150005513e-35
translation_759350.9.peg.1052,0.0,-1.4946191512123292e-34
transcription_TU_759350.9.peg.1052,0.0,-4.838480007595657e-34
translation_759350.9.peg.1053,0.0,2.125120492743988e-33
transcription_TU_759350.9.peg.1053,0.0,1.0222449127439061e-33
translation_759350.9.peg.1054,1.4397919056260267e-12,-1.6488817815363751e-34
transcription_TU_759350.9.peg.1054,2.175609484158633e-12,-3.625229725146483e-34
translation_759350.9.peg.1062,0.0,-2.0250189376202726e-33
transcription_TU_759350.9.peg.1062,0.0,-0.014672925690515527
translation_759350.9.peg.1067,7.49620632108595e-13,-3.4566629272925995e-33
transcription_TU_759350.9.peg.1067,1.1327204649253363e-12,-2.1668039736507716e-34
translation_759350.9.peg.1069,1.0881007773728553e-30,1.1125345039553665e-33
transcription_TU_759350.9.peg.1069,0.0,-0.0157126020394599
translation_759350.9.peg.1071,0.0,4.292696617919085e-33
transcription_TU_759350.9.peg.1071,0.0,-4.212388144579822e-34
translation_759350.9.peg.1073,1.1967802816562342e-45,4.376662028859312e-34
transcription_TU_759350.9.peg.1073,1.4697141846465518e-45,4.965276763046763e-34
translation_759350.9.peg.1074,1.1612870833456344e-45,-1.7954797588208702e-33
transcription_TU_759350.9.peg.1074,8.579823081862e-46,3.9985698814456735e-34
translation_759350.9.peg.1075,2.465184860604623e-13,-1.7946657539468058e-33
transcription_TU_759350.9.peg.1075,3.725038001657414e-13,5.584318516008471e-34
translation_759350.9.peg.1082,6.965258182724886e-12,2.0982996844449364e-33
transcription_TU_759350.9.peg.1082,1.0524911067173219e-11,-3.087885068394102e-33
translation_759350.9.peg.1084,-1.555815695811155e-53,2.0291740067314194e-33
transcription_TU_759350.9.peg.1084,0.0,5.767410926369405e-35
translation_759350.9.peg.1086,3.189978925466804e-15,-3.1122874505790916e-33
transcription_TU_759350.9.peg.1086,4.820244076517531e-15,1.7199006540852998e-33
translation_759350.9.peg.1088,8.913539367024203e-10,-5.6210152499586476e-33
transcription_TU_759350.9.peg.1088,1.3468877487463937e-09,-6.708758456880273e-34
translation_759350.9.peg.1089,1.4476489878669296e-09,2.458133541562819e-33
transcription_TU_759350.9.peg.1089,2.187481993355502e-09,1.8419727835449083e-34
translation_759350.9.peg.1090,7.667097382846598e-12,-3.2132143218472235e-33
transcription_TU_759350.9.peg.1090,1.1585431003542213e-11,4.298567848077295e-34
translation_759350.9.peg.1092,-1.294108945108789e-31,-1.8841551553278264e-33
transcription_TU_759350.9.peg.1092,0.0,-0.03148694054904245
translation_759350.9.peg.1094,3.671340418890644e-09,1.3918670576089431e-33
transcription_TU_759350.9.peg.1094,5.5476093480609354e-09,-2.277606449576095e-34
translation_759350.9.peg.1096,3.3001278216218408e-12,-1.1734814330203979e-33
transcription_TU_759350.9.peg.1096,4.9866854783674085e-12,-2.9607305461641295e-34
translation_759350.9.peg.1097,3.1237068362299748e-09,1.628715329318596e-33
transcription_TU_759350.9.peg.1097,4.7201030871736845e-09,-3.1691823076152845e-34
translation_759350.9.peg.1100,1.1484142184226302e-30,1.1049811977122891e-33
transcription_TU_759350.9.peg.1100,1.7353208165568487e-30,-1.0932510957965256e-33
translation_759350.9.peg.1119,1.9293756093995902e-11,-1.680159619661165e-33
transcription_TU_759350.9.peg.1119,2.9153989947519345e-11,-1.2363998975522806e-35
translation_759350.9.peg.1124,0.0,-6.081955300228715e-33
transcription_TU_759350.9.peg.1124,0.0,9.999055341694082e-34
translation_759350.9.peg.1125,0.0,-5.713929375472195e-34
transcription_TU_759350.9.peg.1125,0.0,-1.4445359824338477e-34
translation_759350.9.peg.1128,3.339114504763145e-16,-5.422017551940164e-35
transcription_TU_759350.9.peg.1128,5.045596628837607e-16,-9.64181469044387e-34
translation_759350.9.peg.1129,1.3718685828672519e-12,-2.5321788149570897e-33
transcription_TU_759350.9.peg.1129,2.07297338472501e-12,-2.5399336789035703e-34
translation_759350.9.peg.1130,1.997613569363859e-13,9.375299027654251e-34
transcription_TU_759350.9.peg.1130,3.018510529340921e-13,-5.454891122477466e-34
translation_759350.9.peg.1131,2.8498285563851703e-10,2.219339729536212e-33
transcription_TU_759350.9.peg.1131,4.3062570440009867e-10,-4.6783267612914384e-34
translation_759350.9.peg.1132,5.905594025795239e-11,-1.9380989910096528e-33
transcription_TU_759350.9.peg.1132,8.923696766113026e-11,-2.9226389067671997e-34
translation_759350.9.peg.1133,5.021792953617002e-08,-1.5600903098099928e-33
transcription_TU_759350.9.peg.1133,7.58822183586295e-08,2.1581754807487045e-35
translation_759350.9.peg.1134,1.997613569363859e-13,6.644058447135732e-34
transcription_TU_759350.9.peg.1134,3.018510529340921e-13,4.337711742706184e-34
translation_759350.9.peg.1135,0.0,-4.944294094279533e-33
transcription_TU_759350.9.peg.1135,0.0,-0.04273673361107317
translation_759350.9.peg.1137,0.0,8.90803826970116e-34
transcription_TU_759350.9.peg.1137,0.0,-6.347203559179028e-34
translation_759350.9.peg.1138,0.0,-2.437153745546697e-33
transcription_TU_759350.9.peg.1138,0.0,1.9542905070042536e-33
translation_759350.9.peg.1158,5.021792582649146e-08,2.084801481952597e-33
transcription_TU_759350.9.peg.1158,7.588221275308899e-08,-7.355790199012101e-34
translation_759350.9.peg.1161,1.4350208129611585e-33,3.2350943921901655e-33
transcription_TU_759350.9.peg.1161,0.0,-0.018651265442256832
translation_759350.9.peg.1165,5.174747793816148e-12,-4.124525548593988e-33
transcription_TU_759350.9.peg.1165,7.819345514003465e-12,2.240240866289217e-33
translation_759350.9.peg.1167,9.184331785367423e-14,3.17369733289234e-34
transcription_TU_759350.9.peg.1167,1.3878060614055832e-13,1.0067978059387423e-34
translation_759350.9.peg.1197,-1.4558875865973404e-30,-4.728762790739094e-33
transcription_TU_759350.9.peg.1197,0.0,-0.04738534081304701
translation_759350.9.peg.1199,0.0,-7.388793929400312e-34
transcription_TU_759350.9.peg.1199,0.0,-5.297894641869126e-34
translation_759350.9.peg.1203,1.4350208129611585e-33,-4.160703880838691e-33
transcription_TU_759350.9.peg.1203,0.0,-0.055643994212233455
translation_759350.9.peg.1206,0.0,-1.8704499063295135e-33
transcription_TU_759350.9.peg.1206,0.0,-5.164153001887088e-34
translation_759350.9.peg.1208,1.4350208129611585e-33,6.965484019520695e-33
transcription_TU_759350.9.peg.1208,0.0,-0.04720586527243159
translation_759350.9.peg.1209,3.0556073149505824e-13,1.666002901983649e-33
transcription_TU_759350.9.peg.1209,4.617200741506107e-13,7.741231290478824e-34
translation_759350.9.peg.1211,5.981746932934788e-13,-2.5814064024479523e-33
transcription_TU_759350.9.peg.1211,9.038768247187241e-13,4.527854263121246e-35
translation_759350.9.peg.1213,1.7476559233037092e-12,-2.9091825107257742e-33
transcription_TU_759350.9.peg.1213,2.6408099579726033e-12,1.976766678758906e-34
translation_759350.9.peg.1215,0.0,2.8072392472852234e-33
transcription_TU_759350.9.peg.1215,0.0,-1.0244336036263817e-33
translation_759350.9.peg.1218,6.651355356985457e-12,2.831795481360825e-33
transcription_TU_759350.9.peg.1218,1.0050585602420758e-11,1.7674520680175447e-33
translation_759350.9.peg.1225,-3.364486883371524e-33,-1.1416041567758486e-34
transcription_TU_759350.9.peg.1225,-5.0839357716820394e-33,2.8316188292027126e-34
translation_759350.9.peg.1231,3.590054405644533e-30,-8.928552403528538e-34
transcription_TU_759350.9.peg.1231,5.424781444489141e-30,-3.8722992536105475e-35
translation_759350.9.peg.1240,0.0,-4.480398371133449e-34
transcription_TU_759350.9.peg.1240,0.0,-3.168403638743634e-33
translation_759350.9.peg.1243,3.339114504763145e-16,-1.9677665647049428e-33
transcription_TU_759350.9.peg.1243,5.045596628837607e-16,6.469896519225492e-34
translation_759350.9.peg.1244,0.0,-2.4847667030512256e-34
transcription_TU_759350.9.peg.1244,0.0,-5.565377921833202e-34
translation_759350.9.peg.1250,-5.692028754458715e-30,-4.501472799484547e-33
transcription_TU_759350.9.peg.1250,-8.600987193992859e-30,1.055411997655266e-34
translation_759350.9.peg.1253,-8.265442419262692e-32,2.33969890601654e-34
transcription_TU_759350.9.peg.1253,-1.2489565226647262e-31,-7.1802740263212746e-34
translation_759350.9.peg.1254,-1.2588339862880981e-30,-1.8933914181496502e-34
transcription_TU_759350.9.peg.1254,-1.9021715213482845e-30,5.6458754470780954e-34
translation_759350.9.peg.1261,-7.080336694769195e-66,-9.262053439899145e-34
transcription_TU_759350.9.peg.1261,2.3820753943929043e-65,-1.4802705701111884e-33
translation_759350.9.peg.1262,0.0,1.0322774740697744e-33
transcription_TU_759350.9.peg.1262,0.0,-1.4716841674184e-34
translation_759350.9.peg.1263,0.0,-6.506705750901362e-33
transcription_TU_759350.9.peg.1263,0.0,-1.6452010551685028e-33
translation_759350.9.peg.1264,0.0,6.463086072388985e-34
transcription_TU_759350.9.peg.1264,0.0,-1.0332409799178817e-33
translation_759350.9.peg.1266,1.4350208129611585e-33,-6.351621006251037e-34
transcription_TU_759350.9.peg.1266,0.0,-0.014612546667989125
translation_759350.9.peg.1267,1.4350208129611585e-33,-3.2011519686879e-33
transcription_TU_759350.9.peg.1267,0.0,-0.018645465848322305
translation_759350.9.peg.1270,5.021792953617002e-08,1.3230931977097757e-33
transcription_TU_759350.9.peg.1270,7.58822183586295e-08,-2.3469500693622187e-34
translation_759350.9.peg.1271,5.021792953617002e-08,-9.048929879044047e-35
transcription_TU_759350.9.peg.1271,7.58822183586295e-08,1.1217040772687075e-34
translation_759350.9.peg.1272,1.997613569363859e-13,-1.4812741874366454e-33
transcription_TU_759350.9.peg.1272,3.018510529340921e-13,-2.813730490259403e-35
translation_759350.9.peg.1273,4.210120531379059e-14,7.0437860487419185e-34
transcription_TU_759350.9.peg.1273,6.361737499515006e-14,-1.006313768532041e-33
translation_759350.9.peg.1275,4.767991342256542e-09,1.6915389438652872e-33
transcription_TU_759350.9.peg.1275,7.204712808889727e-09,9.280996371404997e-34
translation_759350.9.peg.1285,5.021792582649146e-08,-5.767343504191918e-33
transcription_TU_759350.9.peg.1285,7.588221275308899e-08,2.5262964510973768e-33
translation_759350.9.peg.1296,3.5027067276761186e-12,1.0973665176070249e-33
transcription_TU_759350.9.peg.1296,5.29279401223261e-12,-2.633373943501564e-34
translation_759350.9.peg.1300,7.663887531542623e-08,-2.759016636346253e-35
transcription_TU_759350.9.peg.1300,1.1580580731143554e-07,8.000086077540834e-34
translation_759350.9.peg.1303,1.4350208129611585e-33,-3.2624999014559135e-33
transcription_TU_759350.9.peg.1303,0.0,-0.07497449342691906
translation_759350.9.peg.1304,2.1483784024978525e-13,-1.5620990374125074e-33
transcription_TU_759350.9.peg.1304,3.246324979166774e-13,-8.262308081345114e-34
translation_759350.9.peg.1309,0.0,1.0806464811243393e-33
transcription_TU_759350.9.peg.1309,0.0,-4.748406959739933e-34
translation_759350.9.peg.1313,-5.076459766993829e-31,1.0108244206093878e-34
transcription_TU_759350.9.peg.1313,-7.668035260379984e-31,-1.9772928063748856e-34
translation_759350.9.peg.1314,3.84777510729734e-12,5.09800920112684e-34
transcription_TU_759350.9.peg.1314,5.8142124453087145e-12,-1.5497615056297863e-33
translation_759350.9.peg.1320,0.0,-4.780164844035996e-34
transcription_TU_759350.9.peg.1320,0.0,-0.025190389226173848
translation_759350.9.peg.1323,-2.555366189094761e-30,-5.544096070518496e-33
transcription_TU_759350.9.peg.1323,0.0,-0.04647006451308228
translation_759350.9.peg.1326,1.1878782541064252e-30,-3.205517769965706e-33
transcription_TU_759350.9.peg.1326,1.7949532745400793e-30,2.148284281568286e-34
translation_759350.9.peg.1332,0.0,4.634494892918811e-34
transcription_TU_759350.9.peg.1332,0.0,-1.4554794368462253e-34
translation_759350.9.peg.1334,2.502322248869018e-64,7.1987970835764035e-34
transcription_TU_759350.9.peg.1334,4.0606593638996795e-64,-1.6044261649300765e-34
translation_759350.9.peg.1338,0.0,2.719889272542995e-33
transcription_TU_759350.9.peg.1338,0.0,-0.031366105141935705
translation_759350.9.peg.1339,0.0,-1.2108526768695178
transcription_TU_759350.9.peg.1339,0.0,-0.02409026281667046
translation_759350.9.peg.1341,0.0,-2.107516292562641e-33
transcription_TU_759350.9.peg.1341,0.0,-0.029472834884000706
translation_759350.9.peg.1342,0.0,-3.515425917610896e-33
transcription_TU_759350.9.peg.1342,0.0,-2.793106287712999e-34
translation_759350.9.peg.1343,0.0,-3.5878111668601767e-34
transcription_TU_759350.9.peg.1343,0.0,-0.029594503221877125
translation_759350.9.peg.1344,0.0,8.110717580760756e-34
transcription_TU_759350.9.peg.1344,0.0,-0.01779079545243864
translation_759350.9.peg.1347,0.0,-3.8493967426490925e-33
transcription_TU_759350.9.peg.1347,-4.6589797328587405e-49,4.640445572940901e-34
translation_759350.9.peg.1350,0.0,-1.1199674790461648e-33
transcription_TU_759350.9.peg.1350,0.0,-3.4557114072778255e-34
translation_759350.9.peg.1354,5.529215773308864e-16,3.5138229927979077e-34
transcription_TU_759350.9.peg.1354,8.354967290318139e-16,-4.8620505247915475e-34
translation_759350.9.peg.1355,-8.37488721978688e-32,1.1247193963732847e-34
transcription_TU_759350.9.peg.1355,-1.4583843745335087e-31,3.0113440228213763e-34
translation_759350.9.peg.1357,3.339114504763145e-16,3.8169076112429393e-34
transcription_TU_759350.9.peg.1357,5.045596628837607e-16,-1.1285437362764435e-34
translation_759350.9.peg.1368,0.0,2.7448254361636997e-34
transcription_TU_759350.9.peg.1368,0.0,-9.010040649175454e-34
translation_759350.9.peg.1370,0.0,-3.89114054478786e-34
transcription_TU_759350.9.peg.1370,0.0,1.3635123295729747e-33
translation_759350.9.peg.1371,1.4583226443466896e-31,3.5487788987067706e-34
transcription_TU_759350.9.peg.1371,2.2036105103844407e-31,1.0000633724542023e-34
translation_759350.9.peg.1373,0.0,-4.038434595972765e-34
transcription_TU_759350.9.peg.1373,0.0,-4.101585668654498e-34
translation_759350.9.peg.1374,0.0,-1.0554674822700927e-34
transcription_TU_759350.9.peg.1374,0.0,-1.7334431789206173e-33
translation_759350.9.peg.1375,0.0,-6.183780876145087e-34
transcription_TU_759350.9.peg.1375,0.0,-1.3709833417198864e-33
translation_759350.9.peg.1382,1.4350208129611585e-33,-9.061042978923037e-34
transcription_TU_759350.9.peg.1382,0.0,-0.07250494690717739
translation_759350.9.peg.1384,1.0017343514289436e-15,4.156679422694313e-33
transcription_TU_759350.9.peg.1384,1.5136789886512825e-15,-1.5733320228256768e-34
translation_759350.9.peg.1390,0.0,5.895643949396415e-33
transcription_TU_759350.9.peg.1390,0.0,-0.02537590690441344
translation_759350.9.peg.1391,4.825200861121686e-12,-5.4491525151372366e-33
transcription_TU_759350.9.peg.1391,7.291159726212159e-12,8.732876621077352e-34
translation_759350.9.peg.1393,0.0,-2.675749173561412e-33
transcription_TU_759350.9.peg.1393,0.0,-0.019258788580552227
translation_759350.9.peg.1394,0.0,3.619028571660553e-33
transcription_TU_759350.9.peg.1394,4.617327863307819e-65,-3.841868032302282e-33
translation_759350.9.peg.1410,0.0,1.0699028897002638e-33
transcription_TU_759350.9.peg.1410,0.0,2.788055462599594e-34
translation_759350.9.peg.1414,2.611656207908648e-12,-4.679337737436784e-34
transcription_TU_759350.9.peg.1414,3.946364744158841e-12,-1.3138669277291308e-33
translation_759350.9.peg.1415,3.163618187486953e-12,-5.419991503210482e-34
transcription_TU_759350.9.peg.1415,4.780411465058691e-12,-1.4024457731554721e-34
translation_759350.9.peg.1425,-1.5784093519109322e-32,1.8986899210731157e-33
transcription_TU_759350.9.peg.1425,-2.3850685244747148e-32,-7.689881235159206e-34
translation_759350.9.peg.1426,0.0,-2.8302941959692417e-34
transcription_TU_759350.9.peg.1426,0.0,-1.6320478647690105e-34
translation_759350.9.peg.1432,7.704253584470923e-30,4.5517292659291045e-34
transcription_TU_759350.9.peg.1432,1.1641576189755107e-29,-2.5001584311355057e-34
translation_759350.9.peg.1435,0.0,-7.236246168460644e-33
transcription_TU_759350.9.peg.1435,0.0,-0.03699254052541274
translation_759350.9.peg.1436,-6.131768993873493e-34,-2.341788820873296e-33
transcription_TU_759350.9.peg.1436,-9.265460324935349e-34,-8.059222821576952e-34
translation_759350.9.peg.1437,0.0,-7.414800487198939e-33
transcription_TU_759350.9.peg.1437,0.0,1.7839935202639462e-34
translation_759350.9.peg.1440,3.313908848788763e-12,-2.596037435293263e-34
transcription_TU_759350.9.peg.1440,5.007509413610167e-12,-7.707769574102515e-34
translation_759350.9.peg.1443,3.135724665126199e-14,-3.968495140175809e-33
transcription_TU_759350.9.peg.1443,4.738262727065709e-14,1.578866885345783e-33
translation_759350.9.peg.1445,5.021792582649146e-08,3.1457024339757136e-33
transcription_TU_759350.9.peg.1445,7.588221275308899e-08,1.1477368717073827e-33
translation_759350.9.peg.1447,1.5429310364610507e-10,2.284530361648656e-33
transcription_TU_759350.9.peg.1447,2.3314587220629053e-10,4.125156185850388e-34
translation_759350.9.peg.1449,3.5350000687514765e-11,-1.0746921777544337e-32
transcription_TU_759350.9.peg.1449,5.341591132736055e-11,-7.054845202671716e-34
translation_759350.9.peg.1450,3.5350000687514765e-11,-5.244421044587497e-33
transcription_TU_759350.9.peg.1450,5.341591132736055e-11,4.693479236631653e-34
translation_759350.9.peg.1451,3.709678560966168e-15,1.5927057821472468e-33
transcription_TU_759350.9.peg.1451,5.605540515182106e-15,-1.73285391599072e-34
translation_759350.9.peg.1459,0.0,-9.228049361478224e-34
transcription_TU_759350.9.peg.1459,0.0,-0.018469658060743313
translation_759350.9.peg.1469,1.4350208129611585e-33,5.777149353674564e-33
transcription_TU_759350.9.peg.1469,0.0,-0.05631950933992575
translation_759350.9.peg.1474,0.0,1.2877476693843823e-33
transcription_TU_759350.9.peg.1474,0.0,-6.549026112668838e-34
translation_759350.9.peg.1476,9.12821354721872e-14,2.00585397902311e-33
transcription_TU_759350.9.peg.1476,1.3793262685498577e-13,8.015133327357853e-34
translation_759350.9.peg.1483,-9.107236697313182e-31,3.2620461472610505e-33
transcription_TU_759350.9.peg.1483,-1.3761565442706802e-30,-8.645749887871115e-34
translation_759350.9.peg.1494,-9.522749189348637e-30,-1.308364958353701e-32
transcription_TU_759350.9.peg.1494,-1.4389429035303986e-29,-3.617211540278952e-33
translation_759350.9.peg.1502,8.062678385607494e-12,2.5496131344325166e-33
transcription_TU_759350.9.peg.1502,1.2183176954187339e-11,2.363628314788775e-33
translation_759350.9.peg.1503,2.6814553899996505e-12,1.5276334950851825e-33
transcription_TU_759350.9.peg.1503,4.051835376373343e-12,3.7205640491620033e-34
translation_759350.9.peg.1505,5.823558691496158e-11,1.391338257503571e-33
transcription_TU_759350.9.peg.1505,8.799736594757845e-11,-2.1432545015595202e-33
translation_759350.9.peg.1510,0.0,-3.4840638024357097e-34
transcription_TU_759350.9.peg.1510,0.0,-1.4638974787019004e-33
translation_759350.9.peg.1523,2.256139622076913e-14,-1.8499300186551863e-33
transcription_TU_759350.9.peg.1523,3.4091584625504487e-14,-2.5510875843623398e-33
translation_759350.9.peg.1529,8.645296008898661e-31,-1.951390395903107e-33
transcription_TU_759350.9.peg.1529,1.3063546139426707e-30,-5.401857458786714e-34
translation_759350.9.peg.1538,3.1144730922708554e-12,-1.023387433493038e-33
transcription_TU_759350.9.peg.1538,4.706150361885221e-12,-5.939770333364352e-34
translation_759350.9.peg.1543,0.0,8.95689347194025e-34
transcription_TU_759350.9.peg.1543,0.0,-0.01828308972785991
translation_759350.9.peg.1547,0.0,-3.3144861042261336e-34
transcription_TU_759350.9.peg.1547,0.0,4.574153493327459e-35
translation_759350.9.peg.1548,1.4350208129611585e-33,-6.813306876880834e-33
transcription_TU_759350.9.peg.1548,0.0,-0.046652146227979197
translation_759350.9.peg.1550,2.0347103549735207e-13,-6.244282889702514e-34
transcription_TU_759350.9.peg.1550,3.074565934492742e-13,-5.238757897833009e-34
translation_759350.9.peg.1551,4.45668418116051e-12,2.9226398766221354e-33
transcription_TU_759350.9.peg.1551,6.734309544695418e-12,-6.4507454740038315e-34
translation_759350.9.peg.1552,7.663887531542623e-08,4.5677980678574984e-34
transcription_TU_759350.9.peg.1552,1.1580580731143554e-07,1.239135761155375e-34
translation_759350.9.peg.1553,2.0585098602901947e-13,-2.1167591450686505e-33
transcription_TU_759350.9.peg.1553,3.1105283741223257e-13,2.4622772427849677e-33
translation_759350.9.peg.1564,3.110590382365739e-12,3.8044030037977966e-34
transcription_TU_759350.9.peg.1564,4.7002833609243184e-12,1.0376499293397915e-33
translation_759350.9.peg.1568,0.0,-4.277823241002741e-34
transcription_TU_759350.9.peg.1568,0.0,-0.012290584269344998
translation_759350.9.peg.1571,0.0,1.0343181036329957e-33
transcription_TU_759350.9.peg.1571,0.0,-1.5046092336264091e-33
translation_759350.9.peg.1572,2.0359176196206454e-31,6.510956302441187e-34
transcription_TU_759350.9.peg.1572,3.076390181737021e-31,-6.824927434488589e-35
translation_759350.9.peg.1573,2.0359176196206454e-31,1.5552392613269613e-33
transcription_TU_759350.9.peg.1573,3.076390181737021e-31,-1.0192249402281826e-33
translation_759350.9.peg.1574,1.1143154316933826e-30,-4.280948735985393e-33
transcription_TU_759350.9.peg.1574,1.6837955624443822e-30,1.6771896142200684e-34
translation_759350.9.peg.1587,-7.553010485592487e-30,1.032351905718307e-33
transcription_TU_759350.9.peg.1587,-1.1413039052514847e-29,-2.2789322911683637e-33
translation_759350.9.peg.1588,7.632105419578224e-30,-1.89469603852448e-33
transcription_TU_759350.9.peg.1588,0.0,-0.01663190222610947
translation_759350.9.peg.1594,-9.711975440193092e-31,-1.1368212288005843e-32
transcription_TU_759350.9.peg.1594,-1.4675360928920237e-30,3.5005374801592957e-34
translation_759350.9.peg.1599,6.130590663210331e-13,-2.8184844555470828e-33
transcription_TU_759350.9.peg.1599,9.263679798627182e-13,-3.35791480601952e-33
translation_759350.9.peg.1605,0.0,3.230901792782608e-33
transcription_TU_759350.9.peg.1605,0.0,-1.7851194333621426e-33
translation_759350.9.peg.1611,9.205885319015183e-11,4.252720082979817e-33
transcription_TU_759350.9.peg.1611,1.391062925959271e-10,-1.654061044221601e-33
translation_759350.9.peg.1612,0.0,7.797691920035561e-34
transcription_TU_759350.9.peg.1612,0.0,-1.1768001612141009e-33
translation_759350.9.peg.1618,-1.4502839795955904e-32,-1.6385443584246563e-33
transcription_TU_759350.9.peg.1618,-2.1914636194315712e-32,-1.0967866733759092e-33
translation_759350.9.peg.1619,0.0,1.75692039361656e-33
transcription_TU_759350.9.peg.1619,0.0,4.723678961788888e-34
translation_759350.9.peg.1620,9.44029837547994e-15,-1.1322793210332309e-33
transcription_TU_759350.9.peg.1620,1.426484105010392e-14,-3.7871718053450327e-34
translation_759350.9.peg.1624,-1.8787805966942522e-30,-1.8778358004312255e-35
transcription_TU_759350.9.peg.1624,0.0,-0.014188948520778618
translation_759350.9.peg.1625,5.4190963637521314e-12,-2.678823482613919e-33
transcription_TU_759350.9.peg.1625,8.188570444436853e-12,2.1917213775435696e-33
translation_759350.9.peg.1630,6.184625540403783e-13,1.2856324537071533e-33
transcription_TU_759350.9.peg.1630,9.345329647357443e-13,-7.466382223891033e-34
translation_759350.9.peg.1631,0.0,1.5538950393949925e-33
transcription_TU_759350.9.peg.1631,0.0,8.676896642737113e-34
translation_759350.9.peg.1632,0.0,-1.8283225422186628e-33
transcription_TU_759350.9.peg.1632,0.0,-5.8226543260472725e-34
translation_759350.9.peg.1636,5.243172931148245e-15,-2.0967588033537618e-33
transcription_TU_759350.9.peg.1636,7.922739884504416e-15,8.890504454824867e-34
translation_759350.9.peg.1637,5.021792953617002e-08,-8.596983603714567e-35
transcription_TU_759350.9.peg.1637,7.58822183586295e-08,1.8760658530603926e-34
translation_759350.9.peg.1639,3.56473076210894e-10,-2.460167386582907e-33
transcription_TU_759350.9.peg.1639,5.386515943180093e-10,2.169666107881701e-33
translation_759350.9.peg.1644,0.0,-5.602428967097093e-33
transcription_TU_759350.9.peg.1644,0.0,-1.4189661802972346e-33
translation_759350.9.peg.1645,0.0,-3.554669461509778e-33
transcription_TU_759350.9.peg.1645,0.0,1.803144565485607e-33
translation_759350.9.peg.1648,0.0,-2.1572602957952392e-33
transcription_TU_759350.9.peg.1648,0.0,-0.012900574481285943
translation_759350.9.peg.1655,1.3941327503787939e-30,2.9917396956226557e-33
transcription_TU_759350.9.peg.1655,2.106615839447622e-30,-5.72374233424309e-34
translation_759350.9.peg.1656,0.0,-4.620551382403897e-33
transcription_TU_759350.9.peg.1656,0.0,-6.195678805776875e-35
translation_759350.9.peg.1657,-7.802719765305013e-31,-3.542556012204884e-33
transcription_TU_759350.9.peg.1657,-1.179036432785648e-30,5.8862105420576195e-34
translation_759350.9.peg.1660,5.176869879069754e-10,-4.526419334831909e-33
transcription_TU_759350.9.peg.1660,7.822552108502225e-10,2.7313283830446633e-33
translation_759350.9.peg.1667,0.0,-5.717111907906093e-34
transcription_TU_759350.9.peg.1667,0.0,-0.01736395443606407
translation_759350.9.peg.1671,0.0,1.3030348116474626e-33
transcription_TU_759350.9.peg.1671,0.0,1.2654737096113186e-33
translation_759350.9.peg.1672,0.0,-2.9656740473680744e-33
transcription_TU_759350.9.peg.1672,0.0,-0.03166941087155754
translation_759350.9.peg.1673,0.0,-4.68553234938117e-33
transcription_TU_759350.9.peg.1673,0.0,-0.023604540073659603
translation_759350.9.peg.1681,7.738368012916267e-14,-1.7960349064572325e-34
transcription_TU_759350.9.peg.1681,1.1693125079412234e-13,-1.4896777318849054e-34
translation_759350.9.peg.1682,1.3234034328469679e-13,-1.5206473224902885e-33
transcription_TU_759350.9.peg.1682,1.999739718371361e-13,6.386663130377504e-34
translation_759350.9.peg.1683,2.5021709094768976e-13,1.3791020425321192e-34
transcription_TU_759350.9.peg.1683,3.780926077145023e-13,5.257698492008277e-34
translation_759350.9.peg.1685,1.9022669752612518e-12,1.6581579326653294e-33
transcription_TU_759350.9.peg.1685,2.8744362686083175e-12,7.4159791982801776e-34
translation_759350.9.peg.1686,3.709678560966168e-15,6.6183242070710504e-34
transcription_TU_759350.9.peg.1686,5.605540515182106e-15,4.305828409177815e-34
translation_759350.9.peg.1694,0.0,-1.063196684020006e-33
transcription_TU_759350.9.peg.1694,0.0,-0.023479786863888193
translation_759350.9.peg.1696,8.831894745487653e-30,-5.711311280734934e-34
transcription_TU_759350.9.peg.1696,1.3345507705864683e-29,-5.930931389415893e-34
translation_759350.9.peg.1711,6.756745066476971e-13,-9.14178631965943e-34
transcription_TU_759350.9.peg.1711,1.020983559584447e-12,3.1553977640766164e-34
translation_759350.9.peg.1712,5.100121100032654e-13,-4.4098838509892645e-34
transcription_TU_759350.9.peg.1712,7.70658023026187e-13,-9.201656326915259e-34
translation_759350.9.peg.1718,0.0,-2.9709538006347164e-33
transcription_TU_759350.9.peg.1718,0.0,-2.0312419321174435e-33
translation_759350.9.peg.1722,0.0,2.0770836520966924e-33
transcription_TU_759350.9.peg.1722,0.0,-0.015103205587031293
translation_759350.9.peg.1723,6.843589850395582e-14,-3.4580480691723384e-33
transcription_TU_759350.9.peg.1723,1.0341063125881796e-13,2.0345039233365178e-33
translation_759350.9.peg.1724,4.971960390590559e-12,1.6527301262316378e-33
transcription_TU_759350.9.peg.1724,7.512921928760665e-12,8.59197964551799e-34
translation_759350.9.peg.1733,0.0,-3.2444316827911326e-33
transcription_TU_759350.9.peg.1733,0.0,9.348656382819985e-34
translation_759350.9.peg.1752,6.869238941382082e-12,-1.3638782561253835e-33
transcription_TU_759350.9.peg.1752,1.0379820397257074e-11,2.2678204759188727e-34
translation_759350.9.peg.1756,0.0,-8.537449367999343e-33
transcription_TU_759350.9.peg.1756,0.0,4.027927802417341e-33
translation_759350.9.peg.1757,-7.44128468180668e-31,-2.5872745785406745e-33
transcription_TU_759350.9.peg.1757,-1.1244214851328663e-30,-8.081320181448098e-34
translation_759350.9.peg.1758,3.4404784643602245e-31,1.7874526067127718e-33
transcription_TU_759350.9.peg.1758,-2.5055010043863183e-43,-1.7327907806768023e-33
translation_759350.9.peg.1761,0.0,-2.425231750024051e-33
transcription_TU_759350.9.peg.1761,0.0,-0.03295540807948831
translation_759350.9.peg.1764,2.254595321262532e-09,-1.3661267678505438e-33
transcription_TU_759350.9.peg.1764,3.406824934014114e-09,1.0585266731418657e-33
translation_759350.9.peg.1767,5.957421983948063e-14,-1.6550890529803418e-33
transcription_TU_759350.9.peg.1767,9.002011831548007e-14,7.3413743023342575e-34
translation_759350.9.peg.1768,-9.58530906525466e-31,-6.0900711377364736e-33
transcription_TU_759350.9.peg.1768,0.0,-0.023722407875439507
translation_759350.9.peg.1769,3.339114504763145e-16,1.335935081859731e-34
transcription_TU_759350.9.peg.1769,5.045596628837607e-16,-4.935603165505509e-34
translation_759350.9.peg.1770,3.995227138727723e-13,-5.741971798164344e-33
transcription_TU_759350.9.peg.1770,6.037021058681849e-13,2.143443907501273e-34
translation_759350.9.peg.1771,6.111214629901165e-13,8.428804713140897e-34
transcription_TU_759350.9.peg.1771,9.234401483012215e-13,-4.3174032167293683e-35
translation_759350.9.peg.1774,0.0,-5.220407848503329e-34
transcription_TU_759350.9.peg.1774,0.0,-0.03197597685704178
translation_759350.9.peg.1778,-9.58530906525466e-31,2.9213592540809403e-33
transcription_TU_759350.9.peg.1778,0.0,-0.018584134717647714
translation_759350.9.peg.1779,5.021792953617002e-08,3.4214168005296178e-34
transcription_TU_759350.9.peg.1779,7.58822183586295e-08,-1.42349087779466e-34
translation_759350.9.peg.1780,7.663918087615772e-08,-1.643719224884828e-33
transcription_TU_759350.9.peg.1780,1.1580626903150969e-07,1.1832610083383316e-33
translation_759350.9.peg.1781,5.021792953617002e-08,-9.404098800306295e-34
transcription_TU_759350.9.peg.1781,7.58822183586295e-08,1.1932574330419458e-34
translation_759350.9.peg.1782,5.021792953617002e-08,7.921717301846947e-34
transcription_TU_759350.9.peg.1782,7.58822183586295e-08,-2.3802013346921353e-34
translation_759350.9.peg.1783,5.021792953617002e-08,1.4951956341192665e-34
transcription_TU_759350.9.peg.1783,7.58822183586295e-08,-1.1527456066115094e-34
translation_759350.9.peg.1784,1.997613569363859e-13,-2.7209303109038764e-34
transcription_TU_759350.9.peg.1784,3.018510529340921e-13,2.4944762528829248e-34
translation_759350.9.peg.1785,3.2161420309177555e-10,-1.794091525271068e-33
transcription_TU_759350.9.peg.1785,4.859778053706674e-10,5.601680727335801e-34
translation_759350.9.peg.1787,5.021792953617002e-08,3.561342560489183e-35
transcription_TU_759350.9.peg.1787,7.58822183586295e-08,-5.059979733923108e-34
translation_759350.9.peg.1788,5.021792953617002e-08,-5.4366702496201685e-34
transcription_TU_759350.9.peg.1788,7.58822183586295e-08,1.4411687656915777e-34
translation_759350.9.peg.1789,5.021792953617002e-08,5.41621361865849e-34
transcription_TU_759350.9.peg.1789,7.58822183586295e-08,4.225015207363334e-34
translation_759350.9.peg.1790,5.021792953617002e-08,-6.661918946603806e-34
transcription_TU_759350.9.peg.1790,7.58822183586295e-08,5.303366369075315e-35
translation_759350.9.peg.1791,5.021792953617002e-08,2.4619662369718373e-33
transcription_TU_759350.9.peg.1791,7.58822183586295e-08,-5.063978303804554e-34
translation_759350.9.peg.1792,5.021792953617002e-08,2.914162254873314e-34
transcription_TU_759350.9.peg.1792,7.58822183586295e-08,2.4833223474241552e-36
translation_759350.9.peg.1793,5.021792953617002e-08,7.800190915629413e-34
transcription_TU_759350.9.peg.1793,7.58822183586295e-08,-2.317066020774572e-34
translation_759350.9.peg.1794,5.021792953617002e-08,1.2414566641521242e-34
transcription_TU_759350.9.peg.1794,7.58822183586295e-08,-1.2721765754388999e-34
translation_759350.9.peg.1795,5.021792953617002e-08,-6.523017243761859e-34
transcription_TU_759350.9.peg.1795,7.58822183586295e-08,3.2606232872725553e-34
translation_759350.9.peg.1796,5.021792953617002e-08,-5.116833208911326e-34
transcription_TU_759350.9.peg.1796,7.58822183586295e-08,-1.2728079285780756e-34
translation_759350.9.peg.1797,5.021792953617002e-08,-4.471882058260432e-35
transcription_TU_759350.9.peg.1797,7.58822183586295e-08,-3.22474138386274e-34
translation_759350.9.peg.1798,5.021792953617002e-08,-1.5942500446820673e-34
transcription_TU_759350.9.peg.1798,7.58822183586295e-08,-5.752679353121974e-35
translation_759350.9.peg.1799,5.021792953617002e-08,4.706051901964276e-34
transcription_TU_759350.9.peg.1799,7.58822183586295e-08,-2.4349186067540235e-34
translation_759350.9.peg.1800,5.021792953617002e-08,2.216618562429522e-33
transcription_TU_759350.9.peg.1800,7.58822183586295e-08,-2.327588573094166e-34
translation_759350.9.peg.1801,5.021792953617002e-08,-4.793035930741969e-34
transcription_TU_759350.9.peg.1801,7.58822183586295e-08,-2.2539307068570087e-35
translation_759350.9.peg.1802,5.021792953617002e-08,-1.7892910091244433e-34
transcription_TU_759350.9.peg.1802,7.58822183586295e-08,-7.492057251550841e-35
translation_759350.9.peg.1803,5.021792953617002e-08,1.1088670862784072e-34
transcription_TU_759350.9.peg.1803,7.58822183586295e-08,1.1454008650924328e-33
translation_759350.9.peg.1804,5.021792953617002e-08,4.634494892918811e-34
transcription_TU_759350.9.peg.1804,7.58822183586295e-08,-5.847171872951926e-34
translation_759350.9.peg.1805,5.021793324584858e-08,-5.000794572122912e-34
transcription_TU_759350.9.peg.1805,7.588222396417001e-08,-3.3343863790329084e-34
translation_759350.9.peg.1806,5.021793324584858e-08,1.4322976198442407e-33
transcription_TU_759350.9.peg.1806,7.588222396417001e-08,-1.909422343913505e-34
translation_759350.9.peg.1807,5.021793324584858e-08,-5.799010264159303e-35
transcription_TU_759350.9.peg.1807,7.588222396417001e-08,-1.7012862590319382e-34
translation_759350.9.peg.1808,0.0,5.141361144693069e-34
transcription_TU_759350.9.peg.1808,0.0,-0.015651700554522318
translation_759350.9.peg.1810,4.423023007246415e-39,1.7131791956023256e-33
transcription_TU_759350.9.peg.1810,6.683125274689145e-39,-2.570933118037094e-33
translation_759350.9.peg.1813,5.021792953617002e-08,1.3930131631232076e-33
transcription_TU_759350.9.peg.1813,7.58822183586295e-08,-4.137888474157097e-34
translation_759350.9.peg.1814,5.021793324584858e-08,-5.191473141233095e-34
transcription_TU_759350.9.peg.1814,7.588222396417001e-08,-5.936824018714866e-34
translation_759350.9.peg.1815,1.4537378359055245e-29,-2.8047118004182894e-33
transcription_TU_759350.9.peg.1815,0.0,-0.04414283421986212
translation_759350.9.peg.1823,-1.2619257999287087e-32,-1.3916537086434567e-33
transcription_TU_759350.9.peg.1823,-1.9068434319580602e-32,7.166173806213019e-34
translation_759350.9.peg.1826,0.0,-1.4020141480770594e-33
transcription_TU_759350.9.peg.1826,0.0,-0.024945907089025658
translation_759350.9.peg.1827,5.021792953617002e-08,7.149060365156525e-34
transcription_TU_759350.9.peg.1827,7.58822183586295e-08,7.441549000416791e-35
translation_759350.9.peg.1830,1.1280698110384566e-14,-9.124466285700664e-35
transcription_TU_759350.9.peg.1830,1.7045792312752243e-14,-1.648252595341185e-34
translation_759350.9.peg.1832,5.021792582649146e-08,-5.219015707768191e-34
transcription_TU_759350.9.peg.1832,7.588221275308899e-08,8.248628763329642e-34
translation_759350.9.peg.1833,0.0,1.1955702358705275e-33
transcription_TU_759350.9.peg.1833,0.0,-6.504200039787368e-34
translation_759350.9.peg.1839,1.0043585536266149e-07,-1.2914192203838434e-34
transcription_TU_759350.9.peg.1839,1.517644311117185e-07,4.17355992652052e-34
translation_759350.9.peg.1840,5.021792953617002e-08,-4.150607129175731e-34
transcription_TU_759350.9.peg.1840,7.58822183586295e-08,-5.555907624745568e-35
translation_759350.9.peg.1842,7.117856708864571e-13,2.3872146063656614e-33
transcription_TU_759350.9.peg.1842,1.0755496334002994e-12,6.390556474735754e-34
translation_759350.9.peg.1843,9.276938310605674e-13,4.607896149425867e-33
transcription_TU_759350.9.peg.1843,1.4017994471036166e-12,-4.1305647777426595e-33
translation_759350.9.peg.1844,5.021792953617002e-08,-7.7987344929739e-34
transcription_TU_759350.9.peg.1844,7.58822183586295e-08,9.886990159490408e-35
translation_759350.9.peg.1858,1.0531343405479194e-11,-6.537164327755505e-34
transcription_TU_759350.9.peg.1858,1.5913473679329896e-11,-4.041922797002401e-34
translation_759350.9.peg.1859,6.8170861902423814e-12,4.2411956938723394e-33
transcription_TU_759350.9.peg.1859,1.0301014550689155e-11,-2.944883582370821e-33
translation_759350.9.peg.1860,0.0,-4.709240925891608e-34
transcription_TU_759350.9.peg.1860,0.0,-4.0890638313941813e-35
translation_759350.9.peg.1861,6.8170861902423814e-12,-6.4181793801610446e-34
transcription_TU_759350.9.peg.1861,1.0301014550689155e-11,-3.422565367471105e-34
translation_759350.9.peg.1868,5.021792953617002e-08,-9.521826382029502e-34
transcription_TU_759350.9.peg.1868,7.58822183586295e-08,1.350211823441008e-33
translation_759350.9.peg.1869,5.021792582649146e-08,-6.42617221433112e-34
transcription_TU_759350.9.peg.1869,7.588221275308899e-08,2.4485979247694955e-34
translation_759350.9.peg.1870,3.0556073149505824e-13,-2.2023289947427003e-33
transcription_TU_759350.9.peg.1870,4.617200741506107e-13,5.486774456005836e-34
translation_759350.9.peg.1872,0.0,-2.1590131538814323e-33
transcription_TU_759350.9.peg.1872,0.0,0.0
translation_759350.9.peg.1873,3.686006902611945e-12,1.2305276345117242e-33
transcription_TU_759350.9.peg.1873,5.569771259764035e-12,3.630280550259888e-34
translation_759350.9.peg.1875,5.021792953617002e-08,8.02521014541079e-34
transcription_TU_759350.9.peg.1875,7.58822183586295e-08,-2.7700618981330884e-34
translation_759350.9.peg.1876,5.021792953617002e-08,8.163332373124435e-34
transcription_TU_759350.9.peg.1876,7.58822183586295e-08,-4.607615209703767e-34
translation_759350.9.peg.1877,4.0069374057157785e-15,-4.868104684131678e-33
transcription_TU_759350.9.peg.1877,6.054715954605136e-15,9.991373878500779e-34
translation_759350.9.peg.1878,-1.7743871212831358e-32,-3.154553965655946e-33
transcription_TU_759350.9.peg.1878,-2.6812023560821593e-32,8.655430636005141e-34
translation_759350.9.peg.1890,4.882756431421568e-64,-1.3860674340740807e-33
transcription_TU_759350.9.peg.1890,-1.6751442966256027e-63,1.4432469697746975e-33
translation_759350.9.peg.1891,-1.434309801826115e-32,-1.1641544651346734e-33
transcription_TU_759350.9.peg.1891,-2.167325705805924e-32,4.330188117797675e-34
translation_759350.9.peg.1893,-1.4808768853105025e-32,-2.213062765833287e-33
transcription_TU_759350.9.peg.1893,-2.2376912829996573e-32,-3.1668673461049735e-34
translation_759350.9.peg.1894,3.204143279952925e-12,-5.8688478248662825e-33
transcription_TU_759350.9.peg.1894,4.841647241680896e-12,1.0508241648439231e-33
translation_759350.9.peg.1896,0.0,6.797892414072914e-34
transcription_TU_759350.9.peg.1896,0.0,2.3016610041786865e-33
translation_759350.9.peg.1897,0.0,-7.646679680509312e-34
transcription_TU_759350.9.peg.1897,0.0,-0.027027367123123584
translation_759350.9.peg.1899,8.435476477389558e-11,1.2720376776538595e-33
transcription_TU_759350.9.peg.1899,1.274649659849708e-10,-8.500538665860719e-34
translation_759350.9.peg.1900,0.0,-8.806191447787176e-34
transcription_TU_759350.9.peg.1900,0.0,-0.014123804924539837
translation_759350.9.peg.1901,0.0,1.812519237372328e-33
transcription_TU_759350.9.peg.1901,0.0,-0.028619142912492866
translation_759350.9.peg.1910,0.0,-4.0595043141860945e-34
transcription_TU_759350.9.peg.1910,0.0,2.615906506651038e-35
translation_759350.9.peg.1912,-3.7062670921285204e-30,-2.450900764330265e-33
transcription_TU_759350.9.peg.1912,0.0,-0.022620973549584117
translation_759350.9.peg.1915,0.0,2.0373406152611422e-33
transcription_TU_759350.9.peg.1915,0.0,5.382916864611444e-34
translation_759350.9.peg.1923,0.0,-1.9060231784471024e-34
transcription_TU_759350.9.peg.1923,0.0,-0.024032494478298725
translation_759350.9.peg.1924,3.642740570564258e-47,6.209787603848641e-35
transcription_TU_759350.9.peg.1924,1.4150663866581123e-46,2.160490442259015e-34
translation_759350.9.peg.1941,0.0,-3.078025962485354e-33
transcription_TU_759350.9.peg.1941,0.0,-1.0932510957965256e-33
translation_759350.9.peg.1944,0.0,-1.8288596187919484e-33
transcription_TU_759350.9.peg.1944,0.0,5.386704983446498e-34
translation_759350.9.peg.1945,3.7499083816683554e-13,2.0243657736204475e-33
transcription_TU_759350.9.peg.1945,5.666330118960039e-13,-3.458552496404116e-34
translation_759350.9.peg.1964,0.0,-5.304142274875965e-33
transcription_TU_759350.9.peg.1964,0.0,-0.048121402809076765
translation_759350.9.peg.1973,0.0,-1.0322150514682355e-32
transcription_TU_759350.9.peg.1973,0.0,1.665046588843257e-33
translation_759350.9.peg.1989,0.0,3.542390247982075e-33
transcription_TU_759350.9.peg.1989,0.0,-3.197782604819941e-33
translation_759350.9.peg.1992,0.0,-1.64865001899689e-33
transcription_TU_759350.9.peg.1992,0.0,-1.115053824202724e-33
translation_759350.9.peg.1993,-2.2694658591490356e-30,-5.517909855407187e-33
transcription_TU_759350.9.peg.1993,-3.4292951834536336e-30,-7.567293500635937e-34
translation_759350.9.peg.1994,-2.3166205715826127e-30,5.927706762118206e-35
transcription_TU_759350.9.peg.1994,-3.5005487022381116e-30,2.504367452063343e-35
translation_759350.9.peg.2000,3.4138340423833097e-12,-1.0359143877739366e-33
transcription_TU_759350.9.peg.2000,5.158502205027589e-12,9.200393620636908e-34
translation_759350.9.peg.2004,3.339114504763145e-16,-1.2766586326414571e-33
transcription_TU_759350.9.peg.2004,5.045596628837607e-16,-1.435276136392605e-34
translation_759350.9.peg.2031,3.37505501555318e-12,-1.3345293177017983e-33
transcription_TU_759350.9.peg.2031,5.099904835346317e-12,1.6063728371092016e-34
translation_759350.9.peg.2035,0.0,8.50028210747714e-34
transcription_TU_759350.9.peg.2035,0.0,-8.986259680933172e-35
translation_759350.9.peg.2036,0.0,2.64663576595774e-34
transcription_TU_759350.9.peg.2036,0.0,-5.717744479420922e-34
translation_759350.9.peg.2038,0.0,-2.980795502801911e-33
transcription_TU_759350.9.peg.2038,0.0,2.230444370079675e-33
translation_759350.9.peg.2041,0.0,-9.220639222877518e-34
transcription_TU_759350.9.peg.2041,0.0,-0.018766237491979594
translation_759350.9.peg.2046,1.0414518967333521e-12,-2.6390712783075217e-34
transcription_TU_759350.9.peg.2046,1.5736945144464492e-12,1.7344007311817e-33
translation_759350.9.peg.2047,-1.0508059434527754e-30,8.790512268175211e-34
transcription_TU_759350.9.peg.2047,0.0,-0.037108031681877755
translation_759350.9.peg.2049,0.0,5.374324129464823e-33
transcription_TU_759350.9.peg.2049,0.0,9.068756491118788e-34
translation_759350.9.peg.2051,0.0,-1.5153526867325862e-33
transcription_TU_759350.9.peg.2051,0.0,2.1079829061842417e-34
translation_759350.9.peg.2053,0.0,-6.650794777351336e-33
transcription_TU_759350.9.peg.2053,0.0,-0.02702236229289872
translation_759350.9.peg.2055,0.0,-1.6217105499614858e-33
transcription_TU_759350.9.peg.2055,0.0,7.047479416048e-34
translation_759350.9.peg.2058,0.0,4.67526142884654e-34
transcription_TU_759350.9.peg.2058,0.0,-5.285688481178397e-34
translation_759350.9.peg.2059,0.0,-1.9276638736396776e-33
transcription_TU_759350.9.peg.2059,0.0,2.3940911037539994e-34
translation_759350.9.peg.2060,0.0,-1.8668465714301133e-33
transcription_TU_759350.9.peg.2060,0.0,-0.026286724274656222
translation_759350.9.peg.2062,1.71843452094334e-11,-1.0003263329195508e-32
transcription_TU_759350.9.peg.2062,2.5966547159079578e-11,-2.5796194849769186e-33
translation_759350.9.peg.2064,-1.099684523361022e-45,3.254478374224585e-33
transcription_TU_759350.9.peg.2064,-1.0002000017510251e-45,-2.245039150146952e-33
translation_759350.9.peg.2073,6.67822900952629e-16,2.6457433075687915e-33
transcription_TU_759350.9.peg.2073,1.0091193257675215e-15,3.8206335217213415e-34
translation_759350.9.peg.2075,-3.5447861458502095e-31,-3.162369501589991e-33
transcription_TU_759350.9.peg.2075,-5.356378465589864e-31,1.3130040784389242e-33
translation_759350.9.peg.2077,3.7850817575059636e-13,-8.307276371356465e-34
transcription_TU_759350.9.peg.2077,5.719479139845042e-13,-1.3931859271142295e-34
translation_759350.9.peg.2078,3.7850817575059636e-13,5.1338533471058835e-34
transcription_TU_759350.9.peg.2078,5.719479139845042e-13,-1.0531391263542337e-33
translation_759350.9.peg.2079,3.7850817575059636e-13,-9.858475091719657e-34
transcription_TU_759350.9.peg.2079,5.719479139845042e-13,-3.2456812629787318e-34
translation_759350.9.peg.2089,6.678229009526298e-16,-1.1782628984275846e-33
transcription_TU_759350.9.peg.2089,1.0091193257675227e-15,1.692194773827809e-33
translation_759350.9.peg.2090,3.1657961540886745e-12,3.5641877100987105e-33
transcription_TU_759350.9.peg.2090,4.783702499531361e-12,-1.0606732738150629e-33
translation_759350.9.peg.2092,3.0556073149505824e-13,-1.2980289705318454e-34
transcription_TU_759350.9.peg.2092,4.617200741506107e-13,-9.01067200231463e-34
translation_759350.9.peg.2096,3.946467744869174e-12,3.1480589691552115e-33
transcription_TU_759350.9.peg.2096,5.963342772739297e-12,1.4441150803410638e-34
translation_759350.9.peg.2102,1.0695272433310411e-16,1.6852485988299818e-34
transcription_TU_759350.9.peg.2102,1.6161179994586218e-16,2.071259198588859e-34
translation_759350.9.peg.2103,3.0556073149505824e-13,-4.521192892005431e-34
transcription_TU_759350.9.peg.2103,4.617200741506107e-13,3.208852329860153e-34
translation_759350.9.peg.2104,5.021792953617002e-08,-3.1856332404179213e-34
transcription_TU_759350.9.peg.2104,7.58822183586295e-08,1.5862747621787772e-34
transcription_TU_BLJ_RS00085,0.0,1.908567358248508e-36
transcription_TU_BLJ_RS00090,2.1352157184788786e-08,3.77740278882861e-35
transcription_TU_BLJ_RS00430,0.0,2.751041854115267e-35
transcription_TU_BLJ_RS00465,0.0,-7.509525404717847e-35
transcription_TU_BLJ_RS00920,6.270779514286242e-42,8.820599411590427e-35
transcription_TU_BLJ_RS00925,-3.968754094809433e-42,-2.5122285994860414e-36
transcription_TU_BLJ_RS01045,0.0,-2.680529112475547e-35
transcription_TU_BLJ_RS01130,1.704675218580151e-08,3.318694588197229e-35
transcription_TU_BLJ_RS01250,-9.463019325221195e-43,1.0976171477149428e-34
transcription_TU_BLJ_RS01390,1.3863817226700037e-41,6.6370083157335e-35
transcription_TU_BLJ_RS01470,-2.0881701746977224e-35,1.150982905989916e-34
transcription_TU_BLJ_RS01550,3.064864556282979e-08,-6.398217186052247e-35
transcription_TU_BLJ_RS01555,3.2031874598475574e-08,9.605352940690604e-35
transcription_TU_BLJ_RS01560,0.0,-0.0014884713985027624
transcription_TU_BLJ_RS01965,0.0,-4.976040831489137e-35
transcription_TU_BLJ_RS01990,0.0,-2.6392960761728e-35
transcription_TU_BLJ_RS01995,0.0,-4.976040831489137e-35
transcription_TU_BLJ_RS02790,0.0,9.419995330051294e-35
transcription_TU_BLJ_RS02985,9.201455218656121e-09,-1.5533000879032614e-35
transcription_TU_BLJ_RS03465,0.0,-2.363653795646706e-35
transcription_TU_BLJ_RS03645,3.5538158420517396e-08,-1.1674237493417003e-34
transcription_TU_BLJ_RS03770,-6.960075185198613e-36,2.0637250954422636e-35
transcription_TU_BLJ_RS03830,4.622582085583149e-08,1.2046022405893233e-34
transcription_TU_BLJ_RS03835,0.0,1.2046022405893233e-34
transcription_TU_BLJ_RS03855,1.336029973611979e-08,-9.997503025820987e-35
transcription_TU_BLJ_RS03985,0.0,9.419995330051294e-35
transcription_TU_BLJ_RS04465,6.859059719129429e-36,-1.320558349633975e-34
transcription_TU_BLJ_RS05215,1.8608726684775845e-08,-2.896168971772775e-35
transcription_TU_BLJ_RS05295,2.5127330213807097e-09,-6.398217186052247e-35
transcription_TU_BLJ_RS05300,0.0,-0.0014884713985027624
transcription_TU_BLJ_RS05305,0.0,2.181455760723487e-34
transcription_TU_BLJ_RS05310,2.6192201917251205e-09,9.42790890212856e-35
transcription_TU_BLJ_RS05315,0.0,-6.398217186052247e-35
transcription_TU_BLJ_RS05610,0.0,1.7175467833713417e-34
transcription_TU_BLJ_RS05685,1.4588815213126871e-08,1.1991013192855395e-35
transcription_TU_BLJ_RS05690,1.1027403406451938e-41,1.671781150126887e-34
transcription_TU_BLJ_RS06525,5.090653840746242e-09,-3.450520676946461e-36
transcription_TU_BLJ_RS06735,5.021792582649146e-08,-4.5167323029598624e-35
transcription_TU_BLJ_RS06740,0.0,3.085681302260703e-33
transcription_TU_BLJ_RS06745,5.021792582649146e-08,-1.7724629329292865e-34
transcription_TU_BLJ_RS06930,-1.5082355126036657e-35,1.4207650793509047e-34
transcription_TU_BLJ_RS07860,2.1995103073225303e-08,6.161829357532574e-35
transcription_TU_BLJ_RS08010,-8.560372478578344e-42,6.98632490020758e-37
transcription_TU_BLJ_RS08200,-1.0411517696688922e-41,1.200586106132667e-34
transcription_TU_BLJ_RS08295,1.441690008262754e-08,2.0297109822497916e-34
transcription_TU_BLJ_RS08300,2.7692786267818715e-08,4.239834008154041e-35
transcription_TU_BLJ_RS08315,2.45721548628402e-08,6.479345583384087e-35
transcription_TU_BLJ_RS08450,0.0,-9.686184379297105e-35
transcription_TU_BLJ_RS08565,0.0,-2.680529112475547e-35
transcription_TU_BLJ_RS08675,2.3591807016761315e-08,-1.6840794174342512e-34
transcription_TU_BLJ_RS08900,-1.3920573545641797e-35,-1.1254127099152811e-34
transcription_TU_BLJ_RS08940,1.1718105453299684e-08,6.6370083157335e-35
transcription_TU_BLJ_RS08945,2.3921754982160333e-08,1.3297022038734956e-35
transcription_TU_BLJ_RS08950,1.0521775411936811e-08,-6.513850324031213e-35
transcription_TU_BLJ_RS09085,-1.508175288583938e-35,-7.509525404717847e-35
transcription_TU_BLJ_RS09150,0.0,1.6494700168805194e-34
transcription_TU_BLJ_RS09155,5.021792582649146e-08,3.085681302260703e-33
transcription_TU_BLJ_RS09160,0.0,-1.744391055354684e-33
transcription_TU_BLJ_RS09185,-6.135097016675503e-43,1.2825619479740008e-35
transcription_TU_BLJ_RS09810,-2.9000659097228986e-35,6.118439570859043e-35
transcription_TU_BLJ_RS10000,5.2610862040822474e-42,-1.502244853884239e-34
transcription_TU_BLJ_RS10005,0.0,3.085681302260703e-33
transcription_TU_BLJ_RS10010,2.598615665974134e-41,-2.903292461605649e-33
transcription_TU_BLJ_RS10220,-1.1603107353754748e-35,-2.8741264863682597e-35
charging_tRNA_BLJ_RS00085_GCU,0.0,-2.7356906695606145e-08
charging_tRNA_BLJ_RS00085_GCC,0.0,-2.7356906695606145e-08
charging_tRNA_BLJ_RS00085_GCA,0.0,-2.7356906695606145e-08
charging_tRNA_BLJ_RS00085_GCG,0.0,-2.7356906695606145e-08
charging_tRNA_BLJ_RS00090_AUU,0.00011311092205576845,3.6337308951449874e-39
charging_tRNA_BLJ_RS00090_AUC,0.0003535627790557716,1.0064989934723479e-39
charging_tRNA_BLJ_RS00090_AUA,5.578801448083737e-07,8.101008010781796e-40
charging_tRNA_BLJ_RS00430_UUA,0.0,-2.641326275928385e-06
charging_tRNA_BLJ_RS00430_UUG,0.0,-2.641326275928385e-06
charging_tRNA_BLJ_RS00430_CUU,0.0,-2.641326275928385e-06
charging_tRNA_BLJ_RS00430_CUC,0.0,-2.641326275928385e-06
charging_tRNA_BLJ_RS00430_CUA,0.0,-2.641326275928385e-06
charging_tRNA_BLJ_RS00430_CUG,0.0,-2.641326275928385e-06
charging_tRNA_BLJ_RS00465_GGU,0.0,-2.6426361100424907e-07
charging_tRNA_BLJ_RS00465_GGC,0.0,-2.6426361100424907e-07
charging_tRNA_BLJ_RS00465_GGA,0.0,-2.6426361100424907e-07
charging_tRNA_BLJ_RS00465_GGG,0.0,-2.6426361100424907e-07
charging_tRNA_BLJ_RS00920_GAA,0.0,-2.937382473160415e-07
charging_tRNA_BLJ_RS00920_GAG,0.0,-2.937382473160415e-07
charging_tRNA_BLJ_RS00925_CAA,0.0,-9.079864927271225e-07
charging_tRNA_BLJ_RS00925_CAG,0.0,-9.079864927271225e-07
charging_tRNA_BLJ_RS01045_UCU,0.0,-5.270411225648415e-08
charging_tRNA_BLJ_RS01045_UCC,0.0,-5.270411225648415e-08
charging_tRNA_BLJ_RS01045_UCA,0.0,-5.270411225648415e-08
charging_tRNA_BLJ_RS01045_UCG,0.0,-5.270411225648415e-08
charging_tRNA_BLJ_RS01045_AGU,0.0,-5.270411225648415e-08
charging_tRNA_BLJ_RS01045_AGC,0.0,-5.270411225648415e-08
charging_tRNA_BLJ_RS01130_AAA,5.5715741705101496e-05,1.1352515099001858e-34
charging_tRNA_BLJ_RS01130_AAG,0.0003173042257917301,5.673618654080699e-35
charging_tRNA_BLJ_RS01250_AAA,0.0,-2.471785901776522e-07
charging_tRNA_BLJ_RS01250_AAG,0.0,-2.471785901776522e-07
charging_tRNA_BLJ_RS01390_AUG,0.0,-5.884307495024318e-08
charging_tRNA_BLJ_RS01390_START,0.0,-5.884307495024318e-08
charging_tRNA_BLJ_RS01470_CGU,0.0,-6.334509958538661e-07
charging_tRNA_BLJ_RS01470_CGC,0.0,-6.334509958538661e-07
charging_tRNA_BLJ_RS01470_CGA,0.0,-6.334509958538661e-07
charging_tRNA_BLJ_RS01470_CGG,0.0,-6.334509958538661e-07
charging_tRNA_BLJ_RS01470_AGA,0.0,-6.334509958538661e-07
charging_tRNA_BLJ_RS01470_AGG,0.0,-6.334509958538661e-07
charging_tRNA_BLJ_RS01550_GGU,0.00014955075458730296,-4.103953846015077e-40
charging_tRNA_BLJ_RS01550_GGC,0.00046540973842047696,1.7310235183274404e-40
charging_tRNA_BLJ_RS01550_GGA,5.56984481828492e-05,-1.1809577514768846e-39
charging_tRNA_BLJ_RS01550_GGG,0.0,-9.530948877859225e-40
charging_tRNA_BLJ_RS01555_GUU,6.155007161188034e-05,-2.566636779984975e-39
charging_tRNA_BLJ_RS01555_GUC,0.00024017472593681598,1.3583963450857195e-39
charging_tRNA_BLJ_RS01555_GUA,2.820026756000687e-05,2.2448635876166577e-39
charging_tRNA_BLJ_RS01555_GUG,0.0003710019320900976,-2.3577082077555356e-40
charging_tRNA_BLJ_RS01560_GUU,0.0,-2.2225739228993614e-07
charging_tRNA_BLJ_RS01560_GUC,0.0,-2.2225739228993614e-07
charging_tRNA_BLJ_RS01560_GUA,0.0,-2.2225739228993614e-07
charging_tRNA_BLJ_RS01560_GUG,0.0,-2.2225739228993614e-07
charging_tRNA_BLJ_RS01965_ACU,0.0,-2.827976816075375e-07
charging_tRNA_BLJ_RS01965_ACC,0.0,-2.827976816075375e-07
charging_tRNA_BLJ_RS01965_ACA,0.0,-2.827976816075375e-07
charging_tRNA_BLJ_RS01965_ACG,0.0,-2.827976816075375e-07
charging_tRNA_BLJ_RS01990_UUA,0.0,-1.5087183275125809e-06
charging_tRNA_BLJ_RS01990_UUG,0.0,-1.5087183275125809e-06
charging_tRNA_BLJ_RS01990_CUU,0.0,-1.5087183275125809e-06
charging_tRNA_BLJ_RS01990_CUC,0.0,-1.5087183275125809e-06
charging_tRNA_BLJ_RS01990_CUA,0.0,-1.5087183275125809e-06
charging_tRNA_BLJ_RS01990_CUG,0.0,-1.5087183275125809e-06
charging_tRNA_BLJ_RS01995_ACU,0.0,-2.4170830732339576e-07
charging_tRNA_BLJ_RS01995_ACC,0.0,-2.4170830732339576e-07
charging_tRNA_BLJ_RS01995_ACA,0.0,-2.4170830732339576e-07
charging_tRNA_BLJ_RS01995_ACG,0.0,-2.4170830732339576e-07
charging_tRNA_BLJ_RS02790_CGU,0.0,-2.2529379714441256e-07
charging_tRNA_BLJ_RS02790_CGC,0.0,-2.2529379714441256e-07
charging_tRNA_BLJ_RS02790_CGA,0.0,-2.2529379714441256e-07
charging_tRNA_BLJ_RS02790_CGG,0.0,-2.2529379714441256e-07
charging_tRNA_BLJ_RS02790_AGA,0.0,-2.2529379714441256e-07
charging_tRNA_BLJ_RS02790_AGG,0.0,-2.2529379714441256e-07
charging_tRNA_BLJ_RS02985_CAU,8.30167883609311e-05,3.557730657409981e-34
charging_tRNA_BLJ_RS02985_CAC,0.00011833103961098566,-2.2095446434768706e-34
charging_tRNA_BLJ_RS03465_UUA,0.0,-1.1093839648954508e-06
charging_tRNA_BLJ_RS03465_UUG,0.0,-1.1093839648954508e-06
charging_tRNA_BLJ_RS03465_CUU,0.0,-1.1093839648954508e-06
charging_tRNA_BLJ_RS03465_CUC,0.0,-1.1093839648954508e-06
charging_tRNA_BLJ_RS03465_CUA,0.0,-1.1093839648954508e-06
charging_tRNA_BLJ_RS03465_CUG,0.0,-1.1093839648954508e-06
charging_tRNA_BLJ_RS03645_UUA,2.0512094792172748e-07,-9.10874291991943e-40
charging_tRNA_BLJ_RS03645_UUG,0.00010979878966816169,2.9874360166569316e-39
charging_tRNA_BLJ_RS03645_CUU,5.809520168239356e-05,-1.993452754914024e-39
charging_tRNA_BLJ_RS03645_CUC,0.00020398010278773084,1.1796799609842643e-39
charging_tRNA_BLJ_RS03645_CUA,2.5487659061853e-07,-1.1260837677078731e-39
charging_tRNA_BLJ_RS03645_CUG,0.00040531801204532063,2.4719070527770643e-39
charging_tRNA_BLJ_RS03770_CCU,0.0,-7.045793194240659e-07
charging_tRNA_BLJ_RS03770_CCC,0.0,-7.045793194240659e-07
charging_tRNA_BLJ_RS03770_CCA,0.0,-7.045793194240659e-07
charging_tRNA_BLJ_RS03770_CCG,0.0,-7.045793194240659e-07
charging_tRNA_BLJ_RS03830_GCU,9.816423240881392e-05,-2.1200114475109427e-40
charging_tRNA_BLJ_RS03830_GCC,0.0005520290458704253,-3.7916735584830484e-40
charging_tRNA_BLJ_RS03830_GCA,0.00011301249794033906,1.586149365839712e-39
charging_tRNA_BLJ_RS03830_GCG,0.0002483155977767365,2.070830947955867e-39
charging_tRNA_BLJ_RS03835_GCU,0.0,-2.1200114475109427e-40
charging_tRNA_BLJ_RS03835_GCC,0.0,-3.7916735584830484e-40
charging_tRNA_BLJ_RS03835_GCA,0.0,1.586149365839712e-39
charging_tRNA_BLJ_RS03835_GCG,0.0,2.070830947955867e-39
charging_tRNA_BLJ_RS03855_CAA,5.509273702542006e-05,7.506144645218563e-40
charging_tRNA_BLJ_RS03855_CAG,0.00023725964300543975,-1.1931383577541177e-39
charging_tRNA_BLJ_RS03985_CGU,0.0,-1.773912879026783e-07
charging_tRNA_BLJ_RS03985_CGC,0.0,-1.773912879026783e-07
charging_tRNA_BLJ_RS03985_CGA,0.0,-1.773912879026783e-07
charging_tRNA_BLJ_RS03985_CGG,0.0,-1.773912879026783e-07
charging_tRNA_BLJ_RS03985_AGA,0.0,-1.773912879026783e-07
charging_tRNA_BLJ_RS03985_AGG,0.0,-1.773912879026783e-07
charging_tRNA_BLJ_RS04465_UUA,0.0,-3.0372000568259936e-06
charging_tRNA_BLJ_RS04465_UUG,0.0,-3.0372000568259936e-06
charging_tRNA_BLJ_RS04465_CUU,0.0,-3.0372000568259936e-06
charging_tRNA_BLJ_RS04465_CUC,0.0,-3.0372000568259936e-06
charging_tRNA_BLJ_RS04465_CUA,0.0,-3.0372000568259936e-06
charging_tRNA_BLJ_RS04465_CUG,0.0,-3.0372000568259936e-06
charging_tRNA_BLJ_RS05215_CCU,3.038098688473098e-05,-2.6273756750552734e-39
charging_tRNA_BLJ_RS05215_CCC,0.00011287126159741834,-6.43256300305912e-40
charging_tRNA_BLJ_RS05215_CCA,2.762452389772542e-05,1.467042768033957e-39
charging_tRNA_BLJ_RS05215_CCG,0.0002363225901411646,1.0409788076086106e-39
charging_tRNA_BLJ_RS05295_GGU,0.0,-4.103953846015077e-40
charging_tRNA_BLJ_RS05295_GGC,0.0,1.7310235183274404e-40
charging_tRNA_BLJ_RS05295_GGA,0.0,-1.1809577514768846e-39
charging_tRNA_BLJ_RS05295_GGG,5.4984056772077586e-05,-9.530948877859225e-40
charging_tRNA_BLJ_RS05300_GUU,0.0,-2.2225739228993614e-07
charging_tRNA_BLJ_RS05300_GUC,0.0,-2.2225739228993614e-07
charging_tRNA_BLJ_RS05300_GUA,0.0,-2.2225739228993614e-07
charging_tRNA_BLJ_RS05300_GUG,0.0,-2.2225739228993614e-07
charging_tRNA_BLJ_RS05305_GUU,0.0,-6.052361001078628e-39
charging_tRNA_BLJ_RS05305_GUC,0.0,-3.340920740616229e-39
charging_tRNA_BLJ_RS05305_GUA,0.0,-1.2066984449951404e-39
charging_tRNA_BLJ_RS05305_GUG,0.0,-4.008103953184411e-39
charging_tRNA_BLJ_RS05310_UGU,3.5563890838938643e-07,1.3334385314750446e-39
charging_tRNA_BLJ_RS05310_UGC,5.69585884667305e-05,-7.15498200703625e-39
charging_tRNA_BLJ_RS05315_GGU,0.0,-4.103953846015077e-40
charging_tRNA_BLJ_RS05315_GGC,0.0,1.7310235183274404e-40
charging_tRNA_BLJ_RS05315_GGA,0.0,-1.1809577514768846e-39
charging_tRNA_BLJ_RS05315_GGG,0.0,-9.530948877859225e-40
charging_tRNA_BLJ_RS05610_AAU,0.0,-1.0271885869006797e-08
charging_tRNA_BLJ_RS05610_AAC,0.0,-1.0271885869006797e-08
charging_tRNA_BLJ_RS05685_AAU,8.246796650835614e-05,3.5062239705579455e-40
charging_tRNA_BLJ_RS05685_AAC,0.00023676700079236658,-3.693557271396983e-40
charging_tRNA_BLJ_RS05690_AAU,0.0,-6.820221849350953e-07
charging_tRNA_BLJ_RS05690_AAC,0.0,-6.820221849350953e-07
charging_tRNA_BLJ_RS06525_UGG,0.00011139456416773744,-1.8620075903693873e-34
charging_tRNA_BLJ_RS06930_GUU,0.0,-4.827461039991841e-07
charging_tRNA_BLJ_RS06930_GUC,0.0,-4.827461039991841e-07
charging_tRNA_BLJ_RS06930_GUA,0.0,-4.827461039991841e-07
charging_tRNA_BLJ_RS06930_GUG,0.0,-4.827461039991841e-07
charging_tRNA_BLJ_RS07860_CGU,0.0001285399039307477,-5.448100379617894e-40
charging_tRNA_BLJ_RS07860_CGC,0.0002679431377197532,6.373383921116283e-40
charging_tRNA_BLJ_RS07860_CGA,2.795670338558362e-05,6.616497477062898e-40
charging_tRNA_BLJ_RS07860_CGG,5.541934530900522e-05,2.516612983529849e-39
charging_tRNA_BLJ_RS07860_AGA,5.07324423755466e-07,8.295581293563305e-40
charging_tRNA_BLJ_RS07860_AGG,9.342191605731199e-07,1.976715582224785e-39
charging_tRNA_BLJ_RS08010_AUU,0.0,-9.234260595582037e-08
charging_tRNA_BLJ_RS08010_AUC,0.0,-9.234260595582037e-08
charging_tRNA_BLJ_RS08010_AUA,0.0,-9.234260595582037e-08
charging_tRNA_BLJ_RS08200_GAU,0.0,-6.820221849350977e-07
charging_tRNA_BLJ_RS08200_GAC,0.0,-6.820221849350977e-07
charging_tRNA_BLJ_RS08295_UUU,2.8127476475464725e-05,-7.092722228320223e-39
charging_tRNA_BLJ_RS08295_UUC,0.00028734561432866134,1.218310767570671e-39
charging_tRNA_BLJ_RS08300_GAU,0.0002274910744200348,-3.686755309429313e-39
charging_tRNA_BLJ_RS08300_GAC,0.0003784872445539701,-2.3980055389602497e-35
charging_tRNA_BLJ_RS08315_GAA,0.000232613022312281,-7.164123923549403e-39
charging_tRNA_BLJ_RS08315_GAG,0.00030507910275411027,-4.6510745015196646e-36
charging_tRNA_BLJ_RS08450_CCU,0.0,-3.896981385984137e-08
charging_tRNA_BLJ_RS08450_CCC,0.0,-3.896981385984137e-08
charging_tRNA_BLJ_RS08450_CCA,0.0,-3.896981385984137e-08
charging_tRNA_BLJ_RS08450_CCG,0.0,-3.896981385984137e-08
charging_tRNA_BLJ_RS08565_UCU,0.0,-3.7628792564610516e-08
charging_tRNA_BLJ_RS08565_UCC,0.0,-3.7628792564610516e-08
charging_tRNA_BLJ_RS08565_UCA,0.0,-3.7628792564610516e-08
charging_tRNA_BLJ_RS08565_UCG,0.0,-3.7628792564610516e-08
charging_tRNA_BLJ_RS08565_AGU,0.0,-3.7628792564610516e-08
charging_tRNA_BLJ_RS08565_AGC,0.0,-3.7628792564610516e-08
charging_tRNA_BLJ_RS08675_UCU,2.887079467160073e-05,-8.021705938596799e-41
charging_tRNA_BLJ_RS08675_UCC,0.00023727804976696884,1.394370165380543e-39
charging_tRNA_BLJ_RS08675_UCA,2.732302607036427e-05,3.1248035185796776e-40
charging_tRNA_BLJ_RS08675_UCG,0.00011076945526906947,-1.7526929633455384e-40
charging_tRNA_BLJ_RS08675_AGU,5.891232242235196e-07,5.7826015011364705e-40
charging_tRNA_BLJ_RS08675_AGC,0.00011140953563916768,6.100560924796307e-39
charging_tRNA_BLJ_RS08900_UCU,0.0,-4.6499057252496566e-07
charging_tRNA_BLJ_RS08900_UCC,0.0,-4.6499057252496566e-07
charging_tRNA_BLJ_RS08900_UCA,0.0,-4.6499057252496566e-07
charging_tRNA_BLJ_RS08900_UCG,0.0,-4.6499057252496566e-07
charging_tRNA_BLJ_RS08900_AGU,0.0,-4.6499057252496566e-07
charging_tRNA_BLJ_RS08900_AGC,0.0,-4.6499057252496566e-07
charging_tRNA_BLJ_RS08940_AUG,0.00022637490345936266,-1.1050605148888338e-38
charging_tRNA_BLJ_RS08940_START,3.0042698419958167e-05,4.571862017018406e-39
charging_tRNA_BLJ_RS08945_ACU,3.137029289326012e-05,-4.121633220196787e-40
charging_tRNA_BLJ_RS08945_ACC,0.0003250015771697811,1.4811807143274578e-39
charging_tRNA_BLJ_RS08945_ACA,2.755008274095402e-05,4.677119193347167e-39
charging_tRNA_BLJ_RS08945_ACG,0.0001395380100471665,-1.126963700868482e-39
charging_tRNA_BLJ_RS08950_UAU,5.560106750538341e-05,8.449465639204281e-41
charging_tRNA_BLJ_RS08950_UAC,0.00017463823435052568,7.659756254818358e-39
charging_tRNA_BLJ_RS09085_GGU,0.0,-3.244495380578255e-07
charging_tRNA_BLJ_RS09085_GGC,0.0,-3.244495380578255e-07
charging_tRNA_BLJ_RS09085_GGA,0.0,-3.244495380578255e-07
charging_tRNA_BLJ_RS09085_GGG,0.0,-3.244495380578255e-07
charging_tRNA_BLJ_RS09185_UGG,0.0,-1.3244058761708547e-06
charging_tRNA_BLJ_RS09810_GCU,0.0,-3.763062337272502e-08
charging_tRNA_BLJ_RS09810_GCC,0.0,-3.763062337272502e-08
charging_tRNA_BLJ_RS09810_GCA,0.0,-3.763062337272502e-08
charging_tRNA_BLJ_RS09810_GCG,0.0,-3.763062337272502e-08
charging_tRNA_BLJ_RS10220_ACU,0.0,-4.930161590600764e-07
charging_tRNA_BLJ_RS10220_ACC,0.0,-4.930161590600764e-07
charging_tRNA_BLJ_RS10220_ACA,0.0,-4.930161590600764e-07
charging_tRNA_BLJ_RS10220_ACG,0.0,-4.930161590600764e-07
DM_RNA_759350.9.peg.1,0.0,-0.030622983089917125
DM_RNA_759350.9.peg.2,-2.168400085070524e-33,0.0
DM_RNA_759350.9.peg.5,0.0,-0.04262414817313731
DM_RNA_759350.9.peg.6,-2.168400085070524e-33,0.0
DM_RNA_759350.9.peg.9,0.0,-0.027457302556390065
DM_RNA_759350.9.peg.12,0.0,-0.0274534175634579
DM_RNA_759350.9.peg.18,0.0,0.0
DM_RNA_759350.9.peg.20,0.0,0.0
DM_RNA_759350.9.peg.24,0.0,-0.013942409678849427
DM_RNA_759350.9.peg.32,0.0,-0.004586041022057019
DM_RNA_759350.9.peg.34,0.0,-0.05612776459189354
DM_RNA_759350.9.peg.36,0.0,-0.03343519795120793
DM_RNA_759350.9.peg.39,0.0,-0.02225855082358789
DM_RNA_759350.9.peg.45,0.0,0.0
DM_RNA_759350.9.peg.51,0.0,-0.013145024652283444
DM_RNA_759350.9.peg.58,0.0,0.0
DM_RNA_759350.9.peg.61,0.0,-0.022440819640532163
DM_RNA_759350.9.peg.73,0.0,-0.019873464345332714
DM_RNA_759350.9.peg.85,1.1191857472795069e-30,-1.2355765224648932e-33
DM_RNA_759350.9.peg.87,0.0,0.0
DM_RNA_759350.9.peg.91,0.0,-0.022385047858229437
DM_RNA_759350.9.peg.94,0.0,-0.026230816668119477
DM_RNA_759350.9.peg.95,0.0,-0.03227873305916397
DM_RNA_759350.9.peg.98,0.0,0.0
DM_RNA_759350.9.peg.99,0.0,-0.020046835249299816
DM_RNA_759350.9.peg.100,0.0,-0.020423192459107314
DM_RNA_759350.9.peg.101,0.0,-0.019502978779926183
DM_RNA_759350.9.peg.102,0.0,-0.026348608541754165
DM_RNA_759350.9.peg.104,0.0,-0.031116083962485327
DM_RNA_759350.9.peg.107,0.0,-0.021462253612105884
DM_RNA_759350.9.peg.109,0.0,-0.021461532118179662
DM_RNA_759350.9.peg.112,0.0,-0.0369949522611919
DM_RNA_759350.9.peg.114,2.1456734158700876e-29,1.2789835550746464e-33
DM_RNA_759350.9.peg.115,0.0,-0.036013317585619424
DM_RNA_759350.9.peg.116,-6.433985862266616e-31,0.0
DM_RNA_759350.9.peg.117,0.0,-0.028238159185589334
DM_RNA_759350.9.peg.118,0.0,-0.0188837878105179
DM_RNA_759350.9.peg.126,0.0,-0.01883343012465413
DM_RNA_759350.9.peg.128,0.0,-0.03559481842900017
DM_RNA_759350.9.peg.130,0.0,-0.03864997300115963
DM_RNA_759350.9.peg.131,0.0,-0.013944241160262964
DM_RNA_759350.9.peg.152,-2.168400085070524e-33,0.0
DM_RNA_759350.9.peg.155,0.0,-0.015589319882172282
DM_RNA_759350.9.peg.156,0.0,-0.011555901676888277
DM_RNA_759350.9.peg.157,0.0,-0.02231744942843502
DM_RNA_759350.9.peg.160,0.0,1.1015054228451336e-33
DM_RNA_759350.9.peg.161,0.0,-0.04488081195370318
DM_RNA_759350.9.peg.165,-2.168400085070524e-33,0.0
DM_RNA_759350.9.peg.166,0.0,-0.014307309776853301
DM_RNA_759350.9.peg.167,-2.168400085070524e-33,0.0
DM_RNA_759350.9.peg.170,0.0,-0.0309413339971535
DM_RNA_759350.9.peg.187,0.0,-0.030999393537329393
DM_RNA_759350.9.peg.226,0.0,-0.029652433099433776
DM_RNA_759350.9.peg.227,0.0,-0.0171774726132286
DM_RNA_759350.9.peg.229,0.0,-0.03136794981787382
DM_RNA_759350.9.peg.234,0.0,-0.025744137656372637
DM_RNA_759350.9.peg.235,0.0,-0.026402095151723974
DM_RNA_759350.9.peg.243,0.0,-0.0371080111057898
DM_RNA_759350.9.peg.247,0.0,-0.020660911908190065
DM_RNA_759350.9.peg.249,0.0,-0.00593033253465534
DM_RNA_759350.9.peg.250,-2.8411153818323905e-30,0.0
DM_RNA_759350.9.peg.251,0.0,-0.005075613498052242
DM_RNA_759350.9.peg.252,0.0,-0.009109744415948915
DM_RNA_759350.9.peg.254,0.0,-0.03423891446826357
DM_RNA_759350.9.peg.255,0.0,-0.014974357148996961
DM_RNA_759350.9.peg.256,0.0,-0.05436368702128204
DM_RNA_759350.9.peg.262,0.0,-0.006237642006667444
DM_RNA_759350.9.peg.263,0.0,-0.03142854511297044
DM_RNA_759350.9.peg.264,0.0,-0.030578993941557775
DM_RNA_759350.9.peg.271,0.0,-0.007950510510591384
DM_RNA_759350.9.peg.273,0.0,-0.05576379821385552
DM_RNA_759350.9.peg.274,0.0,0.0
DM_RNA_759350.9.peg.279,0.0,-0.01008916820140565
DM_RNA_759350.9.peg.284,0.0,-0.021090252666172263
DM_RNA_759350.9.peg.285,0.0,-0.016560294514854752
DM_RNA_759350.9.peg.286,0.0,-0.004644542469327729
DM_RNA_759350.9.peg.287,0.0,-0.010577687627968088
DM_RNA_759350.9.peg.288,0.0,-0.017061368897280205
DM_RNA_759350.9.peg.289,0.0,-0.03326096358422931
DM_RNA_759350.9.peg.290,0.0,-0.018831818160626967
DM_RNA_759350.9.peg.291,0.0,-0.030020331811907882
DM_RNA_759350.9.peg.292,0.0,-0.006053900226428854
DM_RNA_759350.9.peg.300,0.0,-0.0196900634754779
DM_RNA_759350.9.peg.301,0.0,-0.02042320126813415
DM_RNA_759350.9.peg.302,0.0,-0.024212323639843835
DM_RNA_759350.9.peg.305,0.0,-0.017416610814230047
DM_RNA_759350.9.peg.306,0.0,0.0
DM_RNA_759350.9.peg.309,0.0,-0.03002038908185248
DM_RNA_759350.9.peg.328,0.0,-0.00397404292585612
DM_RNA_759350.9.peg.340,0.0,-0.012471601837973622
DM_RNA_759350.9.peg.341,0.0,-0.01663116383333617
DM_RNA_759350.9.peg.344,0.0,-0.017852075834386603
DM_RNA_759350.9.peg.348,0.0,-0.02311110030205278
DM_RNA_759350.9.peg.350,0.0,-0.025131056597168935
DM_RNA_759350.9.peg.353,0.0,-0.014550973577506647
DM_RNA_759350.9.peg.358,0.0,-0.023108496066294774
DM_RNA_759350.9.peg.359,0.0,-0.01943302196925561
DM_RNA_759350.9.peg.360,0.0,-0.02041361168521564
DM_RNA_759350.9.peg.361,0.0,-0.015896277948241874
DM_RNA_759350.9.peg.368,0.0,-0.02152206925527327
DM_RNA_759350.9.peg.373,0.0,-0.00941906127792433
DM_RNA_759350.9.peg.374,0.0,-0.016266821627174806
DM_RNA_759350.9.peg.375,0.0,-0.028434037569986227
DM_RNA_759350.9.peg.376,0.0,-0.022998292267525273
DM_RNA_759350.9.peg.377,0.0,-0.012844678023138476
DM_RNA_759350.9.peg.378,0.0,-0.024582918101661883
DM_RNA_759350.9.peg.379,0.0,-0.009540781584475863
DM_RNA_759350.9.peg.383,0.0,-0.033444221821850355
DM_RNA_759350.9.peg.384,0.0,-0.01363448362853642
DM_RNA_759350.9.peg.387,0.0,-0.011310480715701501
DM_RNA_759350.9.peg.388,0.0,-0.040113211754019794
DM_RNA_759350.9.peg.389,0.0,-0.014860246318953683
DM_RNA_759350.9.peg.390,0.0,-0.0039744857210094004
DM_RNA_759350.9.peg.393,0.0,-0.010209654715288546
DM_RNA_759350.9.peg.398,0.0,-0.02696302321549726
DM_RNA_759350.9.peg.400,0.0,-0.015589827480921966
DM_RNA_759350.9.peg.407,0.0,-0.034605834963876723
DM_RNA_759350.9.peg.410,0.0,-0.0074587636417719075
DM_RNA_759350.9.peg.414,0.0,-0.03356149532471288
DM_RNA_759350.9.peg.415,0.0,-0.01412279420212324
DM_RNA_759350.9.peg.416,0.0,-0.030937892659719912
DM_RNA_759350.9.peg.417,0.0,-0.012714716044751162
DM_RNA_759350.9.peg.422,-3.9524361227165155e-29,1.0514687014526544e-33
DM_RNA_759350.9.peg.426,0.0,-0.005502307451586845
DM_RNA_759350.9.peg.431,0.0,1.2245023847247831e-33
DM_RNA_759350.9.peg.437,0.0,-0.028367758188169695
DM_RNA_759350.9.peg.453,0.0,-0.007581583074203242
DM_RNA_759350.9.peg.457,0.0,-0.00831704866394011
DM_RNA_759350.9.peg.460,0.0,0.0
DM_RNA_759350.9.peg.461,0.0,-0.0221326119572525
DM_RNA_759350.9.peg.466,0.0,-0.02347701021701964
DM_RNA_759350.9.peg.469,0.0,-0.02549722688783935
DM_RNA_759350.9.peg.470,0.0,-0.025494345101067066
DM_RNA_759350.9.peg.482,0.0,-0.07263880399061194
DM_RNA_759350.9.peg.483,0.0,-0.08229998087107843
DM_RNA_759350.9.peg.508,0.0,-0.015409328580165511
DM_RNA_759350.9.peg.509,0.0,-0.018646100276032154
DM_RNA_759350.9.peg.511,0.0,-0.05319212728431665
DM_RNA_759350.9.peg.520,0.0,-0.028253172562032254
DM_RNA_759350.9.peg.525,0.0,-0.02293239465440954
DM_RNA_759350.9.peg.534,0.0,-0.03858383698817855
DM_RNA_759350.9.peg.542,0.0,-0.04230858408738797
DM_RNA_759350.9.peg.544,0.0,0.0
DM_RNA_759350.9.peg.548,0.0,-0.015649919535053538
DM_RNA_759350.9.peg.549,0.0,-0.026784004148538213
DM_RNA_759350.9.peg.554,-5.937638924835881e-30,0.0
DM_RNA_759350.9.peg.555,0.0,-0.02176795626927193
DM_RNA_759350.9.peg.556,0.0,-0.024149880046994653
DM_RNA_759350.9.peg.559,0.0,-0.010088797467036933
DM_RNA_759350.9.peg.562,0.0,-0.027697939929933302
DM_RNA_759350.9.peg.563,0.0,-0.02745037172478199
DM_RNA_759350.9.peg.564,-2.168400085070524e-33,1.1980896907445579e-33
DM_RNA_759350.9.peg.565,0.0,-0.017857085229279264
DM_RNA_759350.9.peg.566,0.0,3.797934427265832e-34
DM_RNA_759350.9.peg.568,0.0,-0.019019587082684735
DM_RNA_759350.9.peg.573,0.0,0.0
DM_RNA_759350.9.peg.579,0.0,-0.04463147607956885
DM_RNA_759350.9.peg.581,0.0,-0.010210957735082673
DM_RNA_759350.9.peg.582,0.0,-0.024029110618324596
DM_RNA_759350.9.peg.586,0.0,-0.018836094581314047
DM_RNA_759350.9.peg.588,0.0,-0.033380701749185
DM_RNA_759350.9.peg.589,0.0,-0.0258623282323455
DM_RNA_759350.9.peg.590,0.0,-0.02115624715988796
DM_RNA_759350.9.peg.591,0.0,-0.03081067508171407
DM_RNA_759350.9.peg.598,0.0,-0.02817515667877728
DM_RNA_759350.9.peg.608,0.0,-0.0761311536674233
DM_RNA_759350.9.peg.609,0.0,-0.015348753349465023
DM_RNA_759350.9.peg.611,0.0,-0.027271941969965935
DM_RNA_759350.9.peg.614,0.0,-0.020909645100359624
DM_RNA_759350.9.peg.616,0.0,-0.007582099634068192
DM_RNA_759350.9.peg.617,0.0,-0.009598292553527857
DM_RNA_759350.9.peg.618,0.0,-0.04329095944998788
DM_RNA_759350.9.peg.620,0.0,-0.024455095626072437
DM_RNA_759350.9.peg.631,-6.506511730840688e-30,0.0
DM_RNA_759350.9.peg.632,0.0,-0.027576599487717676
DM_RNA_759350.9.peg.633,0.0,-0.01644300855343774
DM_RNA_759350.9.peg.635,0.0,-0.019197546499725902
DM_RNA_759350.9.peg.645,0.0,4.0024922833545216e-34
DM_RNA_759350.9.peg.646,0.0,-0.0053804210753411975
DM_RNA_759350.9.peg.649,0.0,-0.029280701023735558
DM_RNA_759350.9.peg.651,0.0,-0.030388919225970822
DM_RNA_759350.9.peg.653,0.0,-0.027880424030854743
DM_RNA_759350.9.peg.655,0.0,-0.03014883534845423
DM_RNA_759350.9.peg.656,0.0,-0.016869005401068234
DM_RNA_759350.9.peg.658,0.0,-0.021524525360331188
DM_RNA_759350.9.peg.659,0.0,-0.05319913041901435
DM_RNA_759350.9.peg.661,0.0,-0.02201199446413978
DM_RNA_759350.9.peg.662,0.0,-0.02396865164175853
DM_RNA_759350.9.peg.663,0.0,-0.018708482213438994
DM_RNA_759350.9.peg.664,0.0,-0.024940853545891453
DM_RNA_759350.9.peg.665,0.0,-0.019687598150236168
DM_RNA_759350.9.peg.667,0.0,-0.025250188239880823
DM_RNA_759350.9.peg.668,0.0,-0.03002176392075772
DM_RNA_759350.9.peg.669,0.0,-0.00397488197313226
DM_RNA_759350.9.peg.670,0.0,-0.017731502872959184
DM_RNA_759350.9.peg.671,0.0,-0.01650887106901211
DM_RNA_759350.9.peg.675,0.0,-0.026963528868646384
DM_RNA_759350.9.peg.681,0.0,-0.013513318549020251
DM_RNA_759350.9.peg.682,0.0,-0.029824499020611097
DM_RNA_759350.9.peg.683,0.0,-0.020973407931306365
DM_RNA_759350.9.peg.690,0.0,-0.0027512690458436112
DM_RNA_759350.9.peg.691,0.0,0.0
DM_RNA_759350.9.peg.695,0.0,-0.030385940838303368
DM_RNA_759350.9.peg.696,0.0,-0.026659521080504484
DM_RNA_759350.9.peg.697,0.0,-0.026415738164344428
DM_RNA_759350.9.peg.699,0.0,-0.016018308975143468
DM_RNA_759350.9.peg.700,0.0,-0.02457621821616585
DM_RNA_759350.9.peg.707,0.0,-0.073068976728802
DM_RNA_759350.9.peg.709,0.0,-0.0264740827273147
DM_RNA_759350.9.peg.714,0.0,-0.029771552812677987
DM_RNA_759350.9.peg.716,0.0,-0.009787066098259207
DM_RNA_759350.9.peg.729,0.0,-0.016386641601554102
DM_RNA_759350.9.peg.736,0.0,-0.010700192466243336
DM_RNA_759350.9.peg.737,0.0,-0.016990038827256283
DM_RNA_759350.9.peg.738,0.0,0.0
DM_RNA_759350.9.peg.739,0.0,-0.024091669594013175
DM_RNA_759350.9.peg.740,0.0,-0.01785692366238114
DM_RNA_759350.9.peg.741,0.0,-0.030083216962566765
DM_RNA_759350.9.peg.742,0.0,-0.01259621078440559
DM_RNA_759350.9.peg.745,0.0,-0.029409598624499145
DM_RNA_759350.9.peg.746,0.0,-0.01222431398333707
DM_RNA_759350.9.peg.774,0.0,-0.0626192282882294
DM_RNA_759350.9.peg.777,0.0,-0.009173885469807916
DM_RNA_759350.9.peg.779,0.0,-0.027876052426417827
DM_RNA_759350.9.peg.780,0.0,-0.025066670570041173
DM_RNA_759350.9.peg.781,0.0,-0.0346687159262346
DM_RNA_759350.9.peg.782,0.0,-0.014244568163881898
DM_RNA_759350.9.peg.784,0.0,-0.028192060402893723
DM_RNA_759350.9.peg.785,0.0,-0.021031686595106854
DM_RNA_759350.9.peg.788,0.0,-0.031858019677396286
DM_RNA_759350.9.peg.790,0.0,-0.0504982797446849
DM_RNA_759350.9.peg.793,0.0,-0.024882964612995856
DM_RNA_759350.9.peg.795,0.0,-0.01999567997188108
DM_RNA_759350.9.peg.797,0.0,-0.013995217290761133
DM_RNA_759350.9.peg.799,0.0,-0.03460581383162033
DM_RNA_759350.9.peg.801,0.0,-0.04842654953095047
DM_RNA_759350.9.peg.802,0.0,-0.017973565177430994
DM_RNA_759350.9.peg.804,0.0,-0.026535539456682636
DM_RNA_759350.9.peg.805,0.0,-0.028131489405602655
DM_RNA_759350.9.peg.806,0.0,-0.029890130061618198
DM_RNA_759350.9.peg.811,0.0,-0.028910671627808533
DM_RNA_759350.9.peg.814,0.0,-0.019691118508542594
DM_RNA_759350.9.peg.815,0.0,-0.038032533649341844
DM_RNA_759350.9.peg.819,0.0,-0.017790409353666423
DM_RNA_759350.9.peg.821,3.201085179494792e-30,-7.838389999346057e-34
DM_RNA_759350.9.peg.827,0.0,-0.01675369370538705
DM_RNA_759350.9.peg.857,0.0,-0.02145424829463175
DM_RNA_759350.9.peg.873,0.0,-0.012660595439496224
DM_RNA_759350.9.peg.880,0.0,-0.027690025777391523
DM_RNA_759350.9.peg.881,0.0,-0.011862680838342465
DM_RNA_759350.9.peg.882,-2.168400085070524e-33,0.0
DM_RNA_759350.9.peg.886,0.0,-0.012778033730232456
DM_RNA_759350.9.peg.896,0.0,-0.05460258910959529
DM_RNA_759350.9.peg.900,0.0,-0.024215058139497835
DM_RNA_759350.9.peg.901,0.0,-0.033073038459046404
DM_RNA_759350.9.peg.902,0.0,-0.009108780360937953
DM_RNA_759350.9.peg.903,0.0,-0.03631433698483166
DM_RNA_759350.9.peg.910,0.0,7.261388368584518e-34
DM_RNA_759350.9.peg.917,0.0,-0.021706360646782708
DM_RNA_759350.9.peg.918,3.5071217276631285e-29,-1.210107759094873e-33
DM_RNA_759350.9.peg.919,0.0,-0.023725743167515752
DM_RNA_759350.9.peg.920,0.0,-0.006234416071140754
DM_RNA_759350.9.peg.921,0.0,-0.0290355358355532
DM_RNA_759350.9.peg.923,0.0,-0.012719869758409696
DM_RNA_759350.9.peg.924,0.0,-0.022988865740840154
DM_RNA_759350.9.peg.928,0.0,-0.005320928835356788
DM_RNA_759350.9.peg.932,0.0,-0.023300321369643297
DM_RNA_759350.9.peg.943,0.0,-0.09317863593141835
DM_RNA_759350.9.peg.944,0.0,-0.03130646556972464
DM_RNA_759350.9.peg.945,0.0,-0.033441580853572773
DM_RNA_759350.9.peg.974,0.0,-0.04695890450853696
DM_RNA_759350.9.peg.975,0.0,-0.01742315303434719
DM_RNA_759350.9.peg.978,0.0,-0.01999331594752725
DM_RNA_759350.9.peg.980,0.0,-0.030512131762370956
DM_RNA_759350.9.peg.981,0.0,-0.019447497608468874
DM_RNA_759350.9.peg.982,0.0,4.9107413198059e-34
DM_RNA_759350.9.peg.983,0.0,-0.01981408212504647
DM_RNA_759350.9.peg.984,0.0,-0.014186311672484858
DM_RNA_759350.9.peg.990,0.0,-0.024271967849544218
DM_RNA_759350.9.peg.1048,0.0,-0.04256573184648236
DM_RNA_759350.9.peg.1051,0.0,-0.013634126071297192
DM_RNA_759350.9.peg.1052,0.0,-0.005381820184338769
DM_RNA_759350.9.peg.1053,0.0,-0.01736178186446516
DM_RNA_759350.9.peg.1054,0.0,-0.01258909136141488
DM_RNA_759350.9.peg.1062,0.0,0.0
DM_RNA_759350.9.peg.1067,0.0,-0.03117730444447184
DM_RNA_759350.9.peg.1069,-1.6441836919089096e-30,4.558921046196682e-34
DM_RNA_759350.9.peg.1071,0.0,-0.03167431820575175
DM_RNA_759350.9.peg.1073,0.0,-0.018589601411751856
DM_RNA_759350.9.peg.1074,0.0,-0.024517417988330924
DM_RNA_759350.9.peg.1075,0.0,-0.011861011345302156
DM_RNA_759350.9.peg.1082,0.0,-0.041455017893743625
DM_RNA_759350.9.peg.1084,0.0,-0.0180262283358836
DM_RNA_759350.9.peg.1086,0.0,-0.023359480053094194
DM_RNA_759350.9.peg.1088,0.0,-0.042981998569572605
DM_RNA_759350.9.peg.1089,0.0,-0.02249942500775807
DM_RNA_759350.9.peg.1090,0.0,-0.027254516878380094
DM_RNA_759350.9.peg.1092,1.9554740400412422e-31,0.0
DM_RNA_759350.9.peg.1094,0.0,-0.01938321631716494
DM_RNA_759350.9.peg.1096,0.0,-0.016382336873930512
DM_RNA_759350.9.peg.1097,0.0,-0.02458038815262539
DM_RNA_759350.9.peg.1100,0.0,-0.019809805946032842
DM_RNA_759350.9.peg.1119,0.0,-0.014431258687604651
DM_RNA_759350.9.peg.1124,0.0,-0.03173367457639388
DM_RNA_759350.9.peg.1125,0.0,-0.00807125213369854
DM_RNA_759350.9.peg.1128,0.0,-0.0238455521281991
DM_RNA_759350.9.peg.1129,0.0,-0.020107226667877204
DM_RNA_759350.9.peg.1130,0.0,-0.011252164199967586
DM_RNA_759350.9.peg.1131,0.0,-0.01510203438297183
DM_RNA_759350.9.peg.1132,0.0,-0.017369680490196885
DM_RNA_759350.9.peg.1133,0.0,-0.017611011945865323
DM_RNA_759350.9.peg.1134,0.0,-0.009967962346711956
DM_RNA_759350.9.peg.1135,0.0,0.0
DM_RNA_759350.9.peg.1137,0.0,-0.022930410128342946
DM_RNA_759350.9.peg.1138,0.0,-0.02488646814464513
DM_RNA_759350.9.peg.1158,0.0,-0.011619543087124448
DM_RNA_759350.9.peg.1161,-2.168400085070524e-33,-5.363263026631239e-34
DM_RNA_759350.9.peg.1165,0.0,-0.06041727494964382
DM_RNA_759350.9.peg.1167,0.0,-0.01937590443543095
DM_RNA_759350.9.peg.1197,2.1999309962037752e-30,-2.651236648777625e-33
DM_RNA_759350.9.peg.1199,0.0,-0.009721618150800046
DM_RNA_759350.9.peg.1203,-2.168400085070524e-33,0.0
DM_RNA_759350.9.peg.1206,0.0,-0.02023906396142461
DM_RNA_759350.9.peg.1208,-2.168400085070524e-33,0.0
DM_RNA_759350.9.peg.1209,0.0,-0.02904988049166388
DM_RNA_759350.9.peg.1211,0.0,-0.02206905369431826
DM_RNA_759350.9.peg.1213,0.0,-0.014367764492296731
DM_RNA_759350.9.peg.1215,0.0,-0.022380501188192955
DM_RNA_759350.9.peg.1218,0.0,-0.059018804573252724
DM_RNA_759350.9.peg.1225,0.0,-0.01326300137818808
DM_RNA_759350.9.peg.1231,0.0,-0.013692673404895193
DM_RNA_759350.9.peg.1240,0.0,-0.05503019204578843
DM_RNA_759350.9.peg.1243,0.0,-0.025863595778231583
DM_RNA_759350.9.peg.1244,0.0,-0.01589211822055941
DM_RNA_759350.9.peg.1250,0.0,-0.03343934210634043
DM_RNA_759350.9.peg.1253,0.0,-0.02170798425349578
DM_RNA_759350.9.peg.1254,0.0,-0.01974904626069704
DM_RNA_759350.9.peg.1261,0.0,-0.025438363218126817
DM_RNA_759350.9.peg.1262,0.0,-0.01822396097537412
DM_RNA_759350.9.peg.1263,0.0,-0.0332661942835751
DM_RNA_759350.9.peg.1264,0.0,-0.026108558517358164
DM_RNA_759350.9.peg.1266,-2.168400085070524e-33,0.0
DM_RNA_759350.9.peg.1267,-2.168400085070524e-33,0.0
DM_RNA_759350.9.peg.1270,0.0,-0.007825755299792982
DM_RNA_759350.9.peg.1271,0.0,-0.00397511424617302
DM_RNA_759350.9.peg.1272,0.0,-0.012965478844395693
DM_RNA_759350.9.peg.1273,0.0,-0.014979985264987774
DM_RNA_759350.9.peg.1275,0.0,-0.02158012240892442
DM_RNA_759350.9.peg.1285,0.0,-0.0391215389737582
DM_RNA_759350.9.peg.1296,0.0,-0.020361438383715437
DM_RNA_759350.9.peg.1300,0.0,-0.015348940434117293
DM_RNA_759350.9.peg.1303,-2.168400085070524e-33,-2.067581819676989e-33
DM_RNA_759350.9.peg.1304,0.0,-0.03265787515067173
DM_RNA_759350.9.peg.1309,0.0,-0.023841272417587652
DM_RNA_759350.9.peg.1313,0.0,-0.0260512449938239
DM_RNA_759350.9.peg.1314,0.0,-0.016569910064715726
DM_RNA_759350.9.peg.1320,0.0,0.0
DM_RNA_759350.9.peg.1323,3.861307245004675e-30,0.0
DM_RNA_759350.9.peg.1326,0.0,-0.019798787188458317
DM_RNA_759350.9.peg.1332,0.0,-0.00605549792807127
DM_RNA_759350.9.peg.1334,0.0,-0.0058099959275895565
DM_RNA_759350.9.peg.1338,0.0,0.0
DM_RNA_759350.9.peg.1339,3.5688427606869445e-25,0.0
DM_RNA_759350.9.peg.1341,0.0,0.0
DM_RNA_759350.9.peg.1342,0.0,-0.02255102136608475
DM_RNA_759350.9.peg.1343,0.0,-8.400636897714838e-34
DM_RNA_759350.9.peg.1344,0.0,0.0
DM_RNA_759350.9.peg.1347,0.0,-0.022011006522480246
DM_RNA_759350.9.peg.1350,0.0,-0.02445085862592095
DM_RNA_759350.9.peg.1354,0.0,-0.019130512078280572
DM_RNA_759350.9.peg.1355,0.0,-0.019623281339915772
DM_RNA_759350.9.peg.1357,0.0,-0.013390047253340252
DM_RNA_759350.9.peg.1368,0.0,-0.027270332974291184
DM_RNA_759350.9.peg.1370,0.0,-0.014796540875881385
DM_RNA_759350.9.peg.1371,0.0,-0.013207444064625425
DM_RNA_759350.9.peg.1373,0.0,-0.012228731726724399
DM_RNA_759350.9.peg.1374,0.0,-0.023663098245024647
DM_RNA_759350.9.peg.1375,0.0,-0.02818868500973823
DM_RNA_759350.9.peg.1382,-2.168400085070524e-33,0.0
DM_RNA_759350.9.peg.1384,0.0,-0.01943989368198053
DM_RNA_759350.9.peg.1390,0.0,0.0
DM_RNA_759350.9.peg.1391,0.0,-0.030020462981257486
DM_RNA_759350.9.peg.1393,0.0,5.5540805667044925e-34
DM_RNA_759350.9.peg.1394,0.0,-0.05613744423709405
DM_RNA_759350.9.peg.1410,0.0,-0.024512576294869554
DM_RNA_759350.9.peg.1414,0.0,-0.024947058936945758
DM_RNA_759350.9.peg.1415,0.0,-0.024271630104709646
DM_RNA_759350.9.peg.1425,0.0,-0.018221455904783686
DM_RNA_759350.9.peg.1426,0.0,-0.016200196921763586
DM_RNA_759350.9.peg.1432,0.0,-0.004584151624313823
DM_RNA_759350.9.peg.1435,0.0,-1.0419372498680576e-33
DM_RNA_759350.9.peg.1436,0.0,-0.03697609322276738
DM_RNA_759350.9.peg.1437,0.0,-0.023723543111294296
DM_RNA_759350.9.peg.1440,0.0,-0.016387086038131077
DM_RNA_759350.9.peg.1443,0.0,-0.02512574735385184
DM_RNA_759350.9.peg.1445,0.0,-0.045985201510733764
DM_RNA_759350.9.peg.1447,0.0,-0.012046328170801254
DM_RNA_759350.9.peg.1449,0.0,-0.06897261447180894
DM_RNA_759350.9.peg.1450,0.0,-0.024948183912469783
DM_RNA_759350.9.peg.1451,0.0,-0.01149370744280545
DM_RNA_759350.9.peg.1459,0.0,-5.317326258128744e-34
DM_RNA_759350.9.peg.1469,-2.168400085070524e-33,0.0
DM_RNA_759350.9.peg.1474,0.0,-0.015651569233084285
DM_RNA_759350.9.peg.1476,0.0,-0.01332399071042043
DM_RNA_759350.9.peg.1483,0.0,-0.020836715175577867
DM_RNA_759350.9.peg.1494,0.0,-0.08022592482970431
DM_RNA_759350.9.peg.1502,0.0,-0.036685305142925465
DM_RNA_759350.9.peg.1503,0.0,-0.027392648001235205
DM_RNA_759350.9.peg.1505,0.0,-0.03692984063818089
DM_RNA_759350.9.peg.1510,0.0,-0.026960294742764707
DM_RNA_759350.9.peg.1523,0.0,-0.033143340164759484
DM_RNA_759350.9.peg.1529,0.0,-0.019380402661944768
DM_RNA_759350.9.peg.1538,0.0,-0.029284932981686114
DM_RNA_759350.9.peg.1543,0.0,0.0
DM_RNA_759350.9.peg.1547,0.0,-0.014735675950107104
DM_RNA_759350.9.peg.1548,-2.168400085070524e-33,1.306159520098254e-33
DM_RNA_759350.9.peg.1550,0.0,-0.02011690525553567
DM_RNA_759350.9.peg.1551,0.0,-0.03607266395499934
DM_RNA_759350.9.peg.1552,0.0,-0.005808556464889561
DM_RNA_759350.9.peg.1553,0.0,-0.024884167130375574
DM_RNA_759350.9.peg.1564,0.0,-0.06750412631048028
DM_RNA_759350.9.peg.1568,0.0,0.0
DM_RNA_759350.9.peg.1571,0.0,-0.020477793082458888
DM_RNA_759350.9.peg.1572,0.0,-0.00806816250638438
DM_RNA_759350.9.peg.1573,0.0,-0.01925537428499824
DM_RNA_759350.9.peg.1574,0.0,-0.020158741053742237
DM_RNA_759350.9.peg.1587,0.0,-0.04498752649028513
DM_RNA_759350.9.peg.1588,-1.153255610762251e-29,0.0
DM_RNA_759350.9.peg.1594,0.0,-0.04818371563021097
DM_RNA_759350.9.peg.1599,0.0,-0.0490919124290942
DM_RNA_759350.9.peg.1605,0.0,-0.038028694677430246
DM_RNA_759350.9.peg.1611,0.0,-0.023903220296046624
DM_RNA_759350.9.peg.1612,0.0,-0.02152255738058535
DM_RNA_759350.9.peg.1618,0.0,-0.020787178867382988
DM_RNA_759350.9.peg.1619,0.0,-0.026344930034721943
DM_RNA_759350.9.peg.1620,0.0,-0.015957837737219753
DM_RNA_759350.9.peg.1624,2.83894698174732e-30,-4.114196595516574e-34
DM_RNA_759350.9.peg.1625,0.0,-0.03699191109479551
DM_RNA_759350.9.peg.1630,0.0,-0.013819143038053846
DM_RNA_759350.9.peg.1631,0.0,-0.03166950059550409
DM_RNA_759350.9.peg.1632,0.0,-0.026156528910891277
DM_RNA_759350.9.peg.1636,0.0,-0.022199588130478096
DM_RNA_759350.9.peg.1637,0.0,-0.004340549461707727
DM_RNA_759350.9.peg.1639,0.0,-0.031003751615983247
DM_RNA_759350.9.peg.1644,0.0,-0.03204667364003744
DM_RNA_759350.9.peg.1645,0.0,-0.022685303391390837
DM_RNA_759350.9.peg.1648,0.0,0.0
DM_RNA_759350.9.peg.1655,0.0,-0.017960345548398024
DM_RNA_759350.9.peg.1656,0.0,-0.021445967253814063
DM_RNA_759350.9.peg.1657,0.0,-0.026592664997187997
DM_RNA_759350.9.peg.1660,0.0,-0.027512363087702343
DM_RNA_759350.9.peg.1667,0.0,0.0
DM_RNA_759350.9.peg.1671,0.0,-0.024811808174031072
DM_RNA_759350.9.peg.1672,0.0,8.964276741929999e-34
DM_RNA_759350.9.peg.1673,0.0,6.743456541652207e-34
DM_RNA_759350.9.peg.1681,0.0,-0.028792504101979418
DM_RNA_759350.9.peg.1682,0.0,-0.017855688228288803
DM_RNA_759350.9.peg.1683,0.0,-0.01223064003141864
DM_RNA_759350.9.peg.1685,0.0,-0.011493724977719468
DM_RNA_759350.9.peg.1686,0.0,-0.023786650409988105
DM_RNA_759350.9.peg.1694,0.0,-6.727859923849567e-34
DM_RNA_759350.9.peg.1696,0.0,-0.02066661632869288
DM_RNA_759350.9.peg.1711,0.0,-0.013512960694681136
DM_RNA_759350.9.peg.1712,0.0,-0.017787375005587993
DM_RNA_759350.9.peg.1718,0.0,-0.023291765345324886
DM_RNA_759350.9.peg.1722,0.0,0.0
DM_RNA_759350.9.peg.1723,0.0,-0.0196847969361754
DM_RNA_759350.9.peg.1724,0.0,-0.034305132920289826
DM_RNA_759350.9.peg.1733,0.0,-0.02084902409031202
DM_RNA_759350.9.peg.1752,0.0,-0.02623432190369586
DM_RNA_759350.9.peg.1756,0.0,-0.04878691571520385
DM_RNA_759350.9.peg.1757,0.0,-0.03160234177855041
DM_RNA_759350.9.peg.1758,0.0,-0.03418163764890417
DM_RNA_759350.9.peg.1761,0.0,9.333595299694749e-34
DM_RNA_759350.9.peg.1764,0.0,-0.014249241275562038
DM_RNA_759350.9.peg.1767,0.0,-0.02292707092442934
DM_RNA_759350.9.peg.1768,1.4483960653947705e-30,0.0
DM_RNA_759350.9.peg.1769,0.0,-0.009724279611394339
DM_RNA_759350.9.peg.1770,0.0,-0.05968211060808165
DM_RNA_759350.9.peg.1771,0.0,-0.021771476779666787
DM_RNA_759350.9.peg.1774,0.0,-9.049509536924146e-34
DM_RNA_759350.9.peg.1778,1.4483960653947705e-30,-5.356213884890691e-34
DM_RNA_759350.9.peg.1779,0.0,-0.011068702186362151
DM_RNA_759350.9.peg.1780,0.0,-0.020296655924663273
DM_RNA_759350.9.peg.1781,0.0,-0.008131177813959079
DM_RNA_759350.9.peg.1782,0.0,-0.007704342510011025
DM_RNA_759350.9.peg.1783,0.0,-0.0023241074876584524
DM_RNA_759350.9.peg.1784,0.0,-0.004462872443778658
DM_RNA_759350.9.peg.1785,0.0,-0.011434265377984082
DM_RNA_759350.9.peg.1787,0.0,-0.009233481208272361
DM_RNA_759350.9.peg.1788,0.0,-0.003974193738126853
DM_RNA_759350.9.peg.1789,0.0,-0.01492308090068769
DM_RNA_759350.9.peg.1790,0.0,-0.007582047198809661
DM_RNA_759350.9.peg.1791,0.0,-0.011005386276997788
DM_RNA_759350.9.peg.1792,0.0,-0.00813118262093193
DM_RNA_759350.9.peg.1793,0.0,-0.0037905273640236273
DM_RNA_759350.9.peg.1794,0.0,-0.01167665429629628
DM_RNA_759350.9.peg.1795,0.0,-0.006851589182740112
DM_RNA_759350.9.peg.1796,0.0,-0.007520686137170013
DM_RNA_759350.9.peg.1797,0.0,-0.005319241644995907
DM_RNA_759350.9.peg.1798,0.0,-0.005136621360237206
DM_RNA_759350.9.peg.1799,0.0,-0.00855890743410089
DM_RNA_759350.9.peg.1800,0.0,-0.016388616676081547
DM_RNA_759350.9.peg.1801,0.0,-0.00733839922914322
DM_RNA_759350.9.peg.1802,0.0,-0.005686153815560731
DM_RNA_759350.9.peg.1803,0.0,-0.016936839618106138
DM_RNA_759350.9.peg.1804,0.0,-0.00605300448277165
DM_RNA_759350.9.peg.1805,0.0,-0.013388759338881074
DM_RNA_759350.9.peg.1806,0.0,-0.01308443342111262
DM_RNA_759350.9.peg.1807,0.0,-0.006296691119608496
DM_RNA_759350.9.peg.1808,0.0,4.535254926575609e-34
DM_RNA_759350.9.peg.1810,0.0,-0.05564240185633723
DM_RNA_759350.9.peg.1813,0.0,-0.010028152625767244
DM_RNA_759350.9.peg.1814,0.0,-0.009170598272600765
DM_RNA_759350.9.peg.1815,-2.1966825976154683e-29,1.238707050132133e-33
DM_RNA_759350.9.peg.1823,0.0,-0.025185770837560996
DM_RNA_759350.9.peg.1826,0.0,0.0
DM_RNA_759350.9.peg.1827,0.0,-0.0034241739005382954
DM_RNA_759350.9.peg.1830,0.0,-0.005993078982312757
DM_RNA_759350.9.peg.1832,0.0,-0.014184002782355295
DM_RNA_759350.9.peg.1833,0.0,-0.015104503502752683
DM_RNA_759350.9.peg.1839,0.0,-0.007766350879390124
DM_RNA_759350.9.peg.1840,0.0,-0.010639734951299367
DM_RNA_759350.9.peg.1842,0.0,-0.028420127535437333
DM_RNA_759350.9.peg.1843,0.0,-0.0559450728927354
DM_RNA_759350.9.peg.1844,0.0,-0.005502112805569552
DM_RNA_759350.9.peg.1858,0.0,-0.033082458951733104
DM_RNA_759350.9.peg.1859,0.0,-0.0400537637692571
DM_RNA_759350.9.peg.1860,0.0,-0.01448846223010364
DM_RNA_759350.9.peg.1861,0.0,-0.018468722609768746
DM_RNA_759350.9.peg.1868,0.0,-0.014124108988978491
DM_RNA_759350.9.peg.1869,0.0,-0.008804757287659497
DM_RNA_759350.9.peg.1870,0.0,-0.018219507865058868
DM_RNA_759350.9.peg.1872,0.0,-0.0245785203711171
DM_RNA_759350.9.peg.1873,0.0,-0.023109037193983543
DM_RNA_759350.9.peg.1875,0.0,-0.0050749453725513795
DM_RNA_759350.9.peg.1876,0.0,-0.006298402186299824
DM_RNA_759350.9.peg.1877,0.0,-0.06383842471979251
DM_RNA_759350.9.peg.1878,0.0,-0.02458240097855152
DM_RNA_759350.9.peg.1890,0.0,-0.022680190114574377
DM_RNA_759350.9.peg.1891,0.0,-0.026840923887560028
DM_RNA_759350.9.peg.1893,0.0,-0.03173241853850037
DM_RNA_759350.9.peg.1894,0.0,-0.03919806841628531
DM_RNA_759350.9.peg.1896,0.0,-0.025557336781061698
DM_RNA_759350.9.peg.1897,0.0,7.694057337506067e-34
DM_RNA_759350.9.peg.1899,0.0,-0.022991065696526865
DM_RNA_759350.9.peg.1900,0.0,0.0
DM_RNA_759350.9.peg.1901,0.0,-8.132926844501315e-34
DM_RNA_759350.9.peg.1910,0.0,-0.01277883697171047
DM_RNA_759350.9.peg.1912,5.600385586939285e-30,6.480397514566848e-34
DM_RNA_759350.9.peg.1915,0.0,-0.031673994875390354
DM_RNA_759350.9.peg.1923,0.0,0.0
DM_RNA_759350.9.peg.1924,0.0,-0.02280310571547606
DM_RNA_759350.9.peg.1941,0.0,-0.026467246709535038
DM_RNA_759350.9.peg.1944,0.0,-0.025361761500223415
DM_RNA_759350.9.peg.1945,0.0,-0.012415083797355606
DM_RNA_759350.9.peg.1964,0.0,-1.3524978118765506e-33
DM_RNA_759350.9.peg.1973,0.0,-0.055998405842584524
DM_RNA_759350.9.peg.1989,0.0,-0.04305496518884249
DM_RNA_759350.9.peg.1992,0.0,-0.035345706733582
DM_RNA_759350.9.peg.1993,0.0,-0.043600423457942926
DM_RNA_759350.9.peg.1994,0.0,-0.020356464231375486
DM_RNA_759350.9.peg.2000,0.0,-0.03644493385751224
DM_RNA_759350.9.peg.2004,0.0,-0.020971549352586792
DM_RNA_759350.9.peg.2031,0.0,-0.03007115442085157
DM_RNA_759350.9.peg.2035,0.0,-0.01717287472788218
DM_RNA_759350.9.peg.2036,0.0,-0.017419798942931622
DM_RNA_759350.9.peg.2038,0.0,-0.027457203173389507
DM_RNA_759350.9.peg.2041,0.0,0.0
DM_RNA_759350.9.peg.2046,0.0,-0.025801386573507137
DM_RNA_759350.9.peg.2047,1.587829024217284e-30,0.0
DM_RNA_759350.9.peg.2049,0.0,-0.034048030940542554
DM_RNA_759350.9.peg.2051,0.0,-0.018577467185618885
DM_RNA_759350.9.peg.2053,0.0,-7.709931663375919e-34
DM_RNA_759350.9.peg.2055,0.0,-0.027075970219171703
DM_RNA_759350.9.peg.2058,0.0,-0.01766115053581782
DM_RNA_759350.9.peg.2059,0.0,-0.01894287619190606
DM_RNA_759350.9.peg.2060,0.0,0.0
DM_RNA_759350.9.peg.2062,0.0,-0.047017624005126685
DM_RNA_759350.9.peg.2064,0.0,-0.042236259661466664
DM_RNA_759350.9.peg.2073,0.0,-0.020239196682612887
DM_RNA_759350.9.peg.2075,0.0,-0.02298699325933913
DM_RNA_759350.9.peg.2077,0.0,-0.02023411361259358
DM_RNA_759350.9.peg.2078,0.0,-0.044753917620346445
DM_RNA_759350.9.peg.2079,0.0,-0.009354215691489596
DM_RNA_759350.9.peg.2089,0.0,-0.018891919310567135
DM_RNA_759350.9.peg.2090,0.0,-0.01938178348266314
DM_RNA_759350.9.peg.2092,0.0,-0.02886237316588997
DM_RNA_759350.9.peg.2096,0.0,-0.02078115916123071
DM_RNA_759350.9.peg.2102,0.0,-0.02053651600303471
DM_RNA_759350.9.peg.2103,0.0,-0.007336076570925541
DM_RNA_759350.9.peg.2104,0.0,-0.0027513911470978297
DM_RNA_BLJ_RS00085,0.0,-0.0014887928457670051
DM_RNA_BLJ_RS00090,0.0,-0.0015091993805156872
DM_RNA_BLJ_RS00430,0.0,-0.001753511995638856
DM_RNA_BLJ_RS00465,0.0,-0.001508506310824213
DM_RNA_BLJ_RS00920,0.0,-0.0014882419868342933
DM_RNA_BLJ_RS00925,0.0,-0.001528617849229635
DM_RNA_BLJ_RS01045,0.0,-0.0017325142482550277
DM_RNA_BLJ_RS01130,0.0,-0.0014880669837381304
DM_RNA_BLJ_RS01250,0.0,-0.001508523693649801
DM_RNA_BLJ_RS01390,0.0,-0.0015089790369426023
DM_RNA_BLJ_RS01470,0.0,-0.0015494887953665132
DM_RNA_BLJ_RS01550,0.0,-0.0014883201196486157
DM_RNA_BLJ_RS01555,0.0,-0.0014682768925969507
DM_RNA_BLJ_RS01560,0.0,0.0
DM_RNA_BLJ_RS01965,0.0,-0.0014878640229906335
DM_RNA_BLJ_RS01990,0.0,-0.0016511593813615221
DM_RNA_BLJ_RS01995,0.0,-0.0014879484972213843
DM_RNA_BLJ_RS02790,0.0,-0.0015087768295602864
DM_RNA_BLJ_RS02985,0.0,-0.001549455249663932
DM_RNA_BLJ_RS03465,0.0,-0.001610564682123457
DM_RNA_BLJ_RS03645,0.0,-0.0015090216507405681
DM_RNA_BLJ_RS03770,0.0,-0.001570123235053303
DM_RNA_BLJ_RS03830,0.0,-0.0014889030175535476
DM_RNA_BLJ_RS03835,0.0,-0.0014889030175535476
DM_RNA_BLJ_RS03855,0.0,-0.0014473048427689143
DM_RNA_BLJ_RS03985,0.0,-0.0015092921694766415
DM_RNA_BLJ_RS04465,0.0,-0.0017942413442706604
DM_RNA_BLJ_RS05215,0.0,-0.0015095883857685066
DM_RNA_BLJ_RS05295,0.0,-0.0014883201196486157
DM_RNA_BLJ_RS05300,0.0,0.0
DM_RNA_BLJ_RS05305,0.0,-0.0014682768925969507
DM_RNA_BLJ_RS05310,0.0,-0.0014478529750226701
DM_RNA_BLJ_RS05315,0.0,-0.0014883201196486157
DM_RNA_BLJ_RS05610,0.0,-0.0014885223270309318
DM_RNA_BLJ_RS05685,0.0,-0.0014883619800814007
DM_RNA_BLJ_RS05690,0.0,-0.001549479727271129
DM_RNA_BLJ_RS06525,0.0,-0.0014280119553533215
DM_RNA_BLJ_RS06735,0.0,-0.002387036395314833
DM_RNA_BLJ_RS06740,0.0,-0.06252263137154496
DM_RNA_BLJ_RS06745,0.0,-0.031086756943867585
DM_RNA_BLJ_RS06930,0.0,-0.0015084225899586429
DM_RNA_BLJ_RS07860,0.0,-0.0014885223270309318
DM_RNA_BLJ_RS08010,0.0,-0.0015090292121055912
DM_RNA_BLJ_RS08200,0.0,-0.001570494104115354
DM_RNA_BLJ_RS08295,0.0,-0.0015500041352828685
DM_RNA_BLJ_RS08300,0.0,-0.0015093763569256255
DM_RNA_BLJ_RS08315,0.0,-0.001467456268293346
DM_RNA_BLJ_RS08450,0.0,-0.0015095200744147492
DM_RNA_BLJ_RS08565,0.0,-0.001733332899244857
DM_RNA_BLJ_RS08675,0.0,-0.0017332827240818683
DM_RNA_BLJ_RS08900,0.0,-0.0017737581834380066
DM_RNA_BLJ_RS08940,0.0,-0.0015086674111389245
DM_RNA_BLJ_RS08945,0.0,-0.0014679052701697193
DM_RNA_BLJ_RS08950,0.0,-0.0016714119105771118
DM_RNA_BLJ_RS09085,0.0,-0.0015079735880822699
DM_RNA_BLJ_RS09150,0.0,-0.002387036395314833
DM_RNA_BLJ_RS09155,0.0,-0.06252263137154496
DM_RNA_BLJ_RS09160,0.0,-0.031107129932913678
DM_RNA_BLJ_RS09185,0.0,-0.0015496491423160443
DM_RNA_BLJ_RS09810,0.0,-0.0014882273306876612
DM_RNA_BLJ_RS10000,0.0,-0.0023868843630955056
DM_RNA_BLJ_RS10005,0.0,-0.06252263137154496
DM_RNA_BLJ_RS10010,0.0,-0.031107171793346464
DM_RNA_BLJ_RS10220,0.0,-0.0015089371765098175
formation_759350.9.peg.100-MONOMER,0.0,1.0725255142680635e-34
formation_759350.9.peg.101-MONOMER,0.0,0.0
formation_759350.9.peg.102-MONOMER,0.0,0.0
formation_759350.9.peg.104-MONOMER,2.297565926928587e-11,0.0
formation_759350.9.peg.1048-MONOMER,0.0,2.3254892702267685e-34
formation_759350.9.peg.1051-MONOMER,1.964739597485072e-09,0.0
formation_759350.9.peg.1053-MONOMER,0.0,-2.8275625949381104e-34
formation_759350.9.peg.1054-MONOMER,1.4397919056260267e-12,0.0
formation_759350.9.peg.1062-MONOMER,0.0,0.0
formation_759350.9.peg.1067-MONOMER,7.49620632108595e-13,-2.401412889195074e-34
formation_759350.9.peg.107-MONOMER,-5.957117841309576e-30,0.0
formation_759350.9.peg.1071-MONOMER,4.208275594824701e-65,0.0
formation_759350.9.peg.1082-MONOMER,3.4807742520819602e-12,0.0
formation_759350.9.peg.1084-MONOMER,0.0,0.0
formation_759350.9.peg.1089-MONOMER,1.4476489878669296e-09,0.0
formation_759350.9.peg.1090-MONOMER,7.667097382846598e-12,1.3928239597756609e-34
formation_759350.9.peg.1092-MONOMER,-6.470544725543945e-32,3.275039308727658e-34
formation_759350.9.peg.1094-MONOMER,3.671340418890644e-09,1.702448103816291e-34
formation_759350.9.peg.1096-MONOMER,1.6500639108109204e-12,0.0
formation_759350.9.peg.1097-MONOMER,3.1237068362299748e-09,0.0
formation_759350.9.peg.1100-MONOMER,4.593656873690521e-30,0.0
formation_759350.9.peg.1119-MONOMER,1.9293756093995902e-11,0.0
formation_759350.9.peg.112-MONOMER,0.0,0.0
formation_759350.9.peg.1130-MONOMER,1.997613569363859e-13,6.974456837506329e-35
formation_759350.9.peg.1131-MONOMER,4.7497142606419506e-11,-4.839714182449356e-34
formation_759350.9.peg.1132-MONOMER,5.905594025795239e-11,0.0
formation_759350.9.peg.1133-MONOMER,5.021792582649146e-08,0.0
formation_759350.9.peg.1135-MONOMER,0.0,0.0
formation_759350.9.peg.1137-MONOMER,0.0,1.7566868685235178e-34
formation_759350.9.peg.1138-MONOMER,0.0,0.0
formation_759350.9.peg.114-MONOMER,-1.419980579594423e-29,2.711100842883872e-34
formation_759350.9.peg.115-MONOMER,0.0,0.0
formation_759350.9.peg.1158-MONOMER,5.021792582649146e-08,0.0
formation_759350.9.peg.116-MONOMER,0.0,-1.507928158985976e-34
formation_759350.9.peg.1165-MONOMER,5.171038115255182e-12,0.0
formation_759350.9.peg.1167-MONOMER,9.184331785367423e-14,0.0
formation_759350.9.peg.117-MONOMER,-1.355132269692634e-30,0.0
formation_759350.9.peg.118-MONOMER,9.038816961756122e-31,0.0
formation_759350.9.peg.12-MONOMER,-9.647311929311352e-44,0.0
formation_759350.9.peg.1203-MONOMER,0.0,5.194249879654938e-34
formation_759350.9.peg.1213-MONOMER,1.7476559233037092e-12,0.0
formation_759350.9.peg.1215-MONOMER,0.0,-2.0328596576923695e-34
formation_759350.9.peg.1218-MONOMER,6.651355356985457e-12,-7.017689555211537e-34
formation_759350.9.peg.1231-MONOMER,1.0770163216933599e-29,0.0
formation_759350.9.peg.1244-MONOMER,0.0,0.0
formation_759350.9.peg.1250-MONOMER,-1.4116443687227655e-29,0.0
formation_759350.9.peg.1253-MONOMER,-8.265442419262633e-32,1.934295642598265e-34
formation_759350.9.peg.1254-MONOMER,-1.9957372102987882e-30,-2.975850765868396e-34
formation_759350.9.peg.126-MONOMER,5.929882270879193e-12,0.0
formation_759350.9.peg.1270-MONOMER,5.021792582649146e-08,5.996111221725831e-35
formation_759350.9.peg.1271-MONOMER,5.021792582649146e-08,0.0
formation_759350.9.peg.1272-MONOMER,1.997613569363859e-13,0.0
formation_759350.9.peg.1273-MONOMER,4.210120531379059e-14,-7.85719995724417e-35
formation_759350.9.peg.1275-MONOMER,1.1919978355641355e-09,7.82602204519459e-34
formation_759350.9.peg.1285-MONOMER,5.021792582649146e-08,0.0
formation_759350.9.peg.130-MONOMER,1.594989462733402e-15,0.0
formation_759350.9.peg.1300-MONOMER,7.663887531542623e-08,1.5594939924568928e-34
formation_759350.9.peg.1304-MONOMER,2.1483784024978525e-13,0.0
formation_759350.9.peg.1309-MONOMER,0.0,1.605319769736282e-34
formation_759350.9.peg.131-MONOMER,1.594989462733402e-15,0.0
formation_759350.9.peg.1314-MONOMER,6.412958512162233e-13,0.0
formation_759350.9.peg.1320-MONOMER,0.0,0.0
formation_759350.9.peg.1323-MONOMER,-6.814309837586029e-30,0.0
formation_759350.9.peg.1326-MONOMER,2.3757565082128504e-30,0.0
formation_759350.9.peg.1332-MONOMER,0.0,0.0
formation_759350.9.peg.1334-MONOMER,0.0,0.0
formation_759350.9.peg.1339-MONOMER,0.0,1.4430598157601287e-38
formation_759350.9.peg.1342-MONOMER,0.0,0.0
formation_759350.9.peg.1343-MONOMER,0.0,0.0
formation_759350.9.peg.1344-MONOMER,0.0,1.048425499995523e-34
formation_759350.9.peg.1347-MONOMER,-2.719934171985691e-49,0.0
formation_759350.9.peg.1350-MONOMER,0.0,0.0
formation_759350.9.peg.1354-MONOMER,5.529215773308864e-16,0.0
formation_759350.9.peg.1355-MONOMER,-5.3318545572782024e-45,-2.643873761343342e-34
formation_759350.9.peg.1357-MONOMER,3.339114504763145e-16,0.0
formation_759350.9.peg.1368-MONOMER,0.0,-2.0479082823941745e-34
formation_759350.9.peg.1370-MONOMER,0.0,0.0
formation_759350.9.peg.1371-MONOMER,1.4583226443466896e-31,0.0
formation_759350.9.peg.1390-MONOMER,0.0,0.0
formation_759350.9.peg.1391-MONOMER,4.825200861121686e-12,0.0
formation_759350.9.peg.1393-MONOMER,0.0,1.0777877035518247e-34
formation_759350.9.peg.1394-MONOMER,-1.562794156727712e-65,4.680795146766782e-34
formation_759350.9.peg.1410-MONOMER,0.0,0.0
formation_759350.9.peg.1425-MONOMER,-1.5784093519109322e-32,0.0
formation_759350.9.peg.1426-MONOMER,0.0,0.0
formation_759350.9.peg.1432-MONOMER,1.5408507168941846e-29,-3.253694177185858e-35
formation_759350.9.peg.1435-MONOMER,0.0,0.0
formation_759350.9.peg.1436-MONOMER,0.0,0.0
formation_759350.9.peg.1437-MONOMER,0.0,1.9184866270458426e-34
formation_759350.9.peg.1440-MONOMER,3.313908848788763e-12,-8.35781411150126e-35
formation_759350.9.peg.1443-MONOMER,3.135724665126199e-14,0.0
formation_759350.9.peg.1445-MONOMER,5.021792582649146e-08,0.0
formation_759350.9.peg.1451-MONOMER,3.709678560966168e-15,0.0
formation_759350.9.peg.1459-MONOMER,0.0,0.0
formation_759350.9.peg.1474-MONOMER,0.0,0.0
formation_759350.9.peg.1476-MONOMER,9.12821354721872e-14,0.0
formation_759350.9.peg.1502-MONOMER,4.029484353523264e-12,0.0
formation_759350.9.peg.1503-MONOMER,1.3388728557193422e-12,0.0
formation_759350.9.peg.1505-MONOMER,5.823558691496158e-11,0.0
formation_759350.9.peg.1523-MONOMER,1.6115283014835092e-15,0.0
formation_759350.9.peg.1529-MONOMER,4.1006784086423344e-30,1.322869163727338e-34
formation_759350.9.peg.1538-MONOMER,3.1144730922708554e-12,1.9643189132328717e-34
formation_759350.9.peg.1564-MONOMER,3.106880703804773e-12,3.66065450991852e-34
formation_759350.9.peg.1568-MONOMER,0.0,0.0
formation_759350.9.peg.157-MONOMER,0.0,0.0
formation_759350.9.peg.1571-MONOMER,0.0,0.0
formation_759350.9.peg.1587-MONOMER,-7.553010485592487e-30,-2.960093881679273e-34
formation_759350.9.peg.1588-MONOMER,2.1075501513080908e-29,0.0
formation_759350.9.peg.1594-MONOMER,-2.9135926320579277e-30,-2.950034744810207e-34
formation_759350.9.peg.1599-MONOMER,3.0652953316051654e-13,0.0
formation_759350.9.peg.160-MONOMER,0.0,-2.500715724163724e-34
formation_759350.9.peg.161-MONOMER,0.0,9.020149195727255e-34
formation_759350.9.peg.1611-MONOMER,9.205885319015183e-11,0.0
formation_759350.9.peg.1612-MONOMER,0.0,0.0
formation_759350.9.peg.1618-MONOMER,-1.4502839795955904e-32,0.0
formation_759350.9.peg.1619-MONOMER,0.0,-1.2499960274339562e-33
formation_759350.9.peg.1625-MONOMER,2.707693342595583e-12,0.0
formation_759350.9.peg.1631-MONOMER,0.0,0.0
formation_759350.9.peg.1636-MONOMER,5.243172931148245e-15,0.0
formation_759350.9.peg.1637-MONOMER,5.021792582649146e-08,-2.9074068135524955e-35
formation_759350.9.peg.1639-MONOMER,3.56473076210894e-10,0.0
formation_759350.9.peg.1644-MONOMER,0.0,0.0
formation_759350.9.peg.1645-MONOMER,0.0,-1.2426847013203361e-34
formation_759350.9.peg.1648-MONOMER,0.0,0.0
formation_759350.9.peg.1655-MONOMER,9.683393884333135e-31,0.0
formation_759350.9.peg.1657-MONOMER,0.0,0.0
formation_759350.9.peg.1667-MONOMER,0.0,0.0
formation_759350.9.peg.1671-MONOMER,0.0,0.0
formation_759350.9.peg.1672-MONOMER,0.0,0.0
formation_759350.9.peg.1673-MONOMER,0.0,0.0
formation_759350.9.peg.1685-MONOMER,4.755667438153129e-13,0.0
formation_759350.9.peg.1696-MONOMER,8.831894745487653e-30,0.0
formation_759350.9.peg.170-MONOMER,1.7588268045440203e-13,0.0
formation_759350.9.peg.1711-MONOMER,6.756745066476971e-13,7.407728793713927e-35
formation_759350.9.peg.1718-MONOMER,0.0,0.0
formation_759350.9.peg.1724-MONOMER,2.484125356014796e-12,4.05652126142185e-34
formation_759350.9.peg.1752-MONOMER,3.432764631410558e-12,0.0
formation_759350.9.peg.1757-MONOMER,-2.97117774945779e-30,0.0
formation_759350.9.peg.1761-MONOMER,0.0,2.0897854014087987e-34
formation_759350.9.peg.1764-MONOMER,1.127297660631266e-09,0.0
formation_759350.9.peg.1767-MONOMER,5.957421983948063e-14,0.0
formation_759350.9.peg.1769-MONOMER,3.339114504763145e-16,0.0
formation_759350.9.peg.1770-MONOMER,3.995227138727723e-13,0.0
formation_759350.9.peg.1771-MONOMER,3.0556073149505824e-13,-1.8323738581075044e-34
formation_759350.9.peg.1774-MONOMER,0.0,-1.6382743485676542e-34
formation_759350.9.peg.1779-MONOMER,5.021792582649146e-08,-6.832042422951776e-35
formation_759350.9.peg.1781-MONOMER,5.021792582649146e-08,0.0
formation_759350.9.peg.1782-MONOMER,5.021792582649146e-08,-5.969847829896577e-35
formation_759350.9.peg.1783-MONOMER,5.021792582649146e-08,0.0
formation_759350.9.peg.1784-MONOMER,1.997613569363859e-13,-2.482255521598826e-35
formation_759350.9.peg.1787-MONOMER,5.021792582649146e-08,-6.124604896681663e-35
formation_759350.9.peg.1788-MONOMER,5.021792582649146e-08,2.479244280970584e-35
formation_759350.9.peg.1789-MONOMER,5.021792582649146e-08,-1.350194009984013e-34
formation_759350.9.peg.1790-MONOMER,5.021792582649146e-08,5.629631562018223e-35
formation_759350.9.peg.1791-MONOMER,5.021792582649146e-08,0.0
formation_759350.9.peg.1792-MONOMER,5.021792582649146e-08,0.0
formation_759350.9.peg.1793-MONOMER,5.021792582649146e-08,-2.9074068135524955e-35
formation_759350.9.peg.1794-MONOMER,5.021792582649146e-08,1.2108193854360015e-34
formation_759350.9.peg.1795-MONOMER,5.021792582649146e-08,0.0
formation_759350.9.peg.1796-MONOMER,5.021792582649146e-08,0.0
formation_759350.9.peg.1797-MONOMER,5.021792582649146e-08,0.0
formation_759350.9.peg.1798-MONOMER,5.021792582649146e-08,0.0
formation_759350.9.peg.1799-MONOMER,5.021792582649146e-08,0.0
formation_759350.9.peg.1800-MONOMER,5.021792582649146e-08,0.0
formation_759350.9.peg.1801-MONOMER,5.021792582649146e-08,5.791636895734759e-35
formation_759350.9.peg.1802-MONOMER,5.021792582649146e-08,-5.777841453447783e-35
formation_759350.9.peg.1803-MONOMER,5.021792582649146e-08,0.0
formation_759350.9.peg.1804-MONOMER,5.021792582649146e-08,0.0
formation_759350.9.peg.1805-MONOMER,5.021792953617002e-08,0.0
formation_759350.9.peg.1806-MONOMER,5.021792953617002e-08,8.191391789432415e-35
formation_759350.9.peg.1807-MONOMER,5.021792953617002e-08,-3.620122076212078e-35
formation_759350.9.peg.1808-MONOMER,0.0,-9.04672953924896e-35
formation_759350.9.peg.1813-MONOMER,5.021792582649146e-08,0.0
formation_759350.9.peg.1814-MONOMER,5.021792953617002e-08,0.0
formation_759350.9.peg.1815-MONOMER,1.4537378359055245e-29,-2.7129262476947326e-34
formation_759350.9.peg.1823-MONOMER,-1.2619257999287087e-32,0.0
formation_759350.9.peg.1827-MONOMER,5.021792582649146e-08,-2.9074068135524955e-35
formation_759350.9.peg.1830-MONOMER,1.6115283014835092e-15,0.0
formation_759350.9.peg.1832-MONOMER,5.021792582649146e-08,0.0
formation_759350.9.peg.1833-MONOMER,0.0,9.315846579131943e-35
formation_759350.9.peg.1839-MONOMER,5.021792582649146e-08,-9.848649300330396e-35
formation_759350.9.peg.1840-MONOMER,5.021792582649146e-08,6.497093007760523e-35
formation_759350.9.peg.1842-MONOMER,7.117856708864571e-13,0.0
formation_759350.9.peg.1843-MONOMER,3.0923127702018914e-13,8.799280719368399e-34
formation_759350.9.peg.1844-MONOMER,5.021792582649146e-08,0.0
formation_759350.9.peg.1858-MONOMER,1.0531343405479194e-11,0.0
formation_759350.9.peg.1860-MONOMER,0.0,0.0
formation_759350.9.peg.1861-MONOMER,0.0,-9.420787258755493e-35
formation_759350.9.peg.1868-MONOMER,5.021792582649146e-08,0.0
formation_759350.9.peg.1869-MONOMER,5.021792582649146e-08,-4.5575728586092386e-35
formation_759350.9.peg.187-MONOMER,3.5754117550542943e-12,0.0
formation_759350.9.peg.1870-MONOMER,3.0556073149505824e-13,0.0
formation_759350.9.peg.1872-MONOMER,-1.8739989864867774e-65,0.0
formation_759350.9.peg.1875-MONOMER,5.021792582649146e-08,0.0
formation_759350.9.peg.1876-MONOMER,5.021792582649146e-08,0.0
formation_759350.9.peg.1877-MONOMER,2.0034687028578893e-15,1.5362337749894785e-33
formation_759350.9.peg.1890-MONOMER,0.0,2.0338751887338596e-34
formation_759350.9.peg.1891-MONOMER,-7.171549009130575e-33,2.9400103696876415e-34
formation_759350.9.peg.1894-MONOMER,3.2004336013919584e-12,3.2721895152957823e-34
formation_759350.9.peg.1896-MONOMER,0.0,1.6292959352683749e-34
formation_759350.9.peg.1897-MONOMER,0.0,-2.248483736769581e-34
formation_759350.9.peg.1899-MONOMER,8.435476477389558e-11,0.0
formation_759350.9.peg.1910-MONOMER,0.0,0.0
formation_759350.9.peg.1912-MONOMER,-7.412534184257041e-30,2.0758854973689753e-34
formation_759350.9.peg.1915-MONOMER,0.0,0.0
formation_759350.9.peg.1941-MONOMER,0.0,0.0
formation_759350.9.peg.1944-MONOMER,0.0,0.0
formation_759350.9.peg.1945-MONOMER,3.7499083816683554e-13,0.0
formation_759350.9.peg.1964-MONOMER,0.0,0.0
formation_759350.9.peg.1973-MONOMER,0.0,-3.1692787876870576e-34
formation_759350.9.peg.1989-MONOMER,0.0,0.0
formation_759350.9.peg.1992-MONOMER,0.0,0.0
formation_759350.9.peg.1993-MONOMER,-5.4826647022765385e-30,0.0
formation_759350.9.peg.1994-MONOMER,-4.8230017744426755e-30,-2.316350373627609e-34
formation_759350.9.peg.20-MONOMER,0.0,0.0
formation_759350.9.peg.2000-MONOMER,1.7050621819111718e-12,4.978465717802301e-34
formation_759350.9.peg.2004-MONOMER,3.339114504763145e-16,0.0
formation_759350.9.peg.2031-MONOMER,3.37505501555318e-12,-2.855003171275482e-34
formation_759350.9.peg.2041-MONOMER,0.0,-1.624552919001083e-34
formation_759350.9.peg.2047-MONOMER,-2.1016118869055507e-30,0.0
formation_759350.9.peg.2049-MONOMER,0.0,0.0
formation_759350.9.peg.2062-MONOMER,1.71843452094334e-11,-2.8875080990029705e-34
formation_759350.9.peg.2064-MONOMER,0.0,0.0
formation_759350.9.peg.2073-MONOMER,3.339114504763145e-16,0.0
formation_759350.9.peg.2075-MONOMER,2.069630746047302e-64,0.0
formation_759350.9.peg.2089-MONOMER,6.678229009526298e-16,0.0
formation_759350.9.peg.2090-MONOMER,3.1657961540886745e-12,0.0
formation_759350.9.peg.2096-MONOMER,3.946467744869174e-12,0.0
formation_759350.9.peg.2102-MONOMER,1.0695272433310411e-16,0.0
formation_759350.9.peg.2104-MONOMER,5.021792582649146e-08,0.0
formation_759350.9.peg.226-MONOMER,-3.255384985982477e-33,0.0
formation_759350.9.peg.227-MONOMER,-8.139126714204775e-33,0.0
formation_759350.9.peg.229-MONOMER,5.1221782560004e-33,2.023662502905539e-34
formation_759350.9.peg.234-MONOMER,2.011645964303182e-16,0.0
formation_759350.9.peg.235-MONOMER,-8.368278809348512e-43,-4.953660126398272e-34
formation_759350.9.peg.243-MONOMER,-3.6463495123376976e-65,0.0
formation_759350.9.peg.249-MONOMER,5.021792582649146e-08,-5.372553690775394e-35
formation_759350.9.peg.251-MONOMER,5.021792582649146e-08,0.0
formation_759350.9.peg.252-MONOMER,5.021792582649146e-08,0.0
formation_759350.9.peg.254-MONOMER,1.3744385222042495e-09,-3.4846475874524837e-34
formation_759350.9.peg.255-MONOMER,1.509216076086204e-13,4.764533409955879e-34
formation_759350.9.peg.256-MONOMER,0.0,0.0
formation_759350.9.peg.271-MONOMER,-8.95500985433049e-30,0.0
formation_759350.9.peg.273-MONOMER,4.660850528376365e-12,3.3281067734707892e-34
formation_759350.9.peg.274-MONOMER,0.0,1.724459222679234e-34
formation_759350.9.peg.284-MONOMER,-2.155637888586265e-30,-3.363466208523082e-34
formation_759350.9.peg.300-MONOMER,-4.145799160611851e-29,0.0
formation_759350.9.peg.301-MONOMER,1.4511341509130812e-12,2.6006166326270267e-34
formation_759350.9.peg.302-MONOMER,0.0,0.0
formation_759350.9.peg.305-MONOMER,3.6733516224498526e-14,-1.39821957101961e-34
formation_759350.9.peg.306-MONOMER,0.0,1.5418190260146111e-34
formation_759350.9.peg.32-MONOMER,2.8654816179902605e-10,0.0
formation_759350.9.peg.328-MONOMER,5.021792582649146e-08,-2.9074068135524955e-35
formation_759350.9.peg.340-MONOMER,3.339114504763145e-16,7.097242885976668e-35
formation_759350.9.peg.348-MONOMER,6.404011829297344e-30,0.0
formation_759350.9.peg.353-MONOMER,5.404389762694301e-14,-1.8474910262582645e-34
formation_759350.9.peg.36-MONOMER,-4.602637307594958e-46,0.0
formation_759350.9.peg.368-MONOMER,-3.30058469731789e-31,0.0
formation_759350.9.peg.373-MONOMER,5.021792582649146e-08,6.473924195861589e-35
formation_759350.9.peg.375-MONOMER,0.0,-2.3553735735577284e-34
formation_759350.9.peg.376-MONOMER,0.0,3.3838096598486957e-34
formation_759350.9.peg.377-MONOMER,0.0,0.0
formation_759350.9.peg.379-MONOMER,0.0,-3.8916808855641545e-33
formation_759350.9.peg.383-MONOMER,3.811139362763694e-13,-2.9098161727179434e-34
formation_759350.9.peg.384-MONOMER,1.6023571880094635e-12,0.0
formation_759350.9.peg.39-MONOMER,7.407239489053344e-13,3.4788594514379055e-34
formation_759350.9.peg.390-MONOMER,5.021792582649146e-08,-2.9074068135524955e-35
formation_759350.9.peg.398-MONOMER,2.6690984375678264e-14,0.0
formation_759350.9.peg.400-MONOMER,7.419357121932345e-15,-1.2553688876910306e-34
formation_759350.9.peg.407-MONOMER,1.0107752285553604e-09,-3.766272080707904e-34
formation_759350.9.peg.410-MONOMER,5.021792582649146e-08,0.0
formation_759350.9.peg.414-MONOMER,5.516242238180993e-13,-2.4553097520888157e-34
formation_759350.9.peg.415-MONOMER,0.0,0.0
formation_759350.9.peg.417-MONOMER,-2.6834015068293457e-64,0.0
formation_759350.9.peg.422-MONOMER,2.615674172422492e-29,0.0
formation_759350.9.peg.426-MONOMER,1.29870361404569e-09,0.0
formation_759350.9.peg.431-MONOMER,0.0,0.0
formation_759350.9.peg.437-MONOMER,3.506351570702282e-18,-1.4066999565587556e-34
formation_759350.9.peg.453-MONOMER,-3.7124882227653e-30,0.0
formation_759350.9.peg.457-MONOMER,0.0,0.0
formation_759350.9.peg.461-MONOMER,0.0,0.0
formation_759350.9.peg.508-MONOMER,-6.454269018886166e-33,0.0
formation_759350.9.peg.509-MONOMER,-5.528113564867242e-33,4.994231972241323e-34
formation_759350.9.peg.51-MONOMER,0.0,-7.94429207046926e-35
formation_759350.9.peg.511-MONOMER,6.385614887478848e-30,0.0
formation_759350.9.peg.520-MONOMER,4.2584753631233923e-13,0.0
formation_759350.9.peg.525-MONOMER,1.9451818400523767e-13,1.7416760427086918e-34
formation_759350.9.peg.534-MONOMER,0.0,0.0
formation_759350.9.peg.542-MONOMER,0.0,0.0
formation_759350.9.peg.544-MONOMER,0.0,-1.7588569784889696e-34
formation_759350.9.peg.548-MONOMER,3.976815713872284e-14,-1.017344336658157e-34
formation_759350.9.peg.554-MONOMER,1.1870957425539831e-29,1.295944780788548e-34
formation_759350.9.peg.559-MONOMER,6.017972035074917e-14,0.0
formation_759350.9.peg.562-MONOMER,0.0,1.8827160012197441e-34
formation_759350.9.peg.565-MONOMER,1.6851496629718763e-47,9.383912457341004e-35
formation_759350.9.peg.566-MONOMER,0.0,7.224891089930454e-35
formation_759350.9.peg.568-MONOMER,0.0,0.0
formation_759350.9.peg.573-MONOMER,0.0,-4.259640976782976e-34
formation_759350.9.peg.58-MONOMER,0.0,-7.696547115803058e-35
formation_759350.9.peg.581-MONOMER,0.0,6.741314909539127e-34
formation_759350.9.peg.582-MONOMER,0.0,-3.2878793237231163e-34
formation_759350.9.peg.609-MONOMER,0.0,0.0
formation_759350.9.peg.61-MONOMER,0.0,0.0
formation_759350.9.peg.614-MONOMER,0.0,0.0
formation_759350.9.peg.616-MONOMER,5.021792582649146e-08,0.0
formation_759350.9.peg.617-MONOMER,5.021792582649146e-08,-8.252590066826724e-35
formation_759350.9.peg.618-MONOMER,5.905594025795239e-11,4.745694455381688e-34
formation_759350.9.peg.620-MONOMER,5.905594025795239e-11,-2.258775249651292e-34
formation_759350.9.peg.631-MONOMER,8.611860715019893e-30,-1.8495228821833568e-34
formation_759350.9.peg.632-MONOMER,0.0,0.0
formation_759350.9.peg.633-MONOMER,0.0,0.0
formation_759350.9.peg.635-MONOMER,7.8345345608003e-12,1.4186294651332897e-34
formation_759350.9.peg.645-MONOMER,0.0,-7.280285706918506e-35
formation_759350.9.peg.646-MONOMER,0.0,3.135047250679928e-35
formation_759350.9.peg.651-MONOMER,8.2896043253287e-46,0.0
formation_759350.9.peg.653-MONOMER,1.0745289276068118e-45,1.8837110412730679e-34
formation_759350.9.peg.658-MONOMER,2.1014644059992945e-12,0.0
formation_759350.9.peg.659-MONOMER,4.6287038477736074e-46,-2.9152898545941e-34
formation_759350.9.peg.661-MONOMER,3.2549907078871644e-12,1.8323738581075044e-34
formation_759350.9.peg.662-MONOMER,3.1089393629575673e-12,-2.0450084828545625e-34
formation_759350.9.peg.665-MONOMER,1.4606546986146422e-12,-3.5664682207766497e-34
formation_759350.9.peg.668-MONOMER,0.0,0.0
formation_759350.9.peg.675-MONOMER,1.5309882141745467e-12,0.0
formation_759350.9.peg.681-MONOMER,7.163413311776202e-16,7.029421210198174e-35
formation_759350.9.peg.682-MONOMER,1.4949256772382566e-49,0.0
formation_759350.9.peg.690-MONOMER,1.0780723240755384e-29,2.250347949275729e-35
formation_759350.9.peg.691-MONOMER,0.0,0.0
formation_759350.9.peg.696-MONOMER,2.1491946524926255e-13,2.85479899004897e-34
formation_759350.9.peg.697-MONOMER,8.252582439051465e-13,0.0
formation_759350.9.peg.700-MONOMER,0.0,0.0
formation_759350.9.peg.716-MONOMER,3.0556073149505824e-13,-6.349026042482804e-35
formation_759350.9.peg.729-MONOMER,3.5834734785427676e-11,8.792021848852881e-35
formation_759350.9.peg.73-MONOMER,1.8296551802317196e-12,0.0
formation_759350.9.peg.740-MONOMER,-2.7443526793362926e-46,-2.6121622980069995e-34
formation_759350.9.peg.741-MONOMER,5.021792582649146e-08,0.0
formation_759350.9.peg.742-MONOMER,4.691280699624703e-14,0.0
formation_759350.9.peg.746-MONOMER,0.0,-7.897435546372509e-35
formation_759350.9.peg.774-MONOMER,-2.187113722588637e-30,-6.1769152612345385e-34
formation_759350.9.peg.777-MONOMER,9.321793445793462e-30,6.484873933212796e-35
formation_759350.9.peg.779-MONOMER,-3.0263580954133293e-30,-2.347121858117654e-34
formation_759350.9.peg.781-MONOMER,6.317641165207561e-12,-1.4732554413462677e-33
formation_759350.9.peg.782-MONOMER,4.406930200005625e-09,0.0
formation_759350.9.peg.785-MONOMER,6.34727388670396e-44,0.0
formation_759350.9.peg.790-MONOMER,7.715472851509063e-10,0.0
formation_759350.9.peg.793-MONOMER,2.9296829759476394e-14,0.0
formation_759350.9.peg.799-MONOMER,2.2247574223412825e-14,-2.0971587409366354e-34
formation_759350.9.peg.802-MONOMER,5.4845420961284616e-11,1.2660475124713908e-34
formation_759350.9.peg.804-MONOMER,0.0,0.0
formation_759350.9.peg.805-MONOMER,5.021792582649146e-08,2.5511836074697908e-34
formation_759350.9.peg.806-MONOMER,0.0,0.0
formation_759350.9.peg.811-MONOMER,0.0,0.0
formation_759350.9.peg.815-MONOMER,4.1454931047909856e-14,-2.6410480070679837e-34
formation_759350.9.peg.821-MONOMER,-4.236878506197929e-30,0.0
formation_759350.9.peg.827-MONOMER,0.0,0.0
formation_759350.9.peg.85-MONOMER,-1.4813270410504943e-30,0.0
formation_759350.9.peg.857-MONOMER,-9.331643109072787e-31,-1.1783900298694806e-34
formation_759350.9.peg.87-MONOMER,0.0,0.0
formation_759350.9.peg.873-MONOMER,0.0,1.0050746500521218e-34
formation_759350.9.peg.880-MONOMER,9.77813175570996e-13,0.0
formation_759350.9.peg.881-MONOMER,1.7806147364912483e-12,7.758138542211928e-35
formation_759350.9.peg.886-MONOMER,5.021792953617002e-08,0.0
formation_759350.9.peg.896-MONOMER,6.7261639932489925e-12,0.0
formation_759350.9.peg.9-MONOMER,1.371667048032578e-44,1.1805208898200122e-33
formation_759350.9.peg.902-MONOMER,-7.990934288584629e-30,-7.401632942725184e-35
formation_759350.9.peg.91-MONOMER,-2.3319321329426693e-30,0.0
formation_759350.9.peg.917-MONOMER,3.339114504763145e-16,2.711465205046066e-34
formation_759350.9.peg.918-MONOMER,-2.320970519894257e-29,-2.592539421053532e-34
formation_759350.9.peg.919-MONOMER,8.944026808944909e-45,1.2069743220214613e-34
formation_759350.9.peg.920-MONOMER,8.091277174041947e-11,0.0
formation_759350.9.peg.921-MONOMER,-5.101143003221321e-44,0.0
formation_759350.9.peg.923-MONOMER,5.021792582649146e-08,0.0
formation_759350.9.peg.928-MONOMER,5.021792582649146e-08,-2.923567564731415e-35
formation_759350.9.peg.932-MONOMER,-5.363587340639622e-30,0.0
formation_759350.9.peg.945-MONOMER,0.0,0.0
formation_759350.9.peg.95-MONOMER,0.0,0.0
formation_759350.9.peg.978-MONOMER,3.970799443972609e-11,0.0
formation_759350.9.peg.98-MONOMER,0.0,0.0
formation_759350.9.peg.981-MONOMER,9.466252371455303e-11,0.0
formation_759350.9.peg.99-MONOMER,0.0,-1.271520337047684e-34
formation_759350.9.peg.990-MONOMER,2.102835355427237e-31,0.0
formation_CPLX_ACHBPL-0,3.415488582851176e-12,9.316586799215198e-34
formation_CPLX_AIRC4-0,1.4490386527477687e-65,2.5241284248474385e-34
formation_CPLX_ANS-0,0.0,0.0
formation_CPLX_ARBTpts-0,0.0,-6.445116886320412e-34
formation_CPLX_ARBabc-0,0.0,0.0
formation_CPLX_ARBabc-1,0.0,3.5060382823051756e-34
formation_CPLX_ARBabc-10,0.0,0.0
formation_CPLX_ARBabc-11,0.0,0.0
formation_CPLX_ARBabc-12,0.0,3.504611012257627e-34
formation_CPLX_ARBabc-13,0.0,0.0
formation_CPLX_ARBabc-14,0.0,0.0
formation_CPLX_ARBabc-15,0.0,3.524132608136858e-34
formation_CPLX_ARBabc-16,0.0,-1.0562777838230561e-33
formation_CPLX_ARBabc-17,0.0,0.0
formation_CPLX_ARBabc-18,0.0,0.0
formation_CPLX_ARBabc-19,0.0,-3.540644884655557e-34
formation_CPLX_ARBabc-2,0.0,3.5699650246670255e-34
formation_CPLX_ARBabc-20,0.0,3.520441879515306e-34
formation_CPLX_ARBabc-21,0.0,-3.521935958893686e-34
formation_CPLX_ARBabc-22,0.0,0.0
formation_CPLX_ARBabc-23,0.0,-3.540172396556963e-34
formation_CPLX_ARBabc-24,0.0,0.0
formation_CPLX_ARBabc-25,0.0,3.5354679995545415e-34
formation_CPLX_ARBabc-26,0.0,0.0
formation_CPLX_ARBabc-27,0.0,0.0
formation_CPLX_ARBabc-28,0.0,-3.518923415584795e-34
formation_CPLX_ARBabc-29,0.0,0.0
formation_CPLX_ARBabc-3,0.0,-3.5462112886291653e-34
formation_CPLX_ARBabc-30,0.0,-3.562656411236496e-34
formation_CPLX_ARBabc-31,0.0,0.0
formation_CPLX_ARBabc-4,0.0,0.0
formation_CPLX_ARBabc-5,0.0,0.0
formation_CPLX_ARBabc-6,0.0,-3.5695090660780647e-34
formation_CPLX_ARBabc-7,0.0,0.0
formation_CPLX_ARBabc-8,0.0,0.0
formation_CPLX_ARBabc-9,0.0,-3.518924602987647e-34
formation_CPLX_ASPKi-0,7.061543497122303e-11,0.0
formation_CPLX_ATPS4-0,1.6810956473971018e-11,-5.600908968158557e-33
formation_CPLX_BTNCLi-0,6.8170861902423814e-12,0.0
formation_CPLX_DHORD2-0,0.0,-1.976155063004462e-34
formation_CPLX_DRIBabc-0,-9.107236697313182e-31,9.115363574571692e-34
formation_CPLX_DRIBabc-1,1.1143154316933826e-30,-1.2915320883823697e-34
formation_CPLX_FRD2-0,-1.1080833767712722e-39,3.8409555114748315e-34
formation_CPLX_IPPMIa-0,0.0,0.0
formation_CPLX_MALTTRabc-0,4.257933619454804e-31,1.1241427001177647e-33
formation_CPLX_MALTTRabc-1,0.0,-5.081640020862168e-34
formation_CPLX_MALTTRabc-2,0.0,5.620713500588823e-34
formation_CPLX_MALTTRabc-3,-1.5605439530610026e-30,-5.081640020862168e-34
formation_CPLX_MALTabc-0,0.0,5.620713500588823e-34
formation_CPLX_MALTabc-1,0.0,0.0
formation_CPLX_MALTabc-2,0.0,2.8103567502944117e-34
formation_CPLX_MALTabc-3,0.0,-5.081640020862168e-34
formation_CPLX_METDabc-0,1.2584433191009022e-12,-1.1783924140162184e-34
formation_CPLX_NAt3_1-0,0.0,-4.787517803787016e-34
formation_CPLX_PIabc-0,0.0,-1.2795906023378128e-33
formation_CPLX_PRAMPC-0,0.0,0.0
formation_CPLX_RNDR1-0,3.7850817575059636e-13,2.9435286845419964e-33
formation_CPLX_SUCOAS-0,-1.3745011339887508e-30,0.0
formation_CPLX_THD2-0,0.0,2.5394804310448036e-34
formation_CPLX_THD2-1,0.0,-8.854402666703174e-34
formation_CPLX_THMabc-0,1.6187374818974437e-47,0.0
formation_CPLX_THZPSN-0,0.0,0.0
formation_CPLX_YUMPS-0,-9.58530906525466e-31,0.0
formation_CPLX_YUMPS-1,1.0881007773728553e-30,0.0
formation_CPLX_ZNabc-0,0.0,-2.4743217015636285e-34
formation_CPLX_ZNabc-1,0.0,2.4743217015636285e-34
formation_CPLX_dreplication-0,1.8802156175072135e-30,8.170014499051801e-33
formation_CPLX_dreplication-1,-1.8787805966942522e-30,1.2257361188370092e-32
formation_CPLX_pbiosynthesis-0,3.709678560966168e-15,-6.499414477780728e-32
formation_CPLX_rtranscription-0,3.0556073149505824e-13,1.5076940976237182e-32
formation_759350.9.peg.109-MONOMER_mod_mg2(1),-5.357275891953971e-30,6.851663130764296e-34
formation_759350.9.peg.1494-MONOMER_mod_zn2(1),-1.904549830213086e-29,-5.797709084112513e-34
formation_759350.9.peg.1494-MONOMER_mod_cobalt2(1),0.0,6.1228474023004315e-34
formation_759350.9.peg.695-MONOMER_mod_pydx5p(1),2.9040510127423107e-30,1.6350019172315006e-33
formation_759350.9.peg.128-MONOMER_mod_zn2(1)_mod_mg2(1),4.0306206964340693e-14,0.0
formation_759350.9.peg.974-MONOMER_mod_zn2(1),0.0,0.0
formation_759350.9.peg.588-MONOMER_mod_mg2(1),3.432232431448506e-31,1.3703326261528592e-33
formation_759350.9.peg.1605-MONOMER_mod_mg2(1),0.0,6.290353627210541e-34
formation_759350.9.peg.1810-MONOMER_mod_fe2(1),1.3337326757480032e-45,1.7573083488537186e-32
formation_759350.9.peg.1632-MONOMER_mod_mg2(1),0.0,1.712915782691074e-34
formation_759350.9.peg.663-MONOMER_mod_mg2(1),2.149806046397169e-12,2.7725120309258595e-34
formation_759350.9.peg.780-MONOMER_mod_mg2(1),4.363919117527691e-09,0.0
formation_759350.9.peg.1240-MONOMER_mod_4fe4s(1),0.0,7.703719770374295e-34
formation_759350.9.peg.664-MONOMER_mod_pydx5p(1),1.7513702655486097e-12,3.6333375938477792e-34
formation_759350.9.peg.374-MONOMER_mod_pydx5p(1),0.0,0.0
formation_759350.9.peg.1785-MONOMER_mod_mg2(1),3.2161420309177555e-10,1.2599811227085668e-34
formation_759350.9.peg.1075-MONOMER_mod_mg2(1),0.0,-1.3566273902530409e-34
formation_759350.9.peg.1075-MONOMER_mod_mn2(1),1.2325924303023116e-13,-1.2856675846102814e-34
formation_759350.9.peg.94-MONOMER_mod_mg2(1),4.3967658467918754e-13,3.425831565382148e-34
formation_759350.9.peg.1313-MONOMER_mod_zn2(1),1.4549594177155438e-46,6.955871003874242e-34
formation_759350.9.peg.1620-MONOMER_mod_fe2(2),9.44029837547994e-15,3.776856705600433e-33
formation_759350.9.peg.416-MONOMER_mod_mn2(1),0.0,-1.326946689967941e-33
formation_759350.9.peg.667-MONOMER_mod_mg2(1),9.768486786531976e-13,0.0
formation_759350.9.peg.309-MONOMER_mod_mg2(1),0.0,6.851663130764296e-34
formation_759350.9.peg.309-MONOMER_mod_mn2(1),0.0,7.1896225736742925e-34
formation_759350.9.peg.309-MONOMER_mod_cobalt2(1),0.0,0.0
formation_759350.9.peg.1263-MONOMER_mod_fad(1),0.0,2.471840837501505e-34
formation_CPLX_CBPS-0_mod_mg2(1),0.0,-1.3703326261528592e-33
formation_CPLX_CBPS-0_mod_mn2(1),0.0,0.0
formation_CPLX_CBPS-0_mod_cobalt2(1),0.0,-1.4755572912739446e-33
formation_CPLX_CBPS-0_mod_cd2(1),0.0,-1.662872722848439e-33
formation_CPLX_CBPS-0_mod_zn2(1),1.7675000343757383e-11,1.3911742007748484e-33
formation_759350.9.peg.900-MONOMER_mod_fmnh2(1),0.0,0.0
formation_759350.9.peg.900-MONOMER_mod_fadh2(1),-3.520500953662648e-31,8.062388578235882e-34
formation_759350.9.peg.1510-MONOMER_mod_fe2(1)_mod_zn2(1),0.0,0.0
formation_759350.9.peg.1510-MONOMER_mod_mn2(1)_mod_zn2(1),0.0,0.0
formation_759350.9.peg.1510-MONOMER_mod_cobalt2(1)_mod_zn2(1),0.0,3.7687224391824556e-34
formation_759350.9.peg.903-MONOMER_mod_mg2(1),2.030203136453934e-11,0.0
formation_759350.9.peg.555-MONOMER_mod_pydx5p(1),2.0886704394512005e-14,0.0
formation_759350.9.peg.1893-MONOMER_mod_pydx5p(1),-3.7021922132762564e-33,0.0
formation_759350.9.peg.1129-MONOMER_mod_mg2(1)_mod_k(1),1.3718685828672519e-12,-1.3246354968908505e-34
formation_759350.9.peg.378-MONOMER_mod_mg2(1),0.0,0.0
formation_759350.9.peg.350-MONOMER_mod_fe2(1),-1.0518096604457058e-30,-1.0140652176118056e-33
formation_759350.9.peg.1447-MONOMER_mod_mg2(1),7.714655182305253e-11,1.3506280745780126e-34
formation_759350.9.peg.1551-MONOMER_mod_4fe4s(1),2.228342090580255e-12,3.8518598815998236e-34
formation_759350.9.peg.1723-MONOMER_mod_mg2(1),6.843589850395582e-14,1.4012530598908155e-34
formation_759350.9.peg.1681-MONOMER_mod_mg2(1),7.738368012916267e-14,1.712915782691074e-34
formation_759350.9.peg.466-MONOMER_mod_fmn(1),-7.625263349796042e-30,1.854936832051082e-34
formation_759350.9.peg.980-MONOMER_mod_cobalt2(1)_mod_zn2(1),2.3843153596026564e-11,0.0
formation_759350.9.peg.980-MONOMER_mod_mn2(1)_mod_zn2(1),0.0,0.0
formation_759350.9.peg.980-MONOMER_mod_ni2(1)_mod_zn2(1),0.0,3.2765635765875514e-34
formation_759350.9.peg.1682-MONOMER_mod_mg2(1),6.617017164234839e-14,-2.765130712819657e-34
formation_759350.9.peg.901-MONOMER_mod_cobalt2(1)_mod_nad(1),-6.206883368742169e-30,-6.010376088357766e-33
formation_759350.9.peg.1211-MONOMER_mod_mg2(1),2.990873466467394e-13,3.1888524993830857e-34
formation_759350.9.peg.1296-MONOMER_mod_nadph(1)_mod_nadh(1)_mod_fad(1)_mod_cobalt2(1),1.7513533638380593e-12,-1.1813981488898457e-33
formation_759350.9.peg.1206-MONOMER_mod_k(1)_mod_mg2(1),0.0,2.8018602707288346e-34
formation_759350.9.peg.166-MONOMER_mod_mg2(1),5.26855326149215e-13,0.0
formation_759350.9.peg.1199-MONOMER_mod_zn2(1),0.0,0.0
formation_759350.9.peg.1415-MONOMER_mod_mn2(1),0.0,3.5948112868371463e-34
formation_759350.9.peg.1415-MONOMER_mod_cobalt2(1),1.5818090937434764e-12,0.0
formation_759350.9.peg.1415-MONOMER_mod_mg2(1),0.0,-3.425831565382148e-34
formation_759350.9.peg.579-MONOMER_mod_thmpp(1),1.0072238197420444e-12,0.0
formation_759350.9.peg.709-MONOMER_mod_mg2(4),1.7145394187171999e-09,-4.0656610520857474e-34
formation_759350.9.peg.784-MONOMER_mod_mg2(1),3.696619590622217e-13,0.0
formation_759350.9.peg.470-MONOMER_mod_mg2(1),-8.652448678406337e-30,1.3363818961399352e-34
formation_759350.9.peg.469-MONOMER_mod_fe2(1)_mod_zn2(1),0.0,0.0
formation_759350.9.peg.611-MONOMER_mod_mg2(1),0.0,0.0
formation_759350.9.peg.45-MONOMER_mod_pydx5p(1),0.0,-6.1427820697696825e-34
formation_759350.9.peg.910-MONOMER_mod_mg2(1),0.0,-6.577510129137306e-34
formation_759350.9.peg.649-MONOMER_mod_mn2(1),0.0,-5.751698058939434e-33
formation_759350.9.peg.1873-MONOMER_mod_mg2(1),9.215017256529862e-13,6.851663130764296e-34
formation_CPLX_GLUOX-0_mod_fe2(1)_mod_fad(1),7.557150658525916e-12,0.0
formation_759350.9.peg.591-MONOMER_mod_mg2(1),0.0,6.851663130764296e-34
formation_759350.9.peg.187-MONOMER_mod_mg2(1)_mod_zn2(1),3.7465136406193616e-13,1.7275992533218036e-34
formation_759350.9.peg.788-MONOMER_mod_mg2(1),-4.494789572173395e-32,0.0
formation_759350.9.peg.18-MONOMER_mod_mg2(1),0.0,-1.3274238546107625e-34
formation_759350.9.peg.1683-MONOMER_mod_zn2(1),2.5021709094768977e-14,-6.955871003874242e-34
formation_759350.9.peg.1197-MONOMER_mod_mn2(1),-1.4558875865973404e-30,-2.69597826698076e-34
formation_759350.9.peg.24-MONOMER_mod_zn2(1),8.452967558789813e-11,0.0
formation_759350.9.peg.1375-MONOMER_mod_mn2(1),0.0,0.0
formation_759350.9.peg.1374-MONOMER_mod_pydx5p(1),0.0,3.6333375938477792e-34
formation_759350.9.peg.1373-MONOMER_mod_mg2(1),0.0,1.3656283776135097e-34
formation_759350.9.peg.1373-MONOMER_mod_mn2(1),0.0,-1.2941916338600555e-34
formation_759350.9.peg.924-MONOMER_mod_pydx5p(6),2.7340171550850517e-12,8.712807139447408e-34
formation_759350.9.peg.924-MONOMER_mod_pydx5p(1),0.0,-7.2666751876955585e-34
formation_759350.9.peg.460-MONOMER_mod_k(1)_mod_mg2(1),0.0,0.0
formation_759350.9.peg.1694-MONOMER_mod_fe2(1),0.0,0.0
formation_759350.9.peg.1414-MONOMER_mod_mn2(1),2.611656207908648e-12,-3.594811286837146e-33
formation_759350.9.peg.736-MONOMER_mod_mn2(1),2.227490052073083e-12,2.578405035674585e-33
formation_759350.9.peg.344-MONOMER_mod_mg2(1),0.0,-2.763086001485594e-34
formation_759350.9.peg.344-MONOMER_mod_mn2(1),0.0,-2.6184960175384315e-34
formation_759350.9.peg.344-MONOMER_mod_cobalt2(1),1.9687432656881486e-12,0.0
formation_759350.9.peg.1553-MONOMER_mod_k(4)_mod_mg2(1),0.0,-6.910397013287214e-34
formation_759350.9.peg.1553-MONOMER_mod_k(4)_mod_mn2(1),0.0,8.535816200964028e-34
formation_759350.9.peg.1553-MONOMER_mod_k(4)_mod_cobalt2(1),0.0,0.0
formation_759350.9.peg.1553-MONOMER_mod_k(4)_mod_zn2(1),5.1462746507254867e-14,7.791147624115616e-34
formation_759350.9.peg.1553-MONOMER_mod_k(4)_mod_cd2(1),0.0,1.8543316638787112e-33
formation_759350.9.peg.1553-MONOMER_mod_k(4)_mod_ni2(1),0.0,-2.069539049518397e-33
formation_759350.9.peg.1553-MONOMER_mod_k(4)_mod_ca2(1),0.0,0.0
formation_759350.9.peg.1553-MONOMER_mod_nh4(4)_mod_mg2(1),0.0,6.910397013287214e-34
formation_759350.9.peg.1553-MONOMER_mod_nh4(4)_mod_mn2(1),0.0,-8.010125478689003e-34
formation_759350.9.peg.1553-MONOMER_mod_nh4(4)_mod_cobalt2(1),0.0,0.0
formation_759350.9.peg.1553-MONOMER_mod_nh4(4)_mod_zn2(1),0.0,7.633249754483499e-34
formation_759350.9.peg.1553-MONOMER_mod_nh4(4)_mod_cd2(1),0.0,0.0
formation_759350.9.peg.1553-MONOMER_mod_nh4(4)_mod_ni2(1),0.0,-5.046511039026291e-34
formation_759350.9.peg.1553-MONOMER_mod_nh4(4)_mod_ca2(1),0.0,-7.761799510076211e-34
formation_759350.9.peg.1553-MONOMER_mod_tl(4)_mod_mg2(1),0.0,1.3703326261528592e-33
formation_759350.9.peg.1553-MONOMER_mod_tl(4)_mod_mn2(1),0.0,-7.1896225736742925e-34
formation_759350.9.peg.1553-MONOMER_mod_tl(4)_mod_cobalt2(1),0.0,0.0
formation_759350.9.peg.1553-MONOMER_mod_tl(4)_mod_zn2(1),0.0,6.955871003874242e-34
formation_759350.9.peg.1553-MONOMER_mod_tl(4)_mod_cd2(1),0.0,-1.662872722848439e-33
formation_759350.9.peg.1553-MONOMER_mod_tl(4)_mod_ni2(1),0.0,-2.472551070037878e-36
formation_759350.9.peg.1553-MONOMER_mod_tl(4)_mod_ca2(1),0.0,6.315325899342847e-34
formation_759350.9.peg.1553-MONOMER_mod_cs(4)_mod_mg2(1),0.0,1.3703326261528592e-33
formation_759350.9.peg.1553-MONOMER_mod_cs(4)_mod_mn2(1),0.0,-7.1896225736742925e-34
formation_759350.9.peg.1553-MONOMER_mod_cs(4)_mod_cobalt2(1),0.0,0.0
formation_759350.9.peg.1553-MONOMER_mod_cs(4)_mod_zn2(1),0.0,6.955871003874242e-34
formation_759350.9.peg.1553-MONOMER_mod_cs(4)_mod_cd2(1),0.0,-1.662872722848439e-33
formation_759350.9.peg.1553-MONOMER_mod_cs(4)_mod_ni2(1),0.0,-2.472551070037878e-36
formation_759350.9.peg.1553-MONOMER_mod_cs(4)_mod_ca2(1),0.0,6.315325899342847e-34
formation_759350.9.peg.1553-MONOMER_mod_na1(4)_mod_mg2(1),0.0,0.0
formation_759350.9.peg.1553-MONOMER_mod_na1(4)_mod_mn2(1),0.0,8.156451413259374e-34
formation_759350.9.peg.1553-MONOMER_mod_na1(4)_mod_cobalt2(1),0.0,0.0
formation_759350.9.peg.1553-MONOMER_mod_na1(4)_mod_zn2(1),0.0,0.0
formation_759350.9.peg.1553-MONOMER_mod_na1(4)_mod_cd2(1),0.0,8.95942372815808e-34
formation_759350.9.peg.1553-MONOMER_mod_na1(4)_mod_ni2(1),0.0,-3.4022992987424044e-34
formation_759350.9.peg.1553-MONOMER_mod_na1(4)_mod_ca2(1),0.0,-7.921089111844755e-34
formation_759350.9.peg.556-MONOMER_mod_pydx5p(1),6.802457139698459e-31,0.0
formation_759350.9.peg.975-MONOMER_mod_fad(1),1.2794965347089555e-14,0.0
formation_759350.9.peg.1543-MONOMER_mod_mg2(1),0.0,-1.3482491178041855e-34
formation_759350.9.peg.683-MONOMER_mod_mg2(1),3.0718873808601525e-21,0.0
formation_759350.9.peg.699-MONOMER_mod_mg2(1),3.889940066946574e-14,2.7575794742048985e-33
formation_759350.9.peg.1262-MONOMER_mod_mg2(1),0.0,0.0
formation_759350.9.peg.563-MONOMER_mod_mg2(1),0.0,0.0
formation_759350.9.peg.801-MONOMER_mod_glycyl(1),0.0,0.0
formation_759350.9.peg.984-MONOMER_mod_mg2(1),7.061085569860659e-11,2.7657122522104843e-34
formation_759350.9.peg.1722-MONOMER_mod_23bpg(1),0.0,-1.4186737428214722e-34
formation_759350.9.peg.1758-MONOMER_mod_mg2(1),1.6453349928634034e-43,2.7515621465401907e-34
formation_759350.9.peg.1225-MONOMER_mod_mg2(1),0.0,0.0
formation_759350.9.peg.279-MONOMER_mod_mg2(1),1.948311446656726e-10,6.851663130764296e-34
formation_759350.9.peg.549-MONOMER_mod_fmn(1),8.493489743359069e-15,1.977472670001204e-33
formation_759350.9.peg.549-MONOMER_mod_mg2(1),0.0,2.7406652523057183e-33
formation_759350.9.peg.34-MONOMER_mod_mg2(1),-6.262349333557676e-40,1.3703326261528592e-33
formation_759350.9.peg.589-MONOMER_mod_mg2(1),0.0,-1.712915782691074e-34
formation_759350.9.peg.590-MONOMER_mod_k(1)_mod_mg2(1),0.0,6.410645336658449e-34
formation_759350.9.peg.608-MONOMER_mod_mg2(1),0.0,-6.851663130764296e-34
formation_759350.9.peg.247-MONOMER_mod_mg2(1)_mod_pi(1),0.0,1.2274981466116734e-34
formation_759350.9.peg.247-MONOMER_mod_mn2(1)_mod_pi(1),9.094278705559793e-11,2.4549962932233468e-34
formation_759350.9.peg.1547-MONOMER_mod_mg2(1),0.0,8.56457891345537e-35
formation_759350.9.peg.393-MONOMER_mod_mg2(1),1.436142503141139e-14,-5.9675894442980205e-34
formation_759350.9.peg.819-MONOMER_mod_zn2(1),1.2940068498498643e-14,-6.955871003874242e-34
formation_759350.9.peg.819-MONOMER_mod_mg2(1),0.0,0.0
formation_759350.9.peg.745-MONOMER_mod_mg2(1)_mod_k(1),-9.997884102449038e-44,0.0
formation_759350.9.peg.745-MONOMER_mod_mn2(1)_mod_k(1),4.1634251690431537e-10,0.0
formation_759350.9.peg.1264-MONOMER_mod_4fe4s(1),0.0,3.8518598815998236e-34
formation_759350.9.peg.1878-MONOMER_mod_zn2(1)_mod_cobalt2(1),-4.4359678032078395e-33,-6.906552547545515e-34
formation_759350.9.peg.1924-MONOMER_mod_nad(1),1.4022291992910352e-47,3.0072681266545136e-34
formation_759350.9.peg.2046-MONOMER_mod_pydx5p(1),2.6036297418333804e-13,0.0
formation_759350.9.peg.1088-MONOMER_mod_thmpp(1),8.913539367024203e-10,3.14202264025738e-33
formation_759350.9.peg.1712-MONOMER_mod_mg2(1),2.550060550016327e-13,2.796475710935511e-34
formation_759350.9.peg.1733-MONOMER_mod_nad(1),0.0,-3.03434736050527e-34
formation_759350.9.peg.1341-MONOMER_mod_k(1)_mod_mg2(1),0.0,2.819313581583981e-34
formation_759350.9.peg.1338-MONOMER_mod_mg2(1),0.0,1.712915782691074e-34
formation_759350.9.peg.1826-MONOMER_mod_fad(1),0.0,-7.415522512504515e-34
formation_759350.9.peg.1923-MONOMER_mod_fad(1),0.0,0.0
formation_759350.9.peg.1660-MONOMER_mod_mn2(1),1.2942174697674385e-10,-1.2082873840325707e-33
formation_759350.9.peg.714-MONOMER_mod_4fe4s(1),0.0,-7.174648137343064e-43
formation_759350.9.peg.1086-MONOMER_mod_zn2(4),1.594989462733402e-15,0.0
formation_759350.9.peg.1128-MONOMER_mod_4fe4s(1),3.339114504763145e-16,1.9259299372125877e-34
formation_759350.9.peg.1134-MONOMER_mod_fe2(1),1.997613569363859e-13,-2.0593457213129516e-34
formation_759350.9.peg.1243-MONOMER_mod_4fe4s(1),3.339114504763145e-16,-7.174648137343064e-43
formation_759350.9.peg.1384-MONOMER_mod_mg2(1),1.0017343514289427e-15,0.0
formation_759350.9.peg.1550-MONOMER_mod_mg2(1)_mod_k(1),1.997613569363859e-13,-1.2093194773252626e-33
formation_RNAP-CPLX_mod_zn2(1)_mod_mg2(2),7.663887531542623e-08,0.0
formation_759350.9.peg.1630-MONOMER_mod_mg2(2),3.0923127702018914e-13,1.935435734352389e-34
formation_759350.9.peg.389-MONOMER_mod_mg2(2),2.0034687028578893e-15,-3.981369541779636e-34
formation_759350.9.peg.400-MONOMER_mod_mg2(1),7.671278366255159e-49,-8.589016588815988e-35
formation_759350.9.peg.707-MONOMER_mod_mg2(1),3.0556073149505824e-13,0.0
formation_759350.9.peg.804-MONOMER_mod_mg2(5),7.103688277230547e-48,0.0
759350.9.peg.1347-MONOMER_to_generic_16Sm4Cm1402,0.0,-0.07733396855998832
759350.9.peg.2004-MONOMER_to_generic_16Sm4Cm1402,3.339114504763145e-16,1.6556498169668519e-34
RNA_BLJ_RS06745_to_generic_16s_rRNAs,5.021792582649146e-08,8.424797900722899e-34
RNA_BLJ_RS09160_to_generic_16s_rRNAs,0.0,-0.004900573215210483
RNA_BLJ_RS10010_to_generic_16s_rRNAs,0.0,-0.00515468885000877
RNA_BLJ_RS06740_to_generic_23s_rRNAs,0.0,0.0
RNA_BLJ_RS09155_to_generic_23s_rRNAs,5.021792582649146e-08,0.0
RNA_BLJ_RS10005_to_generic_23s_rRNAs,0.0,0.0
RNA_BLJ_RS06735_to_generic_5s_rRNAs,5.021792582649146e-08,0.0
RNA_BLJ_RS09150_to_generic_5s_rRNAs,0.0,-1.145912357962535e-34
RNA_BLJ_RS10000_to_generic_5s_rRNAs,0.0,-0.0003445129095239319
759350.9.peg.1390-MONOMER_to_generic_Dus,0.0,-1.8579034601510136e-34
759350.9.peg.1724-MONOMER_to_generic_LYSINEaaRS,3.709678560966168e-15,-4.12578215957739e-34
CPLX_pbiosynthesis-0_to_generic_LYSINEaaRS,0.0,-67.12514809469997
759350.9.peg.1636-MONOMER_to_generic_RF,4.571727992761587e-15,0.0
759350.9.peg.525-MONOMER_to_generic_RF,0.0,-0.045417818605996765
759350.9.peg.400-MONOMER_to_generic_RNase,7.419357121932345e-15,-1.4869501024026693e-34
759350.9.peg.400-MONOMER_mod_mg2(1)_to_generic_RNase,0.0,-0.0003635968891172013
759350.9.peg.804-MONOMER_to_generic_RNase,0.0,-0.6242794412231442
759350.9.peg.804-MONOMER_mod_mg2(5)_to_generic_RNase,0.0,-0.6260974256687302
759350.9.peg.620-MONOMER_to_generic_Tuf,5.905594025795239e-11,1.3771832496666202e-34
759350.9.peg.658-MONOMER_to_generic_phe_ligase,2.1014644059992945e-12,-1.7148474621017238e-34
759350.9.peg.659-MONOMER_to_generic_phe_ligase,0.0,-1.6646409058827476
CPLX_pbiosynthesis-0_to_generic_phe_ligase,0.0,-69.65773753629145
transcription_RNA_dummy,4.027563451037786e-05,-4.240167682703549e-34
DM_RNA_dummy,0.0,-0.018770109093822037
translation_dummy,2.6653925249098662e-05,-4.385640097102486e-33
formation_CPLX_dummy,1.5992577058518098e-05,0.0
dummy_protein_to_mass,1.066134819058055e-05,5.73743979683129e-35
formation_CPLX_dummy_mod_2fe2s(1),0.0,0.0
formation_CPLX_dummy_mod_4fe4s(1),1.4821240046994494e-20,0.0
23DHMPO_REV_759350.9.peg.107-MONOMER,0.0,-7.48795561270512e-09
23DHMPO_FWD_759350.9.peg.107-MONOMER,0.0,-7.48795561270512e-09
23DHMPO_REV_759350.9.peg.126-MONOMER,0.0,-7.252545825631063e-09
23DHMPO_FWD_759350.9.peg.126-MONOMER,0.0,-7.252545825631063e-09
23DHMPO_REV_759350.9.peg.109-MONOMER_mod_mg2(1),0.0,-1.058463201250083e-08
23DHMPO_FWD_759350.9.peg.109-MONOMER_mod_mg2(1),0.0,-1.058463201250083e-08
23PDE2_REV_759350.9.peg.1494-MONOMER_mod_cobalt2(1),0.0,-2.0704425929060142e-08
23PDE2_FWD_759350.9.peg.1494-MONOMER_mod_cobalt2(1),0.0,-1.1946687259218266e-13
23PDE2_REV_759350.9.peg.1494-MONOMER_mod_zn2(1),0.0,-2.070430646218755e-08
23PDE2_FWD_759350.9.peg.1494-MONOMER_mod_zn2(1),0.0,-1.3702784838816702e-42
23PDE4_REV_759350.9.peg.1494-MONOMER_mod_cobalt2(1),0.0,-2.0704425929060142e-08
23PDE4_FWD_759350.9.peg.1494-MONOMER_mod_cobalt2(1),0.0,-1.1946687259218266e-13
23PDE4_REV_759350.9.peg.1494-MONOMER_mod_zn2(1),0.0,-2.070430646218755e-08
23PDE4_FWD_759350.9.peg.1494-MONOMER_mod_zn2(1),0.0,-1.3702784838816702e-42
23PDE7_REV_759350.9.peg.1494-MONOMER_mod_cobalt2(1),0.0,-2.0704425929060142e-08
23PDE7_FWD_759350.9.peg.1494-MONOMER_mod_cobalt2(1),0.0,-1.1946687259218266e-13
23PDE7_REV_759350.9.peg.1494-MONOMER_mod_zn2(1),0.0,-2.070430646218755e-08
23PDE7_FWD_759350.9.peg.1494-MONOMER_mod_zn2(1),0.0,-1.3702784838816702e-42
23PDE9_REV_759350.9.peg.1494-MONOMER_mod_cobalt2(1),0.0,-2.0704425929060142e-08
23PDE9_FWD_759350.9.peg.1494-MONOMER_mod_cobalt2(1),0.0,-1.1946687259218266e-13
23PDE9_REV_759350.9.peg.1494-MONOMER_mod_zn2(1),0.0,-2.070430646218755e-08
23PDE9_FWD_759350.9.peg.1494-MONOMER_mod_zn2(1),0.0,-1.3702784838816702e-42
2AHBUTI_REV_759350.9.peg.107-MONOMER,0.0,-1.4740501438336183e-08
2AHBUTI_FWD_759350.9.peg.107-MONOMER,0.0,-2.3540978707405736e-10
2AHBUTI_REV_759350.9.peg.126-MONOMER,0.0,-1.4505091651262126e-08
2AHBUTI_FWD_759350.9.peg.126-MONOMER,3.9572431738577367e-22,-4.5163823357916e-42
2AHBUTI_REV_759350.9.peg.109-MONOMER_mod_mg2(1),0.0,-1.783717783813189e-08
2AHBUTI_FWD_759350.9.peg.109-MONOMER_mod_mg2(1),0.0,-3.3320861868697666e-09
2MBCOATA_REV_CPLX_dummy,0.0,-1.3298496303093672e-08
2MBCOATA_FWD_CPLX_dummy,0.0001325398357626797,-5.782617091605037e-41
2S6HCC_REV_CPLX_dummy,0.0,-1.3298496303093672e-08
2S6HCC_FWD_CPLX_dummy,0.0,1.2151732140670196e-42
3HAD100_REV_CPLX_dummy,0.0,-1.3298496303093672e-08
3HAD100_FWD_CPLX_dummy,0.0,1.5095060861226649e-41
3HAD10M12_REV_CPLX_dummy,0.0,-1.3298496303093672e-08
3HAD10M12_FWD_CPLX_dummy,0.0001325398357626797,0.0
3HAD11M12_REV_CPLX_dummy,0.0,-1.3298496303093672e-08
3HAD11M12_FWD_CPLX_dummy,0.0001325398357626797,0.0
3HAD120_REV_CPLX_dummy,0.0,-1.3298496303093672e-08
3HAD120_FWD_CPLX_dummy,0.0,-6.541193039864881e-41
3HAD12M14_REV_CPLX_dummy,0.0,-1.3298496303093672e-08
3HAD12M14_FWD_CPLX_dummy,0.0001325398357626797,0.0
3HAD13M14_REV_CPLX_dummy,0.0,-1.3298496303093672e-08
3HAD13M14_FWD_CPLX_dummy,0.0001325398357626797,0.0
3HAD140_REV_CPLX_dummy,0.0,-1.3298496303093672e-08
3HAD140_FWD_CPLX_dummy,0.0001714550526139708,-6.541193039864881e-41
3HAD14M16_REV_CPLX_dummy,0.0,-1.3298496303093672e-08
3HAD14M16_FWD_CPLX_dummy,0.0001325398357626797,0.0
3HAD15M16_REV_CPLX_dummy,0.0,-1.3298496303093672e-08
3HAD15M16_FWD_CPLX_dummy,0.0001325398357626797,-1.6101398251975093e-40
3HAD160_REV_CPLX_dummy,0.0,-1.3298496303093672e-08
3HAD160_FWD_CPLX_dummy,0.0001325398357626797,1.5095060861226649e-41
3HAD180_REV_CPLX_dummy,0.0,-1.3298496303093672e-08
3HAD180_FWD_CPLX_dummy,0.0001325398357626797,1.5095060861226649e-41
3HAD40_REV_CPLX_dummy,0.0,-1.3298496303093672e-08
3HAD40_FWD_CPLX_dummy,0.0,0.0
3HAD4M6_REV_CPLX_dummy,0.0,-1.3298496303093672e-08
3HAD4M6_FWD_CPLX_dummy,0.0001325398357626797,0.0
3HAD5M6_REV_CPLX_dummy,0.0,-1.3298496303093672e-08
3HAD5M6_FWD_CPLX_dummy,0.0001325398357626797,0.0
3HAD60_REV_CPLX_dummy,0.0,-1.3298496303093672e-08
3HAD60_FWD_CPLX_dummy,0.0,-2.515843476871108e-41
3HAD6M8_REV_CPLX_dummy,0.0,-1.3298496303093672e-08
3HAD6M8_FWD_CPLX_dummy,0.0001325398357626797,0.0
3HAD7M8_REV_CPLX_dummy,0.0,-1.3298496303093672e-08
3HAD7M8_FWD_CPLX_dummy,0.0001325398357626797,0.0
3HAD80_REV_CPLX_dummy,0.0,-1.3298496303093672e-08
3HAD80_FWD_CPLX_dummy,0.0,1.5095060861226649e-41
3HAD8M10_REV_CPLX_dummy,0.0,-1.3298496303093672e-08
3HAD8M10_FWD_CPLX_dummy,0.0001325398357626797,0.0
3HAD9M10_REV_CPLX_dummy,0.0,-1.3298496303093672e-08
3HAD9M10_FWD_CPLX_dummy,0.0001325398357626797,-8.050699125987546e-41
3MOBS_REV_759350.9.peg.160-MONOMER,0.0,8.939997115115143e-41
3MOBS_FWD_759350.9.peg.160-MONOMER,0.0,-1.6900411929480968e-08
3OAR100_REV_759350.9.peg.1119-MONOMER,0.0,4.3426762505322925e-41
3OAR100_FWD_759350.9.peg.1119-MONOMER,0.0,-1.3531396728749841e-08
3OAR10M11_REV_759350.9.peg.1119-MONOMER,0.0,-7.484186729640759e-41
3OAR10M11_FWD_759350.9.peg.1119-MONOMER,0.0,-1.3531396728749841e-08
3OAR10M12_REV_759350.9.peg.1119-MONOMER,0.0,-1.3531396728749841e-08
3OAR10M12_FWD_759350.9.peg.1119-MONOMER,0.0001325398357626797,4.3426762505322925e-41
3OAR11M12_REV_759350.9.peg.1119-MONOMER,0.0,-1.3531396728749841e-08
3OAR11M12_FWD_759350.9.peg.1119-MONOMER,0.0001325398357626797,4.3426762505322925e-41
3OAR120_REV_759350.9.peg.1119-MONOMER,0.0,1.6169539230705343e-40
3OAR120_FWD_759350.9.peg.1119-MONOMER,0.0,-1.3531396728749841e-08
3OAR12M13_REV_759350.9.peg.1119-MONOMER,0.0,-7.484186729640759e-41
3OAR12M13_FWD_759350.9.peg.1119-MONOMER,0.0,-1.3531396728749841e-08
3OAR12M14_REV_759350.9.peg.1119-MONOMER,0.0,-1.3531396728749841e-08
3OAR12M14_FWD_759350.9.peg.1119-MONOMER,0.0001325398357626797,1.6169539230705343e-40
3OAR13M14_REV_759350.9.peg.1119-MONOMER,0.0,-1.3531396728749841e-08
3OAR13M14_FWD_759350.9.peg.1119-MONOMER,0.0001325398357626797,1.6169539230705343e-40
3OAR140_REV_759350.9.peg.1119-MONOMER,0.0,-1.3531396728749841e-08
3OAR140_FWD_759350.9.peg.1119-MONOMER,0.0003271159200191352,2.7996402210878393e-40
3OAR14M15_REV_759350.9.peg.1119-MONOMER,0.0,-7.484186729640759e-41
3OAR14M15_FWD_759350.9.peg.1119-MONOMER,0.0,-1.3531396728749841e-08
3OAR14M16_REV_759350.9.peg.1119-MONOMER,0.0,-1.3531396728749841e-08
3OAR14M16_FWD_759350.9.peg.1119-MONOMER,0.0001325398357626797,-1.6264376812201277e-35
3OAR15M16_REV_759350.9.peg.1119-MONOMER,0.0,-1.3531396728749841e-08
3OAR15M16_FWD_759350.9.peg.1119-MONOMER,0.0001325398357626797,-3.113791268998686e-40
3OAR160_REV_759350.9.peg.1119-MONOMER,0.0,-1.3531396728749841e-08
3OAR160_FWD_759350.9.peg.1119-MONOMER,0.0001325398357626797,-7.484186729640759e-41
3OAR180_REV_759350.9.peg.1119-MONOMER,0.0,-1.3531396728749841e-08
3OAR180_FWD_759350.9.peg.1119-MONOMER,0.0001325398357626797,-4.663445999035785e-35
3OAR40_REV_759350.9.peg.1119-MONOMER,0.0,-7.484186729640759e-41
3OAR40_FWD_759350.9.peg.1119-MONOMER,0.0,-1.3531396728749841e-08
3OAR4M5_REV_759350.9.peg.1119-MONOMER,0.0,-7.484186729640759e-41
3OAR4M5_FWD_759350.9.peg.1119-MONOMER,0.0,-1.3531396728749841e-08
3OAR4M6_REV_759350.9.peg.1119-MONOMER,0.0,-1.3531396728749841e-08
3OAR4M6_FWD_759350.9.peg.1119-MONOMER,0.0001325398357626797,-2.5216957282302874e-35
3OAR5M6_REV_759350.9.peg.1119-MONOMER,0.0,-1.3531396728749841e-08
3OAR5M6_FWD_759350.9.peg.1119-MONOMER,0.0001325398357626797,3.982326519105145e-40
3OAR60_REV_759350.9.peg.1119-MONOMER,0.0,-7.484186729640759e-41
3OAR60_FWD_759350.9.peg.1119-MONOMER,0.0,-1.3531396728749841e-08
3OAR6M7_REV_759350.9.peg.1119-MONOMER,0.0,-7.484186729640759e-41
3OAR6M7_FWD_759350.9.peg.1119-MONOMER,0.0,-1.3531396728749841e-08
3OAR6M8_REV_759350.9.peg.1119-MONOMER,0.0,-1.3531396728749841e-08
3OAR6M8_FWD_759350.9.peg.1119-MONOMER,0.0001325398357626797,4.3426762505322925e-41
3OAR7M8_REV_759350.9.peg.1119-MONOMER,0.0,-1.3531396728749841e-08
3OAR7M8_FWD_759350.9.peg.1119-MONOMER,0.0001325398357626797,-3.4678565935071115e-35
3OAR80_REV_759350.9.peg.1119-MONOMER,0.0,-1.931104970981381e-40
3OAR80_FWD_759350.9.peg.1119-MONOMER,0.0,-1.3531396728749841e-08
3OAR8M10_REV_759350.9.peg.1119-MONOMER,0.0,-1.3531396728749841e-08
3OAR8M10_FWD_759350.9.peg.1119-MONOMER,0.0001325398357626797,-1.931104970981381e-40
3OAR8M9_REV_759350.9.peg.1119-MONOMER,0.0,-7.484186729640759e-41
3OAR8M9_FWD_759350.9.peg.1119-MONOMER,0.0,-1.3531396728749841e-08
3OAR9M10_REV_759350.9.peg.1119-MONOMER,0.0,-1.3531396728749841e-08
3OAR9M10_FWD_759350.9.peg.1119-MONOMER,0.0001325398357626797,-1.931104970981381e-40
3OAS100_REV_CPLX_dummy,0.0,-1.3298496303093672e-08
3OAS100_FWD_CPLX_dummy,0.0,1.6161803747091361e-40
3OAS10M12_REV_CPLX_dummy,0.0,-1.3298496303093672e-08
3OAS10M12_FWD_CPLX_dummy,0.0001325398357626797,8.384695177062435e-41
3OAS11M12_REV_CPLX_dummy,0.0,-1.3298496303093672e-08
3OAS11M12_FWD_CPLX_dummy,0.0001325398357626797,2.3938912317120288e-40
3OAS120_REV_CPLX_dummy,0.0,-1.3298496303093672e-08
3OAS120_FWD_CPLX_dummy,0.0,1.6161803747091361e-40
3OAS12M14_REV_CPLX_dummy,0.0,-1.3298496303093672e-08
3OAS12M14_FWD_CPLX_dummy,0.0001325398357626797,8.384695177062435e-41
3OAS13M14_REV_CPLX_dummy,0.0,-1.3298496303093672e-08
3OAS13M14_FWD_CPLX_dummy,0.0001325398357626797,-7.169521962995415e-41
3OAS140_REV_CPLX_dummy,0.0,-1.3298496303093672e-08
3OAS140_FWD_CPLX_dummy,0.0003271159200191352,2.3938912317120288e-40
3OAS160_REV_CPLX_dummy,0.0,-1.3298496303093672e-08
3OAS160_FWD_CPLX_dummy,0.0001325398357626797,2.3938912317120288e-40
3OAS180_REV_CPLX_dummy,0.0,-1.3298496303093672e-08
3OAS180_FWD_CPLX_dummy,0.0001325398357626797,1.6161803747091361e-40
3OAS3M4_REV_CPLX_dummy,0.0,-1.3298496303093672e-08
3OAS3M4_FWD_CPLX_dummy,0.0001325398357626797,8.384695177062435e-41
3OAS4M3O6_REV_CPLX_dummy,0.0,-1.3298496303093672e-08
3OAS4M3O6_FWD_CPLX_dummy,0.0001325398357626797,1.6161803747091361e-40
3OAS4M6_REV_CPLX_dummy,0.0,-1.3298496303093672e-08
3OAS4M6_FWD_CPLX_dummy,0.0001325398357626797,1.6161803747091361e-40
3OAS5M6_REV_CPLX_dummy,0.0,-1.3298496303093672e-08
3OAS5M6_FWD_CPLX_dummy,0.0001325398357626797,8.384695177062435e-41
3OAS60_REV_CPLX_dummy,0.0,-1.3298496303093672e-08
3OAS60_FWD_CPLX_dummy,0.0,6.075866070335098e-42
3OAS6M8_REV_CPLX_dummy,0.0,-1.3298496303093672e-08
3OAS6M8_FWD_CPLX_dummy,0.0001325398357626797,1.6161803747091361e-40
3OAS7M8_REV_CPLX_dummy,0.0,-1.3298496303093672e-08
3OAS7M8_FWD_CPLX_dummy,0.0001325398357626797,1.6161803747091361e-40
3OAS80_REV_CPLX_dummy,0.0,-1.3298496303093672e-08
3OAS80_FWD_CPLX_dummy,0.0,6.075866070335098e-42
3OAS8M10_REV_CPLX_dummy,0.0,-1.3298496303093672e-08
3OAS8M10_FWD_CPLX_dummy,0.0001325398357626797,8.384695177062435e-41
3OAS9M10_REV_CPLX_dummy,0.0,-1.3298496303093672e-08
3OAS9M10_FWD_CPLX_dummy,0.0001325398357626797,1.6161803747091361e-40
4ABZt2_REV_CPLX_dummy,0.0,-1.3298496303093672e-08
4ABZt2_FWD_CPLX_dummy,1.4453756624687888e-05,2.2309312022084032e-42
4HTHRS_REV_759350.9.peg.695-MONOMER_mod_pydx5p(1),0.0,-1.6293645741741355e-08
4HTHRS_FWD_759350.9.peg.695-MONOMER_mod_pydx5p(1),8.052784725358714e-29,2.530211117988801e-42
4NTPPH2_REV_759350.9.peg.128-MONOMER_mod_zn2(1)_mod_mg2(1),0.0,-2.0032360887316404e-08
4NTPPH2_FWD_759350.9.peg.128-MONOMER_mod_zn2(1)_mod_mg2(1),0.0,0.0
5AIZCDC_REV_759350.9.peg.582-MONOMER,0.0,6.004997157772926e-08
5AIZCDC_FWD_759350.9.peg.582-MONOMER,0.0,-7.834669612864145e-08
5AIZCDC_REV_759350.9.peg.581-MONOMER,0.0,5.879619141830115e-08
5AIZCDC_FWD_759350.9.peg.581-MONOMER,0.0,-7.960047628806957e-08
5DOAN_REV_CPLX_dummy,0.0,-1.3298496303093672e-08
5DOAN_FWD_CPLX_dummy,9.635837749791925e-06,-6.69279360662521e-42
5MTHCYST_REV_759350.9.peg.974-MONOMER_mod_zn2(1),0.0,-1.7126672470490486e-41
5MTHCYST_FWD_759350.9.peg.974-MONOMER_mod_zn2(1),0.0,-1.8220190659261666e-08
AACGLYDH_REV_759350.9.peg.588-MONOMER_mod_mg2(1),0.0,-2.3571078485776844e-08
AACGLYDH_FWD_759350.9.peg.588-MONOMER_mod_mg2(1),0.0,8.391799992416076e-41
AACOAT_REV_759350.9.peg.422-MONOMER,0.0,-1.6644281771921695e-08
AACOAT_FWD_759350.9.peg.422-MONOMER,4.990797385279555e-22,6.827539679290627e-41
AACOAT_REV_759350.9.peg.918-MONOMER,0.0,-1.6971235819868884e-08
AACOAT_FWD_759350.9.peg.918-MONOMER,0.0,-3.269540479471863e-10
AACOAT_REV_759350.9.peg.1605-MONOMER_mod_mg2(1),0.0,-1.8583319953750136e-08
AACOAT_FWD_759350.9.peg.1605-MONOMER_mod_mg2(1),0.0,-1.9390381818284403e-09
AACOAT_REV_759350.9.peg.1135-MONOMER,0.0,-1.6950644910259278e-08
AACOAT_FWD_759350.9.peg.1135-MONOMER,0.0,-3.0636313833758275e-10
AACPS7_REV_CPLX_dummy,0.0,-1.3298496303093672e-08
AACPS7_FWD_CPLX_dummy,0.00036603113687042635,-7.08040081904842e-42
ABTOXy_REV_759350.9.peg.1667-MONOMER,0.0,-1.3838252616770967e-08
ABTOXy_FWD_759350.9.peg.1667-MONOMER,0.0,-3.9255891049806316e-41
ABUTD_REV_759350.9.peg.588-MONOMER_mod_mg2(1),0.0,-2.3571078485776844e-08
ABUTD_FWD_759350.9.peg.588-MONOMER_mod_mg2(1),2.66421896342482e-57,1.9855432670323394e-30
ABUTR_REV_759350.9.peg.588-MONOMER_mod_mg2(1),0.0,-1.809040239462055e-08
ABUTR_FWD_759350.9.peg.588-MONOMER_mod_mg2(1),0.0,-5.480676091156293e-09
ACALD_REV_759350.9.peg.1810-MONOMER_mod_fe2(1),0.0,-1.6305743276320046e-08
ACALD_FWD_759350.9.peg.1810-MONOMER_mod_fe2(1),0.0,-3.137727611796287e-08
ACALDt_REV_CPLX_dummy,0.0,2.2309312022084032e-42
ACALDt_FWD_CPLX_dummy,0.0,-1.3298496303093672e-08
ACBIPGT_REV_CPLX_dummy,0.0,-1.3298496303093672e-08
ACBIPGT_FWD_CPLX_dummy,0.0,-5.58979678470829e-41
ACCOACL_REV_759350.9.peg.1858-MONOMER,0.0,-1.661011579217591e-08
ACCOACL_FWD_759350.9.peg.1858-MONOMER,0.0021826736206966508,1.1606251220971272e-40
ACGAM2E_REV_759350.9.peg.1320-MONOMER,0.0,-1.514359120264103e-08
ACGAM2E_FWD_759350.9.peg.1320-MONOMER,0.0,0.0
ACGAMT_REV_759350.9.peg.1632-MONOMER_mod_mg2(1),0.0,-1.567856699253473e-08
ACGAMT_FWD_759350.9.peg.1632-MONOMER_mod_mg2(1),0.0,-3.733800626772119e-40
ACGApts_REV_759350.9.peg.254-MONOMER,0.0,-2.6847165883213276e-09
ACGApts_FWD_759350.9.peg.254-MONOMER,0.0,-1.4123637046088882e-08
ACGK_REV_759350.9.peg.663-MONOMER_mod_mg2(1),0.0,-1.7137625167862906e-08
ACGK_FWD_759350.9.peg.663-MONOMER_mod_mg2(1),0.0004909584667822835,-7.371105896440362e-41
ACGS_REV_759350.9.peg.662-MONOMER,0.0,-1.5252753472339593e-08
ACGS_FWD_759350.9.peg.662-MONOMER,0.0,-3.614594166030419e-41
ACHBPL_REV_CPLX_ACHBPL-0,0.0,-2.2075009135429623e-08
ACHBPL_FWD_CPLX_ACHBPL-0,0.0001325398357626797,-1.0182495874613377e-35
ACKr_REV_759350.9.peg.780-MONOMER_mod_mg2(1),0.7452904726456158,1.505553956495898e-40
ACKr_FWD_759350.9.peg.780-MONOMER_mod_mg2(1),0.0,-1.5530892695220715e-08
ACLDC_REV_759350.9.peg.1808-MONOMER,0.0,-1.3452066617701261e-08
ACLDC_FWD_759350.9.peg.1808-MONOMER,0.0,7.270806322572561e-42
ACLS_a_REV_CPLX_ACHBPL-0,0.0,-2.2075009135429623e-08
ACLS_a_FWD_CPLX_ACHBPL-0,0.000833498864836079,-4.355525616709047e-41
ACLS_b_REV_CPLX_ACHBPL-0,0.0007009590290733992,4.007083567372323e-41
ACLS_b_FWD_CPLX_ACHBPL-0,0.0,-2.2075009135429623e-08
ACOAAGPAT140_REV_759350.9.peg.300-MONOMER,0.0,-1.4126670887860399e-08
ACOAAGPAT140_FWD_759350.9.peg.300-MONOMER,0.0,-5.904995382306637e-10
ACOAAGPAT140_REV_759350.9.peg.1213-MONOMER,0.0,-1.3536171349629736e-08
ACOAAGPAT140_FWD_759350.9.peg.1213-MONOMER,5.104492343604352e-22,-1.2075124863022517e-40
ACOAAGPAT160_REV_759350.9.peg.300-MONOMER,0.0,-1.4126670887860399e-08
ACOAAGPAT160_FWD_759350.9.peg.300-MONOMER,0.0,-5.904995382306637e-10
ACOAAGPAT160_REV_759350.9.peg.1213-MONOMER,0.0,-1.3536171349629736e-08
ACOAAGPAT160_FWD_759350.9.peg.1213-MONOMER,5.104492343604352e-22,3.0779730042998574e-41
ACOAAGPAT180_REV_759350.9.peg.300-MONOMER,0.0,-1.4126670887860399e-08
ACOAAGPAT180_FWD_759350.9.peg.300-MONOMER,0.0,-5.904995382306637e-10
ACOAAGPAT180_REV_759350.9.peg.1213-MONOMER,0.0,-1.3536171349629736e-08
ACOAAGPAT180_FWD_759350.9.peg.1213-MONOMER,5.104492343604352e-22,3.0779730042998574e-41
ACOAAGPATAI15_REV_759350.9.peg.300-MONOMER,0.0,-1.4126670887860399e-08
ACOAAGPATAI15_FWD_759350.9.peg.300-MONOMER,0.0,-5.904995382306637e-10
ACOAAGPATAI15_REV_759350.9.peg.1213-MONOMER,0.0,-1.3536171349629736e-08
ACOAAGPATAI15_FWD_759350.9.peg.1213-MONOMER,1.958921889753923e-22,5.861118431688033e-41
ACOAAGPATAI17_REV_759350.9.peg.300-MONOMER,0.0,-1.4126670887860399e-08
ACOAAGPATAI17_FWD_759350.9.peg.300-MONOMER,0.0,-5.904995382306637e-10
ACOAAGPATAI17_REV_759350.9.peg.1213-MONOMER,0.0,-1.3536171349629736e-08
ACOAAGPATAI17_FWD_759350.9.peg.1213-MONOMER,6.626991788133985e-05,-1.2075124863022517e-40
ACOAAGPATI14_REV_759350.9.peg.300-MONOMER,0.0,-1.4126670887860399e-08
ACOAAGPATI14_FWD_759350.9.peg.300-MONOMER,0.0,-5.904995382306637e-10
ACOAAGPATI14_REV_759350.9.peg.1213-MONOMER,0.0,-1.3536171349629736e-08
ACOAAGPATI14_FWD_759350.9.peg.1213-MONOMER,1.958921889753923e-22,9.254397523717947e-41
ACOAAGPATI15_REV_759350.9.peg.300-MONOMER,0.0,-1.4126670887860399e-08
ACOAAGPATI15_FWD_759350.9.peg.300-MONOMER,0.0,-5.904995382306637e-10
ACOAAGPATI15_REV_759350.9.peg.1213-MONOMER,0.0,-1.3536171349629736e-08
ACOAAGPATI15_FWD_759350.9.peg.1213-MONOMER,1.958921889753923e-22,9.254397523717947e-41
ACOAAGPATI16_REV_759350.9.peg.300-MONOMER,0.0,-1.4126670887860399e-08
ACOAAGPATI16_FWD_759350.9.peg.300-MONOMER,0.0,-5.904995382306637e-10
ACOAAGPATI16_REV_759350.9.peg.1213-MONOMER,0.0,-1.3536171349629736e-08
ACOAAGPATI16_FWD_759350.9.peg.1213-MONOMER,1.958921889753923e-22,9.254397523717947e-41
ACOAAGPATI17_REV_759350.9.peg.300-MONOMER,0.0,-1.4126670887860399e-08
ACOAAGPATI17_FWD_759350.9.peg.300-MONOMER,0.0,-5.904995382306637e-10
ACOAAGPATI17_REV_759350.9.peg.1213-MONOMER,0.0,-1.3536171349629736e-08
ACOAAGPATI17_FWD_759350.9.peg.1213-MONOMER,6.626991788133985e-05,3.0779730042998574e-41
ACOATA_REV_CPLX_dummy,0.0,-1.3298496303093672e-08
ACOATA_FWD_CPLX_dummy,0.0,-5.782617091605037e-41
ACOCT_REV_759350.9.peg.665-MONOMER,0.0,-1.9286713430549293e-08
ACOCT_FWD_759350.9.peg.665-MONOMER,0.0,2.940411884123818e-41
ACONT_REV_759350.9.peg.1240-MONOMER_mod_4fe4s(1),0.0,-2.2479400873959603e-08
ACONT_FWD_759350.9.peg.1240-MONOMER_mod_4fe4s(1),0.0,-9.597232778598808e-42
ACONTa_REV_759350.9.peg.1240-MONOMER_mod_4fe4s(1),0.0,-1.1239700436979801e-08
ACONTa_FWD_759350.9.peg.1240-MONOMER_mod_4fe4s(1),0.0,-1.1239700436979801e-08
ACONTb_REV_759350.9.peg.1240-MONOMER_mod_4fe4s(1),0.0,-2.2479400873959603e-08
ACONTb_FWD_759350.9.peg.1240-MONOMER_mod_4fe4s(1),0.0,2.0181302656870487e-41
ACOTA_REV_759350.9.peg.664-MONOMER_mod_pydx5p(1),0.0004909584667822835,0.0
ACOTA_FWD_759350.9.peg.664-MONOMER_mod_pydx5p(1),0.0,-1.8369298256094806e-08
ACPS1_REV_CPLX_dummy,0.0,-1.3298496303093672e-08
ACPS1_FWD_CPLX_dummy,0.0,-1.1058076248009878e-40
ACt2r_REV_CPLX_dummy,0.7453683030793183,-7.436437340694677e-43
ACt2r_FWD_CPLX_dummy,0.0,-1.3298496303093672e-08
ADCL_REV_759350.9.peg.374-MONOMER_mod_pydx5p(1),0.0,-1.6557966791824588e-08
ADCL_FWD_759350.9.peg.374-MONOMER_mod_pydx5p(1),0.0,-9.736731869717962e-43
ADCS_REV_759350.9.peg.51-MONOMER,0.0,2.8002991887419382e-08
ADCS_FWD_759350.9.peg.51-MONOMER,0.0,-4.1191709184598713e-08
ADCS_REV_759350.9.peg.375-MONOMER,0.0,2.657312951184894e-08
ADCS_FWD_759350.9.peg.375-MONOMER,0.0,-4.262157156016915e-08
ADCS_REV_759350.9.peg.417-MONOMER,0.0,2.6793496108453767e-08
ADCS_FWD_759350.9.peg.417-MONOMER,0.0,-4.240120496356432e-08
ADK1_REV_759350.9.peg.1785-MONOMER_mod_mg2(1),0.0,-1.2802183981006324e-08
ADK1_FWD_759350.9.peg.1785-MONOMER_mod_mg2(1),0.031190141947360223,-1.5708005519930064e-36
ADK10_REV_759350.9.peg.1785-MONOMER_mod_mg2(1),0.0,-6.152935829459487e-09
ADK10_FWD_759350.9.peg.1785-MONOMER_mod_mg2(1),0.0,-6.649248151546836e-09
ADK11_REV_759350.9.peg.1785-MONOMER_mod_mg2(1),0.0,-1.2802183981006324e-08
ADK11_FWD_759350.9.peg.1785-MONOMER_mod_mg2(1),-1.002782767461737e-38,1.3204256242070666e-40
ADK2_REV_759350.9.peg.1785-MONOMER_mod_mg2(1),0.0,-8.999079094914403e-41
ADK2_FWD_759350.9.peg.1785-MONOMER_mod_mg2(1),0.0,-1.2802183981006324e-08
ADK3_REV_759350.9.peg.1785-MONOMER_mod_mg2(1),0.0,-6.152935829459487e-09
ADK3_FWD_759350.9.peg.1785-MONOMER_mod_mg2(1),0.0,-6.649248151546836e-09
ADK5_REV_759350.9.peg.1785-MONOMER_mod_mg2(1),0.0,-1.2802183981006324e-08
ADK5_FWD_759350.9.peg.1785-MONOMER_mod_mg2(1),0.0,1.858688299043068e-40
ADK7_REV_759350.9.peg.1785-MONOMER_mod_mg2(1),0.0,-6.152935829459487e-09
ADK7_FWD_759350.9.peg.1785-MONOMER_mod_mg2(1),0.0,-6.649248151546836e-09
ADK8_REV_759350.9.peg.1785-MONOMER_mod_mg2(1),0.0,-6.152935829459487e-09
ADK8_FWD_759350.9.peg.1785-MONOMER_mod_mg2(1),0.0,-6.649248151546836e-09
ADK9_REV_759350.9.peg.1785-MONOMER_mod_mg2(1),0.0,-6.152935829459487e-09
ADK9_FWD_759350.9.peg.1785-MONOMER_mod_mg2(1),0.0,-6.649248151546836e-09
ADMDCr_REV_CPLX_dummy,0.0,-1.3298496303093672e-08
ADMDCr_FWD_CPLX_dummy,4.817918874895962e-06,-3.6455196422010585e-42
ADNCYC_REV_759350.9.peg.58-MONOMER,0.0,-1.3136181762672774e-08
ADNCYC_FWD_759350.9.peg.58-MONOMER,0.0,-7.206799120403374e-42
ADNUC_REV_759350.9.peg.1410-MONOMER,0.0,1.3862400634236127e-07
ADNUC_FWD_759350.9.peg.1410-MONOMER,0.0,-1.5401258025928828e-07
ADNUC_REV_759350.9.peg.368-MONOMER,0.0,1.3885957279925825e-07
ADNUC_FWD_759350.9.peg.368-MONOMER,0.0,-1.5377701380239133e-07
ADOCBIK_REV_CPLX_dummy,0.0,-1.3298496303093672e-08
ADOCBIK_FWD_CPLX_dummy,0.0,-5.711314106114992e-41
ADOCBLS_REV_CPLX_dummy,0.0,-1.3298496303093672e-08
ADOCBLS_FWD_CPLX_dummy,0.0,5.279870511893221e-41
ADPRDP_REV_759350.9.peg.746-MONOMER,0.0,-1.3064982971198518e-08
ADPRDP_FWD_759350.9.peg.746-MONOMER,0.0,9.409481758771903e-42
ADPT_REV_759350.9.peg.1075-MONOMER_mod_mn2(1),0.0,-1.5263061568419186e-08
ADPT_FWD_759350.9.peg.1075-MONOMER_mod_mn2(1),1.9824072683675256e-05,3.9664105494252983e-41
ADPT_REV_759350.9.peg.1075-MONOMER_mod_mg2(1),0.0,-1.5264460648488164e-08
ADPT_FWD_759350.9.peg.1075-MONOMER_mod_mg2(1),0.0,-1.3990800689793293e-12
ADSL1r_REV_759350.9.peg.1538-MONOMER,0.0,-1.6210737232319698e-08
ADSL1r_FWD_759350.9.peg.1538-MONOMER,0.00013086078526479598,-6.422827612681739e-41
ADSL2r_REV_759350.9.peg.1538-MONOMER,0.0,-1.6210737232319698e-08
ADSL2r_FWD_759350.9.peg.1538-MONOMER,-3.4685282102585784e-57,1.7926483602426966e-41
ADSS_REV_759350.9.peg.94-MONOMER_mod_mg2(1),0.0,-1.8686221648770894e-08
ADSS_FWD_759350.9.peg.94-MONOMER_mod_mg2(1),0.00013086078526479598,4.358439356912792e-36
AGDC_REV_759350.9.peg.1313-MONOMER_mod_zn2(1),0.0,-2.2110872448750757e-08
AGDC_FWD_759350.9.peg.1313-MONOMER_mod_zn2(1),4.1101204756799157e-38,4.462989474338135e-42
AGMHE_REV_CPLX_dummy,0.0,-1.3298496303093672e-08
AGMHE_FWD_CPLX_dummy,0.00015566086740516444,-5.445313659211731e-41
AGPAT120_REV_759350.9.peg.300-MONOMER,0.0,-1.4126670887860399e-08
AGPAT120_FWD_759350.9.peg.300-MONOMER,0.0,-5.904995382306637e-10
AGPAT120_REV_759350.9.peg.1213-MONOMER,0.0,-1.3536171349629736e-08
AGPAT120_FWD_759350.9.peg.1213-MONOMER,5.683755440697956e-22,2.6579612245874267e-41
AGPAT140_REV_759350.9.peg.300-MONOMER,0.0,-1.4126670887860399e-08
AGPAT140_FWD_759350.9.peg.300-MONOMER,0.0,-5.904995382306637e-10
AGPAT140_REV_759350.9.peg.1213-MONOMER,0.0,-1.3536171349629736e-08
AGPAT140_FWD_759350.9.peg.1213-MONOMER,5.673877837306699e-22,-4.4731485886240647e-41
AGPAT141_REV_759350.9.peg.300-MONOMER,0.0,-1.4126670887860399e-08
AGPAT141_FWD_759350.9.peg.300-MONOMER,0.0,-5.904995382306637e-10
AGPAT141_REV_759350.9.peg.1213-MONOMER,0.0,-1.3536171349629736e-08
AGPAT141_FWD_759350.9.peg.1213-MONOMER,7.102542168339287e-22,-4.254026576218229e-42
AGPAT160_REV_759350.9.peg.300-MONOMER,0.0,-1.4126670887860399e-08
AGPAT160_FWD_759350.9.peg.300-MONOMER,0.0,-5.904995382306637e-10
AGPAT160_REV_759350.9.peg.1213-MONOMER,0.0,-1.3536171349629736e-08
AGPAT160_FWD_759350.9.peg.1213-MONOMER,5.673877837306699e-22,-7.881261799004305e-41
AGPAT161_REV_759350.9.peg.300-MONOMER,0.0,-1.4126670887860399e-08
AGPAT161_FWD_759350.9.peg.300-MONOMER,0.0,-5.904995382306637e-10
AGPAT161_REV_759350.9.peg.1213-MONOMER,0.0,-1.3536171349629736e-08
AGPAT161_FWD_759350.9.peg.1213-MONOMER,7.102542168339287e-22,1.0464905377496842e-40
AGPAT180_REV_759350.9.peg.300-MONOMER,0.0,-1.4126670887860399e-08
AGPAT180_FWD_759350.9.peg.300-MONOMER,0.0,-5.904995382306637e-10
AGPAT180_REV_759350.9.peg.1213-MONOMER,0.0,-1.3536171349629736e-08
AGPAT180_FWD_759350.9.peg.1213-MONOMER,6.626991788133985e-05,-2.1157371347715916e-40
AGPAT181_REV_759350.9.peg.300-MONOMER,0.0,-1.4126670887860399e-08
AGPAT181_FWD_759350.9.peg.300-MONOMER,0.0,-5.904995382306637e-10
AGPAT181_REV_759350.9.peg.1213-MONOMER,0.0,-1.3536171349629736e-08
AGPAT181_FWD_759350.9.peg.1213-MONOMER,7.102542168339287e-22,3.2245521447734176e-40
AGPR_REV_759350.9.peg.661-MONOMER,0.0004909584667822835,3.1529187508214765e-40
AGPR_FWD_759350.9.peg.661-MONOMER,0.0,-1.497191524053727e-08
AHCYSNS_r_REV_759350.9.peg.353-MONOMER,0.0,-1.6085952638548073e-08
AHCYSNS_r_FWD_759350.9.peg.353-MONOMER,5.370316058987368e-06,2.047125928187306e-42
AHEXASE3_REV_759350.9.peg.700-MONOMER,0.0,0.0
AHEXASE3_FWD_759350.9.peg.700-MONOMER,0.0,-1.536569137871857e-08
AHMMPS_REV_759350.9.peg.1394-MONOMER,0.0,-1.901467747271692e-08
AHMMPS_FWD_759350.9.peg.1394-MONOMER,3.0078885166948143e-57,-6.201544413030301e-41
AHSERL2_REV_759350.9.peg.821-MONOMER,0.0,-1.278355698324682e-08
AHSERL2_FWD_759350.9.peg.821-MONOMER,0.0,-2.5745516396710214e-09
AHSERL2_REV_759350.9.peg.1432-MONOMER,0.0,-1.0209005343575798e-08
AHSERL2_FWD_759350.9.peg.1432-MONOMER,1.9101837054992924e-22,1.1115585366208269e-42
AHSERL3_REV_759350.9.peg.821-MONOMER,0.0,-2.5745516396710214e-09
AHSERL3_FWD_759350.9.peg.821-MONOMER,0.0,-1.278355698324682e-08
AHSERL3_REV_759350.9.peg.1432-MONOMER,1.9101837054992924e-22,-3.334675609862481e-42
AHSERL3_FWD_759350.9.peg.1432-MONOMER,0.0,-1.0209005343575798e-08
AICART_REV_759350.9.peg.1071-MONOMER,0.0,-1.6438847858487016e-08
AICART_FWD_759350.9.peg.1071-MONOMER,0.0,2.047954870600993e-40
AIHPDCOATA_REV_CPLX_dummy,0.0,-1.3298496303093672e-08
AIHPDCOATA_FWD_CPLX_dummy,0.0001325398357626797,-5.782617091605037e-41
AIRC4_REV_CPLX_AIRC4-0,0.0,-1.6788973698332648e-08
AIRC4_FWD_CPLX_AIRC4-0,0.0,1.1122033462562138e-40
AKGS_REV_759350.9.peg.651-MONOMER,0.0,-1.0031779424144228e-08
AKGS_FWD_759350.9.peg.651-MONOMER,0.0,-6.202677538265215e-09
AKP1_REV_759350.9.peg.128-MONOMER_mod_zn2(1)_mod_mg2(1),0.0,-2.0032360887316404e-08
AKP1_FWD_759350.9.peg.128-MONOMER_mod_zn2(1)_mod_mg2(1),1.4453756624687888e-05,-1.6143587423878276e-40
ALAALA_REV_759350.9.peg.302-MONOMER,0.0,3.119177927427095e-08
ALAALA_FWD_759350.9.peg.302-MONOMER,0.0,-4.657345127130054e-08
ALAASP1c_REV_759350.9.peg.568-MONOMER,0.0,-2.6642508881076406e-10
ALAASP1c_FWD_759350.9.peg.568-MONOMER,0.0,-1.4144171103870083e-08
ALAASP1c_REV_759350.9.peg.1620-MONOMER_mod_fe2(2),1.2060154859830432e-22,-1.3323240220174991e-36
ALAASP1c_FWD_759350.9.peg.1620-MONOMER_mod_fe2(2),0.0,-1.387774601505932e-08
ALAASP1c_REV_759350.9.peg.511-MONOMER,0.0,-2.467223705249397e-09
ALAASP1c_FWD_759350.9.peg.511-MONOMER,0.0,-1.6344969720308717e-08
ALAASPabc_REV_759350.9.peg.945-MONOMER,0.0,2.2993918321048768e-08
ALAASPabc_FWD_759350.9.peg.945-MONOMER,0.0,-3.967165857062454e-08
ALAASPabc_REV_759350.9.peg.1250-MONOMER,0.0,2.2985909567312766e-08
ALAASPabc_FWD_759350.9.peg.1250-MONOMER,0.0,-3.967966732436054e-08
ALAASPabc_REV_759350.9.peg.554-MONOMER,0.0,2.4594120727426512e-08
ALAASPabc_FWD_759350.9.peg.554-MONOMER,0.0,-3.807145616424679e-08
ALAASPabc_REV_759350.9.peg.274-MONOMER,0.0,2.337391244615397e-08
ALAASPabc_FWD_759350.9.peg.274-MONOMER,0.0,-3.929166444551933e-08
ALAASPabc_REV_759350.9.peg.1992-MONOMER,0.0,2.2860339360716233e-08
ALAASPabc_FWD_759350.9.peg.1992-MONOMER,0.0,-3.980523753095707e-08
ALAASPabc_REV_759350.9.peg.1309-MONOMER,0.0,2.3674390715874854e-08
ALAASPabc_FWD_759350.9.peg.1309-MONOMER,0.0,-3.899118617579845e-08
ALAASPabc_REV_759350.9.peg.1994-MONOMER,0.0,2.3963011170601125e-08
ALAASPabc_FWD_759350.9.peg.1994-MONOMER,0.0,-3.8702565721072176e-08
ALAASPabc_REV_759350.9.peg.1993-MONOMER,0.0,2.239892330753771e-08
ALAASPabc_FWD_759350.9.peg.1993-MONOMER,0.0,-4.026665358413559e-08
ALACI_REV_759350.9.peg.107-MONOMER,0.0,-7.48795561270512e-09
ALACI_FWD_759350.9.peg.107-MONOMER,0.0,-7.48795561270512e-09
ALACI_REV_759350.9.peg.126-MONOMER,0.0,-7.252545825631063e-09
ALACI_FWD_759350.9.peg.126-MONOMER,0.0,-7.252545825631063e-09
ALACI_REV_759350.9.peg.109-MONOMER_mod_mg2(1),0.0,-1.058463201250083e-08
ALACI_FWD_759350.9.peg.109-MONOMER_mod_mg2(1),0.0,-1.058463201250083e-08
ALAGLN1c_REV_759350.9.peg.568-MONOMER,0.0,-2.6642508881076406e-10
ALAGLN1c_FWD_759350.9.peg.568-MONOMER,0.0,-1.4144171103870083e-08
ALAGLN1c_REV_759350.9.peg.1620-MONOMER_mod_fe2(2),1.2060154859830432e-22,-1.165858548148568e-41
ALAGLN1c_FWD_759350.9.peg.1620-MONOMER_mod_fe2(2),0.0,-1.387774601505932e-08
ALAGLN1c_REV_759350.9.peg.511-MONOMER,0.0,-2.467223705249397e-09
ALAGLN1c_FWD_759350.9.peg.511-MONOMER,0.0,-1.6344969720308717e-08
ALAGLNabc_REV_759350.9.peg.945-MONOMER,0.0,2.2993918321048768e-08
ALAGLNabc_FWD_759350.9.peg.945-MONOMER,0.0,-3.967165857062454e-08
ALAGLNabc_REV_759350.9.peg.1250-MONOMER,0.0,2.2985909567312766e-08
ALAGLNabc_FWD_759350.9.peg.1250-MONOMER,0.0,-3.967966732436054e-08
ALAGLNabc_REV_759350.9.peg.554-MONOMER,0.0,2.4594120727426512e-08
ALAGLNabc_FWD_759350.9.peg.554-MONOMER,0.0,-3.807145616424679e-08
ALAGLNabc_REV_759350.9.peg.274-MONOMER,0.0,2.337391244615397e-08
ALAGLNabc_FWD_759350.9.peg.274-MONOMER,0.0,-3.929166444551933e-08
ALAGLNabc_REV_759350.9.peg.1992-MONOMER,0.0,2.2860339360716233e-08
ALAGLNabc_FWD_759350.9.peg.1992-MONOMER,0.0,-3.980523753095707e-08
ALAGLNabc_REV_759350.9.peg.1309-MONOMER,0.0,2.3674390715874854e-08
ALAGLNabc_FWD_759350.9.peg.1309-MONOMER,0.0,-3.899118617579845e-08
ALAGLNabc_REV_759350.9.peg.1994-MONOMER,0.0,2.3963011170601125e-08
ALAGLNabc_FWD_759350.9.peg.1994-MONOMER,0.0,-3.8702565721072176e-08
ALAGLNabc_REV_759350.9.peg.1993-MONOMER,0.0,2.239892330753771e-08
ALAGLNabc_FWD_759350.9.peg.1993-MONOMER,0.0,-4.026665358413559e-08
ALAGLU1c_REV_759350.9.peg.568-MONOMER,0.0,-2.6642508881076406e-10
ALAGLU1c_FWD_759350.9.peg.568-MONOMER,0.0,-1.4144171103870083e-08
ALAGLU1c_REV_759350.9.peg.1620-MONOMER_mod_fe2(2),1.2060154952746909e-22,1.0504135997912892e-36
ALAGLU1c_FWD_759350.9.peg.1620-MONOMER_mod_fe2(2),0.0,-1.387774601505932e-08
ALAGLU1c_REV_759350.9.peg.511-MONOMER,0.0,-2.467223705249397e-09
ALAGLU1c_FWD_759350.9.peg.511-MONOMER,0.0,-1.6344969720308717e-08
ALAGLUabc_REV_759350.9.peg.945-MONOMER,0.0,3.329878980602464e-08
ALAGLUabc_FWD_759350.9.peg.945-MONOMER,0.0,-4.997653005560041e-08
ALAGLUabc_REV_759350.9.peg.1250-MONOMER,0.0,3.329078105228864e-08
ALAGLUabc_FWD_759350.9.peg.1250-MONOMER,0.0,-4.9984538809336407e-08
ALAGLUabc_REV_759350.9.peg.554-MONOMER,0.0,3.4898992212402383e-08
ALAGLUabc_FWD_759350.9.peg.554-MONOMER,0.0,-4.837632764922267e-08
ALAGLUabc_REV_759350.9.peg.274-MONOMER,0.0,3.3678783931129846e-08
ALAGLUabc_FWD_759350.9.peg.274-MONOMER,0.0,-4.9596535930495204e-08
ALAGLUabc_REV_759350.9.peg.1992-MONOMER,0.0,3.316521084569211e-08
ALAGLUabc_FWD_759350.9.peg.1992-MONOMER,0.0,-5.011010901593294e-08
ALAGLUabc_REV_759350.9.peg.1309-MONOMER,0.0,3.397926220085073e-08
ALAGLUabc_FWD_759350.9.peg.1309-MONOMER,0.0,-4.929605766077432e-08
ALAGLUabc_REV_759350.9.peg.1994-MONOMER,0.0,3.4267882655577e-08
ALAGLUabc_FWD_759350.9.peg.1994-MONOMER,0.0,-4.900743720604805e-08
ALAGLUabc_REV_759350.9.peg.1993-MONOMER,0.0,3.2703794792513586e-08
ALAGLUabc_FWD_759350.9.peg.1993-MONOMER,0.0,-5.0571525069111465e-08
ALAGLY1c_REV_759350.9.peg.568-MONOMER,0.0,-2.6642508881076406e-10
ALAGLY1c_FWD_759350.9.peg.568-MONOMER,0.0,-1.4144171103870083e-08
ALAGLY1c_REV_759350.9.peg.1620-MONOMER_mod_fe2(2),1.2060154859830432e-22,-1.4327463401685983e-41
ALAGLY1c_FWD_759350.9.peg.1620-MONOMER_mod_fe2(2),0.0,-1.387774601505932e-08
ALAGLY1c_REV_759350.9.peg.511-MONOMER,0.0,-2.467223705249397e-09
ALAGLY1c_FWD_759350.9.peg.511-MONOMER,0.0,-1.6344969720308717e-08
ALAGLYabc_REV_759350.9.peg.945-MONOMER,0.0,2.2993918321048768e-08
ALAGLYabc_FWD_759350.9.peg.945-MONOMER,0.0,-3.967165857062454e-08
ALAGLYabc_REV_759350.9.peg.1250-MONOMER,0.0,2.2985909567312766e-08
ALAGLYabc_FWD_759350.9.peg.1250-MONOMER,0.0,-3.967966732436054e-08
ALAGLYabc_REV_759350.9.peg.554-MONOMER,0.0,2.4594120727426512e-08
ALAGLYabc_FWD_759350.9.peg.554-MONOMER,0.0,-3.807145616424679e-08
ALAGLYabc_REV_759350.9.peg.274-MONOMER,0.0,2.337391244615397e-08
ALAGLYabc_FWD_759350.9.peg.274-MONOMER,0.0,-3.929166444551933e-08
ALAGLYabc_REV_759350.9.peg.1992-MONOMER,0.0,2.2860339360716233e-08
ALAGLYabc_FWD_759350.9.peg.1992-MONOMER,0.0,-3.980523753095707e-08
ALAGLYabc_REV_759350.9.peg.1309-MONOMER,0.0,2.3674390715874854e-08
ALAGLYabc_FWD_759350.9.peg.1309-MONOMER,0.0,-3.899118617579845e-08
ALAGLYabc_REV_759350.9.peg.1994-MONOMER,0.0,2.3963011170601125e-08
ALAGLYabc_FWD_759350.9.peg.1994-MONOMER,0.0,-3.8702565721072176e-08
ALAGLYabc_REV_759350.9.peg.1993-MONOMER,0.0,2.239892330753771e-08
ALAGLYabc_FWD_759350.9.peg.1993-MONOMER,0.0,-4.026665358413559e-08
ALAHIS1c_REV_759350.9.peg.568-MONOMER,0.0,-2.6642508881076406e-10
ALAHIS1c_FWD_759350.9.peg.568-MONOMER,0.0,-1.4144171103870083e-08
ALAHIS1c_REV_759350.9.peg.1620-MONOMER_mod_fe2(2),1.2060154853300785e-22,-7.974520987351784e-42
ALAHIS1c_FWD_759350.9.peg.1620-MONOMER_mod_fe2(2),0.0,-1.387774601505932e-08
ALAHIS1c_REV_759350.9.peg.511-MONOMER,0.0,-2.467223705249397e-09
ALAHIS1c_FWD_759350.9.peg.511-MONOMER,0.0,-1.6344969720308717e-08
ALAHISabc_REV_759350.9.peg.945-MONOMER,0.0,2.2993918321048768e-08
ALAHISabc_FWD_759350.9.peg.945-MONOMER,0.0,-3.967165857062454e-08
ALAHISabc_REV_759350.9.peg.1250-MONOMER,0.0,2.2985909567312766e-08
ALAHISabc_FWD_759350.9.peg.1250-MONOMER,0.0,-3.967966732436054e-08
ALAHISabc_REV_759350.9.peg.554-MONOMER,0.0,2.4594120727426512e-08
ALAHISabc_FWD_759350.9.peg.554-MONOMER,0.0,-3.807145616424679e-08
ALAHISabc_REV_759350.9.peg.274-MONOMER,0.0,2.337391244615397e-08
ALAHISabc_FWD_759350.9.peg.274-MONOMER,0.0,-3.929166444551933e-08
ALAHISabc_REV_759350.9.peg.1992-MONOMER,0.0,2.2860339360716233e-08
ALAHISabc_FWD_759350.9.peg.1992-MONOMER,0.0,-3.980523753095707e-08
ALAHISabc_REV_759350.9.peg.1309-MONOMER,0.0,2.3674390715874854e-08
ALAHISabc_FWD_759350.9.peg.1309-MONOMER,0.0,-3.899118617579845e-08
ALAHISabc_REV_759350.9.peg.1994-MONOMER,0.0,2.3963011170601125e-08
ALAHISabc_FWD_759350.9.peg.1994-MONOMER,0.0,-3.8702565721072176e-08
ALAHISabc_REV_759350.9.peg.1993-MONOMER,0.0,2.239892330753771e-08
ALAHISabc_FWD_759350.9.peg.1993-MONOMER,0.0,-4.026665358413559e-08
ALALEU1c_REV_759350.9.peg.568-MONOMER,0.0,-2.6642508881076406e-10
ALALEU1c_FWD_759350.9.peg.568-MONOMER,0.0,-1.4144171103870083e-08
ALALEU1c_REV_759350.9.peg.1620-MONOMER_mod_fe2(2),1.2060154859830432e-22,-2.3628981479875077e-41
ALALEU1c_FWD_759350.9.peg.1620-MONOMER_mod_fe2(2),0.0,-1.387774601505932e-08
ALALEU1c_REV_759350.9.peg.511-MONOMER,0.0,-2.467223705249397e-09
ALALEU1c_FWD_759350.9.peg.511-MONOMER,0.0,-1.6344969720308717e-08
ALALEUabc_REV_759350.9.peg.945-MONOMER,0.0,2.1727364688911437e-08
ALALEUabc_FWD_759350.9.peg.945-MONOMER,0.0,-3.8405104938487206e-08
ALALEUabc_REV_759350.9.peg.1250-MONOMER,0.0,2.171935593517544e-08
ALALEUabc_FWD_759350.9.peg.1250-MONOMER,0.0,-3.8413113692223205e-08
ALALEUabc_REV_759350.9.peg.554-MONOMER,0.0,2.332756709528918e-08
ALALEUabc_FWD_759350.9.peg.554-MONOMER,0.0,-3.6804902532109465e-08
ALALEUabc_REV_759350.9.peg.274-MONOMER,0.0,2.210735881401664e-08
ALALEUabc_FWD_759350.9.peg.274-MONOMER,0.0,-3.8025110813382e-08
ALALEUabc_REV_759350.9.peg.1992-MONOMER,0.0,2.1593785728578902e-08
ALALEUabc_FWD_759350.9.peg.1992-MONOMER,0.0,-3.853868389881974e-08
ALALEUabc_REV_759350.9.peg.1309-MONOMER,0.0,2.2407837083737527e-08
ALALEUabc_FWD_759350.9.peg.1309-MONOMER,0.0,-3.772463254366112e-08
ALALEUabc_REV_759350.9.peg.1994-MONOMER,0.0,2.2696457538463798e-08
ALALEUabc_FWD_759350.9.peg.1994-MONOMER,0.0,-3.743601208893485e-08
ALALEUabc_REV_759350.9.peg.1993-MONOMER,0.0,2.113236967540038e-08
ALALEUabc_FWD_759350.9.peg.1993-MONOMER,0.0,-3.900009995199826e-08
ALAR_REV_759350.9.peg.562-MONOMER,-4.2746739452806175e-29,-1.9372890104743736e-42
ALAR_FWD_759350.9.peg.562-MONOMER,0.0,-1.5902636403681877e-08
ALATHR1c_REV_759350.9.peg.568-MONOMER,0.0,-2.6642508881076406e-10
ALATHR1c_FWD_759350.9.peg.568-MONOMER,0.0,-1.4144171103870083e-08
ALATHR1c_REV_759350.9.peg.1620-MONOMER_mod_fe2(2),1.2060154859830432e-22,-1.2385061457210413e-41
ALATHR1c_FWD_759350.9.peg.1620-MONOMER_mod_fe2(2),0.0,-1.387774601505932e-08
ALATHR1c_REV_759350.9.peg.511-MONOMER,0.0,-2.467223705249397e-09
ALATHR1c_FWD_759350.9.peg.511-MONOMER,0.0,-1.6344969720308717e-08
ALATHRabc_REV_759350.9.peg.945-MONOMER,0.0,2.2993918321048768e-08
ALATHRabc_FWD_759350.9.peg.945-MONOMER,0.0,-3.967165857062454e-08
ALATHRabc_REV_759350.9.peg.1250-MONOMER,0.0,2.2985909567312766e-08
ALATHRabc_FWD_759350.9.peg.1250-MONOMER,0.0,-3.967966732436054e-08
ALATHRabc_REV_759350.9.peg.554-MONOMER,0.0,2.4594120727426512e-08
ALATHRabc_FWD_759350.9.peg.554-MONOMER,0.0,-3.807145616424679e-08
ALATHRabc_REV_759350.9.peg.274-MONOMER,0.0,2.337391244615397e-08
ALATHRabc_FWD_759350.9.peg.274-MONOMER,0.0,-3.929166444551933e-08
ALATHRabc_REV_759350.9.peg.1992-MONOMER,0.0,2.2860339360716233e-08
ALATHRabc_FWD_759350.9.peg.1992-MONOMER,0.0,-3.980523753095707e-08
ALATHRabc_REV_759350.9.peg.1309-MONOMER,0.0,2.3674390715874854e-08
ALATHRabc_FWD_759350.9.peg.1309-MONOMER,0.0,-3.899118617579845e-08
ALATHRabc_REV_759350.9.peg.1994-MONOMER,0.0,2.3963011170601125e-08
ALATHRabc_FWD_759350.9.peg.1994-MONOMER,0.0,-3.8702565721072176e-08
ALATHRabc_REV_759350.9.peg.1993-MONOMER,0.0,2.239892330753771e-08
ALATHRabc_FWD_759350.9.peg.1993-MONOMER,0.0,-4.026665358413559e-08
ALAt2r_REV_CPLX_dummy,0.0,-7.298003012559927e-10
ALAt2r_FWD_CPLX_dummy,0.0,-1.256869600183768e-08
ALCD19_REV_759350.9.peg.1810-MONOMER_mod_fe2(1),0.0,-2.830041954983622e-08
ALCD19_FWD_759350.9.peg.1810-MONOMER_mod_fe2(1),0.0,-1.9382599844446694e-08
ALCD2x_REV_759350.9.peg.1810-MONOMER_mod_fe2(1),0.0,-1.125732890538868e-40
ALCD2x_FWD_759350.9.peg.1810-MONOMER_mod_fe2(1),0.0,-4.768301939428292e-08
ALDD2x_REV_759350.9.peg.588-MONOMER_mod_mg2(1),0.0,2.763646137263426e-08
ALDD2x_FWD_759350.9.peg.588-MONOMER_mod_mg2(1),0.0,-5.12075398584111e-08
ALKP_REV_759350.9.peg.128-MONOMER_mod_zn2(1)_mod_mg2(1),0.0,-2.0032360887316404e-08
ALKP_FWD_759350.9.peg.128-MONOMER_mod_zn2(1)_mod_mg2(1),0.0,-2.059891936643707e-41
AMALT1_REV_759350.9.peg.1815-MONOMER,0.0,-1.7417435933317394e-08
AMALT1_FWD_759350.9.peg.1815-MONOMER,9.583550093563758e-22,1.4659692707917667e-41
AMALT1_REV_759350.9.peg.114-MONOMER,0.0,-1.7487103360554443e-08
AMALT1_FWD_759350.9.peg.114-MONOMER,0.0,-6.966742723704971e-11
AMALT2_REV_759350.9.peg.1815-MONOMER,0.0,-1.7417435933317394e-08
AMALT2_FWD_759350.9.peg.1815-MONOMER,9.583550093563758e-22,-2.4432821179862777e-41
AMALT2_REV_759350.9.peg.114-MONOMER,0.0,-1.7487103360554443e-08
AMALT2_FWD_759350.9.peg.114-MONOMER,0.0,-6.966742723704971e-11
AMALT3_REV_759350.9.peg.1815-MONOMER,0.0,-1.7417435933317394e-08
AMALT3_FWD_759350.9.peg.1815-MONOMER,9.583550093563758e-22,-4.886564235972555e-42
AMALT3_REV_759350.9.peg.114-MONOMER,0.0,-1.7487103360554443e-08
AMALT3_FWD_759350.9.peg.114-MONOMER,0.0,-6.966742723704971e-11
AMALT4_REV_759350.9.peg.1815-MONOMER,0.0,-1.7417435933317394e-08
AMALT4_FWD_759350.9.peg.1815-MONOMER,9.583550093563758e-22,3.4205949651807885e-41
AMALT4_REV_759350.9.peg.114-MONOMER,0.0,-1.7487103360554443e-08
AMALT4_FWD_759350.9.peg.114-MONOMER,0.0,-6.966742723704971e-11
AMMQT7rev_REV_CPLX_dummy,0.0,-1.3298496303093672e-08
AMMQT7rev_FWD_CPLX_dummy,9.635837749791925e-06,-8.141660534249032e-41
AMMQT8r_REV_CPLX_dummy,0.0,-1.3298496303093672e-08
AMMQT8r_FWD_CPLX_dummy,4.817918874895962e-06,-1.0049482480334251e-39
AMPMS2_REV_759350.9.peg.1332-MONOMER,0.0,9.841887787257366e-09
AMPMS2_FWD_759350.9.peg.1332-MONOMER,0.0,-2.0791223452908556e-08
AMPTASECG_REV_759350.9.peg.568-MONOMER,0.0,2.523633507359835e-08
AMPTASECG_FWD_759350.9.peg.568-MONOMER,0.0,-3.96469312662792e-08
AMPTASECG_REV_759350.9.peg.1620-MONOMER_mod_fe2(2),0.0,2.5502760162409114e-08
AMPTASECG_FWD_759350.9.peg.1620-MONOMER_mod_fe2(2),0.0,-3.938050617746843e-08
AMPTASECG_REV_759350.9.peg.511-MONOMER,0.0,2.3035536457159715e-08
AMPTASECG_FWD_759350.9.peg.511-MONOMER,0.0,-4.184772988271783e-08
AMPTASEGC_REV_759350.9.peg.568-MONOMER,0.0,2.523633507359835e-08
AMPTASEGC_FWD_759350.9.peg.568-MONOMER,0.0,-3.96469312662792e-08
AMPTASEGC_REV_759350.9.peg.1620-MONOMER_mod_fe2(2),0.0,2.5502760162409114e-08
AMPTASEGC_FWD_759350.9.peg.1620-MONOMER_mod_fe2(2),0.0,-3.938050617746843e-08
AMPTASEGC_REV_759350.9.peg.511-MONOMER,0.0,2.3035536457159715e-08
AMPTASEGC_FWD_759350.9.peg.511-MONOMER,0.0,-4.184772988271783e-08
ANPRT_REV_759350.9.peg.1215-MONOMER,0.0,-1.5005542989078286e-08
ANPRT_FWD_759350.9.peg.1215-MONOMER,0.0,-1.3671956171724275e-41
ANS_REV_CPLX_ANS-0,0.0,8.21104757710615e-09
ANS_FWD_CPLX_ANS-0,0.0,-2.6178644670070832e-08
ANS2_REV_CPLX_ANS-0,0.0,-1.796759709296468e-08
ANS2_FWD_CPLX_ANS-0,0.0,8.410673902265494e-42
AOBUTDs_REV_CPLX_dummy,0.0,-1.3298496303093672e-08
AOBUTDs_FWD_CPLX_dummy,2.407049034740894e-28,1.2151732140670196e-42
APRAUR_REV_759350.9.peg.376-MONOMER,0.0,-1.8112539596725927e-08
APRAUR_FWD_759350.9.peg.376-MONOMER,0.0,-3.0743623643411005e-41
ARABASE3e_REV_759350.9.peg.544-MONOMER,0.0,-8.185587252282219e-09
ARABASE3e_FWD_759350.9.peg.544-MONOMER,0.0,-8.185587252282219e-09
ARABASE3e_REV_759350.9.peg.573-MONOMER,0.0,-8.736963769082828e-09
ARABASE3e_FWD_759350.9.peg.573-MONOMER,0.0,-8.736963769082828e-09
ARABASE3e_REV_759350.9.peg.1774-MONOMER,0.0,-8.035540403990924e-09
ARABASE3e_FWD_759350.9.peg.1774-MONOMER,0.0,-8.035540403990924e-09
ARABASE3e_REV_759350.9.peg.1964-MONOMER,0.0,-8.891840656177427e-09
ARABASE3e_FWD_759350.9.peg.1964-MONOMER,0.0,-8.891840656177427e-09
ARABINOGALASEe_REV_CPLX_dummy,0.0,-1.3298496303093672e-08
ARABINOGALASEe_FWD_CPLX_dummy,1.3966670870805968e-25,0.0
ARAI_REV_759350.9.peg.416-MONOMER_mod_mn2(1),0.0,-2.5689426548296152e-08
ARAI_FWD_759350.9.peg.416-MONOMER_mod_mn2(1),0.0,2.364753943863924e-42
ARBTpts_REV_CPLX_ARBTpts-0,0.0,-2.089517601927837e-08
ARBTpts_FWD_CPLX_ARBTpts-0,0.0,2.918927849530564e-42
ARBabc_REV_CPLX_ARBabc-15,0.0,3.823017408267046e-08
ARBabc_FWD_CPLX_ARBabc-15,0.0,-5.762716312965731e-08
ARBabc_REV_759350.9.peg.1673-MONOMER,0.0,4.049203400842987e-08
ARBabc_FWD_759350.9.peg.1673-MONOMER,0.0,-5.53653032038979e-08
ARBabc_REV_CPLX_ARBabc-13,0.0,3.8257515055530605e-08
ARBabc_FWD_CPLX_ARBabc-13,0.0,-5.759982215679716e-08
ARBabc_REV_CPLX_ARBabc-23,0.0,3.812796322434302e-08
ARBabc_FWD_CPLX_ARBabc-23,0.0,-5.7729373987984745e-08
ARBabc_REV_CPLX_ARBabc-4,0.0,3.8174171711460116e-08
ARBabc_FWD_CPLX_ARBabc-4,0.0,-5.768316550086765e-08
ARBabc_REV_CPLX_ARBabc-6,0.0,3.801668203124241e-08
ARBabc_FWD_CPLX_ARBabc-6,0.0,-5.784065518108537e-08
ARBabc_REV_CPLX_ARBabc-21,0.0,3.815402981856832e-08
ARBabc_FWD_CPLX_ARBabc-21,0.0,-5.770330739375945e-08
ARBabc_REV_CPLX_ARBabc-0,0.0,3.8306580080601874e-08
ARBabc_FWD_CPLX_ARBabc-0,0.0,-5.7550757131725894e-08
ARBabc_REV_759350.9.peg.1644-MONOMER,0.0,3.9648302736416925e-08
ARBabc_FWD_759350.9.peg.1644-MONOMER,0.0,-5.620903447591084e-08
ARBabc_REV_759350.9.peg.1645-MONOMER,0.0,4.0356728752638704e-08
ARBabc_FWD_759350.9.peg.1645-MONOMER,0.0,-5.5500608459689065e-08
ARBabc_REV_CPLX_ARBabc-3,0.0,3.82379321538685e-08
ARBabc_FWD_CPLX_ARBabc-3,0.0,-5.761940505845927e-08
ARBabc_REV_CPLX_ARBabc-19,0.0,3.8258270207212195e-08
ARBabc_FWD_CPLX_ARBabc-19,0.0,-5.759906700511557e-08
ARBabc_REV_CPLX_ARBabc-29,0.0,3.827797978077017e-08
ARBabc_FWD_CPLX_ARBabc-29,0.0,-5.7579357431557596e-08
ARBabc_REV_CPLX_ARBabc-9,0.0,3.810299759543586e-08
ARBabc_FWD_CPLX_ARBabc-9,0.0,-5.7754339616891906e-08
ARBabc_REV_CPLX_ARBabc-2,0.0,3.814277535863382e-08
ARBabc_FWD_CPLX_ARBabc-2,0.0,-5.771456185369395e-08
ARBabc_REV_CPLX_ARBabc-24,0.0,3.8162152098081886e-08
ARBabc_FWD_CPLX_ARBabc-24,0.0,-5.769518511424589e-08
ARBabc_REV_CPLX_ARBabc-30,0.0,3.81549088085634e-08
ARBabc_FWD_CPLX_ARBabc-30,0.0,-5.770242840376437e-08
ARBabc_REV_CPLX_ARBabc-5,0.0,3.8134341744168964e-08
ARBabc_FWD_CPLX_ARBabc-5,0.0,-5.7722995468158804e-08
ARBabc_REV_CPLX_ARBabc-10,0.0,3.7986389513597185e-08
ARBabc_FWD_CPLX_ARBabc-10,0.0,-5.787094769873058e-08
ARBabc_REV_CPLX_ARBabc-31,0.0,3.825046471462032e-08
ARBabc_FWD_CPLX_ARBabc-31,0.0,-5.760687249770745e-08
ARBabc_REV_CPLX_ARBabc-12,0.0,3.829864147863766e-08
ARBabc_FWD_CPLX_ARBabc-12,0.0,-5.755869573369012e-08
ARBabc_REV_CPLX_ARBabc-18,0.0,3.8162524402909693e-08
ARBabc_FWD_CPLX_ARBabc-18,0.0,-5.769481280941808e-08
ARBabc_REV_CPLX_ARBabc-8,0.0,3.814240979135151e-08
ARBabc_FWD_CPLX_ARBabc-8,0.0,-5.771492742097626e-08
ARBabc_REV_CPLX_ARBabc-14,0.0,3.813520455084624e-08
ARBabc_FWD_CPLX_ARBabc-14,0.0,-5.772213266148153e-08
ARBabc_REV_CPLX_ARBabc-28,0.0,3.831937011716451e-08
ARBabc_FWD_CPLX_ARBabc-28,0.0,-5.753796709516326e-08
ARBabc_REV_CPLX_ARBabc-27,0.0,3.809661434267071e-08
ARBabc_FWD_CPLX_ARBabc-27,0.0,-5.776072286965706e-08
ARBabc_REV_CPLX_ARBabc-20,0.0,3.819410440855827e-08
ARBabc_FWD_CPLX_ARBabc-20,0.0,-5.7663232803769495e-08
ARBabc_REV_CPLX_ARBabc-1,0.0,3.826538914471553e-08
ARBabc_FWD_CPLX_ARBabc-1,0.0,-5.759194806761224e-08
ARBabc_REV_759350.9.peg.1672-MONOMER,0.0,3.991935727420828e-08
ARBabc_FWD_759350.9.peg.1672-MONOMER,0.0,-5.5937979938119487e-08
ARBabc_REV_759350.9.peg.1671-MONOMER,0.0,4.0210585000909666e-08
ARBabc_FWD_759350.9.peg.1671-MONOMER,0.0,-5.56467522114181e-08
ARBabc_REV_CPLX_ARBabc-17,0.0,3.8285902974323495e-08
ARBabc_FWD_CPLX_ARBabc-17,0.0,-5.757143423800427e-08
ARBabc_REV_CPLX_ARBabc-22,0.0,3.8035676609024206e-08
ARBabc_FWD_CPLX_ARBabc-22,0.0,-5.782166060330356e-08
ARBabc_REV_CPLX_ARBabc-26,0.0,3.80052136724448e-08
ARBabc_FWD_CPLX_ARBabc-26,0.0,-5.785212353988297e-08
ARBabc_REV_CPLX_ARBabc-7,0.0,3.810842831689651e-08
ARBabc_FWD_CPLX_ARBabc-7,0.0,-5.774890889543126e-08
ARBabc_REV_CPLX_ARBabc-25,0.0,3.812250116850764e-08
ARBabc_FWD_CPLX_ARBabc-25,0.0,-5.7734836043820126e-08
ARBabc_REV_CPLX_ARBabc-11,0.0,3.807726164088821e-08
ARBabc_FWD_CPLX_ARBabc-11,0.0,-5.778007557143956e-08
ARBabc_REV_CPLX_ARBabc-16,0.0,3.832735876797951e-08
ARBabc_FWD_CPLX_ARBabc-16,0.0,-5.7529978444348256e-08
ARBt2r_REV_759350.9.peg.426-MONOMER,0.0,0.0
ARBt2r_FWD_759350.9.peg.426-MONOMER,0.0,-1.0692319043416495e-08
ARGSL_REV_759350.9.peg.1538-MONOMER,0.0,-1.6210737232319698e-08
ARGSL_FWD_759350.9.peg.1538-MONOMER,0.0004813226290324916,-1.3810221987115572e-34
ARGSL_REV_759350.9.peg.668-MONOMER,0.0,-1.6235459946147545e-08
ARGSL_FWD_759350.9.peg.668-MONOMER,0.0,-2.472271382784645e-11
ARGSSr_REV_759350.9.peg.667-MONOMER_mod_mg2(1),0.0,-2.2055888566077005e-08
ARGSSr_FWD_759350.9.peg.667-MONOMER_mod_mg2(1),0.0004813226290324916,-7.337612935174889e-41
ASAD_REV_759350.9.peg.157-MONOMER,0.0,-1.5135378384812303e-08
ASAD_FWD_759350.9.peg.157-MONOMER,0.0,-7.012426037412026e-41
ASNS1_REV_CPLX_dummy,0.0,1.2540363061048238e-07
ASNS1_FWD_CPLX_dummy,0.0,-1.3870212691357604e-07
ASNS2_REV_CPLX_dummy,0.0,9.922498594041154e-08
ASNS2_FWD_CPLX_dummy,0.0,-1.1252348224350521e-07
ASNt2r_REV_CPLX_dummy,0.0,-1.3298496303093672e-08
ASNt2r_FWD_CPLX_dummy,0.0003192495561159358,1.0453991269311133e-42
ASPCT_REV_759350.9.peg.978-MONOMER,0.0,-1.9359698157935344e-08
ASPCT_FWD_759350.9.peg.978-MONOMER,0.01322922499000218,6.033148413366021e-41
ASPKi_REV_759350.9.peg.309-MONOMER_mod_mg2(1),0.0,2.281256895973948e-08
ASPKi_FWD_759350.9.peg.309-MONOMER_mod_mg2(1),0.0,-4.57711384048936e-08
ASPKi_REV_759350.9.peg.309-MONOMER_mod_cobalt2(1),0.0,2.2813029330350337e-08
ASPKi_FWD_759350.9.peg.309-MONOMER_mod_cobalt2(1),0.0,-4.577067803428274e-08
ASPKi_REV_CPLX_ASPKi-0,0.0,2.638704735769056e-08
ASPKi_FWD_CPLX_ASPKi-0,0.0,-4.2196660006942515e-08
ASPKi_REV_759350.9.peg.309-MONOMER_mod_mn2(1),0.0,2.2812976205003082e-08
ASPKi_FWD_759350.9.peg.309-MONOMER_mod_mn2(1),0.0,-4.577073115962999e-08
ASPO1_REV_759350.9.peg.1263-MONOMER_mod_fad(1),0.0,5.87547523533399e-11
ASPO1_FWD_759350.9.peg.1263-MONOMER_mod_fad(1),0.0,-1.6616061312868346e-08
ASPO5_REV_CPLX_dummy,0.0,7.460408151735155e-08
ASPO5_FWD_CPLX_dummy,0.0,-8.790257782044524e-08
ASPO6_REV_759350.9.peg.1263-MONOMER_mod_fad(1),0.0,7.297467638864089e-08
ASPO6_FWD_759350.9.peg.1263-MONOMER_mod_fad(1),0.0,-8.95319829491559e-08
ASPO7_REV_759350.9.peg.1203-MONOMER,0.0,5.874621206985421e-08
ASPO7_FWD_759350.9.peg.1203-MONOMER,0.0,-7.714188152665843e-08
ASPT_REV_759350.9.peg.309-MONOMER_mod_mg2(1),0.0,-1.9384091047203034e-08
ASPT_FWD_759350.9.peg.309-MONOMER_mod_mg2(1),0.0,-3.57447839795108e-09
ASPT_REV_759350.9.peg.309-MONOMER_mod_cobalt2(1),0.0,-1.9383630676592178e-08
ASPT_FWD_759350.9.peg.309-MONOMER_mod_cobalt2(1),0.0,-3.574018027340223e-09
ASPT_REV_CPLX_ASPKi-0,0.0,-1.5809612649251954e-08
ASPT_FWD_CPLX_ASPKi-0,0.012641131170079374,1.9566967827133038e-41
ASPT_REV_759350.9.peg.309-MONOMER_mod_mn2(1),0.0,-1.9383683801939433e-08
ASPT_FWD_759350.9.peg.309-MONOMER_mod_mn2(1),0.0,-3.5740711526874786e-09
ASPTA_REV_759350.9.peg.1872-MONOMER,0.0,-1.5402570219744872e-08
ASPTA_FWD_759350.9.peg.1872-MONOMER,0.0,-2.990278446712192e-11
ASPTA_REV_759350.9.peg.1611-MONOMER,0.0,-1.5372667435277752e-08
ASPTA_FWD_759350.9.peg.1611-MONOMER,0.014308699345966902,1.822164510533695e-37
ASPTA_REV_759350.9.peg.12-MONOMER,0.0,-1.561163980916486e-08
ASPTA_FWD_759350.9.peg.12-MONOMER,0.0,-2.3897237388710803e-10
ASPTA_REV_759350.9.peg.990-MONOMER,0.0,-1.53937367429282e-08
ASPTA_FWD_759350.9.peg.990-MONOMER,0.0,-2.1069307650450284e-11
ASPt2r_REV_CPLX_dummy,0.0,-1.3298496303093672e-08
ASPt2r_FWD_CPLX_dummy,0.04139724493210602,3.50336819965786e-42
ATPPRT_REV_759350.9.peg.1053-MONOMER,0.0,-1.6874038477703453e-08
ATPPRT_FWD_759350.9.peg.1053-MONOMER,0.0,4.228304928243567e-40
ATPS4_REV_CPLX_ATPS4-0,0.0,-2.378324528063026e-08
ATPS4_FWD_CPLX_ATPS4-0,0.010363223001496773,-2.1751928700802942e-36
BACCLi_REV_759350.9.peg.1861-MONOMER,0.0,-1.436647337163853e-08
BACCLi_FWD_759350.9.peg.1861-MONOMER,0.0,5.690329655324677e-41
BGLA_REV_759350.9.peg.1588-MONOMER,0.0,-1.3583355852200598e-08
BGLA_FWD_759350.9.peg.1588-MONOMER,2.2578552986360993e-22,0.0
BGLA_REV_759350.9.peg.1323-MONOMER,0.0,-1.5556571428678723e-08
BGLA_FWD_759350.9.peg.1323-MONOMER,0.0,-1.9732155764781235e-09
BGLAr_REV_759350.9.peg.1588-MONOMER,2.690433504622018e-22,1.5667266544521243e-42
BGLAr_FWD_759350.9.peg.1588-MONOMER,0.0,-1.3583355852200598e-08
BGLAr_REV_759350.9.peg.1323-MONOMER,0.0,-1.9732155764781235e-09
BGLAr_FWD_759350.9.peg.1323-MONOMER,0.0,-1.5556571428678723e-08
BGLAr_REV_759350.9.peg.1594-MONOMER,0.0,-2.345148906455434e-09
BGLAr_FWD_759350.9.peg.1594-MONOMER,0.0,-1.592850475865603e-08
BPNT_REV_CPLX_dummy,0.0,-1.3298496303093672e-08
BPNT_FWD_CPLX_dummy,0.0,2.178710752659268e-40
BTNCLi_REV_CPLX_BTNCLi-0,0.0,-1.917700642519525e-08
BTNCLi_FWD_CPLX_BTNCLi-0,0.0021826736206966508,-4.5497993704143914e-42
BTNabc_REV_759350.9.peg.1860-MONOMER,0.0,-1.344473548176549e-08
BTNabc_FWD_759350.9.peg.1860-MONOMER,0.0,9.302692712424276e-41
CAt4i_REV_CPLX_dummy,0.0,-1.3298496303093672e-08
CAt4i_FWD_CPLX_dummy,0.0,-8.372230842572618e-43
CBIAT_REV_CPLX_dummy,0.0,-1.3298496303093672e-08
CBIAT_FWD_CPLX_dummy,0.0,3.5240023207943567e-41
CBPS_REV_CPLX_CBPS-0_mod_cobalt2(1),0.0,-2.5710555842300026e-08
CBPS_FWD_CPLX_CBPS-0_mod_cobalt2(1),0.0,-6.073520449217305e-14
CBPS_REV_CPLX_CBPS-0_mod_mg2(1),0.0,-2.57108805622713e-08
CBPS_FWD_CPLX_CBPS-0_mod_mg2(1),0.0,-3.8545517576368864e-13
CBPS_REV_CPLX_CBPS-0_mod_mn2(1),0.0,-2.5710593316292254e-08
CBPS_FWD_CPLX_CBPS-0_mod_mn2(1),0.0,-9.82091967210839e-14
CBPS_REV_CPLX_CBPS-0_mod_zn2(1),0.0,-2.5710495107095533e-08
CBPS_FWD_CPLX_CBPS-0_mod_zn2(1),0.013710547619034672,2.1535524583427493e-35
CBPS_REV_CPLX_CBPS-0_mod_cd2(1),0.0,-2.5710495859663637e-08
CBPS_FWD_CPLX_CBPS-0_mod_cd2(1),0.0,-7.525681044497588e-16
CD2abc1_REV_759350.9.peg.85-MONOMER,0.0,2.3111562129255178e-08
CD2abc1_FWD_759350.9.peg.85-MONOMER,0.0,-4.039832695905072e-08
CD2abc1_REV_759350.9.peg.256-MONOMER,0.0,2.2369068788851434e-08
CD2abc1_FWD_759350.9.peg.256-MONOMER,0.0,-4.114082029945446e-08
CD2abc1_REV_759350.9.peg.690-MONOMER,0.0,2.7241739352746675e-08
CD2abc1_FWD_759350.9.peg.690-MONOMER,0.0,-3.6268149735559225e-08
CD2abc1_REV_759350.9.peg.691-MONOMER,0.0,2.5812586079804196e-08
CD2abc1_FWD_759350.9.peg.691-MONOMER,0.0,-3.76973030085017e-08
CD2t6r_REV_759350.9.peg.1354-MONOMER,0.0,-1.4506554863087435e-08
CD2t6r_FWD_759350.9.peg.1354-MONOMER,0.0,3.9711083317936035e-38
CDOSKT_REV_CPLX_dummy,0.0,-1.3298496303093672e-08
CDOSKT_FWD_CPLX_dummy,3.891521685129111e-05,-7.169521962995415e-41
CDPMEK_REV_759350.9.peg.2090-MONOMER,0.0,-1.4521599202091239e-08
CDPMEK_FWD_759350.9.peg.2090-MONOMER,0.0004377032231139941,-1.36496316938593e-40
CGLYabc_REV_759350.9.peg.945-MONOMER,0.0,-1.5077537843198025e-08
CGLYabc_FWD_759350.9.peg.945-MONOMER,0.0,-1.6002024063777437e-09
CGLYabc_REV_759350.9.peg.1250-MONOMER,0.0,-1.5085546596934027e-08
CGLYabc_FWD_759350.9.peg.1250-MONOMER,0.0,-1.6082111601137433e-09
CGLYabc_REV_759350.9.peg.554-MONOMER,0.0,-1.3477335436820282e-08
CGLYabc_FWD_759350.9.peg.554-MONOMER,1.1546555761687518e-22,3.5227756822133266e-41
CGLYabc_REV_759350.9.peg.274-MONOMER,0.0,-1.4697543718092821e-08
CGLYabc_FWD_759350.9.peg.274-MONOMER,0.0,-1.2202082812725388e-09
CGLYabc_REV_759350.9.peg.1992-MONOMER,0.0,-1.521111680353056e-08
CGLYabc_FWD_759350.9.peg.1992-MONOMER,0.0,-1.7337813667102782e-09
CGLYabc_REV_759350.9.peg.1309-MONOMER,0.0,-1.4397065448371938e-08
CGLYabc_FWD_759350.9.peg.1309-MONOMER,0.0,-9.197300115516553e-10
CGLYabc_REV_759350.9.peg.1994-MONOMER,0.0,-1.4108444993645667e-08
CGLYabc_FWD_759350.9.peg.1994-MONOMER,0.0,-6.311095568253849e-10
CGLYabc_REV_759350.9.peg.1993-MONOMER,0.0,-1.567253285670908e-08
CGLYabc_FWD_759350.9.peg.1993-MONOMER,0.0,-2.1951974198887993e-09
CHORM_REV_759350.9.peg.271-MONOMER,0.0,-1.168746512543481e-08
CHORM_FWD_759350.9.peg.271-MONOMER,-1.6489266634271901e-22,2.2303548786827675e-42
CHORS_REV_759350.9.peg.900-MONOMER_mod_fmnh2(1),0.0,-2.172827114635595e-08
CHORS_FWD_759350.9.peg.900-MONOMER_mod_fmnh2(1),0.0,-5.1165624060407735e-12
CHORS_REV_759350.9.peg.900-MONOMER_mod_fadh2(1),0.0,-2.172315458394991e-08
CHORS_FWD_759350.9.peg.900-MONOMER_mod_fadh2(1),-1.6489266634271901e-22,-7.423151647728711e-42
CHRPL_REV_CPLX_dummy,0.0,-1.3298496303093672e-08
CHRPL_FWD_CPLX_dummy,0.0,-3.666163068136417e-42
CLPNS180_REV_CPLX_dummy,0.0,-1.3298496303093672e-08
CLPNS180_FWD_CPLX_dummy,1.6567479470334962e-05,9.001536590094114e-41
CLPNSAI17_REV_CPLX_dummy,0.0,-1.3298496303093672e-08
CLPNSAI17_FWD_CPLX_dummy,1.6567479470334962e-05,9.001536590094114e-41
CLPNSI17_REV_CPLX_dummy,0.0,-1.3298496303093672e-08
CLPNSI17_FWD_CPLX_dummy,1.6567479470334962e-05,-3.2519064618267925e-40
CO2t_REV_CPLX_dummy,0.015461540103569808,0.0
CO2t_FWD_CPLX_dummy,0.0,-1.3298496303093672e-08
COBALTt5_REV_759350.9.peg.1167-MONOMER,4.817948019955282e-06,0.0
COBALTt5_FWD_759350.9.peg.1167-MONOMER,0.0,-1.4678890523242584e-08
CPPPGO2_REV_CPLX_dummy,0.0,-1.3298496303093672e-08
CPPPGO2_FWD_CPLX_dummy,4.817918874895962e-06,1.6697523554587861e-37
CSND_REV_759350.9.peg.1510-MONOMER_mod_fe2(1)_mod_zn2(1),0.0,-1.5824858168533072e-08
CSND_FWD_759350.9.peg.1510-MONOMER_mod_fe2(1)_mod_zn2(1),0.0,-1.2302812690636625e-13
CSND_REV_759350.9.peg.1510-MONOMER_mod_mn2(1)_mod_zn2(1),0.0,-1.582489399221558e-08
CSND_FWD_759350.9.peg.1510-MONOMER_mod_mn2(1)_mod_zn2(1),0.0,-1.5885180941284885e-13
CSND_REV_759350.9.peg.1510-MONOMER_mod_cobalt2(1)_mod_zn2(1),0.0,-1.5824735140406166e-08
CSND_FWD_759350.9.peg.1510-MONOMER_mod_cobalt2(1)_mod_zn2(1),0.0,9.602030837969953e-42
CTPS1_REV_759350.9.peg.903-MONOMER_mod_mg2(1),0.0,-2.414786302182067e-08
CTPS1_FWD_759350.9.peg.903-MONOMER_mod_mg2(1),0.01311232911471925,-7.64927252320942e-41
CTPS2_REV_759350.9.peg.903-MONOMER_mod_mg2(1),0.0,2.030781648250163e-09
CTPS2_FWD_759350.9.peg.903-MONOMER_mod_mg2(1),0.0,-2.6178644670070832e-08
CYO1b_REV_759350.9.peg.1529-MONOMER,0.0,2.6311706535035835e-08
CYO1b_FWD_759350.9.peg.1529-MONOMER,0.0,-4.0921181925520676e-08
CYOO3_REV_759350.9.peg.1529-MONOMER,0.0,-1.460947539048484e-08
CYOO3_FWD_759350.9.peg.1529-MONOMER,1.2411446978570905e-22,2.4268644412031477e-42
CYSDS_REV_759350.9.peg.1443-MONOMER,0.0,3.395205146403236e-08
CYSDS_FWD_759350.9.peg.1443-MONOMER,0.0,-4.949600639783851e-08
CYSS_REV_759350.9.peg.555-MONOMER_mod_pydx5p(1),0.0,-1.0209005343575798e-08
CYSS_FWD_759350.9.peg.555-MONOMER_mod_pydx5p(1),0.0,-7.586429672800795e-09
CYSS3r_REV_759350.9.peg.555-MONOMER_mod_pydx5p(1),0.0,3.198853810604771e-42
CYSS3r_FWD_759350.9.peg.555-MONOMER_mod_pydx5p(1),0.0,-1.7795435016376592e-08
CYSTGL_REV_759350.9.peg.1443-MONOMER,0.0,-1.5543954933806148e-08
CYSTGL_FWD_759350.9.peg.1443-MONOMER,5.370316058987368e-06,2.441791742094975e-40
CYSTL_REV_759350.9.peg.1896-MONOMER,0.0,1.2182489644036485e-08
CYSTL_FWD_759350.9.peg.1896-MONOMER,0.0,-2.7833077367141888e-08
CYSTS_REV_759350.9.peg.555-MONOMER_mod_pydx5p(1),0.0,-1.7795435016376592e-08
CYSTS_FWD_759350.9.peg.555-MONOMER_mod_pydx5p(1),5.370316058987368e-06,-2.732694853244386e-42
CYSt2r_REV_CPLX_dummy,0.0,-1.3298496303093672e-08
CYSt2r_FWD_CPLX_dummy,5.676444941122021e-05,-1.0662846035349236e-42
CYTDt2r_REV_CPLX_dummy,0.012929577089785666,0.0
CYTDt2r_FWD_CPLX_dummy,0.0,-1.3298496303093672e-08
Cuabc_REV_759350.9.peg.85-MONOMER,0.0,4.4169422150938034e-08
Cuabc_FWD_759350.9.peg.85-MONOMER,0.0,-6.145618698073358e-08
Cuabc_REV_759350.9.peg.256-MONOMER,0.0,4.342692881053429e-08
Cuabc_FWD_759350.9.peg.256-MONOMER,0.0,-6.219868032113733e-08
Cuabc_REV_759350.9.peg.690-MONOMER,0.0,4.8299599374429535e-08
Cuabc_FWD_759350.9.peg.690-MONOMER,0.0,-5.732600975724208e-08
Cuabc_REV_759350.9.peg.691-MONOMER,0.0,4.687044610148705e-08
Cuabc_FWD_759350.9.peg.691-MONOMER,0.0,-5.8755163030184556e-08
Cut1_REV_759350.9.peg.85-MONOMER,0.0,4.4169422150938034e-08
Cut1_FWD_759350.9.peg.85-MONOMER,0.0,-6.145618698073358e-08
Cut1_REV_759350.9.peg.256-MONOMER,0.0,4.342692881053429e-08
Cut1_FWD_759350.9.peg.256-MONOMER,0.0,-6.219868032113733e-08
Cut1_REV_759350.9.peg.690-MONOMER,0.0,4.8299599374429535e-08
Cut1_FWD_759350.9.peg.690-MONOMER,0.0,-5.732600975724208e-08
Cut1_REV_759350.9.peg.691-MONOMER,0.0,4.687044610148705e-08
Cut1_FWD_759350.9.peg.691-MONOMER,0.0,-5.8755163030184556e-08
DAPDC_REV_759350.9.peg.1893-MONOMER_mod_pydx5p(1),0.0,2.502954921158246e-08
DAPDC_FWD_759350.9.peg.1893-MONOMER_mod_pydx5p(1),0.0,-4.8283476896422634e-08
DAPE_REV_759350.9.peg.1425-MONOMER,0.0,-1.432995328670396e-08
DAPE_FWD_759350.9.peg.1425-MONOMER,-6.33808141424516e-24,-1.3747089064687244e-42
DASYN120_REV_759350.9.peg.1129-MONOMER_mod_mg2(1)_mod_k(1),0.0,-1.469256889663572e-08
DASYN120_FWD_759350.9.peg.1129-MONOMER_mod_mg2(1)_mod_k(1),0.0,3.0537998564144396e-41
DASYN140_REV_759350.9.peg.1129-MONOMER_mod_mg2(1)_mod_k(1),0.0,-1.469256889663572e-08
DASYN140_FWD_759350.9.peg.1129-MONOMER_mod_mg2(1)_mod_k(1),0.0,-6.480014329464787e-41
DASYN141_REV_759350.9.peg.1129-MONOMER_mod_mg2(1)_mod_k(1),0.0,-1.469256889663572e-08
DASYN141_FWD_759350.9.peg.1129-MONOMER_mod_mg2(1)_mod_k(1),0.0,3.9475949363406174e-41
DASYN160_REV_759350.9.peg.1129-MONOMER_mod_mg2(1)_mod_k(1),0.0,-1.469256889663572e-08
DASYN160_FWD_759350.9.peg.1129-MONOMER_mod_mg2(1)_mod_k(1),0.0,3.0537998564144396e-41
DASYN161_REV_759350.9.peg.1129-MONOMER_mod_mg2(1)_mod_k(1),0.0,-1.469256889663572e-08
DASYN161_FWD_759350.9.peg.1129-MONOMER_mod_mg2(1)_mod_k(1),0.0,3.9475949363406174e-41
DASYN180_REV_759350.9.peg.1129-MONOMER_mod_mg2(1)_mod_k(1),0.0,-1.469256889663572e-08
DASYN180_FWD_759350.9.peg.1129-MONOMER_mod_mg2(1)_mod_k(1),6.626991788133985e-05,3.0537998564144396e-41
DASYN181_REV_759350.9.peg.1129-MONOMER_mod_mg2(1)_mod_k(1),0.0,-1.469256889663572e-08
DASYN181_FWD_759350.9.peg.1129-MONOMER_mod_mg2(1)_mod_k(1),0.0,3.9475949363406174e-41
DASYNAI15_REV_759350.9.peg.1129-MONOMER_mod_mg2(1)_mod_k(1),0.0,-1.469256889663572e-08
DASYNAI15_FWD_759350.9.peg.1129-MONOMER_mod_mg2(1)_mod_k(1),0.0,3.9475949363406174e-41
DASYNAI17_REV_759350.9.peg.1129-MONOMER_mod_mg2(1)_mod_k(1),0.0,-1.469256889663572e-08
DASYNAI17_FWD_759350.9.peg.1129-MONOMER_mod_mg2(1)_mod_k(1),6.626991788133985e-05,3.0537998564144396e-41
DASYNI14_REV_759350.9.peg.1129-MONOMER_mod_mg2(1)_mod_k(1),0.0,-1.469256889663572e-08
DASYNI14_FWD_759350.9.peg.1129-MONOMER_mod_mg2(1)_mod_k(1),0.0,3.9475949363406174e-41
DASYNI15_REV_759350.9.peg.1129-MONOMER_mod_mg2(1)_mod_k(1),0.0,-1.469256889663572e-08
DASYNI15_FWD_759350.9.peg.1129-MONOMER_mod_mg2(1)_mod_k(1),0.0,3.9475949363406174e-41
DASYNI16_REV_759350.9.peg.1129-MONOMER_mod_mg2(1)_mod_k(1),0.0,-1.469256889663572e-08
DASYNI16_FWD_759350.9.peg.1129-MONOMER_mod_mg2(1)_mod_k(1),0.0,3.9475949363406174e-41
DASYNI17_REV_759350.9.peg.1129-MONOMER_mod_mg2(1)_mod_k(1),0.0,-1.469256889663572e-08
DASYNI17_FWD_759350.9.peg.1129-MONOMER_mod_mg2(1)_mod_k(1),6.626991788133985e-05,2.2121428228172895e-40
DB4PS_REV_759350.9.peg.378-MONOMER_mod_mg2(1),0.0,-1.8460156805440577e-08
DB4PS_FWD_759350.9.peg.378-MONOMER_mod_mg2(1),0.0,-3.4087236742231294e-42
DDCAt_REV_CPLX_dummy,0.0,-1.3298496303093672e-08
DDCAt_FWD_CPLX_dummy,0.00036603113687042635,0.0
DDPA_REV_759350.9.peg.348-MONOMER,0.0,-1.5246323907342385e-08
DDPA_FWD_759350.9.peg.348-MONOMER,3.4680435341340925e-22,-8.902684085576583e-42
DDPA_REV_759350.9.peg.350-MONOMER_mod_fe2(1),0.0,-1.862074600222358e-08
DDPA_FWD_759350.9.peg.350-MONOMER_mod_fe2(1),0.0,-3.374422094881197e-09
DEXTRINASE_REV_759350.9.peg.2047-MONOMER,0.0,4.177615072238846e-08
DEXTRINASE_FWD_759350.9.peg.2047-MONOMER,0.0,-5.850791861196941e-08
DEXTRINabc_REV_CPLX_dummy,0.0,-1.3298496303093672e-08
DEXTRINabc_FWD_CPLX_dummy,-7.456022447345778e-23,-3.884523047376989e-41
DGK1_REV_759350.9.peg.1447-MONOMER_mod_mg2(1),0.0,-6.731285765808401e-41
DGK1_FWD_759350.9.peg.1447-MONOMER_mod_mg2(1),0.0,-1.5419692810674455e-08
DHAD1_REV_759350.9.peg.1551-MONOMER_mod_4fe4s(1),0.0,-2.0203504780149208e-08
DHAD1_FWD_759350.9.peg.1551-MONOMER_mod_4fe4s(1),0.0007009590290733992,3.3635504428117483e-42
DHAD2_REV_759350.9.peg.1551-MONOMER_mod_4fe4s(1),0.0,-2.0203504780149208e-08
DHAD2_FWD_759350.9.peg.1551-MONOMER_mod_4fe4s(1),0.0001325398357626797,6.727100885623497e-42
DHDPRy_REV_759350.9.peg.508-MONOMER,0.0,-1.9372132650220268e-08
DHDPRy_FWD_759350.9.peg.508-MONOMER,-2.1126938047483866e-24,1.6318504384648822e-40
DHDPS_REV_759350.9.peg.509-MONOMER,0.0,-2.0357805470340683e-08
DHDPS_FWD_759350.9.peg.509-MONOMER,-2.1126938047483866e-24,4.927529057364963e-42
DHFOR2_REV_759350.9.peg.1711-MONOMER,7.785343418726633e-23,-1.4995197648502678e-40
DHFOR2_FWD_759350.9.peg.1711-MONOMER,0.0,-1.3346586831775477e-08
DHFR_REV_759350.9.peg.1711-MONOMER,0.0,-1.3346586831775477e-08
DHFR_FWD_759350.9.peg.1711-MONOMER,7.39675400667735e-05,3.3596835237784476e-40
DHFS_REV_759350.9.peg.1304-MONOMER,0.0,-1.6579739306154007e-08
DHFS_FWD_759350.9.peg.1304-MONOMER,1.4453756624687888e-05,4.126881431090928e-42
DHNAOPT_REV_759350.9.peg.1723-MONOMER_mod_mg2(1),-2.7407192070066374e-29,-5.04389565719538e-40
DHNAOPT_FWD_759350.9.peg.1723-MONOMER_mod_mg2(1),0.0,-1.4589894761790094e-08
DHNAOT4_REV_759350.9.peg.1723-MONOMER_mod_mg2(1),0.0,-1.4589894761790094e-08
DHNAOT4_FWD_759350.9.peg.1723-MONOMER_mod_mg2(1),9.635837749791925e-06,9.616175080199748e-40
DHNAOT7_REV_CPLX_dummy,0.0,-1.3298496303093672e-08
DHNAOT7_FWD_CPLX_dummy,9.635837749791925e-06,-2.0573366670821095e-40
DHNPA_REV_759350.9.peg.1681-MONOMER_mod_mg2(1),0.0,-1.6041059376331924e-08
DHNPA_FWD_759350.9.peg.1681-MONOMER_mod_mg2(1),1.4453756624687888e-05,1.038364843942923e-40
DHNPA2_REV_759350.9.peg.1611-MONOMER,0.0,1.1275307751055605e-07
DHNPA2_FWD_759350.9.peg.1611-MONOMER,0.0,-1.281257449458338e-07
DHORD2_REV_CPLX_DHORD2-0,0.0,-1.5992296916128945e-08
DHORD2_FWD_CPLX_DHORD2-0,0.0,-8.412124429557106e-10
DHORD2_REV_759350.9.peg.1899-MONOMER,0.0,-1.5151084473173236e-08
DHORD2_FWD_759350.9.peg.1899-MONOMER,6.863715815113769e-22,-4.344662343519145e-39
DHORD2_REV_759350.9.peg.466-MONOMER_mod_fmn(1),0.0,-1.5223065891149094e-08
DHORD2_FWD_759350.9.peg.466-MONOMER_mod_fmn(1),0.0,-7.198141797585997e-11
DHORD5_REV_CPLX_DHORD2-0,0.0,-7.378620442267323e-09
DHORD5_FWD_CPLX_DHORD2-0,0.0,-9.454888916817333e-09
DHORDfum_REV_759350.9.peg.1899-MONOMER,0.0,-1.5151084473173236e-08
DHORDfum_FWD_759350.9.peg.1899-MONOMER,0.01322922499000218,1.6910752869617832e-36
DHORDfum_REV_759350.9.peg.466-MONOMER_mod_fmn(1),0.0,-1.5223065891149094e-08
DHORDfum_FWD_759350.9.peg.466-MONOMER_mod_fmn(1),0.0,-7.198141797585997e-11
DHORDi_REV_CPLX_DHORD2-0,0.0,-1.5992296916128945e-08
DHORDi_FWD_CPLX_DHORD2-0,0.0,-8.412124429557106e-10
DHORDi_REV_759350.9.peg.1899-MONOMER,0.0,-1.5151084473173236e-08
DHORDi_FWD_759350.9.peg.1899-MONOMER,5.281984807569419e-22,-1.3844298490362647e-41
DHORDi_REV_759350.9.peg.466-MONOMER_mod_fmn(1),0.0,-1.5223065891149094e-08
DHORDi_FWD_759350.9.peg.466-MONOMER_mod_fmn(1),0.0,-7.198141797585997e-11
DHORTS_REV_759350.9.peg.980-MONOMER_mod_mn2(1)_mod_zn2(1),0.0,-5.2682688779563786e-14
DHORTS_FWD_759350.9.peg.980-MONOMER_mod_mn2(1)_mod_zn2(1),0.0,-2.303560321917765e-08
DHORTS_REV_759350.9.peg.980-MONOMER_mod_ni2(1)_mod_zn2(1),0.0,8.610428671580399e-42
DHORTS_FWD_759350.9.peg.980-MONOMER_mod_ni2(1)_mod_zn2(1),0.0,-2.3035550536488872e-08
DHORTS_REV_759350.9.peg.980-MONOMER_mod_cobalt2(1)_mod_zn2(1),0.01322922499000218,-2.5607709815491103e-42
DHORTS_FWD_759350.9.peg.980-MONOMER_mod_cobalt2(1)_mod_zn2(1),0.0,-2.3035550536488872e-08
DHPPDA_REV_759350.9.peg.376-MONOMER,0.0,-1.8112539596725927e-08
DHPPDA_FWD_759350.9.peg.376-MONOMER,0.0,-1.5732218585379856e-40
DHPS_REV_759350.9.peg.1682-MONOMER_mod_mg2(1),0.0,-1.691300098171471e-08
DHPS_FWD_759350.9.peg.1682-MONOMER_mod_mg2(1),1.4453756624687888e-05,-1.442073713593734e-41
DHPS2_REV_759350.9.peg.1612-MONOMER,0.0,-1.4964200825052054e-08
DHPS2_FWD_759350.9.peg.1612-MONOMER,0.0,-1.3960516906745882e-40
DHQS_REV_759350.9.peg.901-MONOMER_mod_cobalt2(1)_mod_nad(1),0.0,-1.6603022499987684e-08
DHQS_FWD_759350.9.peg.901-MONOMER_mod_cobalt2(1)_mod_nad(1),-1.6489266634271901e-22,-1.4542865800715065e-41
DHQTi_REV_759350.9.peg.902-MONOMER,0.0,1.3837681092262587e-07
DHQTi_FWD_759350.9.peg.902-MONOMER,0.0,-1.5049404898637748e-07
DMATT_REV_759350.9.peg.1211-MONOMER_mod_mg2(1),0.0,-1.7880331767392982e-08
DMATT_FWD_759350.9.peg.1211-MONOMER_mod_mg2(1),3.891521685129111e-05,2.4602446038125577e-40
DMPPS_REV_759350.9.peg.1296-MONOMER_mod_nadph(1)_mod_nadh(1)_mod_fad(1)_mod_cobalt2(1),0.0,-1.190683474095591e-08
DMPPS_FWD_759350.9.peg.1296-MONOMER_mod_nadph(1)_mod_nadh(1)_mod_fad(1)_mod_cobalt2(1),0.0,-5.480676091156293e-09
DMPPS2r_REV_759350.9.peg.1296-MONOMER_mod_nadph(1)_mod_nadh(1)_mod_fad(1)_mod_cobalt2(1),0.0,-1.7387510832112203e-08
DMPPS2r_FWD_759350.9.peg.1296-MONOMER_mod_nadph(1)_mod_nadh(1)_mod_fad(1)_mod_cobalt2(1),3.891521685129111e-05,2.8597522528598996e-30
DMQMT_REV_CPLX_dummy,0.0,-1.3298496303093672e-08
DMQMT_FWD_CPLX_dummy,0.0,5.504734659723599e-40
DPCOAK_REV_759350.9.peg.742-MONOMER,0.0,-1.3089398435841968e-08
DPCOAK_FWD_759350.9.peg.742-MONOMER,4.817918874895962e-06,-3.3743627847621505e-40
DPRr_REV_759350.9.peg.107-MONOMER,0.0,-1.4740501438336183e-08
DPRr_FWD_759350.9.peg.107-MONOMER,0.0,-2.3540978707405736e-10
DPRr_REV_759350.9.peg.126-MONOMER,0.0,-1.4505091651262126e-08
DPRr_FWD_759350.9.peg.126-MONOMER,2.0788248247038225e-23,-3.418592337127613e-29
DPRr_REV_759350.9.peg.109-MONOMER_mod_mg2(1),0.0,-1.783717783813189e-08
DPRr_FWD_759350.9.peg.109-MONOMER_mod_mg2(1),0.0,-3.3320861868697666e-09
DRBK_REV_759350.9.peg.1571-MONOMER,0.0,-1.4682747504887991e-08
DRBK_FWD_759350.9.peg.1571-MONOMER,0.0,1.423223524793411e-41
DRBK_REV_759350.9.peg.1206-MONOMER_mod_k(1)_mod_mg2(1),0.0,-1.6053477041949712e-08
DRBK_FWD_759350.9.peg.1206-MONOMER_mod_k(1)_mod_mg2(1),0.0,-1.37072953706172e-09
DRIBabc_REV_CPLX_DRIBabc-0,0.0,-1.818861242725458e-08
DRIBabc_FWD_CPLX_DRIBabc-0,0.0,-4.587000452381163e-11
DRIBabc_REV_CPLX_DRIBabc-1,0.0,-1.8142742422730767e-08
DRIBabc_FWD_CPLX_DRIBabc-1,1.4948033433308525e-22,-1.116891858362539e-40
DTMPK_REV_759350.9.peg.166-MONOMER_mod_mg2(1),0.0,-1.3508939825060033e-08
DTMPK_FWD_759350.9.peg.166-MONOMER_mod_mg2(1),5.9513783442085604e-05,-5.185975983795884e-41
DUTPDP_REV_759350.9.peg.1199-MONOMER_mod_zn2(1),0.0,9.657947939030524e-08
DUTPDP_FWD_759350.9.peg.1199-MONOMER_mod_zn2(1),0.0,-1.1269154238977266e-07
DXPRIr_REV_759350.9.peg.1415-MONOMER_mod_mn2(1),0.0,-1.8281859734367992e-08
DXPRIr_FWD_759350.9.peg.1415-MONOMER_mod_mn2(1),0.0,-1.0588725675874177e-13
DXPRIr_REV_759350.9.peg.1415-MONOMER_mod_cobalt2(1),0.0,-1.8281753847111233e-08
DXPRIr_FWD_759350.9.peg.1415-MONOMER_mod_cobalt2(1),0.0004377032231139941,1.452185133398537e-40
DXPRIr_REV_759350.9.peg.1415-MONOMER_mod_mg2(1),0.0,-1.828267166375245e-08
DXPRIr_FWD_759350.9.peg.1415-MONOMER_mod_mg2(1),0.0,-9.178166412193394e-13
DXPS_REV_759350.9.peg.579-MONOMER_mod_thmpp(1),0.0,-2.1256155664500317e-08
DXPS_FWD_759350.9.peg.579-MONOMER_mod_thmpp(1),0.0004377032231139941,1.7176527876396573e-41
E4PD_REV_759350.9.peg.1275-MONOMER,0.0,-1.2492889395004513e-40
E4PD_FWD_759350.9.peg.1275-MONOMER,0.0,-2.1137338418776736e-08
EAR100x_REV_CPLX_dummy,0.0,-1.3298496303093672e-08
EAR100x_FWD_CPLX_dummy,0.0,-2.4029049353810575e-40
EAR10M12x_REV_CPLX_dummy,0.0,-1.3298496303093672e-08
EAR10M12x_FWD_CPLX_dummy,0.0001325398357626797,-2.4029049353810575e-40
EAR11M12_REV_CPLX_dummy,0.0,-1.3298496303093672e-08
EAR11M12_FWD_CPLX_dummy,0.0001325398357626797,-5.706747911254303e-41
EAR120x_REV_CPLX_dummy,0.0,-1.3298496303093672e-08
EAR120x_FWD_CPLX_dummy,0.0,-1.3742366018400028e-40
EAR12M14_REV_CPLX_dummy,0.0,-1.3298496303093672e-08
EAR12M14_FWD_CPLX_dummy,0.0001325398357626797,2.651959323465235e-40
EAR13M14_REV_CPLX_dummy,0.0,-1.3298496303093672e-08
EAR13M14_FWD_CPLX_dummy,0.0001325398357626797,1.5777479519350133e-40
EAR140x_REV_CPLX_dummy,0.0,-1.3298496303093672e-08
EAR140x_FWD_CPLX_dummy,0.0001714550526139708,-3.4556826829894806e-41
EAR14M16_REV_CPLX_dummy,0.0,-1.3298496303093672e-08
EAR14M16_FWD_CPLX_dummy,0.0001325398357626797,-3.793308905716096e-40
EAR15M16x_REV_CPLX_dummy,0.0,-1.3298496303093672e-08
EAR15M16x_FWD_CPLX_dummy,0.0001325398357626797,-2.4029049353810575e-40
EAR160x_REV_CPLX_dummy,0.0,-1.3298496303093672e-08
EAR160x_FWD_CPLX_dummy,0.0001325398357626797,-1.3742366018400028e-40
EAR180x_REV_CPLX_dummy,0.0,-1.3298496303093672e-08
EAR180x_FWD_CPLX_dummy,0.0001325398357626797,2.740436732324216e-40
EAR40x_REV_CPLX_dummy,0.0,2.3180409378211348e-07
EAR40x_FWD_CPLX_dummy,0.0,-2.4510259008520714e-07
EAR4M6_REV_CPLX_dummy,0.0,-1.3298496303093672e-08
EAR4M6_FWD_CPLX_dummy,0.0001325398357626797,5.035365804047915e-41
EAR5M6_REV_CPLX_dummy,0.0,-1.3298496303093672e-08
EAR5M6_FWD_CPLX_dummy,0.0001325398357626797,1.5777479519350133e-40
EAR60x_REV_CPLX_dummy,0.0,-1.3298496303093672e-08
EAR60x_FWD_CPLX_dummy,0.0,-3.4556826829894806e-41
EAR6M8_REV_CPLX_dummy,0.0,-1.3298496303093672e-08
EAR6M8_FWD_CPLX_dummy,0.0001325398357626797,1.5777479519350133e-40
EAR7M8x_REV_CPLX_dummy,0.0,-1.3298496303093672e-08
EAR7M8x_FWD_CPLX_dummy,0.0001325398357626797,-1.3742366018400028e-40
EAR80x_REV_CPLX_dummy,0.0,-1.3298496303093672e-08
EAR80x_FWD_CPLX_dummy,0.0,-1.3742366018400028e-40
EAR8M10_REV_CPLX_dummy,0.0,-1.3298496303093672e-08
EAR8M10_FWD_CPLX_dummy,0.0001325398357626797,2.651959323465235e-40
EAR9M10x_REV_CPLX_dummy,0.0,-1.3298496303093672e-08
EAR9M10x_FWD_CPLX_dummy,0.0001325398357626797,-3.4556826829894806e-41
EDTXS1_REV_CPLX_dummy,0.0,-1.3298496303093672e-08
EDTXS1_FWD_CPLX_dummy,3.891521685129111e-05,-6.848958790779798e-40
EDTXS2_REV_CPLX_dummy,0.0,-1.3298496303093672e-08
EDTXS2_FWD_CPLX_dummy,3.891521685129111e-05,2.6696810053093893e-40
EHGLAT_REV_759350.9.peg.1092-MONOMER,0.0,-1.724640204554729e-08
EHGLAT_FWD_759350.9.peg.1092-MONOMER,0.0,-1.8315959949686395e-09
EHGLAT_REV_759350.9.peg.1872-MONOMER,0.0,-1.5423639527395324e-08
EHGLAT_FWD_759350.9.peg.1872-MONOMER,0.0,-8.833476816671638e-12
EHGLAT_REV_759350.9.peg.990-MONOMER,0.0,-1.541480605057865e-08
EHGLAT_FWD_759350.9.peg.990-MONOMER,2.2536343417470947e-23,-2.4037612261078347e-36
EHGLAT_REV_759350.9.peg.12-MONOMER,0.0,-1.5632709116815308e-08
EHGLAT_FWD_759350.9.peg.12-MONOMER,0.0,-2.1790306623665776e-10
ENO_REV_759350.9.peg.709-MONOMER_mod_mg2(4),0.0,-1.8709956987917674e-08
ENO_FWD_759350.9.peg.709-MONOMER_mod_mg2(4),0.5112009581557311,6.59884987269086e-42
ETOHt_REV_CPLX_dummy,0.0,2.2309312022084032e-42
ETOHt_FWD_CPLX_dummy,0.0,-1.3298496303093672e-08
F6PE4PL_REV_759350.9.peg.790-MONOMER,0.0,-1.8578811579859363e-08
F6PE4PL_FWD_759350.9.peg.790-MONOMER,0.22823579329799962,6.600585918253318e-42
FACOAL140_REV_759350.9.peg.422-MONOMER,4.990797385279555e-22,-9.94185602423021e-41
FACOAL140_FWD_759350.9.peg.422-MONOMER,0.0,-1.6644281771921695e-08
FACOAL140_REV_759350.9.peg.918-MONOMER,0.0,-3.269540479471863e-10
FACOAL140_FWD_759350.9.peg.918-MONOMER,0.0,-1.6971235819868884e-08
FACOAL140_REV_759350.9.peg.1605-MONOMER_mod_mg2(1),0.0,-1.9390381818284403e-09
FACOAL140_FWD_759350.9.peg.1605-MONOMER_mod_mg2(1),0.0,-1.8583319953750136e-08
FACOAL140_REV_759350.9.peg.1135-MONOMER,0.0,-3.0636313833758275e-10
FACOAL140_FWD_759350.9.peg.1135-MONOMER,0.0,-1.6950644910259278e-08
FACOAL160_REV_759350.9.peg.422-MONOMER,4.990797385279555e-22,-7.546228066584377e-41
FACOAL160_FWD_759350.9.peg.422-MONOMER,0.0,-1.6644281771921695e-08
FACOAL160_REV_759350.9.peg.918-MONOMER,0.0,-3.269540479471863e-10
FACOAL160_FWD_759350.9.peg.918-MONOMER,0.0,-1.6971235819868884e-08
FACOAL160_REV_759350.9.peg.1605-MONOMER_mod_mg2(1),0.0,-1.9390381818284403e-09
FACOAL160_FWD_759350.9.peg.1605-MONOMER_mod_mg2(1),0.0,-1.8583319953750136e-08
FACOAL160_REV_759350.9.peg.1135-MONOMER,0.0,-3.0636313833758275e-10
FACOAL160_FWD_759350.9.peg.1135-MONOMER,0.0,-1.6950644910259278e-08
FACOAL161_REV_759350.9.peg.422-MONOMER,0.0,-1.6644281771921695e-08
FACOAL161_FWD_759350.9.peg.422-MONOMER,4.990797385279555e-22,-1.6170488714109378e-40
FACOAL161_REV_759350.9.peg.918-MONOMER,0.0,-1.6971235819868884e-08
FACOAL161_FWD_759350.9.peg.918-MONOMER,0.0,-3.269540479471863e-10
FACOAL161_REV_759350.9.peg.1605-MONOMER_mod_mg2(1),0.0,-1.8583319953750136e-08
FACOAL161_FWD_759350.9.peg.1605-MONOMER_mod_mg2(1),0.0,-1.9390381818284403e-09
FACOAL161_REV_759350.9.peg.1135-MONOMER,0.0,-1.6950644910259278e-08
FACOAL161_FWD_759350.9.peg.1135-MONOMER,0.0,-3.0636313833758275e-10
FACOAL180_REV_759350.9.peg.422-MONOMER,0.0,-1.6644281771921695e-08
FACOAL180_FWD_759350.9.peg.422-MONOMER,4.990797385279555e-22,3.473660538586459e-41
FACOAL180_REV_759350.9.peg.918-MONOMER,0.0,-1.6971235819868884e-08
FACOAL180_FWD_759350.9.peg.918-MONOMER,0.0,-3.269540479471863e-10
FACOAL180_REV_759350.9.peg.1605-MONOMER_mod_mg2(1),0.0,-1.8583319953750136e-08
FACOAL180_FWD_759350.9.peg.1605-MONOMER_mod_mg2(1),0.0,-1.9390381818284403e-09
FACOAL180_REV_759350.9.peg.1135-MONOMER,0.0,-1.6950644910259278e-08
FACOAL180_FWD_759350.9.peg.1135-MONOMER,0.0,-3.0636313833758275e-10
FACOAL181_REV_759350.9.peg.422-MONOMER,4.990797385279555e-22,-7.546228066584377e-41
FACOAL181_FWD_759350.9.peg.422-MONOMER,0.0,-1.6644281771921695e-08
FACOAL181_REV_759350.9.peg.918-MONOMER,0.0,-3.269540479471863e-10
FACOAL181_FWD_759350.9.peg.918-MONOMER,0.0,-1.6971235819868884e-08
FACOAL181_REV_759350.9.peg.1605-MONOMER_mod_mg2(1),0.0,-1.9390381818284403e-09
FACOAL181_FWD_759350.9.peg.1605-MONOMER_mod_mg2(1),0.0,-1.8583319953750136e-08
FACOAL181_REV_759350.9.peg.1135-MONOMER,0.0,-3.0636313833758275e-10
FACOAL181_FWD_759350.9.peg.1135-MONOMER,0.0,-1.6950644910259278e-08
FACOALAI15_REV_759350.9.peg.422-MONOMER,4.990797385279555e-22,1.1978139788229168e-42
FACOALAI15_FWD_759350.9.peg.422-MONOMER,0.0,-1.6644281771921695e-08
FACOALAI15_REV_759350.9.peg.918-MONOMER,0.0,-3.269540479471863e-10
FACOALAI15_FWD_759350.9.peg.918-MONOMER,0.0,-1.6971235819868884e-08
FACOALAI15_REV_759350.9.peg.1605-MONOMER_mod_mg2(1),0.0,-1.9390381818284403e-09
FACOALAI15_FWD_759350.9.peg.1605-MONOMER_mod_mg2(1),0.0,-1.8583319953750136e-08
FACOALAI15_REV_759350.9.peg.1135-MONOMER,0.0,-3.0636313833758275e-10
FACOALAI15_FWD_759350.9.peg.1135-MONOMER,0.0,-1.6950644910259278e-08
FACOALAI17_REV_759350.9.peg.422-MONOMER,0.0,-1.6644281771921695e-08
FACOALAI17_FWD_759350.9.peg.422-MONOMER,4.990797385279555e-22,6.827539679290627e-41
FACOALAI17_REV_759350.9.peg.918-MONOMER,0.0,-1.6971235819868884e-08
FACOALAI17_FWD_759350.9.peg.918-MONOMER,0.0,-3.269540479471863e-10
FACOALAI17_REV_759350.9.peg.1605-MONOMER_mod_mg2(1),0.0,-1.8583319953750136e-08
FACOALAI17_FWD_759350.9.peg.1605-MONOMER_mod_mg2(1),0.0,-1.9390381818284403e-09
FACOALAI17_REV_759350.9.peg.1135-MONOMER,0.0,-1.6950644910259278e-08
FACOALAI17_FWD_759350.9.peg.1135-MONOMER,0.0,-3.0636313833758275e-10
FACOALI14_REV_759350.9.peg.422-MONOMER,4.990797385279555e-22,7.78579086234896e-41
FACOALI14_FWD_759350.9.peg.422-MONOMER,0.0,-1.6644281771921695e-08
FACOALI14_REV_759350.9.peg.918-MONOMER,0.0,-3.269540479471863e-10
FACOALI14_FWD_759350.9.peg.918-MONOMER,0.0,-1.6971235819868884e-08
FACOALI14_REV_759350.9.peg.1605-MONOMER_mod_mg2(1),0.0,-1.9390381818284403e-09
FACOALI14_FWD_759350.9.peg.1605-MONOMER_mod_mg2(1),0.0,-1.8583319953750136e-08
FACOALI14_REV_759350.9.peg.1135-MONOMER,0.0,-3.0636313833758275e-10
FACOALI14_FWD_759350.9.peg.1135-MONOMER,0.0,-1.6950644910259278e-08
FACOALI15_REV_759350.9.peg.422-MONOMER,4.990797385279555e-22,7.78579086234896e-41
FACOALI15_FWD_759350.9.peg.422-MONOMER,0.0,-1.6644281771921695e-08
FACOALI15_REV_759350.9.peg.918-MONOMER,0.0,-3.269540479471863e-10
FACOALI15_FWD_759350.9.peg.918-MONOMER,0.0,-1.6971235819868884e-08
FACOALI15_REV_759350.9.peg.1605-MONOMER_mod_mg2(1),0.0,-1.9390381818284403e-09
FACOALI15_FWD_759350.9.peg.1605-MONOMER_mod_mg2(1),0.0,-1.8583319953750136e-08
FACOALI15_REV_759350.9.peg.1135-MONOMER,0.0,-3.0636313833758275e-10
FACOALI15_FWD_759350.9.peg.1135-MONOMER,0.0,-1.6950644910259278e-08
FACOALI16_REV_759350.9.peg.422-MONOMER,4.990797385279555e-22,7.78579086234896e-41
FACOALI16_FWD_759350.9.peg.422-MONOMER,0.0,-1.6644281771921695e-08
FACOALI16_REV_759350.9.peg.918-MONOMER,0.0,-3.269540479471863e-10
FACOALI16_FWD_759350.9.peg.918-MONOMER,0.0,-1.6971235819868884e-08
FACOALI16_REV_759350.9.peg.1605-MONOMER_mod_mg2(1),0.0,-1.9390381818284403e-09
FACOALI16_FWD_759350.9.peg.1605-MONOMER_mod_mg2(1),0.0,-1.8583319953750136e-08
FACOALI16_REV_759350.9.peg.1135-MONOMER,0.0,-3.0636313833758275e-10
FACOALI16_FWD_759350.9.peg.1135-MONOMER,0.0,-1.6950644910259278e-08
FACOALI17_REV_759350.9.peg.422-MONOMER,0.0,-1.6644281771921695e-08
FACOALI17_FWD_759350.9.peg.422-MONOMER,4.990797385279555e-22,-1.6170488714109378e-40
FACOALI17_REV_759350.9.peg.918-MONOMER,0.0,-1.6971235819868884e-08
FACOALI17_FWD_759350.9.peg.918-MONOMER,0.0,-3.269540479471863e-10
FACOALI17_REV_759350.9.peg.1605-MONOMER_mod_mg2(1),0.0,-1.8583319953750136e-08
FACOALI17_FWD_759350.9.peg.1605-MONOMER_mod_mg2(1),0.0,-1.9390381818284403e-09
FACOALI17_REV_759350.9.peg.1135-MONOMER,0.0,-1.6950644910259278e-08
FACOALI17_FWD_759350.9.peg.1135-MONOMER,0.0,-3.0636313833758275e-10
FBA_REV_759350.9.peg.91-MONOMER,0.0,-1.7941062915171766e-08
FBA_FWD_759350.9.peg.91-MONOMER,0.0,1.4060374166475029e-42
FBA2_REV_759350.9.peg.91-MONOMER,0.0,-1.7941062915171766e-08
FBA2_FWD_759350.9.peg.91-MONOMER,-2.0409563340755683e-22,8.914332258024486e-43
FBA3_REV_759350.9.peg.91-MONOMER,0.0,-1.7941062915171766e-08
FBA3_FWD_759350.9.peg.91-MONOMER,0.0,6.608579494995882e-42
FCLTc_REV_CPLX_dummy,0.0,-1.3298496303093672e-08
FCLTc_FWD_CPLX_dummy,4.817918874895962e-06,3.4956017703431934e-41
FE2abc_REV_CPLX_dummy,0.0,-1.3298496303093672e-08
FE2abc_FWD_CPLX_dummy,9.635845525584537e-06,-1.191358154382272e-40
FE3abc_REV_CPLX_dummy,0.0,-1.3298496303093672e-08
FE3abc_FWD_CPLX_dummy,0.0,-1.1991353754946357e-40
FERO_REV_759350.9.peg.20-MONOMER,0.0,2.8589078993297796e-08
FERO_FWD_759350.9.peg.20-MONOMER,0.0,-4.057797037956719e-08
FFSD_REV_CPLX_dummy,0.0,-1.3298496303093672e-08
FFSD_FWD_CPLX_dummy,0.07449289,-2.515843476871108e-41
FMNAT_REV_759350.9.peg.1767-MONOMER,0.0,-1.5219601126712223e-08
FMNAT_FWD_759350.9.peg.1767-MONOMER,4.81792819619495e-06,3.346112237613108e-41
FMNRx2_REV_759350.9.peg.2041-MONOMER,0.0,-1.4104265806628149e-08
FMNRx2_FWD_759350.9.peg.2041-MONOMER,0.0,6.121666146410022e-41
FOLD3_REV_759350.9.peg.1682-MONOMER_mod_mg2(1),0.0,-1.691300098171471e-08
FOLD3_FWD_759350.9.peg.1682-MONOMER_mod_mg2(1),0.0,3.610075419081276e-41
FOLte_REV_CPLX_dummy,0.0,6.022134431111756e-07
FOLte_FWD_CPLX_dummy,0.0,-6.155119394142693e-07
FORt2r_REV_CPLX_dummy,0.00749390165944824,1.2663406502711021e-42
FORt2r_FWD_CPLX_dummy,0.0,-1.3298496303093672e-08
FPGS_REV_759350.9.peg.1244-MONOMER,0.0,-1.3871330565905328e-08
FPGS_FWD_759350.9.peg.1244-MONOMER,0.0,1.916877844487824e-41
FPGS7_REV_759350.9.peg.1304-MONOMER,0.0,-1.6579739306154007e-08
FPGS7_FWD_759350.9.peg.1304-MONOMER,3.0042698419958167e-05,-3.614259541988123e-34
FPGS_tm_REV_759350.9.peg.1304-MONOMER,0.0,-1.6579739306154007e-08
FPGS_tm_FWD_759350.9.peg.1304-MONOMER,0.0,-7.015698432854578e-41
FRD2_REV_CPLX_FRD2-0,0.0,-1.8173188688363685e-08
FRD2_FWD_CPLX_FRD2-0,0.0,-9.4583574064044e-10
FRD2_REV_759350.9.peg.815-MONOMER,0.0,-1.7227352947723243e-08
FRD2_FWD_759350.9.peg.815-MONOMER,0.0,1.96656882065889e-40
FRD3_REV_CPLX_FRD2-0,0.0,-1.8173188688363685e-08
FRD3_FWD_CPLX_FRD2-0,0.0,-9.4583574064044e-10
FRD3_REV_759350.9.peg.815-MONOMER,0.0,-1.7227352947723243e-08
FRD3_FWD_759350.9.peg.815-MONOMER,9.635837749791925e-06,-2.9796497282710453e-41
FRD7_REV_CPLX_dummy,0.0,-6.649248151546836e-09
FRD7_FWD_CPLX_dummy,0.0,-6.649248151546836e-09
FRDOr_REV_759350.9.peg.87-MONOMER,0.0,2.764712098901495e-41
FRDOr_FWD_759350.9.peg.87-MONOMER,0.0,-1.575537862072244e-08
FRUpts_REV_759350.9.peg.254-MONOMER,0.0,-1.6808353634410208e-08
FRUpts_FWD_759350.9.peg.254-MONOMER,-2.0409563340756128e-22,-1.343117377941377e-41
FTHFCL_REV_759350.9.peg.1833-MONOMER,0.0,-1.3675680438695114e-08
FTHFCL_FWD_759350.9.peg.1833-MONOMER,0.0,4.3217131997388447e-41
FTHFL_REV_759350.9.peg.170-MONOMER,0.0,-1.6348654626912965e-08
FTHFL_FWD_759350.9.peg.170-MONOMER,3.486061729485413e-05,-4.15753535361312e-37
FUM_REV_CPLX_dummy,-1.1447298633602372e-22,5.0316869537422164e-42
FUM_FWD_CPLX_dummy,0.0,-1.3298496303093672e-08
G1PACT_REV_759350.9.peg.784-MONOMER_mod_mg2(1),0.0,-2.101704808231529e-08
G1PACT_FWD_759350.9.peg.784-MONOMER_mod_mg2(1),7.783043370258222e-05,-4.849091218947304e-41
G1PTT_REV_CPLX_dummy,0.0,-1.3298496303093672e-08
G1PTT_FWD_CPLX_dummy,3.891521685129111e-05,-4.617658213454675e-41
G1SAT_REV_CPLX_dummy,0.0,-1.3298496303093672e-08
G1SAT_FWD_CPLX_dummy,7.70867019983354e-05,6.122972861809251e-42
G3PAT180_REV_CPLX_dummy,0.0,-1.3298496303093672e-08
G3PAT180_FWD_CPLX_dummy,6.626991788133985e-05,-7.957442792988614e-41
G3PATAI17_REV_CPLX_dummy,0.0,-1.3298496303093672e-08
G3PATAI17_FWD_CPLX_dummy,6.626991788133985e-05,9.14026572544022e-41
G3PATI17_REV_CPLX_dummy,0.0,-1.3298496303093672e-08
G3PATI17_FWD_CPLX_dummy,6.626991788133985e-05,6.155689162031168e-41
G3PD1_REV_759350.9.peg.301-MONOMER,0.0,-5.480676091156293e-09
G3PD1_FWD_759350.9.peg.301-MONOMER,0.0,-1.1992338746340259e-08
G3PD2_REV_759350.9.peg.301-MONOMER,0.00034791706887703417,2.8597519523332523e-30
G3PD2_FWD_759350.9.peg.301-MONOMER,0.0,-1.7473014837496552e-08
G5SADs_REV_CPLX_dummy,0.0,-1.3298496303093672e-08
G5SADs_FWD_CPLX_dummy,0.00040721797124772415,3.773765215306662e-42
G5SDr_REV_759350.9.peg.697-MONOMER,0.0,-2.2191883874901198e-08
G5SDr_FWD_759350.9.peg.697-MONOMER,0.00040721797124772415,1.6018949409653966e-40
G6PBDH_REV_759350.9.peg.229-MONOMER,1.0596077169025181e-24,-1.8811610565763465e-35
G6PBDH_FWD_759350.9.peg.229-MONOMER,0.0,-1.6490971125864324e-08
G6PDA_REV_759350.9.peg.1314-MONOMER,0.0,-2.18834615204035e-08
G6PDA_FWD_759350.9.peg.1314-MONOMER,0.00030493268025563253,2.8850357351389784e-35
G6PDH2r_REV_759350.9.peg.229-MONOMER,0.0,-1.0042546060613512e-08
G6PDH2r_FWD_759350.9.peg.229-MONOMER,0.0,-6.448425065250811e-09
G6PI_REV_759350.9.peg.407-MONOMER,0.0,-2.0085092121227025e-08
G6PI_FWD_759350.9.peg.407-MONOMER,-1.0596077169094982e-24,4.615281990983597e-42
G6PI3_REV_759350.9.peg.407-MONOMER,0.0,-1.0042546060613512e-08
G6PI3_FWD_759350.9.peg.407-MONOMER,0.0,-1.0042546060613512e-08
GALK_REV_759350.9.peg.470-MONOMER_mod_mg2(1),0.0,1.355213570151613e-09
GALK_FWD_759350.9.peg.470-MONOMER_mod_mg2(1),0.0,-1.6912707328155102e-08
GALS3_REV_759350.9.peg.2062-MONOMER,0.0,-1.81778868959697e-08
GALS3_FWD_759350.9.peg.2062-MONOMER,-8.036028274380253e-23,3.671857689323811e-42
GALT_REV_759350.9.peg.469-MONOMER_mod_fe2(1)_mod_zn2(1),0.0,-1.0912745405200314e-08
GALT_FWD_759350.9.peg.469-MONOMER_mod_fe2(1)_mod_zn2(1),0.0,-7.722640395527206e-09
GALT1_REV_CPLX_dummy,0.0,-1.3298496303093672e-08
GALT1_FWD_CPLX_dummy,3.891521685129111e-05,1.0170999801740955e-39
GALTpts_REV_759350.9.peg.254-MONOMER,0.0,-1.6808353634410208e-08
GALTpts_FWD_759350.9.peg.254-MONOMER,0.0,-4.477057926471257e-42
GALU_REV_759350.9.peg.1067-MONOMER,0.0,-1.648860131276678e-08
GALU_FWD_759350.9.peg.1067-MONOMER,0.00015566086740516444,7.780123668683882e-42
GALabc_REV_CPLX_dummy,0.0,3.104912497323688e-08
GALabc_FWD_CPLX_dummy,0.0,-4.434762127633055e-08
GALt2_2_REV_759350.9.peg.426-MONOMER,0.00470194,-8.806514400046804e-43
GALt2_2_FWD_759350.9.peg.426-MONOMER,0.0,-1.0692319043416495e-08
GAMpts_REV_759350.9.peg.254-MONOMER,0.0,-1.6808353634410208e-08
GAMpts_FWD_759350.9.peg.254-MONOMER,0.0003827631139582147,-4.477057926471257e-42
GAPD_REV_759350.9.peg.1275-MONOMER,0.0,-2.1137338418776736e-08
GAPD_FWD_759350.9.peg.1275-MONOMER,0.5112009581557311,5.0598934011295316e-36
GARFTi_REV_759350.9.peg.611-MONOMER_mod_mg2(1),0.0,-7.608194570557706e-09
GARFTi_FWD_759350.9.peg.611-MONOMER_mod_mg2(1),0.0,-8.174327313456483e-09
GART_REV_759350.9.peg.611-MONOMER_mod_mg2(1),0.0,-1.578252188401419e-08
GART_FWD_759350.9.peg.611-MONOMER_mod_mg2(1),1.381104981876483e-22,-1.4308687452578487e-35
GCCb_REV_759350.9.peg.457-MONOMER,0.0,-1.1816859644980221e-08
GCCb_FWD_759350.9.peg.457-MONOMER,0.0,2.194150766336066e-41
GCCc_REV_759350.9.peg.457-MONOMER,0.0,2.5191338898238927e-08
GCCc_FWD_759350.9.peg.457-MONOMER,0.0,-3.700819854321915e-08
GCCc_REV_759350.9.peg.651-MONOMER,0.0,2.2982540239524318e-08
GCCc_FWD_759350.9.peg.651-MONOMER,0.0,-3.921699720193376e-08
GCDCHOLBHSe_REV_CPLX_dummy,0.0,-6.649248151546836e-09
GCDCHOLBHSe_FWD_CPLX_dummy,0.0,-6.649248151546836e-09
GCHOLBHSe_REV_CPLX_dummy,0.0,-6.649248151546836e-09
GCHOLBHSe_FWD_CPLX_dummy,0.0,-6.649248151546836e-09
GF6PTA_REV_759350.9.peg.534-MONOMER,0.0,2.6828222090230812e-08
GF6PTA_FWD_759350.9.peg.534-MONOMER,0.0,-4.741252877031435e-08
GHMT2r_REV_759350.9.peg.696-MONOMER,0.0,-1.8744871779279025e-08
GHMT2r_FWD_759350.9.peg.696-MONOMER,6.433170231698157e-05,4.918850735839894e-41
GK1_REV_759350.9.peg.1447-MONOMER_mod_mg2(1),0.0,-1.5419692810674455e-08
GK1_FWD_759350.9.peg.1447-MONOMER_mod_mg2(1),0.01304285078857319,-1.4019254411840234e-36
GK2_REV_759350.9.peg.1447-MONOMER_mod_mg2(1),0.0,-8.77044465912762e-09
GK2_FWD_759350.9.peg.1447-MONOMER_mod_mg2(1),0.0,-6.649248151546836e-09
GLCP3_REV_759350.9.peg.45-MONOMER_mod_pydx5p(1),0.0,-2.1393744571635925e-08
GLCP3_FWD_759350.9.peg.45-MONOMER_mod_pydx5p(1),0.0,-3.62802790467486e-42
GLCTR1_REV_CPLX_dummy,0.0,-1.3298496303093672e-08
GLCTR1_FWD_CPLX_dummy,3.891521685129111e-05,2.3938912317120288e-40
GLCTR2_REV_CPLX_dummy,0.0,-1.3298496303093672e-08
GLCTR2_FWD_CPLX_dummy,3.891521685129111e-05,3.9493129457178136e-40
GLCTR3_REV_CPLX_dummy,0.0,-1.3298496303093672e-08
GLCTR3_FWD_CPLX_dummy,3.891521685129111e-05,3.9493129457178136e-40
GLCTR4r_REV_759350.9.peg.104-MONOMER,0.0,-1.6445283315569242e-08
GLCTR4r_FWD_759350.9.peg.104-MONOMER,0.00470194,-1.2748324284442678e-40
GLCURt2r_REV_CPLX_dummy,-2.0950006306208954e-24,0.0
GLCURt2r_FWD_CPLX_dummy,0.0,-1.3298496303093672e-08
GLCabc_REV_CPLX_ARBabc-15,0.0,5.2792891459035923e-08
GLCabc_FWD_CPLX_ARBabc-15,0.0,-7.218988050602278e-08
GLCabc_REV_CPLX_ARBabc-13,0.0,5.282023243189607e-08
GLCabc_FWD_CPLX_ARBabc-13,0.0,-7.216253953316263e-08
GLCabc_REV_CPLX_ARBabc-23,0.0,5.269068060070849e-08
GLCabc_FWD_CPLX_ARBabc-23,0.0,-7.229209136435021e-08
GLCabc_REV_CPLX_ARBabc-4,0.0,5.273688908782558e-08
GLCabc_FWD_CPLX_ARBabc-4,0.0,-7.224588287723312e-08
GLCabc_REV_CPLX_ARBabc-6,0.0,5.2579399407607873e-08
GLCabc_FWD_CPLX_ARBabc-6,0.0,-7.240337255745083e-08
GLCabc_REV_CPLX_ARBabc-21,0.0,5.271674719493379e-08
GLCabc_FWD_CPLX_ARBabc-21,0.0,-7.226602477012491e-08
GLCabc_REV_CPLX_ARBabc-0,0.0,5.286929745696734e-08
GLCabc_FWD_CPLX_ARBabc-0,0.0,-7.211347450809137e-08
GLCabc_REV_CPLX_ARBabc-3,0.0,5.2800649530233964e-08
GLCabc_FWD_CPLX_ARBabc-3,0.0,-7.218212243482474e-08
GLCabc_REV_CPLX_ARBabc-19,0.0,5.282098758357766e-08
GLCabc_FWD_CPLX_ARBabc-19,0.0,-7.216178438148104e-08
GLCabc_REV_CPLX_ARBabc-29,0.0,5.284069715713564e-08
GLCabc_FWD_CPLX_ARBabc-29,0.0,-7.214207480792307e-08
GLCabc_REV_CPLX_ARBabc-9,0.0,5.266571497180133e-08
GLCabc_FWD_CPLX_ARBabc-9,0.0,-7.231705699325737e-08
GLCabc_REV_CPLX_ARBabc-2,0.0,5.2705492734999287e-08
GLCabc_FWD_CPLX_ARBabc-2,0.0,-7.227727923005941e-08
GLCabc_REV_CPLX_ARBabc-24,0.0,5.272486947444735e-08
GLCabc_FWD_CPLX_ARBabc-24,0.0,-7.225790249061136e-08
GLCabc_REV_CPLX_ARBabc-30,0.0,5.271762618492887e-08
GLCabc_FWD_CPLX_ARBabc-30,0.0,-7.226514578012984e-08
GLCabc_REV_CPLX_ARBabc-5,0.0,5.269705912053443e-08
GLCabc_FWD_CPLX_ARBabc-5,0.0,-7.228571284452428e-08
GLCabc_REV_CPLX_ARBabc-10,0.0,5.254910688996265e-08
GLCabc_FWD_CPLX_ARBabc-10,0.0,-7.243366507509605e-08
GLCabc_REV_CPLX_ARBabc-31,0.0,5.281318209098579e-08
GLCabc_FWD_CPLX_ARBabc-31,0.0,-7.216958987407292e-08
GLCabc_REV_CPLX_ARBabc-12,0.0,5.2861358855003125e-08
GLCabc_FWD_CPLX_ARBabc-12,0.0,-7.212141311005558e-08
GLCabc_REV_CPLX_ARBabc-18,0.0,5.272524177927516e-08
GLCabc_FWD_CPLX_ARBabc-18,0.0,-7.225753018578355e-08
GLCabc_REV_CPLX_ARBabc-8,0.0,5.270512716771698e-08
GLCabc_FWD_CPLX_ARBabc-8,0.0,-7.227764479734172e-08
GLCabc_REV_CPLX_ARBabc-14,0.0,5.269792192721171e-08
GLCabc_FWD_CPLX_ARBabc-14,0.0,-7.2284850037847e-08
GLCabc_REV_CPLX_ARBabc-28,0.0,5.288208749352998e-08
GLCabc_FWD_CPLX_ARBabc-28,0.0,-7.210068447152873e-08
GLCabc_REV_CPLX_ARBabc-27,0.0,5.2659331719036176e-08
GLCabc_FWD_CPLX_ARBabc-27,0.0,-7.232344024602253e-08
GLCabc_REV_CPLX_ARBabc-20,0.0,5.275682178492374e-08
GLCabc_FWD_CPLX_ARBabc-20,0.0,-7.222595018013497e-08
GLCabc_REV_CPLX_ARBabc-1,0.0,5.2828106521081e-08
GLCabc_FWD_CPLX_ARBabc-1,0.0,-7.215466544397771e-08
GLCabc_REV_CPLX_ARBabc-17,0.0,5.284862035068896e-08
GLCabc_FWD_CPLX_ARBabc-17,0.0,-7.213415161436975e-08
GLCabc_REV_CPLX_ARBabc-22,0.0,5.259839398538967e-08
GLCabc_FWD_CPLX_ARBabc-22,0.0,-7.238437797966903e-08
GLCabc_REV_CPLX_ARBabc-26,0.0,5.2567931048810266e-08
GLCabc_FWD_CPLX_ARBabc-26,0.0,-7.241484091624844e-08
GLCabc_REV_CPLX_ARBabc-7,0.0,5.2671145693261976e-08
GLCabc_FWD_CPLX_ARBabc-7,0.0,-7.231162627179673e-08
GLCabc_REV_CPLX_ARBabc-25,0.0,5.2685218544873116e-08
GLCabc_FWD_CPLX_ARBabc-25,0.0,-7.229755342018559e-08
GLCabc_REV_CPLX_ARBabc-11,0.0,5.263997901725368e-08
GLCabc_FWD_CPLX_ARBabc-11,0.0,-7.234279294780503e-08
GLCabc_REV_CPLX_ARBabc-16,0.0,5.289007614434498e-08
GLCabc_FWD_CPLX_ARBabc-16,0.0,-7.209269582071373e-08
GLCpts_REV_759350.9.peg.254-MONOMER,0.0,-1.6808353634410208e-08
GLCpts_FWD_759350.9.peg.254-MONOMER,0.14898579,-4.477057926471257e-42
GLGC_REV_759350.9.peg.910-MONOMER_mod_mg2(1),0.0,-2.1467467804067416e-08
GLGC_FWD_759350.9.peg.910-MONOMER_mod_mg2(1),0.0,-1.1976865207836165e-35
GLKKpppi_REV_759350.9.peg.1474-MONOMER,0.0,-7.444994968840627e-10
GLKKpppi_FWD_759350.9.peg.1474-MONOMER,0.0,-1.3050371155803039e-08
GLNS_REV_759350.9.peg.1368-MONOMER,0.0,1.866576030582573e-08
GLNS_FWD_759350.9.peg.1368-MONOMER,0.0,-3.460255948570422e-08
GLNS_REV_759350.9.peg.649-MONOMER_mod_mn2(1),0.0,1.1558164060608512e-08
GLNS_FWD_759350.9.peg.649-MONOMER_mod_mn2(1),0.0,-4.1710155730921433e-08
GLNSP1_REV_759350.9.peg.1368-MONOMER,0.0,-1.593679917987849e-08
GLNSP1_FWD_759350.9.peg.1368-MONOMER,0.0,3.570150747303484e-41
GLNSP1_REV_759350.9.peg.649-MONOMER_mod_mn2(1),0.0,-2.3044395425095705e-08
GLNSP1_FWD_759350.9.peg.649-MONOMER_mod_mn2(1),0.0,-7.107596245217217e-09
GLNSP2_REV_759350.9.peg.1368-MONOMER,0.0,-1.593679917987849e-08
GLNSP2_FWD_759350.9.peg.1368-MONOMER,0.0,2.0706874334360207e-40
GLNSP2_REV_759350.9.peg.649-MONOMER_mod_mn2(1),0.0,-2.3044395425095705e-08
GLNSP2_FWD_759350.9.peg.649-MONOMER_mod_mn2(1),0.0,-7.107596245217217e-09
GLNSP3_REV_759350.9.peg.1368-MONOMER,0.0,-1.593679917987849e-08
GLNSP3_FWD_759350.9.peg.1368-MONOMER,0.0,2.1777919558551255e-39
GLNSP3_REV_759350.9.peg.649-MONOMER_mod_mn2(1),0.0,-2.3044395425095705e-08
GLNSP3_FWD_759350.9.peg.649-MONOMER_mod_mn2(1),0.0,-7.107596245217217e-09
GLNt2r_REV_CPLX_dummy,0.0,-1.3298496303093672e-08
GLNt2r_FWD_CPLX_dummy,0.0019399701278847137,0.0
GLU5K_REV_759350.9.peg.1873-MONOMER_mod_mg2(1),0.0,-2.1428182452140807e-08
GLU5K_FWD_759350.9.peg.1873-MONOMER_mod_mg2(1),0.00040721797124772415,-9.806763026381745e-37
GLUDy_REV_759350.9.peg.9-MONOMER,0.0,-2.6758803470102266e-09
GLUDy_FWD_759350.9.peg.9-MONOMER,0.0,-2.2209063912853665e-08
GLUOX_REV_CPLX_GLUOX-0_mod_fe2(1)_mod_fad(1),0.0,-3.282410577429822e-08
GLUOX_FWD_CPLX_GLUOX-0_mod_fe2(1)_mod_fad(1),0.012237754086056728,-4.9775822571527924e-36
GLUPRT_REV_759350.9.peg.591-MONOMER_mod_mg2(1),0.0,-2.316403127650939e-08
GLUPRT_FWD_759350.9.peg.591-MONOMER_mod_mg2(1),0.0,-1.5156161125931385e-41
GLUR_REV_759350.9.peg.1426-MONOMER,0.0,-8.663779927211316e-43
GLUR_FWD_759350.9.peg.1426-MONOMER,0.0,-1.660381320313334e-08
GLUSy_REV_CPLX_GLUOX-0_mod_fe2(1)_mod_fad(1),0.0,-4.977647473740655e-36
GLUSy_FWD_CPLX_GLUOX-0_mod_fe2(1)_mod_fad(1),0.0,-3.282410577429822e-08
GLUTRR_REV_CPLX_dummy,0.0,-1.3298496303093672e-08
GLUTRR_FWD_CPLX_dummy,7.70867019983354e-05,-1.644886162655652e-40
GLUTRS_REV_759350.9.peg.187-MONOMER_mod_mg2(1)_mod_zn2(1),0.0,-1.6442352031331195e-08
GLUTRS_FWD_759350.9.peg.187-MONOMER_mod_mg2(1)_mod_zn2(1),7.70867019983354e-05,3.274666317666699e-41
GLUt2r_REV_CPLX_dummy,0.0,-2.9936248181178e-09
GLUt2r_FWD_CPLX_dummy,0.0,-1.0304871484975873e-08
GLXO1_REV_759350.9.peg.588-MONOMER_mod_mg2(1),0.0,-2.3571078485776844e-08
GLXO1_FWD_759350.9.peg.588-MONOMER_mod_mg2(1),0.0,6.177802448079155e-41
GLYASN1c_REV_759350.9.peg.568-MONOMER,0.0,-2.6642508881076406e-10
GLYASN1c_FWD_759350.9.peg.568-MONOMER,0.0,-1.4144171103870083e-08
GLYASN1c_REV_759350.9.peg.1620-MONOMER_mod_fe2(2),1.1718565599607347e-22,-1.8817184284760037e-41
GLYASN1c_FWD_759350.9.peg.1620-MONOMER_mod_fe2(2),0.0,-1.387774601505932e-08
GLYASN1c_REV_759350.9.peg.511-MONOMER,0.0,-2.467223705249397e-09
GLYASN1c_FWD_759350.9.peg.511-MONOMER,0.0,-1.6344969720308717e-08
GLYASNabc_REV_759350.9.peg.945-MONOMER,0.0,1.0425222319211088e-08
GLYASNabc_FWD_759350.9.peg.945-MONOMER,0.0,-2.7102962568786858e-08
GLYASNabc_REV_759350.9.peg.1250-MONOMER,0.0,1.0417213565475088e-08
GLYASNabc_FWD_759350.9.peg.1250-MONOMER,0.0,-2.7110971322522857e-08
GLYASNabc_REV_759350.9.peg.554-MONOMER,0.0,1.2025424725588832e-08
GLYASNabc_FWD_759350.9.peg.554-MONOMER,0.0,-2.5502760162409114e-08
GLYASNabc_REV_759350.9.peg.274-MONOMER,0.0,1.0805216444316292e-08
GLYASNabc_FWD_759350.9.peg.274-MONOMER,0.0,-2.672296844368165e-08
GLYASNabc_REV_759350.9.peg.1992-MONOMER,0.0,1.0291643358878553e-08
GLYASNabc_FWD_759350.9.peg.1992-MONOMER,0.0,-2.7236541529119393e-08
GLYASNabc_REV_759350.9.peg.1309-MONOMER,0.0,1.1105694714037176e-08
GLYASNabc_FWD_759350.9.peg.1309-MONOMER,0.0,-2.642249017396077e-08
GLYASNabc_REV_759350.9.peg.1994-MONOMER,0.0,1.1394315168763447e-08
GLYASNabc_FWD_759350.9.peg.1994-MONOMER,0.0,-2.6133869719234498e-08
GLYASNabc_REV_759350.9.peg.1993-MONOMER,0.0,9.830227305700033e-09
GLYASNabc_FWD_759350.9.peg.1993-MONOMER,0.0,-2.7697957582297912e-08
GLYASP1c_REV_759350.9.peg.568-MONOMER,0.0,-2.6642508881076406e-10
GLYASP1c_FWD_759350.9.peg.568-MONOMER,0.0,-1.4144171103870083e-08
GLYASP1c_REV_759350.9.peg.1620-MONOMER_mod_fe2(2),1.2060154859830432e-22,-1.2280682915730842e-41
GLYASP1c_FWD_759350.9.peg.1620-MONOMER_mod_fe2(2),0.0,-1.387774601505932e-08
GLYASP1c_REV_759350.9.peg.511-MONOMER,0.0,-2.467223705249397e-09
GLYASP1c_FWD_759350.9.peg.511-MONOMER,0.0,-1.6344969720308717e-08
GLYASPabc_REV_759350.9.peg.945-MONOMER,0.0,1.0425222319211088e-08
GLYASPabc_FWD_759350.9.peg.945-MONOMER,0.0,-2.7102962568786858e-08
GLYASPabc_REV_759350.9.peg.1250-MONOMER,0.0,1.0417213565475088e-08
GLYASPabc_FWD_759350.9.peg.1250-MONOMER,0.0,-2.7110971322522857e-08
GLYASPabc_REV_759350.9.peg.554-MONOMER,0.0,1.2025424725588832e-08
GLYASPabc_FWD_759350.9.peg.554-MONOMER,0.0,-2.5502760162409114e-08
GLYASPabc_REV_759350.9.peg.274-MONOMER,0.0,1.0805216444316292e-08
GLYASPabc_FWD_759350.9.peg.274-MONOMER,0.0,-2.672296844368165e-08
GLYASPabc_REV_759350.9.peg.1992-MONOMER,0.0,1.0291643358878553e-08
GLYASPabc_FWD_759350.9.peg.1992-MONOMER,0.0,-2.7236541529119393e-08
GLYASPabc_REV_759350.9.peg.1309-MONOMER,0.0,1.1105694714037176e-08
GLYASPabc_FWD_759350.9.peg.1309-MONOMER,0.0,-2.642249017396077e-08
GLYASPabc_REV_759350.9.peg.1994-MONOMER,0.0,1.1394315168763447e-08
GLYASPabc_FWD_759350.9.peg.1994-MONOMER,0.0,-2.6133869719234498e-08
GLYASPabc_REV_759350.9.peg.1993-MONOMER,0.0,9.830227305700033e-09
GLYASPabc_FWD_759350.9.peg.1993-MONOMER,0.0,-2.7697957582297912e-08
GLYC3Pabc_REV_759350.9.peg.633-MONOMER,0.0,-3.7368228528156744e-09
GLYC3Pabc_FWD_759350.9.peg.633-MONOMER,0.0,-1.0265271363815047e-08
GLYC3Pabc_REV_759350.9.peg.632-MONOMER,0.0,-4.672111756113571e-09
GLYC3Pabc_FWD_759350.9.peg.632-MONOMER,0.0,-1.1200560267112943e-08
GLYCYSabc_REV_759350.9.peg.945-MONOMER,0.0,-1.5077537843198025e-08
GLYCYSabc_FWD_759350.9.peg.945-MONOMER,0.0,-1.6002024063777437e-09
GLYCYSabc_REV_759350.9.peg.1250-MONOMER,0.0,-1.5085546596934027e-08
GLYCYSabc_FWD_759350.9.peg.1250-MONOMER,0.0,-1.6082111601137433e-09
GLYCYSabc_REV_759350.9.peg.554-MONOMER,0.0,-1.3477335436820282e-08
GLYCYSabc_FWD_759350.9.peg.554-MONOMER,1.1546555761687518e-22,3.5227756822133266e-41
GLYCYSabc_REV_759350.9.peg.274-MONOMER,0.0,-1.4697543718092821e-08
GLYCYSabc_FWD_759350.9.peg.274-MONOMER,0.0,-1.2202082812725388e-09
GLYCYSabc_REV_759350.9.peg.1992-MONOMER,0.0,-1.521111680353056e-08
GLYCYSabc_FWD_759350.9.peg.1992-MONOMER,0.0,-1.7337813667102782e-09
GLYCYSabc_REV_759350.9.peg.1309-MONOMER,0.0,-1.4397065448371938e-08
GLYCYSabc_FWD_759350.9.peg.1309-MONOMER,0.0,-9.197300115516553e-10
GLYCYSabc_REV_759350.9.peg.1994-MONOMER,0.0,-1.4108444993645667e-08
GLYCYSabc_FWD_759350.9.peg.1994-MONOMER,0.0,-6.311095568253849e-10
GLYCYSabc_REV_759350.9.peg.1993-MONOMER,0.0,-1.567253285670908e-08
GLYCYSabc_FWD_759350.9.peg.1993-MONOMER,0.0,-2.1951974198887993e-09
GLYCt_REV_759350.9.peg.255-MONOMER,0.0,-1.9318992539713337e-08
GLYCt_FWD_759350.9.peg.255-MONOMER,4.9702438411004887e-05,0.0
GLYGLN1c_REV_759350.9.peg.568-MONOMER,0.0,-2.6642508881076406e-10
GLYGLN1c_FWD_759350.9.peg.568-MONOMER,0.0,-1.4144171103870083e-08
GLYGLN1c_REV_759350.9.peg.1620-MONOMER_mod_fe2(2),1.1718565599607347e-22,-4.6634341925942724e-42
GLYGLN1c_FWD_759350.9.peg.1620-MONOMER_mod_fe2(2),0.0,-1.387774601505932e-08
GLYGLN1c_REV_759350.9.peg.511-MONOMER,0.0,-2.467223705249397e-09
GLYGLN1c_FWD_759350.9.peg.511-MONOMER,0.0,-1.6344969720308717e-08
GLYGLNabc_REV_759350.9.peg.945-MONOMER,0.0,1.0425222319211088e-08
GLYGLNabc_FWD_759350.9.peg.945-MONOMER,0.0,-2.7102962568786858e-08
GLYGLNabc_REV_759350.9.peg.1250-MONOMER,0.0,1.0417213565475088e-08
GLYGLNabc_FWD_759350.9.peg.1250-MONOMER,0.0,-2.7110971322522857e-08
GLYGLNabc_REV_759350.9.peg.554-MONOMER,0.0,1.2025424725588832e-08
GLYGLNabc_FWD_759350.9.peg.554-MONOMER,0.0,-2.5502760162409114e-08
GLYGLNabc_REV_759350.9.peg.274-MONOMER,0.0,1.0805216444316292e-08
GLYGLNabc_FWD_759350.9.peg.274-MONOMER,0.0,-2.672296844368165e-08
GLYGLNabc_REV_759350.9.peg.1992-MONOMER,0.0,1.0291643358878553e-08
GLYGLNabc_FWD_759350.9.peg.1992-MONOMER,0.0,-2.7236541529119393e-08
GLYGLNabc_REV_759350.9.peg.1309-MONOMER,0.0,1.1105694714037176e-08
GLYGLNabc_FWD_759350.9.peg.1309-MONOMER,0.0,-2.642249017396077e-08
GLYGLNabc_REV_759350.9.peg.1994-MONOMER,0.0,1.1394315168763447e-08
GLYGLNabc_FWD_759350.9.peg.1994-MONOMER,0.0,-2.6133869719234498e-08
GLYGLNabc_REV_759350.9.peg.1993-MONOMER,0.0,9.830227305700033e-09
GLYGLNabc_FWD_759350.9.peg.1993-MONOMER,0.0,-2.7697957582297912e-08
GLYGLU1c_REV_759350.9.peg.568-MONOMER,0.0,-2.6642508881076406e-10
GLYGLU1c_FWD_759350.9.peg.568-MONOMER,0.0,-1.4144171103870083e-08
GLYGLU1c_REV_759350.9.peg.1620-MONOMER_mod_fe2(2),1.7588361204808534e-23,-8.187121943820562e-42
GLYGLU1c_FWD_759350.9.peg.1620-MONOMER_mod_fe2(2),0.0,-1.387774601505932e-08
GLYGLU1c_REV_759350.9.peg.511-MONOMER,0.0,-2.467223705249397e-09
GLYGLU1c_FWD_759350.9.peg.511-MONOMER,0.0,-1.6344969720308717e-08
GLYGLUabc_REV_759350.9.peg.945-MONOMER,0.0,2.073009380418696e-08
GLYGLUabc_FWD_759350.9.peg.945-MONOMER,0.0,-3.740783405376273e-08
GLYGLUabc_REV_759350.9.peg.1250-MONOMER,0.0,2.072208505045096e-08
GLYGLUabc_FWD_759350.9.peg.1250-MONOMER,0.0,-3.741584280749873e-08
GLYGLUabc_REV_759350.9.peg.554-MONOMER,0.0,2.2330296210564705e-08
GLYGLUabc_FWD_759350.9.peg.554-MONOMER,0.0,-3.580763164738499e-08
GLYGLUabc_REV_759350.9.peg.274-MONOMER,0.0,2.1110087929292165e-08
GLYGLUabc_FWD_759350.9.peg.274-MONOMER,0.0,-3.7027839928657526e-08
GLYGLUabc_REV_759350.9.peg.1992-MONOMER,0.0,2.0596514843854426e-08
GLYGLUabc_FWD_759350.9.peg.1992-MONOMER,0.0,-3.7541413014095265e-08
GLYGLUabc_REV_759350.9.peg.1309-MONOMER,0.0,2.1410566199013047e-08
GLYGLUabc_FWD_759350.9.peg.1309-MONOMER,0.0,-3.672736165893664e-08
GLYGLUabc_REV_759350.9.peg.1994-MONOMER,0.0,2.1699186653739318e-08
GLYGLUabc_FWD_759350.9.peg.1994-MONOMER,0.0,-3.643874120421037e-08
GLYGLUabc_REV_759350.9.peg.1993-MONOMER,0.0,2.0135098790675904e-08
GLYGLUabc_FWD_759350.9.peg.1993-MONOMER,0.0,-3.8002829067273787e-08
GLYLEUHYDROc_REV_759350.9.peg.568-MONOMER,0.0,-2.6642508881076406e-10
GLYLEUHYDROc_FWD_759350.9.peg.568-MONOMER,0.0,-1.4144171103870083e-08
GLYLEUHYDROc_REV_759350.9.peg.1620-MONOMER_mod_fe2(2),1.4473556043185293e-23,-1.8654459063059272e-41
GLYLEUHYDROc_FWD_759350.9.peg.1620-MONOMER_mod_fe2(2),0.0,-1.387774601505932e-08
GLYLEUHYDROc_REV_759350.9.peg.511-MONOMER,0.0,-2.467223705249397e-09
GLYLEUHYDROc_FWD_759350.9.peg.511-MONOMER,0.0,-1.6344969720308717e-08
GLYLEUPEPT1tc_REV_759350.9.peg.945-MONOMER,0.0,-1.5077537843198025e-08
GLYLEUPEPT1tc_FWD_759350.9.peg.945-MONOMER,0.0,-1.6002024063777437e-09
GLYLEUPEPT1tc_REV_759350.9.peg.1250-MONOMER,0.0,-1.5085546596934027e-08
GLYLEUPEPT1tc_FWD_759350.9.peg.1250-MONOMER,0.0,-1.6082111601137433e-09
GLYLEUPEPT1tc_REV_759350.9.peg.554-MONOMER,0.0,-1.3477335436820282e-08
GLYLEUPEPT1tc_FWD_759350.9.peg.554-MONOMER,1.311195364334432e-22,0.0
GLYLEUPEPT1tc_REV_759350.9.peg.274-MONOMER,0.0,-1.4697543718092821e-08
GLYLEUPEPT1tc_FWD_759350.9.peg.274-MONOMER,0.0,-1.2202082812725388e-09
GLYLEUPEPT1tc_REV_759350.9.peg.1992-MONOMER,0.0,-1.521111680353056e-08
GLYLEUPEPT1tc_FWD_759350.9.peg.1992-MONOMER,0.0,-1.7337813667102782e-09
GLYLEUPEPT1tc_REV_759350.9.peg.1309-MONOMER,0.0,-1.4397065448371938e-08
GLYLEUPEPT1tc_FWD_759350.9.peg.1309-MONOMER,0.0,-9.197300115516553e-10
GLYLEUPEPT1tc_REV_759350.9.peg.1994-MONOMER,0.0,-1.4108444993645667e-08
GLYLEUPEPT1tc_FWD_759350.9.peg.1994-MONOMER,0.0,-6.311095568253849e-10
GLYLEUPEPT1tc_REV_759350.9.peg.1993-MONOMER,0.0,-1.567253285670908e-08
GLYLEUPEPT1tc_FWD_759350.9.peg.1993-MONOMER,0.0,-2.1951974198887993e-09
GLYMET1c_REV_759350.9.peg.568-MONOMER,0.0,-2.6642508881076406e-10
GLYMET1c_FWD_759350.9.peg.568-MONOMER,0.0,-1.4144171103870083e-08
GLYMET1c_REV_759350.9.peg.1620-MONOMER_mod_fe2(2),6.974215612999608e-24,-1.7770920113343449e-37
GLYMET1c_FWD_759350.9.peg.1620-MONOMER_mod_fe2(2),0.0,-1.387774601505932e-08
GLYMET1c_REV_759350.9.peg.511-MONOMER,0.0,-2.467223705249397e-09
GLYMET1c_FWD_759350.9.peg.511-MONOMER,0.0,-1.6344969720308717e-08
GLYMETabc_REV_759350.9.peg.945-MONOMER,0.0,-1.5077537843198025e-08
GLYMETabc_FWD_759350.9.peg.945-MONOMER,0.0,-1.6002024063777437e-09
GLYMETabc_REV_759350.9.peg.1250-MONOMER,0.0,-1.5085546596934027e-08
GLYMETabc_FWD_759350.9.peg.1250-MONOMER,0.0,-1.6082111601137433e-09
GLYMETabc_REV_759350.9.peg.554-MONOMER,0.0,-1.3477335436820282e-08
GLYMETabc_FWD_759350.9.peg.554-MONOMER,1.1546555761687518e-22,5.823363882842438e-41
GLYMETabc_REV_759350.9.peg.274-MONOMER,0.0,-1.4697543718092821e-08
GLYMETabc_FWD_759350.9.peg.274-MONOMER,0.0,-1.2202082812725388e-09
GLYMETabc_REV_759350.9.peg.1992-MONOMER,0.0,-1.521111680353056e-08
GLYMETabc_FWD_759350.9.peg.1992-MONOMER,0.0,-1.7337813667102782e-09
GLYMETabc_REV_759350.9.peg.1309-MONOMER,0.0,-1.4397065448371938e-08
GLYMETabc_FWD_759350.9.peg.1309-MONOMER,0.0,-9.197300115516553e-10
GLYMETabc_REV_759350.9.peg.1994-MONOMER,0.0,-1.4108444993645667e-08
GLYMETabc_FWD_759350.9.peg.1994-MONOMER,0.0,-6.311095568253849e-10
GLYMETabc_REV_759350.9.peg.1993-MONOMER,0.0,-1.567253285670908e-08
GLYMETabc_FWD_759350.9.peg.1993-MONOMER,0.0,-2.1951974198887993e-09
GLYPHEHYc_REV_759350.9.peg.568-MONOMER,0.0,-2.6642508881076406e-10
GLYPHEHYc_FWD_759350.9.peg.568-MONOMER,0.0,-1.4144171103870083e-08
GLYPHEHYc_REV_759350.9.peg.1620-MONOMER_mod_fe2(2),1.2060154734313177e-22,-1.1432472863181184e-41
GLYPHEHYc_FWD_759350.9.peg.1620-MONOMER_mod_fe2(2),0.0,-1.387774601505932e-08
GLYPHEHYc_REV_759350.9.peg.511-MONOMER,0.0,-2.467223705249397e-09
GLYPHEHYc_FWD_759350.9.peg.511-MONOMER,0.0,-1.6344969720308717e-08
GLYPHEabc_REV_759350.9.peg.945-MONOMER,0.0,8.952991733153697e-09
GLYPHEabc_FWD_759350.9.peg.945-MONOMER,0.0,-2.5630731982729465e-08
GLYPHEabc_REV_759350.9.peg.1250-MONOMER,0.0,8.944982979417696e-09
GLYPHEabc_FWD_759350.9.peg.1250-MONOMER,0.0,-2.5638740736465467e-08
GLYPHEabc_REV_759350.9.peg.554-MONOMER,0.0,1.055319413953144e-08
GLYPHEabc_FWD_759350.9.peg.554-MONOMER,0.0,-2.4030529576351724e-08
GLYPHEabc_REV_759350.9.peg.274-MONOMER,0.0,9.332985858258902e-09
GLYPHEabc_FWD_759350.9.peg.274-MONOMER,0.0,-2.525073785762426e-08
GLYPHEabc_REV_759350.9.peg.1992-MONOMER,0.0,8.819412772821161e-09
GLYPHEabc_FWD_759350.9.peg.1992-MONOMER,0.0,-2.5764310943062e-08
GLYPHEabc_REV_759350.9.peg.1309-MONOMER,0.0,9.633464127979785e-09
GLYPHEabc_FWD_759350.9.peg.1309-MONOMER,0.0,-2.495025958790338e-08
GLYPHEabc_REV_759350.9.peg.1994-MONOMER,0.0,9.922084582706055e-09
GLYPHEabc_FWD_759350.9.peg.1994-MONOMER,0.0,-2.4661639133177108e-08
GLYPHEabc_REV_759350.9.peg.1993-MONOMER,0.0,8.357996719642641e-09
GLYPHEabc_FWD_759350.9.peg.1993-MONOMER,0.0,-2.6225726996240522e-08
GLYPROPRO1c_REV_759350.9.peg.568-MONOMER,0.0,-2.6642508881076406e-10
GLYPROPRO1c_FWD_759350.9.peg.568-MONOMER,0.0,-1.4144171103870083e-08
GLYPROPRO1c_REV_759350.9.peg.1620-MONOMER_mod_fe2(2),1.2060154935377012e-22,4.772564593070624e-36
GLYPROPRO1c_FWD_759350.9.peg.1620-MONOMER_mod_fe2(2),0.0,-1.387774601505932e-08
GLYPROPRO1c_REV_759350.9.peg.511-MONOMER,0.0,-2.467223705249397e-09
GLYPROPRO1c_FWD_759350.9.peg.511-MONOMER,0.0,-1.6344969720308717e-08
GLYPROabc_REV_759350.9.peg.945-MONOMER,0.0,4.357563768143031e-09
GLYPROabc_FWD_759350.9.peg.945-MONOMER,0.0,-2.10353040177188e-08
GLYPROabc_REV_759350.9.peg.1250-MONOMER,0.0,4.349555014407031e-09
GLYPROabc_FWD_759350.9.peg.1250-MONOMER,0.0,-2.10433127714548e-08
GLYPROabc_REV_759350.9.peg.554-MONOMER,0.0,5.957766174520774e-09
GLYPROabc_FWD_759350.9.peg.554-MONOMER,0.0,-1.9435101611341057e-08
GLYPROabc_REV_759350.9.peg.274-MONOMER,0.0,4.7375578932482355e-09
GLYPROabc_FWD_759350.9.peg.274-MONOMER,0.0,-2.0655309892613595e-08
GLYPROabc_REV_759350.9.peg.1992-MONOMER,0.0,4.223984807810496e-09
GLYPROabc_FWD_759350.9.peg.1992-MONOMER,0.0,-2.1168882978051336e-08
GLYPROabc_REV_759350.9.peg.1309-MONOMER,0.0,5.038036162969119e-09
GLYPROabc_FWD_759350.9.peg.1309-MONOMER,0.0,-2.0354831622892712e-08
GLYPROabc_REV_759350.9.peg.1994-MONOMER,0.0,5.326656617695389e-09
GLYPROabc_FWD_759350.9.peg.1994-MONOMER,0.0,-2.006621116816644e-08
GLYPROabc_REV_759350.9.peg.1993-MONOMER,0.0,3.762568754631975e-09
GLYPROabc_FWD_759350.9.peg.1993-MONOMER,0.0,-2.1630299031229855e-08
GLYTYR1c_REV_759350.9.peg.568-MONOMER,0.0,-2.6642508881076406e-10
GLYTYR1c_FWD_759350.9.peg.568-MONOMER,0.0,-1.4144171103870083e-08
GLYTYR1c_REV_759350.9.peg.1620-MONOMER_mod_fe2(2),1.1718565599607347e-22,-8.306423219421842e-42
GLYTYR1c_FWD_759350.9.peg.1620-MONOMER_mod_fe2(2),0.0,-1.387774601505932e-08
GLYTYR1c_REV_759350.9.peg.511-MONOMER,0.0,-2.467223705249397e-09
GLYTYR1c_FWD_759350.9.peg.511-MONOMER,0.0,-1.6344969720308717e-08
GLYTYRabc_REV_759350.9.peg.945-MONOMER,0.0,8.952991733153697e-09
GLYTYRabc_FWD_759350.9.peg.945-MONOMER,0.0,-2.5630731982729465e-08
GLYTYRabc_REV_759350.9.peg.1250-MONOMER,0.0,8.944982979417696e-09
GLYTYRabc_FWD_759350.9.peg.1250-MONOMER,0.0,-2.5638740736465467e-08
GLYTYRabc_REV_759350.9.peg.554-MONOMER,0.0,1.055319413953144e-08
GLYTYRabc_FWD_759350.9.peg.554-MONOMER,0.0,-2.4030529576351724e-08
GLYTYRabc_REV_759350.9.peg.274-MONOMER,0.0,9.332985858258902e-09
GLYTYRabc_FWD_759350.9.peg.274-MONOMER,0.0,-2.525073785762426e-08
GLYTYRabc_REV_759350.9.peg.1992-MONOMER,0.0,8.819412772821161e-09
GLYTYRabc_FWD_759350.9.peg.1992-MONOMER,0.0,-2.5764310943062e-08
GLYTYRabc_REV_759350.9.peg.1309-MONOMER,0.0,9.633464127979785e-09
GLYTYRabc_FWD_759350.9.peg.1309-MONOMER,0.0,-2.495025958790338e-08
GLYTYRabc_REV_759350.9.peg.1994-MONOMER,0.0,9.922084582706055e-09
GLYTYRabc_FWD_759350.9.peg.1994-MONOMER,0.0,-2.4661639133177108e-08
GLYTYRabc_REV_759350.9.peg.1993-MONOMER,0.0,8.357996719642641e-09
GLYTYRabc_FWD_759350.9.peg.1993-MONOMER,0.0,-2.6225726996240522e-08
GLYt2r_REV_CPLX_dummy,0.0,-1.3298496303093672e-08
GLYt2r_FWD_CPLX_dummy,0.0006613444570243094,1.0233902429775702e-42
GMHEPAT_REV_CPLX_dummy,0.0,-1.3298496303093672e-08
GMHEPAT_FWD_CPLX_dummy,0.00015566086740516444,-9.478351069722753e-41
GMHEPK_REV_CPLX_dummy,0.0,-1.3298496303093672e-08
GMHEPK_FWD_CPLX_dummy,0.00015566086740516444,-1.8227598211005293e-41
GMHEPPA_REV_CPLX_dummy,0.0,-1.3298496303093672e-08
GMHEPPA_FWD_CPLX_dummy,0.00015566086740516444,-6.249015337084721e-41
GMPS2_REV_759350.9.peg.384-MONOMER,0.0,-1.335440791965381e-08
GMPS2_FWD_759350.9.peg.384-MONOMER,0.0001748108545761735,-1.523293121249458e-36
GMPS2_REV_759350.9.peg.788-MONOMER_mod_mg2(1),0.0,-1.648122160293147e-08
GMPS2_FWD_759350.9.peg.788-MONOMER_mod_mg2(1),0.0,-3.1268136832776615e-09
GND_REV_759350.9.peg.226-MONOMER,0.0,5.6504679021055415e-08
GND_FWD_759350.9.peg.226-MONOMER,0.0,-7.576573387572225e-08
GNK_REV_759350.9.peg.18-MONOMER_mod_mg2(1),0.0,-1.4737219456686742e-08
GNK_FWD_759350.9.peg.18-MONOMER_mod_mg2(1),0.0,3.960345945932038e-41
GNNUC_REV_759350.9.peg.1410-MONOMER,0.0,1.400601872804477e-07
GNNUC_FWD_759350.9.peg.1410-MONOMER,0.0,-1.554487611973747e-07
GNNUC_REV_759350.9.peg.368-MONOMER,0.0,1.4029575373734467e-07
GNNUC_FWD_759350.9.peg.368-MONOMER,0.0,-1.5521319474047773e-07
GPDDA1_REV_759350.9.peg.1912-MONOMER,0.0,-1.4325971525301832e-08
GPDDA1_FWD_759350.9.peg.1912-MONOMER,0.0,-3.884515302825121e-10
GPDDA1_REV_759350.9.peg.631-MONOMER,0.0,-1.3937519995019319e-08
GPDDA1_FWD_759350.9.peg.631-MONOMER,1.95909890459126e-22,3.0253106751952e-42
GPDDA2_REV_759350.9.peg.1912-MONOMER,0.0,-1.4325971525301832e-08
GPDDA2_FWD_759350.9.peg.1912-MONOMER,0.0,-3.884515302825121e-10
GPDDA2_REV_759350.9.peg.631-MONOMER,0.0,-1.3937519995019319e-08
GPDDA2_FWD_759350.9.peg.631-MONOMER,1.95909890459126e-22,1.3311366970858879e-40
GPDDA4_REV_759350.9.peg.1912-MONOMER,0.0,-1.4325971525301832e-08
GPDDA4_FWD_759350.9.peg.1912-MONOMER,0.0,-3.884515302825121e-10
GPDDA4_REV_759350.9.peg.631-MONOMER,0.0,-1.3937519995019319e-08
GPDDA4_FWD_759350.9.peg.631-MONOMER,1.95909890459126e-22,3.0253106751952e-42
GRTT_REV_759350.9.peg.1211-MONOMER_mod_mg2(1),0.0,-1.7880331767392982e-08
GRTT_FWD_759350.9.peg.1211-MONOMER_mod_mg2(1),3.891521685129111e-05,-1.2015148065131095e-40
GTPCI_REV_759350.9.peg.1683-MONOMER_mod_zn2(1),0.0,-2.318802044147236e-08
GTPCI_FWD_759350.9.peg.1683-MONOMER_mod_zn2(1),1.4453756624687888e-05,-9.189680415048362e-36
GTPCII_REV_759350.9.peg.378-MONOMER_mod_mg2(1),0.0,-1.8460156805440577e-08
GTPCII_FWD_759350.9.peg.378-MONOMER_mod_mg2(1),0.0,3.0678513068008166e-41
GTPDPK_REV_759350.9.peg.1197-MONOMER_mod_mn2(1),0.0,-1.5606812203658532e-08
GTPDPK_FWD_759350.9.peg.1197-MONOMER_mod_mn2(1),0.0,-2.1503392038792157e-09
GTPDPK_REV_759350.9.peg.1231-MONOMER,0.0,-1.3456472999779315e-08
GTPDPK_FWD_759350.9.peg.1231-MONOMER,4.08708607677436e-22,1.0601864966242643e-40
GUAPRT_REV_759350.9.peg.1685-MONOMER,0.0,-1.813542344459204e-08
GUAPRT_FWD_759350.9.peg.1685-MONOMER,0.0,2.467299144314643e-41
H2CO3D_REV_759350.9.peg.24-MONOMER_mod_zn2(1),0.0,-1.598208487636646e-08
H2CO3D_FWD_759350.9.peg.24-MONOMER_mod_zn2(1),0.015893221239731324,9.241990282782028e-43
H2Ot_REV_CPLX_dummy,0.0,-1.3298496303093672e-08
H2Ot_FWD_CPLX_dummy,0.06450608243283641,0.0
HACD1_REV_759350.9.peg.1459-MONOMER,0.0,6.569654981102748e-41
HACD1_FWD_759350.9.peg.1459-MONOMER,0.0,-1.3980508693347418e-08
HACD2_REV_759350.9.peg.1459-MONOMER,0.0,-1.3980508693347418e-08
HACD2_FWD_759350.9.peg.1459-MONOMER,0.0,-3.9417929886616485e-41
HACD3_REV_759350.9.peg.1459-MONOMER,0.0,-1.3980508693347418e-08
HACD3_FWD_759350.9.peg.1459-MONOMER,0.0,-3.9417929886616485e-41
HACD4_REV_759350.9.peg.1459-MONOMER,0.0,-1.3980508693347418e-08
HACD4_FWD_759350.9.peg.1459-MONOMER,5.425216417233765e-30,-3.9417929886616485e-41
HACD5_REV_759350.9.peg.1459-MONOMER,0.0,-1.3980508693347418e-08
HACD5_FWD_759350.9.peg.1459-MONOMER,0.0,-3.9417929886616485e-41
HACD6_REV_759350.9.peg.1459-MONOMER,0.0,-1.3980508693347418e-08
HACD6_FWD_759350.9.peg.1459-MONOMER,0.0,-3.9417929886616485e-41
HACD7_REV_759350.9.peg.1459-MONOMER,0.0,-1.3980508693347418e-08
HACD7_FWD_759350.9.peg.1459-MONOMER,0.0,-3.9417929886616485e-41
HACD9_REV_759350.9.peg.1459-MONOMER,0.0,-3.9417929886616485e-41
HACD9_FWD_759350.9.peg.1459-MONOMER,0.0,-1.3980508693347418e-08
HADPCOADH3_REV_759350.9.peg.1459-MONOMER,0.0,1.1699747256109773e-08
HADPCOADH3_FWD_759350.9.peg.1459-MONOMER,0.0,-2.568025594945719e-08
HBZOPT_REV_CPLX_dummy,0.0,-1.3298496303093672e-08
HBZOPT_FWD_CPLX_dummy,0.0,-1.1760205224052513e-39
HEPK1_REV_CPLX_dummy,0.0,-1.3298496303093672e-08
HEPK1_FWD_CPLX_dummy,3.891521685129111e-05,-7.169521962995415e-41
HEPK2_REV_CPLX_dummy,0.0,-1.3298496303093672e-08
HEPK2_FWD_CPLX_dummy,3.891521685129111e-05,-7.169521962995415e-41
HEPT1_REV_CPLX_dummy,0.0,-1.3298496303093672e-08
HEPT1_FWD_CPLX_dummy,3.891521685129111e-05,-6.9386390523226815e-40
HEPT2_REV_CPLX_dummy,0.0,-1.3298496303093672e-08
HEPT2_FWD_CPLX_dummy,3.891521685129111e-05,-7.169521962995415e-41
HEPT3_REV_CPLX_dummy,0.0,-1.3298496303093672e-08
HEPT3_FWD_CPLX_dummy,3.891521685129111e-05,-6.9386390523226815e-40
HEPT4_REV_CPLX_dummy,0.0,-1.3298496303093672e-08
HEPT4_FWD_CPLX_dummy,3.891521685129111e-05,7.205977159417426e-40
HETT_REV_CPLX_dummy,0.0,-1.3298496303093672e-08
HETT_FWD_CPLX_dummy,9.635837749791925e-06,5.975362006330069e-40
HETZK_REV_759350.9.peg.1393-MONOMER,0.0,-1.4043679348904377e-08
HETZK_FWD_759350.9.peg.1393-MONOMER,0.0,-3.2505093539672176e-42
HEX1_REV_CPLX_dummy,0.0,-1.3298496303093672e-08
HEX1_FWD_CPLX_dummy,0.07449289,-1.8227598211005293e-41
HEX7_REV_CPLX_dummy,0.0,-1.3298496303093672e-08
HEX7_FWD_CPLX_dummy,0.07919483000000001,1.5797251782871254e-41
HEXTT_REV_CPLX_dummy,0.0,-1.3298496303093672e-08
HEXTT_FWD_CPLX_dummy,0.0,-4.000894560760133e-40
HG2abc_REV_759350.9.peg.85-MONOMER,0.0,-1.3156587606304045e-08
HG2abc_FWD_759350.9.peg.85-MONOMER,0.0,-4.1301772234914974e-09
HG2abc_REV_759350.9.peg.256-MONOMER,0.0,-1.3899080946707787e-08
HG2abc_FWD_759350.9.peg.256-MONOMER,0.0,-4.872670563895241e-09
HG2abc_REV_759350.9.peg.690-MONOMER,0.0,-9.026410382812546e-09
HG2abc_FWD_759350.9.peg.690-MONOMER,9.405468377738937e-23,2.253388269277086e-41
HG2abc_REV_759350.9.peg.691-MONOMER,0.0,-1.0455563655755027e-08
HG2abc_FWD_759350.9.peg.691-MONOMER,0.0,-1.4291532729424794e-09
HIBD_REV_759350.9.peg.1459-MONOMER,0.0,1.1699747256109773e-08
HIBD_FWD_759350.9.peg.1459-MONOMER,0.0,-2.568025594945719e-08
HISD_REV_759350.9.peg.1915-MONOMER,0.0,-1.639706675168358e-08
HISD_FWD_759350.9.peg.1915-MONOMER,0.0,1.3290868312252974e-42
HISTD_REV_759350.9.peg.1375-MONOMER_mod_mn2(1),0.0,5.048786553272585e-07
HISTD_FWD_759350.9.peg.1375-MONOMER_mod_mn2(1),0.0,-5.238495686078096e-07
HISTDOX_REV_759350.9.peg.1375-MONOMER_mod_mn2(1),0.0,-1.8970913280551024e-08
HISTDOX_FWD_759350.9.peg.1375-MONOMER_mod_mn2(1),0.0,-1.3042027390389327e-40
HISTLOX_REV_759350.9.peg.1375-MONOMER_mod_mn2(1),0.0,5.14364111967534e-07
HISTLOX_FWD_759350.9.peg.1375-MONOMER_mod_mn2(1),0.0,-5.33335025248085e-07
HISTP_REV_CPLX_dummy,0.0,-1.3298496303093672e-08
HISTP_FWD_CPLX_dummy,0.0,2.871169208930818e-41
HISt2r_REV_CPLX_dummy,0.0,-1.3298496303093672e-08
HISt2r_FWD_CPLX_dummy,0.00020135702942713541,-3.3227170780632437e-42
HMBS_REV_CPLX_dummy,0.0,-1.3298496303093672e-08
HMBS_FWD_CPLX_dummy,9.635837749791925e-06,5.488854762780716e-42
HMPK1_REV_759350.9.peg.1334-MONOMER,0.0,-1.0805297185340366e-08
HMPK1_FWD_759350.9.peg.1334-MONOMER,0.0,1.525875762058076e-41
HPPK2_REV_759350.9.peg.1611-MONOMER,0.0,-1.5372667435277752e-08
HPPK2_FWD_759350.9.peg.1611-MONOMER,0.0,-7.896591839557044e-42
HSDx_REV_759350.9.peg.1891-MONOMER,0.0,-1.8713030938796622e-08
HSDx_FWD_759350.9.peg.1891-MONOMER,-1.1439510653747246e-24,2.859735582164777e-30
HSDy_REV_759350.9.peg.1891-MONOMER,0.0,-1.323235484764033e-08
HSDy_FWD_759350.9.peg.1891-MONOMER,0.0,-5.480676091156293e-09
HSK_REV_759350.9.peg.2090-MONOMER,0.0,-1.4521599202091239e-08
HSK_FWD_759350.9.peg.2090-MONOMER,0.0,-2.298885337913145e-41
HSK_REV_759350.9.peg.1890-MONOMER,0.0,-1.4807083197446761e-08
HSK_FWD_759350.9.peg.1890-MONOMER,0.0,-2.8548399535552243e-10
HSST_REV_759350.9.peg.284-MONOMER,0.0,-1.7845040382279788e-08
HSST_FWD_759350.9.peg.284-MONOMER,2.1126938047483866e-24,-2.772438895209089e-37
HSTPTr_REV_759350.9.peg.1374-MONOMER_mod_pydx5p(1),0.0,-9.424649402065135e-41
HSTPTr_FWD_759350.9.peg.1374-MONOMER_mod_pydx5p(1),0.0,-1.823401944758996e-08
HXPRT_REV_759350.9.peg.1685-MONOMER,0.0,-1.813542344459204e-08
HXPRT_FWD_759350.9.peg.1685-MONOMER,0.00013086078526479598,8.372004628821014e-42
HYXNt_REV_759350.9.peg.1842-MONOMER,0.0,-1.59769651582852e-08
HYXNt_FWD_759350.9.peg.1842-MONOMER,0.00013086078526479598,1.2036901805283137e-42
ICDHy_REV_759350.9.peg.1138-MONOMER,0.0,8.986836657197505e-08
ICDHy_FWD_759350.9.peg.1138-MONOMER,0.0,-1.0543285790165347e-07
ICHORS_REV_CPLX_dummy,0.0,-1.3298496303093672e-08
ICHORS_FWD_CPLX_dummy,0.0,3.062072893163338e-42
IG3PS_REV_759350.9.peg.384-MONOMER,0.0,-1.3294898770357012e-08
IG3PS_FWD_759350.9.peg.384-MONOMER,0.0,-5.950914929679781e-11
IG3PS_REV_759350.9.peg.1371-MONOMER,0.0,-1.3235389621060214e-08
IG3PS_FWD_759350.9.peg.1371-MONOMER,1.5439057573108367e-23,-1.8522108032187756e-40
IG3PS_REV_759350.9.peg.788-MONOMER_mod_mg2(1),0.0,-1.6421712453634673e-08
IG3PS_FWD_759350.9.peg.788-MONOMER_mod_mg2(1),0.0,-3.1863228325744597e-09
IGPDH_REV_759350.9.peg.1373-MONOMER_mod_mg2(1),0.0,-1.545490230263619e-08
IGPDH_FWD_759350.9.peg.1373-MONOMER_mod_mg2(1),0.0,-1.3059928465309521e-12
IGPDH_REV_759350.9.peg.1373-MONOMER_mod_mn2(1),0.0,-1.545359630978966e-08
IGPDH_FWD_759350.9.peg.1373-MONOMER_mod_mn2(1),0.0,3.4242130418067713e-41
IGPS_REV_759350.9.peg.1048-MONOMER,0.0,-1.77173719835709e-08
IGPS_FWD_759350.9.peg.1048-MONOMER,0.0,-4.366280879137901e-42
IHPDCOATA_REV_CPLX_dummy,0.0,-1.3298496303093672e-08
IHPDCOATA_FWD_CPLX_dummy,0.0001325398357626797,-1.7720923345241242e-40
ILETA_REV_759350.9.peg.924-MONOMER_mod_pydx5p(6),0.0,-2.0649148605279433e-08
ILETA_FWD_759350.9.peg.924-MONOMER_mod_pydx5p(6),0.0,-3.167592075699019e-09
ILETA_REV_759350.9.peg.924-MONOMER_mod_pydx5p(1),0.0,-2.0663228893065473e-08
ILETA_FWD_759350.9.peg.924-MONOMER_mod_pydx5p(1),0.0,-3.1816723634850583e-09
ILEabc_REV_759350.9.peg.99-MONOMER,0.0,2.7322104278031522e-08
ILEabc_FWD_759350.9.peg.99-MONOMER,0.0,-4.201131032351142e-08
ILEabc_REV_759350.9.peg.98-MONOMER,0.0,2.6889332497445526e-08
ILEabc_FWD_759350.9.peg.98-MONOMER,0.0,-4.244408210409742e-08
ILEabc_REV_759350.9.peg.101-MONOMER,0.0,2.737715855064609e-08
ILEabc_FWD_759350.9.peg.101-MONOMER,0.0,-4.195625605089685e-08
ILEabc_REV_759350.9.peg.1436-MONOMER,0.0,2.615131714009861e-08
ILEabc_FWD_759350.9.peg.1436-MONOMER,0.0,-4.318209746144433e-08
ILEabc_REV_759350.9.peg.102-MONOMER,0.0,2.6849552857405142e-08
ILEabc_FWD_759350.9.peg.102-MONOMER,0.0,-4.24838617441378e-08
ILEabc_REV_759350.9.peg.1437-MONOMER,0.0,2.70106140909631e-08
ILEabc_FWD_759350.9.peg.1437-MONOMER,0.0,-4.2322800510579844e-08
ILEabc_REV_759350.9.peg.100-MONOMER,0.0,2.727425975335442e-08
ILEabc_FWD_759350.9.peg.100-MONOMER,0.0,-4.205915484818852e-08
ILEabc_REV_759350.9.peg.1435-MONOMER,0.0,2.6336915125851006e-08
ILEabc_FWD_759350.9.peg.1435-MONOMER,0.0,-4.2996499475691937e-08
ILEt2r_REV_759350.9.peg.1090-MONOMER,0.0,-1.5831603567368332e-08
ILEt2r_FWD_759350.9.peg.1090-MONOMER,0.0004672529334135332,1.4555970262063195e-42
IMACTD_REV_759350.9.peg.588-MONOMER_mod_mg2(1),0.0,-2.3571078485776844e-08
IMACTD_FWD_759350.9.peg.588-MONOMER_mod_mg2(1),0.0,6.177802448079155e-41
IMPC_REV_759350.9.peg.1071-MONOMER,0.0,-5.524435149269779e-41
IMPC_FWD_759350.9.peg.1071-MONOMER,0.0,-1.6438847858487016e-08
IMPD_REV_759350.9.peg.1137-MONOMER,0.0,1.0216932880039142e-08
IMPD_FWD_759350.9.peg.1137-MONOMER,0.0,-2.5366449592626732e-08
IMPD_REV_759350.9.peg.1631-MONOMER,0.0,6.171140905137867e-09
IMPD_FWD_759350.9.peg.1631-MONOMER,0.0,-2.941224156752801e-08
INSH_REV_759350.9.peg.1410-MONOMER,0.0,1.400601872804477e-07
INSH_FWD_759350.9.peg.1410-MONOMER,0.0,-1.554487611973747e-07
INSH_REV_759350.9.peg.368-MONOMER,0.0,1.4029575373734467e-07
INSH_FWD_759350.9.peg.368-MONOMER,0.0,-1.5521319474047773e-07
IPDPS_REV_759350.9.peg.1296-MONOMER_mod_nadph(1)_mod_nadh(1)_mod_fad(1)_mod_cobalt2(1),0.0,-1.190683474095591e-08
IPDPS_FWD_759350.9.peg.1296-MONOMER_mod_nadph(1)_mod_nadh(1)_mod_fad(1)_mod_cobalt2(1),0.0,-5.480676091156293e-09
IPDPS2_REV_759350.9.peg.1296-MONOMER_mod_nadph(1)_mod_nadh(1)_mod_fad(1)_mod_cobalt2(1),0.0,-1.7387510832112203e-08
IPDPS2_FWD_759350.9.peg.1296-MONOMER_mod_nadph(1)_mod_nadh(1)_mod_fad(1)_mod_cobalt2(1),0.000398788006262703,4.8054812175578985e-36
IPFPHS_REV_CPLX_dummy,0.0,-1.3298496303093672e-08
IPFPHS_FWD_CPLX_dummy,-7.654439871708335e-30,1.5974429821504503e-40
IPMDr_REV_759350.9.peg.460-MONOMER_mod_k(1)_mod_mg2(1),0.0,-1.4446767114762203e-08
IPMDr_FWD_759350.9.peg.460-MONOMER_mod_k(1)_mod_mg2(1),0.0,6.864224942310172e-42
IPPMIa_REV_CPLX_IPPMIa-0,0.0,1.1667544906300263e-42
IPPMIa_FWD_CPLX_IPPMIa-0,0.0,-1.7262912328464662e-08
IPPMIb_REV_CPLX_IPPMIa-0,0.0,-5.833772453150131e-42
IPPMIb_FWD_CPLX_IPPMIa-0,0.0,-1.7262912328464662e-08
ISOMALT_REV_759350.9.peg.2047-MONOMER,0.0,-1.673176788958095e-08
ISOMALT_FWD_759350.9.peg.2047-MONOMER,0.0,0.0
IVCOATA_REV_CPLX_dummy,0.0,-1.3298496303093672e-08
IVCOATA_FWD_CPLX_dummy,0.0001325398357626797,6.155689162031168e-41
KARA1_REV_759350.9.peg.107-MONOMER,0.0,-2.3540978707405736e-10
KARA1_FWD_759350.9.peg.107-MONOMER,0.0,-1.4740501438336183e-08
KARA1_REV_759350.9.peg.126-MONOMER,0.0007009590290733992,-1.0088308083860895e-35
KARA1_FWD_759350.9.peg.126-MONOMER,0.0,-1.4505091651262126e-08
KARA1_REV_759350.9.peg.109-MONOMER_mod_mg2(1),0.0,-3.3320861868697666e-09
KARA1_FWD_759350.9.peg.109-MONOMER_mod_mg2(1),0.0,-1.783717783813189e-08
KARA2_REV_759350.9.peg.107-MONOMER,0.0,-1.4740501438336183e-08
KARA2_FWD_759350.9.peg.107-MONOMER,0.0,-2.3540978707405736e-10
KARA2_REV_759350.9.peg.126-MONOMER,0.0,-1.4505091651262126e-08
KARA2_FWD_759350.9.peg.126-MONOMER,0.0001325398357626797,-3.4185923437533183e-29
KARA2_REV_759350.9.peg.109-MONOMER_mod_mg2(1),0.0,-1.783717783813189e-08
KARA2_FWD_759350.9.peg.109-MONOMER_mod_mg2(1),0.0,-3.3320861868697666e-09
KARA3_REV_759350.9.peg.107-MONOMER,0.0,-2.3540978707405736e-10
KARA3_FWD_759350.9.peg.107-MONOMER,0.0,-1.4740501438336183e-08
KARA3_REV_759350.9.peg.126-MONOMER,7.18029636568118e-22,-3.2671558763004106e-36
KARA3_FWD_759350.9.peg.126-MONOMER,0.0,-1.4505091651262126e-08
KARA3_REV_759350.9.peg.109-MONOMER_mod_mg2(1),0.0,-3.3320861868697666e-09
KARA3_FWD_759350.9.peg.109-MONOMER_mod_mg2(1),0.0,-1.783717783813189e-08
KAS14_REV_CPLX_dummy,0.0,-1.3298496303093672e-08
KAS14_FWD_CPLX_dummy,0.0,1.6161803747091361e-40
KDOCT2_REV_CPLX_dummy,0.0,-1.3298496303093672e-08
KDOCT2_FWD_CPLX_dummy,0.00011674565055387333,-1.17473138683257e-40
KDOS_REV_CPLX_dummy,0.0,-1.3298496303093672e-08
KDOS_FWD_CPLX_dummy,0.00011674565055387333,8.065558749900118e-42
Kt3r_REV_759350.9.peg.682-MONOMER,0.0,-1.454859953605142e-09
Kt3r_FWD_759350.9.peg.682-MONOMER,0.0,-1.4766876698847537e-08
Kt3r_REV_759350.9.peg.681-MONOMER,7.718355390483703e-08,-1.2672808103506347e-41
Kt3r_FWD_759350.9.peg.681-MONOMER,0.0,-1.3312016745242395e-08
L2A6ODs_REV_CPLX_dummy,0.0,-1.3298496303093672e-08
L2A6ODs_FWD_CPLX_dummy,0.0,2.5158434768711082e-42
LACZ_REV_759350.9.peg.774-MONOMER,0.0,-1.5848444680494818e-08
LACZ_FWD_759350.9.peg.774-MONOMER,0.0,-3.7489972674199325e-09
LACZ_REV_759350.9.peg.431-MONOMER,0.0,-1.4738575728346372e-08
LACZ_FWD_759350.9.peg.431-MONOMER,0.0,-2.6391283152714883e-09
LACZ_REV_759350.9.peg.542-MONOMER,0.0,-1.4936110752046376e-08
LACZ_FWD_759350.9.peg.542-MONOMER,0.0,-2.83666333897149e-09
LACZ_REV_759350.9.peg.1973-MONOMER,0.0,-1.554326126515945e-08
LACZ_FWD_759350.9.peg.1973-MONOMER,0.0,-3.443813852084568e-09
LACZ_REV_759350.9.peg.777-MONOMER,0.0,-1.2099447413074885e-08
LACZ_FWD_759350.9.peg.777-MONOMER,2.5277848546472743e-22,8.651382200622118e-43
LACZ_REV_759350.9.peg.1989-MONOMER,0.0,-1.4954555464218734e-08
LACZ_FWD_759350.9.peg.1989-MONOMER,0.0,-2.855108051143851e-09
LACZ_REV_759350.9.peg.1568-MONOMER,0.0,-1.2386874161349528e-08
LACZ_FWD_759350.9.peg.1568-MONOMER,0.0,-2.8742674827464373e-10
LARGNAT_REV_759350.9.peg.990-MONOMER,0.0,-1.541480605057865e-08
LARGNAT_FWD_759350.9.peg.990-MONOMER,1.2620870777465123e-23,4.613930130159773e-42
LCARS_REV_759350.9.peg.1694-MONOMER_mod_fe2(1),0.0,-1.7602443762260236e-08
LCARS_FWD_759350.9.peg.1694-MONOMER_mod_fe2(1),0.0,-7.825216434233596e-41
LCTSabc_REV_759350.9.peg.1326-MONOMER,0.0,3.596240327442005e-08
LCTSabc_FWD_759350.9.peg.1326-MONOMER,0.0,-5.064353375533664e-08
LDH_L_REV_759350.9.peg.1355-MONOMER,0.0,-1.4002690853403432e-09
LDH_L_FWD_759350.9.peg.1355-MONOMER,0.0,-1.5954361612425498e-08
LDH_L_REV_759350.9.peg.1094-MONOMER,0.514924917312605,-3.3141289606380624e-41
LDH_L_FWD_759350.9.peg.1094-MONOMER,0.0,-1.4554092527085155e-08
LEUTA_REV_CPLX_dummy,0.0,-1.3298496303093672e-08
LEUTA_FWD_CPLX_dummy,0.0001325398357626797,0.0
LEUabc_REV_759350.9.peg.99-MONOMER,0.0,2.7322104278031522e-08
LEUabc_FWD_759350.9.peg.99-MONOMER,0.0,-4.201131032351142e-08
LEUabc_REV_759350.9.peg.98-MONOMER,0.0,2.6889332497445526e-08
LEUabc_FWD_759350.9.peg.98-MONOMER,0.0,-4.244408210409742e-08
LEUabc_REV_759350.9.peg.101-MONOMER,0.0,2.737715855064609e-08
LEUabc_FWD_759350.9.peg.101-MONOMER,0.0,-4.195625605089685e-08
LEUabc_REV_759350.9.peg.1436-MONOMER,0.0,2.615131714009861e-08
LEUabc_FWD_759350.9.peg.1436-MONOMER,0.0,-4.318209746144433e-08
LEUabc_REV_759350.9.peg.102-MONOMER,0.0,2.6849552857405142e-08
LEUabc_FWD_759350.9.peg.102-MONOMER,0.0,-4.24838617441378e-08
LEUabc_REV_759350.9.peg.1437-MONOMER,0.0,2.70106140909631e-08
LEUabc_FWD_759350.9.peg.1437-MONOMER,0.0,-4.2322800510579844e-08
LEUabc_REV_759350.9.peg.100-MONOMER,0.0,2.727425975335442e-08
LEUabc_FWD_759350.9.peg.100-MONOMER,0.0,-4.205915484818852e-08
LEUabc_REV_759350.9.peg.1435-MONOMER,0.0,2.6336915125851006e-08
LEUabc_FWD_759350.9.peg.1435-MONOMER,0.0,-4.2996499475691937e-08
LEUt2r_REV_759350.9.peg.1090-MONOMER,0.0,-1.5831603567368332e-08
LEUt2r_FWD_759350.9.peg.1090-MONOMER,0.0009102274776432472,1.2436306042039515e-42
LPADSS_REV_CPLX_dummy,0.0,-1.3298496303093672e-08
LPADSS_FWD_CPLX_dummy,3.891521685129111e-05,-1.4946630533024341e-40
LPLIPAL1A120_REV_759350.9.peg.61-MONOMER,0.0,-1.5161111735049476e-08
LPLIPAL1A120_FWD_759350.9.peg.61-MONOMER,0.0,1.3745120500116527e-42
LPLIPAL1A140_REV_759350.9.peg.61-MONOMER,0.0,-1.5161111735049476e-08
LPLIPAL1A140_FWD_759350.9.peg.61-MONOMER,0.0,2.7490241000233053e-42
LPLIPAL1A141_REV_759350.9.peg.61-MONOMER,0.0,-1.5161111735049476e-08
LPLIPAL1A141_FWD_759350.9.peg.61-MONOMER,0.0,1.3745120500116527e-42
LPLIPAL1A160_REV_759350.9.peg.61-MONOMER,0.0,-1.5161111735049476e-08
LPLIPAL1A160_FWD_759350.9.peg.61-MONOMER,0.0,2.7490241000233053e-42
LPLIPAL1A161_REV_759350.9.peg.61-MONOMER,0.0,-1.5161111735049476e-08
LPLIPAL1A161_FWD_759350.9.peg.61-MONOMER,0.0,1.1270998810095551e-40
LPLIPAL1A180_REV_759350.9.peg.61-MONOMER,0.0,1.2913884044703628e-07
LPLIPAL1A180_FWD_759350.9.peg.61-MONOMER,0.0,-1.4429995218208577e-07
LPLIPAL1A181_REV_759350.9.peg.61-MONOMER,0.0,-1.5161111735049476e-08
LPLIPAL1A181_FWD_759350.9.peg.61-MONOMER,0.0,1.1270998810095551e-40
LPLIPAL1E120_REV_759350.9.peg.61-MONOMER,0.0,-1.5161111735049476e-08
LPLIPAL1E120_FWD_759350.9.peg.61-MONOMER,0.0,2.8864753050244707e-41
LPLIPAL1E140_REV_759350.9.peg.61-MONOMER,0.0,-1.5161111735049476e-08
LPLIPAL1E140_FWD_759350.9.peg.61-MONOMER,0.0,-6.322755430053602e-41
LPLIPAL1E141_REV_759350.9.peg.61-MONOMER,0.0,-1.5161111735049476e-08
LPLIPAL1E141_FWD_759350.9.peg.61-MONOMER,0.0,8.934328325075742e-41
LPLIPAL1E160_REV_759350.9.peg.61-MONOMER,0.0,-1.5161111735049476e-08
LPLIPAL1E160_FWD_759350.9.peg.61-MONOMER,0.0,1.1270998810095551e-40
LPLIPAL1E161_REV_759350.9.peg.61-MONOMER,0.0,-1.5161111735049476e-08
LPLIPAL1E161_FWD_759350.9.peg.61-MONOMER,0.0,-6.322755430053602e-41
LPLIPAL1E180_REV_759350.9.peg.61-MONOMER,0.0,-1.5161111735049476e-08
LPLIPAL1E180_FWD_759350.9.peg.61-MONOMER,0.0,1.1270998810095551e-40
LPLIPAL1E181_REV_759350.9.peg.61-MONOMER,0.0,-1.5161111735049476e-08
LPLIPAL1E181_FWD_759350.9.peg.61-MONOMER,0.0,2.4741216900209745e-41
LPLIPAL1G120_REV_759350.9.peg.61-MONOMER,0.0,-1.5161111735049476e-08
LPLIPAL1G120_FWD_759350.9.peg.61-MONOMER,0.0,1.3745120500116527e-42
LPLIPAL1G140_REV_759350.9.peg.61-MONOMER,0.0,-1.5161111735049476e-08
LPLIPAL1G140_FWD_759350.9.peg.61-MONOMER,0.0,2.7490241000233053e-42
LPLIPAL1G141_REV_759350.9.peg.61-MONOMER,0.0,-1.5161111735049476e-08
LPLIPAL1G141_FWD_759350.9.peg.61-MONOMER,0.0,-1.3745120500116527e-42
LPLIPAL1G160_REV_759350.9.peg.61-MONOMER,0.0,-1.5161111735049476e-08
LPLIPAL1G160_FWD_759350.9.peg.61-MONOMER,0.0,2.7490241000233053e-42
LPLIPAL1G161_REV_759350.9.peg.61-MONOMER,0.0,-1.5161111735049476e-08
LPLIPAL1G161_FWD_759350.9.peg.61-MONOMER,0.0,-6.322755430053602e-41
LPLIPAL1G180_REV_759350.9.peg.61-MONOMER,0.0,-1.5161111735049476e-08
LPLIPAL1G180_FWD_759350.9.peg.61-MONOMER,0.0,6.872560250058263e-41
LPLIPAL1G181_REV_759350.9.peg.61-MONOMER,0.0,-1.5161111735049476e-08
LPLIPAL1G181_FWD_759350.9.peg.61-MONOMER,0.0,-6.322755430053602e-41
LPLIPAL2A120_REV_759350.9.peg.61-MONOMER,0.0,-1.5161111735049476e-08
LPLIPAL2A120_FWD_759350.9.peg.61-MONOMER,0.0,1.0327870991676828e-41
LPLIPAL2A140_REV_759350.9.peg.61-MONOMER,0.0,-1.5161111735049476e-08
LPLIPAL2A140_FWD_759350.9.peg.61-MONOMER,0.0,1.7839049894714522e-41
LPLIPAL2A141_REV_759350.9.peg.61-MONOMER,0.0,-1.5161111735049476e-08
LPLIPAL2A141_FWD_759350.9.peg.61-MONOMER,0.0,1.2205665717436252e-41
LPLIPAL2A160_REV_759350.9.peg.61-MONOMER,0.0,-1.5161111735049476e-08
LPLIPAL2A160_FWD_759350.9.peg.61-MONOMER,0.0,1.7839049894714522e-41
LPLIPAL2A161_REV_759350.9.peg.61-MONOMER,0.0,-1.5161111735049476e-08
LPLIPAL2A161_FWD_759350.9.peg.61-MONOMER,0.0,-1.2205665717436252e-41
LPLIPAL2A180_REV_759350.9.peg.61-MONOMER,0.0,-1.5161111735049476e-08
LPLIPAL2A180_FWD_759350.9.peg.61-MONOMER,0.0,1.7839049894714522e-41
LPLIPAL2A181_REV_759350.9.peg.61-MONOMER,0.0,-1.5161111735049476e-08
LPLIPAL2A181_FWD_759350.9.peg.61-MONOMER,0.0,-1.2205665717436252e-41
LPLIPAL2E120_REV_759350.9.peg.61-MONOMER,0.0,-1.5161111735049476e-08
LPLIPAL2E120_FWD_759350.9.peg.61-MONOMER,0.0,2.8864753050244707e-41
LPLIPAL2E140_REV_759350.9.peg.61-MONOMER,0.0,-1.5161111735049476e-08
LPLIPAL2E140_FWD_759350.9.peg.61-MONOMER,0.0,-6.322755430053602e-41
LPLIPAL2E141_REV_759350.9.peg.61-MONOMER,0.0,-1.5161111735049476e-08
LPLIPAL2E141_FWD_759350.9.peg.61-MONOMER,0.0,8.934328325075742e-41
LPLIPAL2E160_REV_759350.9.peg.61-MONOMER,0.0,-1.5161111735049476e-08
LPLIPAL2E160_FWD_759350.9.peg.61-MONOMER,0.0,1.1270998810095551e-40
LPLIPAL2E161_REV_759350.9.peg.61-MONOMER,0.0,-1.5161111735049476e-08
LPLIPAL2E161_FWD_759350.9.peg.61-MONOMER,0.0,-6.322755430053602e-41
LPLIPAL2E180_REV_759350.9.peg.61-MONOMER,0.0,-1.5161111735049476e-08
LPLIPAL2E180_FWD_759350.9.peg.61-MONOMER,0.0,1.1270998810095551e-40
LPLIPAL2E181_REV_759350.9.peg.61-MONOMER,0.0,-1.5161111735049476e-08
LPLIPAL2E181_FWD_759350.9.peg.61-MONOMER,0.0,1.1270998810095551e-40
LPLIPAL2G120_REV_759350.9.peg.61-MONOMER,0.0,-1.5161111735049476e-08
LPLIPAL2G120_FWD_759350.9.peg.61-MONOMER,0.0,1.3745120500116527e-42
LPLIPAL2G140_REV_759350.9.peg.61-MONOMER,0.0,-1.5161111735049476e-08
LPLIPAL2G140_FWD_759350.9.peg.61-MONOMER,0.0,2.7490241000233053e-42
LPLIPAL2G141_REV_759350.9.peg.61-MONOMER,0.0,-1.5161111735049476e-08
LPLIPAL2G141_FWD_759350.9.peg.61-MONOMER,0.0,1.3745120500116527e-42
LPLIPAL2G160_REV_759350.9.peg.61-MONOMER,0.0,-1.5161111735049476e-08
LPLIPAL2G160_FWD_759350.9.peg.61-MONOMER,0.0,2.7490241000233053e-42
LPLIPAL2G161_REV_759350.9.peg.61-MONOMER,0.0,-1.5161111735049476e-08
LPLIPAL2G161_FWD_759350.9.peg.61-MONOMER,0.0,-6.322755430053602e-41
LPLIPAL2G180_REV_759350.9.peg.61-MONOMER,0.0,-1.5161111735049476e-08
LPLIPAL2G180_FWD_759350.9.peg.61-MONOMER,0.0,6.872560250058263e-41
LPLIPAL2G181_REV_759350.9.peg.61-MONOMER,0.0,-1.5161111735049476e-08
LPLIPAL2G181_FWD_759350.9.peg.61-MONOMER,0.0,-6.322755430053602e-41
LYSt2r_REV_CPLX_dummy,0.0,-1.3298496303093672e-08
LYSt2r_FWD_CPLX_dummy,0.00037303701424901744,0.0
L_AROND_REV_759350.9.peg.1253-MONOMER,0.0,-1.2900246170685098e-08
L_AROND_FWD_759350.9.peg.1253-MONOMER,0.0,-2.072372677452891e-09
L_ARONR_REV_759350.9.peg.1253-MONOMER,0.0,-7.419570079528805e-09
L_ARONR_FWD_759350.9.peg.1253-MONOMER,0.0,-7.553048768609185e-09
L_LACD2_REV_759350.9.peg.1355-MONOMER,0.0,1.0337556973143948e-08
L_LACD2_FWD_759350.9.peg.1355-MONOMER,0.0,-2.7692187670909788e-08
L_LACD2_REV_759350.9.peg.1094-MONOMER,0.0,1.1737826058484291e-08
L_LACD2_FWD_759350.9.peg.1094-MONOMER,0.0,-2.6291918585569446e-08
L_LACD3_REV_759350.9.peg.1355-MONOMER,0.0,1.895123344700557e-08
L_LACD3_FWD_759350.9.peg.1355-MONOMER,0.0,-3.630586414477141e-08
L_LACD3_REV_759350.9.peg.1094-MONOMER,0.0,2.0351502532345913e-08
L_LACD3_FWD_759350.9.peg.1094-MONOMER,0.0,-3.490559505943107e-08
L_LACDr_REV_759350.9.peg.1355-MONOMER,0.0,-1.5954361612425498e-08
L_LACDr_FWD_759350.9.peg.1355-MONOMER,0.0,-1.4002690853403432e-09
L_LACDr_REV_759350.9.peg.1094-MONOMER,0.0,-1.4554092527085155e-08
L_LACDr_FWD_759350.9.peg.1094-MONOMER,1.2411446978570905e-22,0.0
L_LACt2r_REV_CPLX_dummy,0.514924917312605,-7.436437340694677e-43
L_LACt2r_FWD_CPLX_dummy,0.0,-1.3298496303093672e-08
MADGBG_REV_759350.9.peg.1588-MONOMER,2.2578552986360993e-22,7.833633272260622e-43
MADGBG_FWD_759350.9.peg.1588-MONOMER,0.0,-1.3583355852200598e-08
MADGBG_REV_759350.9.peg.1323-MONOMER,0.0,-1.9732155764781235e-09
MADGBG_FWD_759350.9.peg.1323-MONOMER,0.0,-1.5556571428678723e-08
MALT_REV_759350.9.peg.2047-MONOMER,0.0,5.481681912665034e-08
MALT_FWD_759350.9.peg.2047-MONOMER,0.0,-7.154858701623128e-08
MALT_REV_759350.9.peg.112-MONOMER,0.0,5.459997688791923e-08
MALT_FWD_759350.9.peg.112-MONOMER,0.0,-7.176542925496239e-08
MALT_REV_759350.9.peg.2049-MONOMER,0.0,5.4764600203226914e-08
MALT_FWD_759350.9.peg.2049-MONOMER,0.0,-7.16008059396547e-08
MALT6PH_REV_CPLX_dummy,0.0,-1.3298496303093672e-08
MALT6PH_FWD_CPLX_dummy,0.07449289,-2.515843476871108e-41
MALTHXabc_REV_759350.9.peg.1657-MONOMER,0.0,-1.5017821882104927e-08
MALTHXabc_FWD_759350.9.peg.1657-MONOMER,0.0,-7.196643010238588e-10
MALTHXabc_REV_759350.9.peg.116-MONOMER,0.0,-1.4709773409268479e-08
MALTHXabc_FWD_759350.9.peg.116-MONOMER,0.0,-4.116158281874094e-10
MALTHXabc_REV_759350.9.peg.1655-MONOMER,0.0,-1.429815758108107e-08
MALTHXabc_FWD_759350.9.peg.1655-MONOMER,1.292387487004478e-22,-7.799230646560316e-42
MALTHXabc_REV_759350.9.peg.2075-MONOMER,0.0,-1.4753466476236007e-08
MALTHXabc_FWD_759350.9.peg.2075-MONOMER,0.0,-4.553088951549385e-10
MALTHXabc_REV_759350.9.peg.117-MONOMER,0.0,-1.5177793898527573e-08
MALTHXabc_FWD_759350.9.peg.117-MONOMER,0.0,-8.796363174465024e-10
MALTHXabc_REV_759350.9.peg.118-MONOMER,0.0,-1.442523845515381e-08
MALTHXabc_FWD_759350.9.peg.118-MONOMER,0.0,-1.270808740727402e-10
MALTTRabc_REV_CPLX_MALTTRabc-1,0.0,-2.1543748665993254e-08
MALTTRabc_FWD_CPLX_MALTTRabc-1,0.0,-3.8346713871339195e-11
MALTTRabc_REV_CPLX_MALTTRabc-0,0.0,-2.1505401952121915e-08
MALTTRabc_FWD_CPLX_MALTTRabc-0,1.981865576053765e-22,-4.970259754647855e-41
MALTTRabc_REV_CPLX_MALTTRabc-2,0.0,-2.161949586074692e-08
MALTTRabc_FWD_CPLX_MALTTRabc-2,0.0,-1.1409390862500596e-10
MALTTRabc_REV_CPLX_MALTTRabc-3,0.0,-2.1656402536720254e-08
MALTTRabc_FWD_CPLX_MALTTRabc-3,0.0,-1.5100058459834133e-10
MALTabc_REV_CPLX_ARBabc-15,0.0,-1.703905976395172e-08
MALTabc_FWD_CPLX_ARBabc-15,0.0,-2.357929283035131e-09
MALTabc_REV_CPLX_ARBabc-13,0.0,-1.7011718791091576e-08
MALTabc_FWD_CPLX_ARBabc-13,0.0,-2.3305883101749864e-09
MALTabc_REV_CPLX_ARBabc-23,0.0,-1.7141270622279158e-08
MALTabc_FWD_CPLX_ARBabc-23,0.0,-2.460140141362567e-09
MALTabc_REV_CPLX_ARBabc-4,0.0,-1.709506213516206e-08
MALTabc_FWD_CPLX_ARBabc-4,0.0,-2.413931654245472e-09
MALTabc_REV_CPLX_ARBabc-6,0.0,-1.7252551815379778e-08
MALTabc_FWD_CPLX_ARBabc-6,0.0,-2.5714213344631855e-09
MALTabc_REV_CPLX_MALTabc-3,0.0,-1.753273180043628e-08
MALTabc_FWD_CPLX_MALTabc-3,0.0,-2.85160131951969e-09
MALTabc_REV_CPLX_MALTabc-2,0.0,-1.7487463040447913e-08
MALTabc_FWD_CPLX_MALTabc-2,0.0,-2.8063325595313224e-09
MALTabc_REV_CPLX_MALTabc-1,0.0,-1.7394623605503087e-08
MALTabc_FWD_CPLX_MALTabc-1,0.0,-2.7134931245864966e-09
MALTabc_REV_759350.9.peg.2075-MONOMER,0.0,-1.494495292615377e-08
MALTabc_FWD_759350.9.peg.2075-MONOMER,0.0,-2.638224452371779e-10
MALTabc_REV_CPLX_ARBabc-21,0.0,-1.711520402805386e-08
MALTabc_FWD_CPLX_ARBabc-21,0.0,-2.4340735471372693e-09
MALTabc_REV_CPLX_ARBabc-0,0.0,-1.6962653766020307e-08
MALTabc_FWD_CPLX_ARBabc-0,0.0,-2.2815232851037167e-09
MALTabc_REV_CPLX_ARBabc-3,0.0,-1.7031301692753683e-08
MALTabc_FWD_CPLX_ARBabc-3,0.0,-2.350171211837094e-09
MALTabc_REV_CPLX_ARBabc-19,0.0,-1.7010963639409986e-08
MALTabc_FWD_CPLX_ARBabc-19,0.0,-2.3298331584933935e-09
MALTabc_REV_CPLX_ARBabc-29,0.0,-1.6991254065852005e-08
MALTabc_FWD_CPLX_ARBabc-29,0.0,-2.3101235849354162e-09
MALTabc_REV_CPLX_ARBabc-9,0.0,-1.7166236251186316e-08
MALTabc_FWD_CPLX_ARBabc-9,0.0,-2.4851057702697257e-09
MALTabc_REV_CPLX_ARBabc-2,0.0,-1.712645848798836e-08
MALTabc_FWD_CPLX_ARBabc-2,0.0,-2.4453280070717714e-09
MALTabc_REV_CPLX_ARBabc-24,0.0,-1.7107081748540295e-08
MALTabc_FWD_CPLX_ARBabc-24,0.0,-2.425951267623706e-09
MALTabc_REV_CPLX_ARBabc-30,0.0,-1.711432503805878e-08
MALTabc_FWD_CPLX_ARBabc-30,0.0,-2.43319455714219e-09
MALTabc_REV_CPLX_ARBabc-5,0.0,-1.7134892102453217e-08
MALTabc_FWD_CPLX_ARBabc-5,0.0,-2.4537616215366267e-09
MALTabc_REV_CPLX_ARBabc-10,0.0,-1.7282844333024996e-08
MALTabc_FWD_CPLX_ARBabc-10,0.0,-2.601713852108406e-09
MALTabc_REV_CPLX_ARBabc-31,0.0,-1.701876913200186e-08
MALTabc_FWD_CPLX_ARBabc-31,0.0,-2.3376386510852694e-09
MALTabc_REV_CPLX_ARBabc-12,0.0,-1.6970592367984523e-08
MALTabc_FWD_CPLX_ARBabc-12,0.0,-2.289461887067934e-09
MALTabc_REV_CPLX_ARBabc-18,0.0,-1.710670944371249e-08
MALTabc_FWD_CPLX_ARBabc-18,0.0,-2.4255789627958987e-09
MALTabc_REV_CPLX_ARBabc-8,0.0,-1.712682405527067e-08
MALTabc_FWD_CPLX_ARBabc-8,0.0,-2.4456935743540774e-09
MALTabc_REV_CPLX_ARBabc-14,0.0,-1.713402929577594e-08
MALTabc_FWD_CPLX_ARBabc-14,0.0,-2.4528988148593486e-09
MALTabc_REV_CPLX_MALTabc-0,0.0,-1.734702722769544e-08
MALTabc_FWD_CPLX_MALTabc-0,0.0,-2.6658967467788494e-09
MALTabc_REV_CPLX_ARBabc-28,0.0,-1.694986372945767e-08
MALTabc_FWD_CPLX_ARBabc-28,0.0,-2.268733248541079e-09
MALTabc_REV_759350.9.peg.1326-MONOMER,0.0,-1.468113048091659e-08
MALTabc_FWD_759350.9.peg.1326-MONOMER,1.7277846343004403e-22,3.655945842109076e-41
MALTabc_REV_CPLX_ARBabc-27,0.0,-1.717261950395147e-08
MALTabc_FWD_CPLX_ARBabc-27,0.0,-2.491489023034879e-09
MALTabc_REV_CPLX_ARBabc-20,0.0,-1.7075129438063904e-08
MALTabc_FWD_CPLX_ARBabc-20,0.0,-2.393998957147315e-09
MALTabc_REV_CPLX_ARBabc-1,0.0,-1.7003844701906648e-08
MALTabc_FWD_CPLX_ARBabc-1,0.0,-2.3227142209900586e-09
MALTabc_REV_CPLX_ARBabc-17,0.0,-1.6983330872298686e-08
MALTabc_FWD_CPLX_ARBabc-17,0.0,-2.302200391382094e-09
MALTabc_REV_CPLX_ARBabc-22,0.0,-1.723355723759797e-08
MALTabc_FWD_CPLX_ARBabc-22,0.0,-2.552426756681382e-09
MALTabc_REV_CPLX_ARBabc-26,0.0,-1.726402017417738e-08
MALTabc_FWD_CPLX_ARBabc-26,0.0,-2.582889693260792e-09
MALTabc_REV_CPLX_ARBabc-7,0.0,-1.716080552972567e-08
MALTabc_FWD_CPLX_ARBabc-7,0.0,-2.47967504880908e-09
MALTabc_REV_CPLX_ARBabc-25,0.0,-1.7146732678114535e-08
MALTabc_FWD_CPLX_ARBabc-25,0.0,-2.465602197197945e-09
MALTabc_REV_CPLX_ARBabc-11,0.0,-1.719197220573397e-08
MALTabc_FWD_CPLX_ARBabc-11,0.0,-2.5108417248173793e-09
MALTabc_REV_CPLX_ARBabc-16,0.0,-1.6941875078642665e-08
MALTabc_FWD_CPLX_ARBabc-16,0.0,-2.2607445977260755e-09
MALTpts_REV_759350.9.peg.254-MONOMER,0.0,-1.6808353634410208e-08
MALTpts_FWD_759350.9.peg.254-MONOMER,0.07449289,1.343117377941377e-41
MANA4_REV_759350.9.peg.2062-MONOMER,8.036028274380253e-23,-3.671857689323811e-42
MANA4_FWD_759350.9.peg.2062-MONOMER,0.0,-1.81778868959697e-08
MANTRabc_REV_CPLX_dummy,0.0,2.2138813367288816e-08
MANTRabc_FWD_CPLX_dummy,0.0,-3.543730967038249e-08
MANpts_REV_759350.9.peg.254-MONOMER,0.0,-1.6808353634410208e-08
MANpts_FWD_759350.9.peg.254-MONOMER,0.0,-4.477057926471257e-42
MBDGBG_REV_759350.9.peg.1588-MONOMER,2.2578552986360993e-22,7.833633272260622e-43
MBDGBG_FWD_759350.9.peg.1588-MONOMER,0.0,-1.3583355852200598e-08
MBDGBG_REV_759350.9.peg.1323-MONOMER,0.0,-1.9732155764781235e-09
MBDGBG_FWD_759350.9.peg.1323-MONOMER,0.0,-1.5556571428678723e-08
MCOATA_REV_CPLX_dummy,0.0,-1.3298496303093672e-08
MCOATA_FWD_CPLX_dummy,0.0021826736206966508,1.8093995415667373e-40
MCSNAH1r_REV_759350.9.peg.1510-MONOMER_mod_fe2(1)_mod_zn2(1),0.0,-1.5824858168533072e-08
MCSNAH1r_FWD_759350.9.peg.1510-MONOMER_mod_fe2(1)_mod_zn2(1),0.0,-1.2302812690636625e-13
MCSNAH1r_REV_759350.9.peg.1510-MONOMER_mod_mn2(1)_mod_zn2(1),0.0,-1.582489399221558e-08
MCSNAH1r_FWD_759350.9.peg.1510-MONOMER_mod_mn2(1)_mod_zn2(1),0.0,-1.5885180941284885e-13
MCSNAH1r_REV_759350.9.peg.1510-MONOMER_mod_cobalt2(1)_mod_zn2(1),0.0,-1.5824735140406166e-08
MCSNAH1r_FWD_759350.9.peg.1510-MONOMER_mod_cobalt2(1)_mod_zn2(1),0.0,9.602030837969954e-43
MDH_REV_CPLX_dummy,0.0,-8.794108004341144e-09
MDH_FWD_CPLX_dummy,0.0,-4.504388298752529e-09
MECDPDH2_REV_759350.9.peg.1414-MONOMER_mod_mn2(1),0.0,-1.546864217483585e-08
MECDPDH2_FWD_759350.9.peg.1414-MONOMER_mod_mn2(1),0.0004377032231139941,6.452371445771561e-41
MECDPS_REV_759350.9.peg.736-MONOMER_mod_mn2(1),0.0,-1.6395990199035266e-08
MECDPS_FWD_759350.9.peg.736-MONOMER_mod_mn2(1),0.0004377032231139941,-1.6571598571208026e-42
MELIBabc_REV_CPLX_dummy,0.0,3.969294010477892e-08
MELIBabc_FWD_CPLX_dummy,0.0,-5.299143640787259e-08
MEPCT_REV_759350.9.peg.344-MONOMER_mod_cobalt2(1),0.0,-1.695622460543e-08
MEPCT_FWD_759350.9.peg.344-MONOMER_mod_cobalt2(1),0.0004377032231139941,3.427859844306284e-41
MEPCT_REV_759350.9.peg.344-MONOMER_mod_mn2(1),0.0,-1.695635546583933e-08
MEPCT_FWD_759350.9.peg.344-MONOMER_mod_mn2(1),0.0,-1.308604093319809e-13
MEPCT_REV_759350.9.peg.344-MONOMER_mod_mg2(1),0.0,-1.6957359040422655e-08
MEPCT_FWD_759350.9.peg.344-MONOMER_mod_mg2(1),0.0,-1.134434992658569e-12
METALA1c_REV_759350.9.peg.568-MONOMER,0.0,-2.6642508881076406e-10
METALA1c_FWD_759350.9.peg.568-MONOMER,0.0,-1.4144171103870083e-08
METALA1c_REV_759350.9.peg.1620-MONOMER_mod_fe2(2),1.154655576426676e-22,-6.85061350260374e-38
METALA1c_FWD_759350.9.peg.1620-MONOMER_mod_fe2(2),0.0,-1.387774601505932e-08
METALA1c_REV_759350.9.peg.511-MONOMER,0.0,-2.467223705249397e-09
METALA1c_FWD_759350.9.peg.511-MONOMER,0.0,-1.6344969720308717e-08
METALAabc_REV_759350.9.peg.945-MONOMER,0.0,-5.238516387561919e-09
METALAabc_FWD_759350.9.peg.945-MONOMER,0.0,-1.143922386201385e-08
METALAabc_REV_759350.9.peg.1250-MONOMER,0.0,-5.246525141297919e-09
METALAabc_FWD_759350.9.peg.1250-MONOMER,0.0,-1.1447232615749851e-08
METALAabc_REV_759350.9.peg.554-MONOMER,0.0,-3.6383139811841756e-09
METALAabc_FWD_759350.9.peg.554-MONOMER,0.0,-9.839021455636107e-09
METALAabc_REV_759350.9.peg.274-MONOMER,0.0,-4.8585222624567145e-09
METALAabc_FWD_759350.9.peg.274-MONOMER,0.0,-1.1059229736908645e-08
METALAabc_REV_759350.9.peg.1992-MONOMER,0.0,-5.372095347894454e-09
METALAabc_FWD_759350.9.peg.1992-MONOMER,0.0,-1.1572802822346386e-08
METALAabc_REV_759350.9.peg.1309-MONOMER,0.0,-4.558043992735831e-09
METALAabc_FWD_759350.9.peg.1309-MONOMER,0.0,-1.0758751467187763e-08
METALAabc_REV_759350.9.peg.1994-MONOMER,0.0,-4.269423538009561e-09
METALAabc_FWD_759350.9.peg.1994-MONOMER,0.0,-1.0470131012461492e-08
METALAabc_REV_759350.9.peg.1993-MONOMER,0.0,-5.833511401072975e-09
METALAabc_FWD_759350.9.peg.1993-MONOMER,0.0,-1.2034218875524906e-08
METAT_REV_759350.9.peg.1553-MONOMER_mod_cs(4)_mod_ni2(1),0.0,-2.1906424441370102e-08
METAT_FWD_759350.9.peg.1553-MONOMER_mod_cs(4)_mod_ni2(1),0.0,-2.4785848114612636e-12
METAT_REV_759350.9.peg.1553-MONOMER_mod_k(4)_mod_ni2(1),0.0,-2.19040410404727e-08
METAT_FWD_759350.9.peg.1553-MONOMER_mod_k(4)_mod_ni2(1),0.0,-9.518391405849153e-14
METAT_REV_759350.9.peg.1553-MONOMER_mod_nh4(4)_mod_mn2(1),0.0,-2.1905387792700708e-08
METAT_FWD_759350.9.peg.1553-MONOMER_mod_nh4(4)_mod_mn2(1),0.0,-1.4419361420672353e-12
METAT_REV_759350.9.peg.1553-MONOMER_mod_k(4)_mod_zn2(1),0.0,-2.1903945856558638e-08
METAT_FWD_759350.9.peg.1553-MONOMER_mod_k(4)_mod_zn2(1),2.464199155857122e-05,-1.3042374700520952e-36
METAT_REV_759350.9.peg.1553-MONOMER_mod_na1(4)_mod_cobalt2(1),0.0,-2.190502517032006e-08
METAT_FWD_759350.9.peg.1553-MONOMER_mod_na1(4)_mod_cobalt2(1),0.0,-1.0793137614199664e-12
METAT_REV_759350.9.peg.1553-MONOMER_mod_na1(4)_mod_mg2(1),0.0,-2.1905552648554348e-08
METAT_FWD_759350.9.peg.1553-MONOMER_mod_na1(4)_mod_mg2(1),0.0,-1.6067919957100784e-12
METAT_REV_759350.9.peg.1553-MONOMER_mod_k(4)_mod_cd2(1),0.0,-2.1903945856558638e-08
METAT_FWD_759350.9.peg.1553-MONOMER_mod_k(4)_mod_cd2(1),0.0,-7.702013896412557e-37
METAT_REV_759350.9.peg.1553-MONOMER_mod_cs(4)_mod_cd2(1),0.0,-2.1906326900913586e-08
METAT_FWD_759350.9.peg.1553-MONOMER_mod_cs(4)_mod_cd2(1),0.0,-2.381044354946386e-12
METAT_REV_759350.9.peg.1553-MONOMER_mod_cs(4)_mod_cobalt2(1),0.0,-2.1906426622101073e-08
METAT_FWD_759350.9.peg.1553-MONOMER_mod_cs(4)_mod_cobalt2(1),0.0,-2.4807655424346356e-12
METAT_REV_759350.9.peg.1553-MONOMER_mod_tl(4)_mod_zn2(1),0.0,-2.1906327859413064e-08
METAT_FWD_759350.9.peg.1553-MONOMER_mod_tl(4)_mod_zn2(1),0.0,-2.382002854423898e-12
METAT_REV_759350.9.peg.1553-MONOMER_mod_na1(4)_mod_zn2(1),0.0,-2.190492652385444e-08
METAT_FWD_759350.9.peg.1553-MONOMER_mod_na1(4)_mod_zn2(1),0.0,-9.8066729580223e-13
METAT_REV_759350.9.peg.1553-MONOMER_mod_cs(4)_mod_mn2(1),0.0,-2.1906487561206822e-08
METAT_FWD_759350.9.peg.1553-MONOMER_mod_cs(4)_mod_mn2(1),0.0,-2.5417046481816246e-12
METAT_REV_759350.9.peg.1553-MONOMER_mod_k(4)_mod_mn2(1),0.0,-2.1904105238920058e-08
METAT_FWD_759350.9.peg.1553-MONOMER_mod_k(4)_mod_mn2(1),0.0,-1.593823614172784e-13
METAT_REV_759350.9.peg.1553-MONOMER_mod_cs(4)_mod_zn2(1),0.0,-2.1906327859413064e-08
METAT_FWD_759350.9.peg.1553-MONOMER_mod_cs(4)_mod_zn2(1),0.0,-2.382002854423898e-12
METAT_REV_759350.9.peg.1553-MONOMER_mod_k(4)_mod_cobalt2(1),0.0,-2.190404442170097e-08
METAT_FWD_759350.9.peg.1553-MONOMER_mod_k(4)_mod_cobalt2(1),0.0,-9.856514232959796e-14
METAT_REV_759350.9.peg.1553-MONOMER_mod_nh4(4)_mod_zn2(1),0.0,-2.190522823838617e-08
METAT_FWD_759350.9.peg.1553-MONOMER_mod_nh4(4)_mod_zn2(1),0.0,-1.2823818275305558e-12
METAT_REV_759350.9.peg.1553-MONOMER_mod_nh4(4)_mod_cobalt2(1),0.0,-2.190532690986903e-08
METAT_FWD_759350.9.peg.1553-MONOMER_mod_nh4(4)_mod_cobalt2(1),0.0,-1.3810533103901363e-12
METAT_REV_759350.9.peg.1553-MONOMER_mod_tl(4)_mod_ni2(1),0.0,-2.1906424441370102e-08
METAT_FWD_759350.9.peg.1553-MONOMER_mod_tl(4)_mod_ni2(1),0.0,-2.4785848114612636e-12
METAT_REV_759350.9.peg.1553-MONOMER_mod_nh4(4)_mod_mg2(1),0.0,-2.1905854521910978e-08
METAT_FWD_759350.9.peg.1553-MONOMER_mod_nh4(4)_mod_mg2(1),0.0,-1.908665352340281e-12
METAT_REV_759350.9.peg.1553-MONOMER_mod_na1(4)_mod_ni2(1),0.0,-2.1905022283211273e-08
METAT_FWD_759350.9.peg.1553-MONOMER_mod_na1(4)_mod_ni2(1),0.0,-1.076426652632484e-12
METAT_REV_759350.9.peg.1553-MONOMER_mod_nh4(4)_mod_ca2(1),0.0,-2.19056141450046e-08
METAT_FWD_759350.9.peg.1553-MONOMER_mod_nh4(4)_mod_ca2(1),0.0,-1.668288445960999e-12
METAT_REV_759350.9.peg.1553-MONOMER_mod_nh4(4)_mod_ni2(1),0.0,-2.1905324174796155e-08
METAT_FWD_759350.9.peg.1553-MONOMER_mod_nh4(4)_mod_ni2(1),0.0,-1.3783182375155215e-12
METAT_REV_759350.9.peg.1553-MONOMER_mod_tl(4)_mod_cd2(1),0.0,-2.1906326900913586e-08
METAT_FWD_759350.9.peg.1553-MONOMER_mod_tl(4)_mod_cd2(1),0.0,-2.381044354946386e-12
METAT_REV_759350.9.peg.1553-MONOMER_mod_cs(4)_mod_ca2(1),0.0,-2.19067141228161e-08
METAT_FWD_759350.9.peg.1553-MONOMER_mod_cs(4)_mod_ca2(1),0.0,-2.768266257458603e-12
METAT_REV_759350.9.peg.1553-MONOMER_mod_tl(4)_mod_cobalt2(1),0.0,-2.1906426622101073e-08
METAT_FWD_759350.9.peg.1553-MONOMER_mod_tl(4)_mod_cobalt2(1),0.0,-2.4807655424346356e-12
METAT_REV_759350.9.peg.1553-MONOMER_mod_na1(4)_mod_ca2(1),0.0,-2.1905312332608196e-08
METAT_FWD_759350.9.peg.1553-MONOMER_mod_na1(4)_mod_ca2(1),0.0,-1.3664760495578364e-12
METAT_REV_759350.9.peg.1553-MONOMER_mod_cs(4)_mod_mg2(1),0.0,-2.190695472196494e-08
METAT_FWD_759350.9.peg.1553-MONOMER_mod_cs(4)_mod_mg2(1),0.0,-3.0088654063019418e-12
METAT_REV_759350.9.peg.1553-MONOMER_mod_tl(4)_mod_mn2(1),0.0,-2.1906487561206822e-08
METAT_FWD_759350.9.peg.1553-MONOMER_mod_tl(4)_mod_mn2(1),0.0,-2.5417046481816246e-12
METAT_REV_759350.9.peg.1553-MONOMER_mod_nh4(4)_mod_cd2(1),0.0,-2.1905227722483068e-08
METAT_FWD_759350.9.peg.1553-MONOMER_mod_nh4(4)_mod_cd2(1),0.0,-1.2818659244293265e-12
METAT_REV_759350.9.peg.1553-MONOMER_mod_na1(4)_mod_mn2(1),0.0,-2.1905086037715953e-08
METAT_FWD_759350.9.peg.1553-MONOMER_mod_na1(4)_mod_mn2(1),0.0,-1.1401811573145772e-12
METAT_REV_759350.9.peg.1553-MONOMER_mod_na1(4)_mod_cd2(1),0.0,-2.190492612933963e-08
METAT_FWD_759350.9.peg.1553-MONOMER_mod_na1(4)_mod_cd2(1),0.0,-9.80272780990973e-13
METAT_REV_759350.9.peg.1553-MONOMER_mod_k(4)_mod_mg2(1),0.0,-2.1904571464968273e-08
METAT_FWD_759350.9.peg.1553-MONOMER_mod_k(4)_mod_mg2(1),0.0,-6.256084096333656e-13
METAT_REV_759350.9.peg.1553-MONOMER_mod_tl(4)_mod_ca2(1),0.0,-2.19067141228161e-08
METAT_FWD_759350.9.peg.1553-MONOMER_mod_tl(4)_mod_ca2(1),0.0,-2.768266257458603e-12
METAT_REV_759350.9.peg.1553-MONOMER_mod_k(4)_mod_ca2(1),0.0,-2.1904331347184844e-08
METAT_FWD_759350.9.peg.1553-MONOMER_mod_k(4)_mod_ca2(1),0.0,-3.8549062620365267e-13
METAT_REV_759350.9.peg.1553-MONOMER_mod_tl(4)_mod_mg2(1),0.0,-2.190695472196494e-08
METAT_FWD_759350.9.peg.1553-MONOMER_mod_tl(4)_mod_mg2(1),0.0,-3.0088654063019418e-12
METB1_REV_759350.9.peg.556-MONOMER_mod_pydx5p(1),0.0,5.753620040885227e-09
METB1_FWD_759350.9.peg.556-MONOMER_mod_pydx5p(1),0.0,-2.7469865466231475e-08
METDabc_REV_CPLX_METDabc-0,0.0,-1.6759186292062897e-08
METDabc_FWD_CPLX_METDabc-0,0.0,-3.714948304533375e-41
METFR_REV_759350.9.peg.975-MONOMER_mod_fad(1),4.817918874895962e-06,2.8597521594814015e-30
METFR_FWD_759350.9.peg.975-MONOMER_mod_fad(1),0.0,-2.0086719831804118e-08
METSOX1abc_REV_CPLX_METDabc-0,0.0,-1.6759186292062897e-08
METSOX1abc_FWD_CPLX_METDabc-0,0.00027001571953558007,-2.0166862224609751e-41
METSOX2abc_REV_CPLX_METDabc-0,0.0,4.4433211419804354e-08
METSOX2abc_FWD_CPLX_METDabc-0,0.0,-6.119239771186725e-08
METSOXR1r_REV_759350.9.peg.73-MONOMER,0.0,-1.4722094149444484e-08
METSOXR1r_FWD_759350.9.peg.73-MONOMER,0.00027001571953558007,3.248552483389738e-36
METabc_REV_CPLX_METDabc-0,0.0,-6.787669217333345e-10
METabc_FWD_CPLX_METDabc-0,0.0,-1.608041937032956e-08
MG2abc_REV_CPLX_dummy,0.0,3.882411115266768e-08
MG2abc_FWD_CPLX_dummy,0.0,-5.212260745576135e-08
MGt5_REV_759350.9.peg.1167-MONOMER,8.752458767853701e-06,-1.1895701428491111e-42
MGt5_FWD_759350.9.peg.1167-MONOMER,0.0,-1.4678890523242584e-08
MI1PP_REV_759350.9.peg.1543-MONOMER_mod_mg2(1),0.0,-1.4013875182003184e-08
MI1PP_FWD_759350.9.peg.1543-MONOMER_mod_mg2(1),0.0,2.1552600533296152e-42
MI3PP_REV_759350.9.peg.1543-MONOMER_mod_mg2(1),0.0,-1.4013875182003184e-08
MI3PP_FWD_759350.9.peg.1543-MONOMER_mod_mg2(1),0.0,2.1552600533296152e-42
MI4PP_REV_759350.9.peg.1543-MONOMER_mod_mg2(1),0.0,-1.4013875182003184e-08
MI4PP_FWD_759350.9.peg.1543-MONOMER_mod_mg2(1),0.0,2.1552600533296152e-42
MK7te_REV_CPLX_dummy,0.0,-1.3298496303093672e-08
MK7te_FWD_CPLX_dummy,9.635837749791925e-06,0.0
MLTG1_REV_759350.9.peg.2047-MONOMER,0.0,-1.5967714575209797e-08
MLTG1_FWD_759350.9.peg.2047-MONOMER,0.0,-7.640533143711523e-10
MLTG2_REV_759350.9.peg.2047-MONOMER,0.0,6.352553709330904e-08
MLTG2_FWD_759350.9.peg.2047-MONOMER,0.0,-8.025730498288998e-08
MLTG3_REV_759350.9.peg.2047-MONOMER,0.0,6.352553709330904e-08
MLTG3_FWD_759350.9.peg.2047-MONOMER,0.0,-8.025730498288998e-08
MLTG4_REV_759350.9.peg.2047-MONOMER,0.0,6.352553709330904e-08
MLTG4_FWD_759350.9.peg.2047-MONOMER,0.0,-8.025730498288998e-08
MLTG5_REV_759350.9.peg.2047-MONOMER,0.0,6.352553709330904e-08
MLTG5_FWD_759350.9.peg.2047-MONOMER,0.0,-8.025730498288998e-08
MNLpts_REV_759350.9.peg.254-MONOMER,0.0,-1.6808353634410208e-08
MNLpts_FWD_759350.9.peg.254-MONOMER,0.0,-4.477057926471257e-42
MNt2_REV_759350.9.peg.437-MONOMER,0.0,-1.5961151894195197e-08
MNt2_FWD_759350.9.peg.437-MONOMER,6.416694564396692e-10,1.5242926170661855e-42
MOAT_REV_CPLX_dummy,0.0,-1.3298496303093672e-08
MOAT_FWD_CPLX_dummy,3.891521685129111e-05,-2.2723739103053266e-40
MOAT3C_REV_CPLX_dummy,0.0,-1.3298496303093672e-08
MOAT3C_FWD_CPLX_dummy,3.891521685129111e-05,5.504734659723599e-40
MTAN_REV_759350.9.peg.353-MONOMER,0.0,-1.6085952638548073e-08
MTAN_FWD_759350.9.peg.353-MONOMER,4.817918874895962e-06,1.0891767671626599e-41
MTHFC_REV_759350.9.peg.740-MONOMER,0.0,-1.6638278174749295e-08
MTHFC_FWD_759350.9.peg.740-MONOMER,0.0,-2.8962354783632757e-10
MTHFC_REV_759350.9.peg.170-MONOMER,0.0,-1.6348654626912965e-08
MTHFC_FWD_759350.9.peg.170-MONOMER,-4.3569536347029964e-38,-2.2357343493303034e-40
MTHFD_REV_759350.9.peg.740-MONOMER,0.0,-1.4435145540455655e-08
MTHFD_FWD_759350.9.peg.740-MONOMER,0.0,-2.492756182129966e-09
MTHFTe_REV_CPLX_dummy,0.0,-1.3298496303093672e-08
MTHFTe_FWD_CPLX_dummy,0.0,-1.8591093351736695e-41
MTHPTGHM_REV_759350.9.peg.974-MONOMER_mod_zn2(1),0.0,3.3999426919250215e-07
MTHPTGHM_FWD_759350.9.peg.974-MONOMER_mod_zn2(1),0.0,-3.582144598517638e-07
MTI_REV_759350.9.peg.115-MONOMER,0.0,-1.701760877196679e-08
MTI_FWD_759350.9.peg.115-MONOMER,0.0,6.386999230003052e-42
NACt2r_REV_CPLX_dummy,4.8179223776026904e-06,-7.436437340694677e-43
NACt2r_FWD_CPLX_dummy,0.0,-1.3298496303093672e-08
NADK_REV_759350.9.peg.683-MONOMER_mod_mg2(1),0.0,-2.3229846013290973e-08
NADK_FWD_759350.9.peg.683-MONOMER_mod_mg2(1),1.7513533638380593e-12,3.569396970001289e-41
NADK2_REV_759350.9.peg.683-MONOMER_mod_mg2(1),0.0,-1.6580597861744138e-08
NADK2_FWD_759350.9.peg.683-MONOMER_mod_mg2(1),0.0,-6.649248151546836e-09
NADS1_REV_759350.9.peg.799-MONOMER,0.0,-1.6825403599024433e-08
NADS1_FWD_759350.9.peg.799-MONOMER,4.8179223776026904e-06,-7.434762346189495e-40
NADS2_REV_759350.9.peg.799-MONOMER,0.0,9.3532410710464e-09
NADS2_FWD_759350.9.peg.799-MONOMER,0.0,-2.6178644670070832e-08
NAPRT_REV_759350.9.peg.398-MONOMER,0.0,-1.5819763700338483e-08
NAPRT_FWD_759350.9.peg.398-MONOMER,4.8179223776026904e-06,1.3184676866797772e-40
NAt3_1_REV_759350.9.peg.811-MONOMER,0.0,-1.83977455310228e-08
NAt3_1_FWD_759350.9.peg.811-MONOMER,0.0,-6.714816678633862e-10
NAt3_1_REV_759350.9.peg.2064-MONOMER,0.0,-1.7726263863159416e-08
NAt3_1_FWD_759350.9.peg.2064-MONOMER,4.101414760328466e-37,7.045312565381464e-35
NAt3_1_REV_CPLX_NAt3_1-0,0.0,-1.890773324284228e-08
NAt3_1_FWD_CPLX_NAt3_1-0,0.0,-1.1814693796828622e-09
NDPK1_REV_CPLX_dummy,0.0,-1.3298496303093672e-08
NDPK1_FWD_CPLX_dummy,0.030876738321712397,1.3034892873394608e-40
NDPK2_REV_CPLX_dummy,0.0,-1.3298496303093672e-08
NDPK2_FWD_CPLX_dummy,0.021403181549469744,1.0237365418178422e-40
NDPK3_REV_CPLX_dummy,0.0,-6.649248151546836e-09
NDPK3_FWD_CPLX_dummy,0.0,-6.649248151546836e-09
NDPK4_REV_CPLX_dummy,0.0,-1.3298496303093672e-08
NDPK4_FWD_CPLX_dummy,9.842900029337671e-05,-4.653347917353828e-41
NDPK5_REV_CPLX_dummy,0.0,-1.3298496303093672e-08
NDPK5_FWD_CPLX_dummy,9.030981389926753e-05,1.7682722085944547e-40
NDPK6_REV_CPLX_dummy,0.0,-6.649248151546836e-09
NDPK6_FWD_CPLX_dummy,0.0,-6.649248151546836e-09
NDPK7_REV_CPLX_dummy,0.0,-1.3298496303093672e-08
NDPK7_FWD_CPLX_dummy,0.0,-4.653347917353828e-41
NDPK8_REV_CPLX_dummy,0.0,-1.3298496303093672e-08
NDPK8_FWD_CPLX_dummy,-1.0786998630748379e-30,-9.306695834707656e-42
NDPK9_REV_CPLX_dummy,0.0,0.0
NDPK9_FWD_CPLX_dummy,0.0,-1.3298496303093672e-08
NH4tb_REV_759350.9.peg.235-MONOMER,-6.8359133957632175e-34,1.1243837610344545e-42
NH4tb_FWD_759350.9.peg.235-MONOMER,0.0,-2.0613975506468293e-08
NNAM_REV_759350.9.peg.873-MONOMER,0.0,-1.3101487905063628e-08
NNAM_FWD_759350.9.peg.873-MONOMER,0.0,-1.0920743890215616e-41
NNATr_REV_759350.9.peg.699-MONOMER_mod_mg2(1),0.0,-1.3913592900060471e-08
NNATr_FWD_759350.9.peg.699-MONOMER_mod_mg2(1),4.8179223776026904e-06,3.4103667614300636e-40
NNDMBRT_REV_CPLX_dummy,0.0,-1.3298496303093672e-08
NNDMBRT_FWD_CPLX_dummy,0.0,6.075866070335098e-42
NNDPR_REV_759350.9.peg.1262-MONOMER_mod_mg2(1),0.0,-1.702498240654237e-08
NNDPR_FWD_759350.9.peg.1262-MONOMER_mod_mg2(1),-1.2843725286829982e-30,-5.183008580432028e-41
NOPHMO_REV_759350.9.peg.243-MONOMER,0.0,-1.716256956008644e-08
NOPHMO_FWD_759350.9.peg.243-MONOMER,-4.886199122886236e-57,-8.653226877364478e-40
NPHS_REV_CPLX_dummy,0.0,-1.3298496303093672e-08
NPHS_FWD_CPLX_dummy,0.0,7.77855266838484e-40
NT5C_REV_759350.9.peg.1494-MONOMER_mod_cobalt2(1),0.0,-1.887130592862191e-08
NT5C_FWD_759350.9.peg.1494-MONOMER_mod_cobalt2(1),0.0,-1.8332394673108243e-09
NT5C_REV_759350.9.peg.1494-MONOMER_mod_zn2(1),0.0,-1.8871186461749318e-08
NT5C_FWD_759350.9.peg.1494-MONOMER_mod_zn2(1),0.0,-1.8331200004382322e-09
NT5C_REV_759350.9.peg.1505-MONOMER,0.0,-1.7038066461311085e-08
NT5C_FWD_759350.9.peg.1505-MONOMER,3.1307727399988145e-22,-1.1665968154851313e-41
NTD1_REV_759350.9.peg.1494-MONOMER_mod_cobalt2(1),0.0,-1.887130592862191e-08
NTD1_FWD_759350.9.peg.1494-MONOMER_mod_cobalt2(1),0.0,-1.8332394673108243e-09
NTD1_REV_759350.9.peg.1494-MONOMER_mod_zn2(1),0.0,-1.8871186461749318e-08
NTD1_FWD_759350.9.peg.1494-MONOMER_mod_zn2(1),0.0,-1.8331200004382322e-09
NTD1_REV_759350.9.peg.1505-MONOMER,0.0,-1.7038066461311085e-08
NTD1_FWD_759350.9.peg.1505-MONOMER,3.1307727399988145e-22,4.3074343956374076e-41
NTD10_REV_759350.9.peg.1494-MONOMER_mod_cobalt2(1),0.0,-1.887130592862191e-08
NTD10_FWD_759350.9.peg.1494-MONOMER_mod_cobalt2(1),0.0,-1.8332394673108243e-09
NTD10_REV_759350.9.peg.1494-MONOMER_mod_zn2(1),0.0,-1.8871186461749318e-08
NTD10_FWD_759350.9.peg.1494-MONOMER_mod_zn2(1),0.0,-1.8331200004382322e-09
NTD10_REV_759350.9.peg.1505-MONOMER,0.0,-1.7038066461311085e-08
NTD10_FWD_759350.9.peg.1505-MONOMER,3.1307727399988145e-22,2.6921464972733797e-42
NTD11_REV_759350.9.peg.1494-MONOMER_mod_cobalt2(1),0.0,-1.887130592862191e-08
NTD11_FWD_759350.9.peg.1494-MONOMER_mod_cobalt2(1),0.0,-1.8332394673108243e-09
NTD11_REV_759350.9.peg.1494-MONOMER_mod_zn2(1),0.0,-1.8871186461749318e-08
NTD11_FWD_759350.9.peg.1494-MONOMER_mod_zn2(1),0.0,-1.8331200004382322e-09
NTD11_REV_759350.9.peg.1505-MONOMER,0.0,-1.7038066461311085e-08
NTD11_FWD_759350.9.peg.1505-MONOMER,3.1307727399988145e-22,1.7050261149398071e-41
NTD2_REV_759350.9.peg.1494-MONOMER_mod_cobalt2(1),0.0,-1.887130592862191e-08
NTD2_FWD_759350.9.peg.1494-MONOMER_mod_cobalt2(1),0.0,-1.8332394673108243e-09
NTD2_REV_759350.9.peg.1494-MONOMER_mod_zn2(1),0.0,-1.8871186461749318e-08
NTD2_FWD_759350.9.peg.1494-MONOMER_mod_zn2(1),0.0,-1.8331200004382322e-09
NTD2_REV_759350.9.peg.1505-MONOMER,0.0,-1.7038066461311085e-08
NTD2_FWD_759350.9.peg.1505-MONOMER,3.1307727399988145e-22,6.012460510577214e-41
NTD3_REV_759350.9.peg.1494-MONOMER_mod_cobalt2(1),0.0,-1.887130592862191e-08
NTD3_FWD_759350.9.peg.1494-MONOMER_mod_cobalt2(1),0.0,-1.8332394673108243e-09
NTD3_REV_759350.9.peg.1494-MONOMER_mod_zn2(1),0.0,-1.8871186461749318e-08
NTD3_FWD_759350.9.peg.1494-MONOMER_mod_zn2(1),0.0,-1.8331200004382322e-09
NTD3_REV_759350.9.peg.1505-MONOMER,0.0,-1.7038066461311085e-08
NTD3_FWD_759350.9.peg.1505-MONOMER,3.1307727399988145e-22,1.7947643315155865e-42
NTD4_REV_759350.9.peg.1494-MONOMER_mod_cobalt2(1),0.0,-1.887130592862191e-08
NTD4_FWD_759350.9.peg.1494-MONOMER_mod_cobalt2(1),0.0,-1.8332394673108243e-09
NTD4_REV_759350.9.peg.1494-MONOMER_mod_zn2(1),0.0,-1.8871186461749318e-08
NTD4_FWD_759350.9.peg.1494-MONOMER_mod_zn2(1),0.0,-1.8331200004382322e-09
NTD4_REV_759350.9.peg.1505-MONOMER,0.0,-1.7038066461311085e-08
NTD4_FWD_759350.9.peg.1505-MONOMER,0.012929577089785666,-2.4765575212691793e-35
NTD5_REV_759350.9.peg.1494-MONOMER_mod_cobalt2(1),0.0,-1.887130592862191e-08
NTD5_FWD_759350.9.peg.1494-MONOMER_mod_cobalt2(1),0.0,-1.8332394673108243e-09
NTD5_REV_759350.9.peg.1494-MONOMER_mod_zn2(1),0.0,-1.8871186461749318e-08
NTD5_FWD_759350.9.peg.1494-MONOMER_mod_zn2(1),0.0,-1.8331200004382322e-09
NTD5_REV_759350.9.peg.1505-MONOMER,0.0,-1.7038066461311085e-08
NTD5_FWD_759350.9.peg.1505-MONOMER,3.1307727399988145e-22,6.012460510577214e-41
NTD5_a_REV_759350.9.peg.1494-MONOMER_mod_cobalt2(1),0.0,-1.887130592862191e-08
NTD5_a_FWD_759350.9.peg.1494-MONOMER_mod_cobalt2(1),0.0,-1.8332394673108243e-09
NTD5_a_REV_759350.9.peg.1494-MONOMER_mod_zn2(1),0.0,-1.8871186461749318e-08
NTD5_a_FWD_759350.9.peg.1494-MONOMER_mod_zn2(1),0.0,-1.8331200004382322e-09
NTD5_a_REV_759350.9.peg.1505-MONOMER,0.0,-1.7038066461311085e-08
NTD5_a_FWD_759350.9.peg.1505-MONOMER,3.1307727399988145e-22,1.7947643315155865e-42
NTD6_REV_759350.9.peg.1494-MONOMER_mod_cobalt2(1),0.0,-1.887130592862191e-08
NTD6_FWD_759350.9.peg.1494-MONOMER_mod_cobalt2(1),0.0,-1.8332394673108243e-09
NTD6_REV_759350.9.peg.1494-MONOMER_mod_zn2(1),0.0,-1.8871186461749318e-08
NTD6_FWD_759350.9.peg.1494-MONOMER_mod_zn2(1),0.0,-1.8331200004382322e-09
NTD6_REV_759350.9.peg.1505-MONOMER,0.0,-1.7038066461311085e-08
NTD6_FWD_759350.9.peg.1505-MONOMER,3.1307727399988145e-22,7.179057326062345e-41
NTD7_REV_759350.9.peg.1494-MONOMER_mod_cobalt2(1),0.0,-1.887130592862191e-08
NTD7_FWD_759350.9.peg.1494-MONOMER_mod_cobalt2(1),0.0,-1.8332394673108243e-09
NTD7_REV_759350.9.peg.1494-MONOMER_mod_zn2(1),0.0,-1.8871186461749318e-08
NTD7_FWD_759350.9.peg.1494-MONOMER_mod_zn2(1),0.0,-1.8331200004382322e-09
NTD7_REV_759350.9.peg.1505-MONOMER,0.0,-1.7038066461311085e-08
NTD7_FWD_759350.9.peg.1505-MONOMER,3.1307727399988145e-22,1.4358114652124692e-41
NTD8_REV_759350.9.peg.1494-MONOMER_mod_cobalt2(1),0.0,-1.887130592862191e-08
NTD8_FWD_759350.9.peg.1494-MONOMER_mod_cobalt2(1),0.0,-1.8332394673108243e-09
NTD8_REV_759350.9.peg.1494-MONOMER_mod_zn2(1),0.0,-1.8871186461749318e-08
NTD8_FWD_759350.9.peg.1494-MONOMER_mod_zn2(1),0.0,-1.8331200004382322e-09
NTD8_REV_759350.9.peg.1505-MONOMER,0.0,-1.7038066461311085e-08
NTD8_FWD_759350.9.peg.1505-MONOMER,3.1307727399988145e-22,4.3074343956374076e-41
NTD9_REV_759350.9.peg.1494-MONOMER_mod_cobalt2(1),0.0,-1.887130592862191e-08
NTD9_FWD_759350.9.peg.1494-MONOMER_mod_cobalt2(1),0.0,-1.8332394673108243e-09
NTD9_REV_759350.9.peg.1494-MONOMER_mod_zn2(1),0.0,-1.8871186461749318e-08
NTD9_FWD_759350.9.peg.1494-MONOMER_mod_zn2(1),0.0,-1.8331200004382322e-09
NTD9_REV_759350.9.peg.1505-MONOMER,0.0,-1.7038066461311085e-08
NTD9_FWD_759350.9.peg.1505-MONOMER,3.1307727399988145e-22,1.0050680256487284e-40
NTPTP1_REV_759350.9.peg.563-MONOMER_mod_mg2(1),0.0,2.888422747378534e-08
NTPTP1_FWD_759350.9.peg.563-MONOMER_mod_mg2(1),0.0,-5.142036303673888e-08
O2t_REV_CPLX_dummy,0.0,-8.109492423508211e-43
O2t_FWD_CPLX_dummy,0.0,-1.3298496303093672e-08
OAASr_REV_759350.9.peg.1619-MONOMER,0.0,2.972783355539612e-36
OAASr_FWD_759350.9.peg.1619-MONOMER,0.0,-2.472558941715733e-08
OBTFL_REV_759350.9.peg.801-MONOMER_mod_glycyl(1),0.0,-1.4349565104733385e-08
OBTFL_FWD_759350.9.peg.801-MONOMER_mod_glycyl(1),0.0,1.5496097783122155e-40
OCBT_REV_759350.9.peg.665-MONOMER,0.0,-1.9286713430549293e-08
OCBT_FWD_759350.9.peg.665-MONOMER,0.0004813226290324916,2.5944810742268986e-41
OCDCAtr_REV_CPLX_dummy,0.0,-2.388295464566549e-41
OCDCAtr_FWD_CPLX_dummy,0.0,-1.3298496303093672e-08
OHPBAT_REV_759350.9.peg.1718-MONOMER,0.0,-1.5233000501789714e-08
OHPBAT_FWD_759350.9.peg.1718-MONOMER,0.0,1.765012848974622e-42
OHPHM_REV_CPLX_dummy,0.0,-1.3298496303093672e-08
OHPHM_FWD_CPLX_dummy,0.0,-1.1459083408651995e-39
OIVD1r_REV_CPLX_dummy,0.0,-1.3298496303093672e-08
OIVD1r_FWD_CPLX_dummy,0.0001325398357626797,6.831000652421067e-41
OIVD2_REV_CPLX_dummy,0.0,-1.3298496303093672e-08
OIVD2_FWD_CPLX_dummy,0.0,6.831000652421067e-41
OIVD3_REV_CPLX_dummy,0.0,-1.3298496303093672e-08
OIVD3_FWD_CPLX_dummy,0.0001325398357626797,6.831000652421067e-41
OMBZLM_REV_CPLX_dummy,0.0,-1.3298496303093672e-08
OMBZLM_FWD_CPLX_dummy,0.0,-5.237396552628854e-40
OMMBLHX3_REV_CPLX_dummy,0.0,-1.3298496303093672e-08
OMMBLHX3_FWD_CPLX_dummy,0.0,1.939200538152004e-39
OMPDC_REV_759350.9.peg.981-MONOMER,0.0,-1.4552492308048477e-08
OMPDC_FWD_759350.9.peg.981-MONOMER,0.01322922499000218,3.678577497926938e-41
OMPHHX3_REV_CPLX_dummy,0.0,-1.3298496303093672e-08
OMPHHX3_FWD_CPLX_dummy,0.0,1.1162658713191601e-39
OPHBDC_REV_CPLX_dummy,0.0,-1.3298496303093672e-08
OPHBDC_FWD_CPLX_dummy,0.0,3.0743882315895595e-40
OPHHX3_REV_CPLX_dummy,0.0,5.7751048884851646e-08
OPHHX3_FWD_CPLX_dummy,0.0,-7.104954518794532e-08
ORNDC_REV_CPLX_dummy,0.0,-1.3298496303093672e-08
ORNDC_FWD_CPLX_dummy,9.635837749791925e-06,3.6455196422010585e-42
ORNTAC_REV_759350.9.peg.662-MONOMER,0.0,-1.5252753472339593e-08
ORNTAC_FWD_759350.9.peg.662-MONOMER,0.0004909584667822835,9.059145115661093e-36
ORNTAC_REV_759350.9.peg.653-MONOMER,0.0,-1.558301440498377e-08
ORNTAC_FWD_759350.9.peg.653-MONOMER,0.0,-3.3026093264417466e-10
OROTPT_REV_759350.9.peg.984-MONOMER_mod_mg2(1),0.0,-1.601358942397486e-08
OROTPT_FWD_759350.9.peg.984-MONOMER_mod_mg2(1),0.01322922499000218,-2.7438262408626523e-41
P5CRyr_REV_759350.9.peg.1440-MONOMER,0.00040721797124772415,3.1884926987501264e-35
P5CRyr_FWD_759350.9.peg.1440-MONOMER,0.0,-1.3941182654987353e-08
P5CRyr_REV_759350.9.peg.827-MONOMER,0.0,-5.47147872782536e-09
P5CRyr_FWD_759350.9.peg.827-MONOMER,0.0,-1.9412661382812713e-08
PAPPT2_REV_759350.9.peg.1342-MONOMER,0.0,-1.5149841632589095e-08
PAPPT2_FWD_759350.9.peg.1342-MONOMER,0.0,6.175593147734264e-40
PAPPT3_REV_759350.9.peg.1342-MONOMER,0.0,-1.5149841632589095e-08
PAPPT3_FWD_759350.9.peg.1342-MONOMER,0.0,9.989710990484496e-40
PBt_REV_759350.9.peg.85-MONOMER,0.0,-1.3156587606304045e-08
PBt_FWD_759350.9.peg.85-MONOMER,0.0,-4.1301772234914974e-09
PBt_REV_759350.9.peg.256-MONOMER,0.0,-1.3899080946707787e-08
PBt_FWD_759350.9.peg.256-MONOMER,0.0,-4.872670563895241e-09
PBt_REV_759350.9.peg.690-MONOMER,0.0,-9.026410382812546e-09
PBt_FWD_759350.9.peg.690-MONOMER,9.405468377738937e-23,2.253388269277086e-41
PBt_REV_759350.9.peg.691-MONOMER,0.0,-1.0455563655755027e-08
PBt_FWD_759350.9.peg.691-MONOMER,0.0,-1.4291532729424794e-09
PDHc_REV_759350.9.peg.1761-MONOMER,0.0,-1.6099080845019176e-08
PDHc_FWD_759350.9.peg.1761-MONOMER,0.0,5.345197257328897e-41
PDHc_REV_759350.9.peg.651-MONOMER,0.0,-1.6166768903714308e-08
PDHc_FWD_759350.9.peg.651-MONOMER,0.0,-6.768805869513432e-11
PEPGLY_REV_759350.9.peg.161-MONOMER,0.0,-2.1330412768143487e-08
PEPGLY_FWD_759350.9.peg.161-MONOMER,0.0,-2.6430191168311527e-40
PFK_REV_CPLX_dummy,0.0,3.1685100616919177e-08
PFK_FWD_CPLX_dummy,0.0,-4.4983596920012854e-08
PFL_REV_759350.9.peg.801-MONOMER_mod_glycyl(1),0.0,-1.4349565104733385e-08
PFL_FWD_759350.9.peg.801-MONOMER_mod_glycyl(1),1.3079638428009862e-29,-2.7671603184146705e-42
PFL_REV_759350.9.peg.802-MONOMER,0.0,-1.4349565104733385e-08
PFL_FWD_759350.9.peg.802-MONOMER,0.0074842658216984475,1.6246003381876834e-41
PGAMT_REV_759350.9.peg.520-MONOMER,7.783043370258222e-05,-8.725677463327995e-42
PGAMT_FWD_759350.9.peg.520-MONOMER,0.0,-1.5948350596744125e-08
PGCDr_REV_759350.9.peg.1350-MONOMER,0.0,-2.182525038532523e-08
PGCDr_FWD_759350.9.peg.1350-MONOMER,0.0,1.359116538577414e-40
PGI_REV_759350.9.peg.407-MONOMER,0.0,-2.0085092121227025e-08
PGI_FWD_759350.9.peg.407-MONOMER,0.3769718239157436,-9.196305781373876e-42
PGK_REV_759350.9.peg.1097-MONOMER,0.5112009581557311,-3.9505223289852435e-42
PGK_FWD_759350.9.peg.1097-MONOMER,0.0,-1.538820418293138e-08
PGL_REV_759350.9.peg.227-MONOMER,0.0,-1.4158022951077884e-08
PGL_FWD_759350.9.peg.227-MONOMER,-1.0596077168975135e-24,-3.0143982293937146e-41
PGLYCP_REV_759350.9.peg.1062-MONOMER,0.0,-1.3271107955319978e-08
PGLYCP_FWD_759350.9.peg.1062-MONOMER,0.0,1.1163676457397965e-42
PGM_REV_759350.9.peg.1722-MONOMER_mod_23bpg(1),0.0,1.523542592263904e-41
PGM_FWD_759350.9.peg.1722-MONOMER_mod_23bpg(1),0.0,-1.3564999233037872e-08
PGM_REV_759350.9.peg.782-MONOMER,0.5112009581557311,4.094607194531312e-42
PGM_FWD_759350.9.peg.782-MONOMER,0.0,-1.3564999233037872e-08
PGMT_REV_759350.9.peg.729-MONOMER,0.0,-1.3993468140946048e-08
PGMT_FWD_759350.9.peg.729-MONOMER,0.004507363915743545,8.654010114880011e-42
PGMT_REV_759350.9.peg.1758-MONOMER_mod_mg2(1),0.0,-1.5384492651640626e-08
PGMT_FWD_759350.9.peg.1758-MONOMER_mod_mg2(1),0.0,-1.3910245106945789e-09
PGPP180_REV_CPLX_dummy,0.0,-1.3298496303093672e-08
PGPP180_FWD_CPLX_dummy,4.9702438411004887e-05,-7.937938401161673e-41
PGPPAI17_REV_CPLX_dummy,0.0,-1.3298496303093672e-08
PGPPAI17_FWD_CPLX_dummy,4.9702438411004887e-05,1.3680276819023308e-40
PGPPI17_REV_CPLX_dummy,0.0,-1.3298496303093672e-08
PGPPI17_FWD_CPLX_dummy,4.9702438411004887e-05,1.3680276819023308e-40
PGSA120_REV_759350.9.peg.1054-MONOMER,0.0,-1.3107469200986023e-08
PGSA120_FWD_759350.9.peg.1054-MONOMER,0.0,-1.0662192429562123e-40
PGSA120_REV_759350.9.peg.1225-MONOMER_mod_mg2(1),0.0,-1.3205611581214582e-08
PGSA120_FWD_759350.9.peg.1225-MONOMER_mod_mg2(1),0.0,-9.814238022855844e-11
PGSA140_REV_759350.9.peg.1054-MONOMER,0.0,-1.3107469200986023e-08
PGSA140_FWD_759350.9.peg.1054-MONOMER,0.0,1.0173847738131797e-40
PGSA140_REV_759350.9.peg.1225-MONOMER_mod_mg2(1),0.0,-1.3205611581214582e-08
PGSA140_FWD_759350.9.peg.1225-MONOMER_mod_mg2(1),0.0,-9.814238022855844e-11
PGSA141_REV_759350.9.peg.1054-MONOMER,0.0,-1.3107469200986023e-08
PGSA141_FWD_759350.9.peg.1054-MONOMER,0.0,-2.4417234571516312e-42
PGSA141_REV_759350.9.peg.1225-MONOMER_mod_mg2(1),0.0,-1.3205611581214582e-08
PGSA141_FWD_759350.9.peg.1225-MONOMER_mod_mg2(1),0.0,-9.814238022855844e-11
PGSA160_REV_759350.9.peg.1054-MONOMER,0.0,-1.3107469200986023e-08
PGSA160_FWD_759350.9.peg.1054-MONOMER,0.0,-1.0662192429562123e-40
PGSA160_REV_759350.9.peg.1225-MONOMER_mod_mg2(1),0.0,-1.3205611581214582e-08
PGSA160_FWD_759350.9.peg.1225-MONOMER_mod_mg2(1),0.0,-9.814238022855844e-11
PGSA161_REV_759350.9.peg.1054-MONOMER,0.0,-1.3107469200986023e-08
PGSA161_FWD_759350.9.peg.1054-MONOMER,0.0,-2.4417234571516312e-42
PGSA161_REV_759350.9.peg.1225-MONOMER_mod_mg2(1),0.0,-1.3205611581214582e-08
PGSA161_FWD_759350.9.peg.1225-MONOMER_mod_mg2(1),0.0,-9.814238022855844e-11
PGSA180_REV_759350.9.peg.1054-MONOMER,0.0,-1.3107469200986023e-08
PGSA180_FWD_759350.9.peg.1054-MONOMER,4.9702438411004887e-05,-1.0662192429562123e-40
PGSA180_REV_759350.9.peg.1225-MONOMER_mod_mg2(1),0.0,-1.3205611581214582e-08
PGSA180_FWD_759350.9.peg.1225-MONOMER_mod_mg2(1),0.0,-9.814238022855844e-11
PGSA181_REV_759350.9.peg.1054-MONOMER,0.0,-1.3107469200986023e-08
PGSA181_FWD_759350.9.peg.1054-MONOMER,0.0,-2.4417234571516312e-42
PGSA181_REV_759350.9.peg.1225-MONOMER_mod_mg2(1),0.0,-1.3205611581214582e-08
PGSA181_FWD_759350.9.peg.1225-MONOMER_mod_mg2(1),0.0,-9.814238022855844e-11
PGSAAI15_REV_759350.9.peg.1054-MONOMER,0.0,-1.3107469200986023e-08
PGSAAI15_FWD_759350.9.peg.1054-MONOMER,0.0,-2.4417234571516312e-42
PGSAAI15_REV_759350.9.peg.1225-MONOMER_mod_mg2(1),0.0,-1.3205611581214582e-08
PGSAAI15_FWD_759350.9.peg.1225-MONOMER_mod_mg2(1),0.0,-9.814238022855844e-11
PGSAAI17_REV_759350.9.peg.1054-MONOMER,0.0,-1.3107469200986023e-08
PGSAAI17_FWD_759350.9.peg.1054-MONOMER,4.9702438411004887e-05,-3.149823259725604e-40
PGSAAI17_REV_759350.9.peg.1225-MONOMER_mod_mg2(1),0.0,-1.3205611581214582e-08
PGSAAI17_FWD_759350.9.peg.1225-MONOMER_mod_mg2(1),0.0,-9.814238022855844e-11
PGSAI14_REV_759350.9.peg.1054-MONOMER,0.0,-1.3107469200986023e-08
PGSAI14_FWD_759350.9.peg.1054-MONOMER,0.0,-2.4417234571516312e-42
PGSAI14_REV_759350.9.peg.1225-MONOMER_mod_mg2(1),0.0,-1.3205611581214582e-08
PGSAI14_FWD_759350.9.peg.1225-MONOMER_mod_mg2(1),0.0,-9.814238022855844e-11
PGSAI15_REV_759350.9.peg.1054-MONOMER,0.0,-1.3107469200986023e-08
PGSAI15_FWD_759350.9.peg.1054-MONOMER,0.0,-2.4417234571516312e-42
PGSAI15_REV_759350.9.peg.1225-MONOMER_mod_mg2(1),0.0,-1.3205611581214582e-08
PGSAI15_FWD_759350.9.peg.1225-MONOMER_mod_mg2(1),0.0,-9.814238022855844e-11
PGSAI16_REV_759350.9.peg.1054-MONOMER,0.0,-1.3107469200986023e-08
PGSAI16_FWD_759350.9.peg.1054-MONOMER,0.0,-2.4417234571516312e-42
PGSAI16_REV_759350.9.peg.1225-MONOMER_mod_mg2(1),0.0,-1.3205611581214582e-08
PGSAI16_FWD_759350.9.peg.1225-MONOMER_mod_mg2(1),0.0,-9.814238022855844e-11
PGSAI17_REV_759350.9.peg.1054-MONOMER,0.0,-1.3107469200986023e-08
PGSAI17_FWD_759350.9.peg.1054-MONOMER,4.9702438411004887e-05,-1.0662192429562123e-40
PGSAI17_REV_759350.9.peg.1225-MONOMER_mod_mg2(1),0.0,-1.3205611581214582e-08
PGSAI17_FWD_759350.9.peg.1225-MONOMER_mod_mg2(1),0.0,-9.814238022855844e-11
PHETA1_REV_CPLX_dummy,-1.6565454647402283e-22,-5.7644720520955645e-36
PHETA1_FWD_CPLX_dummy,0.0,-1.3298496303093672e-08
PHEt2r_REV_759350.9.peg.2031-MONOMER,0.0,-1.6242957475208454e-08
PHEt2r_FWD_759350.9.peg.2031-MONOMER,0.0003154875077042087,2.689993614866161e-42
PIabc_REV_CPLX_PIabc-0,0.0,2.4537566520589555e-08
PIabc_FWD_CPLX_PIabc-0,0.0,-4.6188859693019e-08
PIt6b_REV_759350.9.peg.857-MONOMER,0.0,-1.466718998837029e-08
PIt6b_FWD_759350.9.peg.857-MONOMER,0.0,-2.285980330675722e-10
PIt6b_REV_759350.9.peg.635-MONOMER,0.0,-1.4438591955302718e-08
PIt6b_FWD_759350.9.peg.635-MONOMER,0.0010521766959712764,-8.43195071674808e-37
PKL_REV_CPLX_dummy,0.0,-1.3298496303093672e-08
PKL_FWD_CPLX_dummy,0.511830917580317,-1.182246144853866e-41
PLPS_REV_759350.9.peg.566-MONOMER,0.0,3.373797374516259e-08
PLPS_FWD_759350.9.peg.566-MONOMER,0.0,-4.6546367687886574e-08
PLPS_REV_759350.9.peg.565-MONOMER,0.0,3.3014817864714e-08
PLPS_FWD_759350.9.peg.565-MONOMER,0.0,-4.7269523568335175e-08
PMPK_REV_759350.9.peg.1334-MONOMER,0.0,-1.0805297185340366e-08
PMPK_FWD_759350.9.peg.1334-MONOMER,4.006128546131719e-57,3.83456256132044e-41
PMTCOATA_REV_CPLX_dummy,0.0,-6.649248151546836e-09
PMTCOATA_FWD_CPLX_dummy,0.0,-6.649248151546836e-09
PNTK_REV_759350.9.peg.548-MONOMER,0.0,-1.3826698840467787e-08
PNTK_FWD_759350.9.peg.548-MONOMER,4.817918874895962e-06,5.465449809029097e-41
PNTOabc_REV_CPLX_dummy,0.0,-1.3298496303093672e-08
PNTOabc_FWD_CPLX_dummy,4.817918874895962e-06,-1.229562168955514e-35
PPA_REV_759350.9.peg.279-MONOMER_mod_mg2(1),0.0,-1.9442612309757133e-08
PPA_FWD_759350.9.peg.279-MONOMER_mod_mg2(1),0.06626972937357783,3.0316596101179863e-42
PPAKr_REV_759350.9.peg.780-MONOMER_mod_mg2(1),0.0,-1.5530892695220715e-08
PPAKr_FWD_759350.9.peg.780-MONOMER_mod_mg2(1),0.0,2.209249009871668e-37
PPBNGS_REV_CPLX_dummy,0.0,-1.3298496303093672e-08
PPBNGS_FWD_CPLX_dummy,3.85433509991677e-05,-8.894849914497509e-43
PPCDC_REV_759350.9.peg.549-MONOMER_mod_mg2(1),0.0,-2.9293391090096243e-08
PPCDC_FWD_759350.9.peg.549-MONOMER_mod_mg2(1),0.0,-2.7898282184103737e-12
PPCDC_REV_759350.9.peg.549-MONOMER_mod_fmn(1),0.0,-2.929060126187783e-08
PPCDC_FWD_759350.9.peg.549-MONOMER_mod_fmn(1),4.817918874895962e-06,3.1263349633898547e-41
PPCK_REV_CPLX_dummy,0.0,4.105294837857631e-08
PPCK_FWD_CPLX_dummy,0.0,-5.435144468166998e-08
PPCr_REV_759350.9.peg.34-MONOMER_mod_mg2(1),0.0,-1.8594685233567493e-08
PPCr_FWD_759350.9.peg.34-MONOMER_mod_mg2(1),0.0,-8.373469162142166e-09
PPCr_REV_759350.9.peg.32-MONOMER,0.0,-1.0221216071425327e-08
PPCr_FWD_759350.9.peg.32-MONOMER,0.014308699345966902,1.692012808943693e-35
PPIt2e_REV_759350.9.peg.857-MONOMER,0.0,-1.466718998837029e-08
PPIt2e_FWD_759350.9.peg.857-MONOMER,0.0,-2.285980330675722e-10
PPIt2e_REV_759350.9.peg.635-MONOMER,0.0,-1.4438591955302718e-08
PPIt2e_FWD_759350.9.peg.635-MONOMER,1.3920726533037922e-22,8.675802506396202e-42
PPNCL3_REV_759350.9.peg.549-MONOMER_mod_mg2(1),0.0,-2.9293391090096243e-08
PPNCL3_FWD_759350.9.peg.549-MONOMER_mod_mg2(1),0.0,-2.7898282184103737e-12
PPNCL3_REV_759350.9.peg.549-MONOMER_mod_fmn(1),0.0,-2.929060126187783e-08
PPNCL3_FWD_759350.9.peg.549-MONOMER_mod_fmn(1),4.817918874895962e-06,-2.7723399691908014e-41
PPNDH_REV_759350.9.peg.1254-MONOMER,0.0,-1.742040321294277e-08
PPNDH_FWD_759350.9.peg.1254-MONOMER,-1.5227179556525364e-22,1.0042816175519043e-41
PPPGO3_REV_CPLX_dummy,0.0,-1.3298496303093672e-08
PPPGO3_FWD_CPLX_dummy,4.817918874895962e-06,-3.343731765878449e-40
PRAGS_REV_759350.9.peg.589-MONOMER_mod_mg2(1),0.0,-1.5632017024188895e-08
PRAGS_FWD_759350.9.peg.589-MONOMER_mod_mg2(1),0.0,-4.093560971910281e-41
PRAI_REV_759350.9.peg.1370-MONOMER,0.0,-1.3603535103989045e-08
PRAI_FWD_759350.9.peg.1370-MONOMER,0.0,2.939733424482162e-41
PRAIS_REV_759350.9.peg.590-MONOMER_mod_k(1)_mod_mg2(1),0.0,-1.7624863063848497e-08
PRAIS_FWD_759350.9.peg.590-MONOMER_mod_k(1)_mod_mg2(1),0.0,-1.8570354799142553e-41
PRAMPC_REV_CPLX_PRAMPC-0,0.0,-1.3386115658717704e-08
PRAMPC_FWD_CPLX_PRAMPC-0,0.0,1.1738931105941936e-40
PRASCSi_REV_759350.9.peg.609-MONOMER,0.0,-1.8185974974290006e-08
PRASCSi_FWD_759350.9.peg.609-MONOMER,-2.2431025702601284e-57,4.239509695878825e-41
PRATPP_REV_CPLX_PRAMPC-0,0.0,-1.3386115658717704e-08
PRATPP_FWD_CPLX_PRAMPC-0,0.0,-7.775136187052451e-41
PRFGS_REV_759350.9.peg.608-MONOMER_mod_mg2(1),0.0,4.34544999024842e-07
PRFGS_FWD_759350.9.peg.608-MONOMER_mod_mg2(1),0.0,-4.5503314362067974e-07
PRMICI_REV_759350.9.peg.1370-MONOMER,0.0,-1.3603535103989045e-08
PRMICI_FWD_759350.9.peg.1370-MONOMER,0.0,-4.866853684047607e-41
PRO1x_REV_759350.9.peg.1440-MONOMER,0.0,-5.480676091156293e-09
PRO1x_FWD_759350.9.peg.1440-MONOMER,0.0,-8.46050656383106e-09
PRO1x_REV_759350.9.peg.827-MONOMER,0.0,-1.0952154818981653e-08
PRO1x_FWD_759350.9.peg.827-MONOMER,0.0,-1.393198529165642e-08
PROt4r_REV_759350.9.peg.36-MONOMER,0.0,-1.2195907797962152e-08
PROt4r_FWD_759350.9.peg.36-MONOMER,0.0,-4.488358255891781e-09
PRPPS_REV_759350.9.peg.247-MONOMER_mod_mn2(1)_mod_pi(1),0.0,-1.4798723894152455e-08
PRPPS_FWD_759350.9.peg.247-MONOMER_mod_mn2(1)_mod_pi(1),0.013559538624904428,-1.2150723387939877e-36
PRPPS_REV_759350.9.peg.247-MONOMER_mod_mg2(1)_mod_pi(1),0.0,-1.4800207392372617e-08
PRPPS_FWD_759350.9.peg.247-MONOMER_mod_mg2(1)_mod_pi(1),0.0,-1.4834982201619037e-12
PRPPS_REV_759350.9.peg.785-MONOMER,0.0,-1.483550421920472e-08
PRPPS_FWD_759350.9.peg.785-MONOMER,0.0,-3.678032505226493e-11
PSCVT_REV_759350.9.peg.779-MONOMER,1.3746823808058103e-23,5.321759697037378e-41
PSCVT_FWD_759350.9.peg.779-MONOMER,0.0,-1.5904955835575693e-08
PSD180_REV_CPLX_dummy,0.0,-1.3298496303093672e-08
PSD180_FWD_CPLX_dummy,1.6567479470334962e-05,8.384695177062435e-41
PSDAI17_REV_CPLX_dummy,0.0,-1.3298496303093672e-08
PSDAI17_FWD_CPLX_dummy,1.6567479470334962e-05,-7.169521962995415e-41
PSDI17_REV_CPLX_dummy,0.0,-1.3298496303093672e-08
PSDI17_FWD_CPLX_dummy,1.6567479470334962e-05,2.3938912317120288e-40
PSERT_REV_759350.9.peg.1718-MONOMER,0.0,-1.5233000501789714e-08
PSERT_FWD_759350.9.peg.1718-MONOMER,-4.887951229811594e-30,8.825064244873111e-42
PSP_L_REV_759350.9.peg.1547-MONOMER_mod_mg2(1),0.0,3.014845430303702e-08
PSP_L_FWD_759350.9.peg.1547-MONOMER_mod_mg2(1),0.0,-4.374512871881943e-08
PSSA180_REV_CPLX_dummy,0.0,-1.3298496303093672e-08
PSSA180_FWD_CPLX_dummy,1.6567479470334962e-05,2.459425367919947e-41
PSSAAI17_REV_CPLX_dummy,0.0,-1.3298496303093672e-08
PSSAAI17_FWD_CPLX_dummy,1.6567479470334962e-05,-1.5029821692844124e-40
PSSAI17_REV_CPLX_dummy,0.0,-1.3298496303093672e-08
PSSAI17_FWD_CPLX_dummy,1.6567479470334962e-05,-1.5029821692844124e-40
PTA2_REV_759350.9.peg.781-MONOMER,0.0,-2.6322248047048354e-08
PTA2_FWD_759350.9.peg.781-MONOMER,0.0,-2.1035133771556934e-40
PTAr_REV_759350.9.peg.781-MONOMER,0.0,-2.6322248047048354e-08
PTAr_FWD_759350.9.peg.781-MONOMER,0.005223761767299214,5.7207333333139016e-36
PTPAT_REV_759350.9.peg.393-MONOMER_mod_mg2(1),0.0,-1.942674558216699e-08
PTPAT_FWD_759350.9.peg.393-MONOMER_mod_mg2(1),4.817918874895962e-06,-3.969752049058682e-41
PYDAMK_REV_759350.9.peg.819-MONOMER_mod_mg2(1),0.0,-2.0146487145899324e-08
PYDAMK_FWD_759350.9.peg.819-MONOMER_mod_mg2(1),0.0,-8.050959895825366e-13
PYDAMK_REV_759350.9.peg.819-MONOMER_mod_zn2(1),0.0,-2.0145682049909744e-08
PYDAMK_FWD_759350.9.peg.819-MONOMER_mod_zn2(1),0.0,-9.498963001075606e-37
PYDAMtr_REV_759350.9.peg.793-MONOMER,0.0,0.0
PYDAMtr_FWD_759350.9.peg.793-MONOMER,0.0,-1.542611935385791e-08
PYDXK_REV_759350.9.peg.819-MONOMER_mod_mg2(1),0.0,-2.0146487145899324e-08
PYDXK_FWD_759350.9.peg.819-MONOMER_mod_mg2(1),0.0,-8.050959895825366e-13
PYDXK_REV_759350.9.peg.819-MONOMER_mod_zn2(1),0.0,-2.0145682049909744e-08
PYDXK_FWD_759350.9.peg.819-MONOMER_mod_zn2(1),4.817937311618837e-06,-1.1851052996732e-41
PYDXNK_REV_759350.9.peg.819-MONOMER_mod_mg2(1),0.0,-2.0146487145899324e-08
PYDXNK_FWD_759350.9.peg.819-MONOMER_mod_mg2(1),0.0,-8.050959895825366e-13
PYDXNK_REV_759350.9.peg.819-MONOMER_mod_zn2(1),0.0,-2.0145682049909744e-08
PYDXNK_FWD_759350.9.peg.819-MONOMER_mod_zn2(1),0.0,-9.498963001075606e-37
PYDXNtr_REV_759350.9.peg.793-MONOMER,0.0,0.0
PYDXNtr_FWD_759350.9.peg.793-MONOMER,0.0,-1.542611935385791e-08
PYDXtr_REV_759350.9.peg.793-MONOMER,0.0,-1.542611935385791e-08
PYDXtr_FWD_759350.9.peg.793-MONOMER,4.817937311618837e-06,1.1997046731521775e-42
PYK_REV_759350.9.peg.745-MONOMER_mod_mn2(1)_mod_k(1),0.0,-2.2867020164703633e-08
PYK_FWD_759350.9.peg.745-MONOMER_mod_mn2(1)_mod_k(1),0.22715532438773972,-4.440584613371651e-30
PYK_REV_759350.9.peg.745-MONOMER_mod_mg2(1)_mod_k(1),0.0,-2.2867428668652937e-08
PYK_FWD_759350.9.peg.745-MONOMER_mod_mg2(1)_mod_k(1),0.0,-4.085039493044464e-13
QULNS_REV_759350.9.peg.1264-MONOMER_mod_4fe4s(1),0.0,-1.8677963359158846e-08
QULNS_FWD_759350.9.peg.1264-MONOMER_mod_4fe4s(1),0.0,2.522662832108811e-41
RAFFabc_REV_CPLX_dummy,0.0,-1.3298496303093672e-08
RAFFabc_FWD_CPLX_dummy,0.00470194,-4.4792536594687906e-36
RAFGH_REV_759350.9.peg.2062-MONOMER,0.0,-1.81778868959697e-08
RAFGH_FWD_759350.9.peg.2062-MONOMER,0.00470194,4.895810252431748e-42
RB5PE_REV_759350.9.peg.1051-MONOMER,0.0,1.3554965885035702e-42
RB5PE_FWD_759350.9.peg.1051-MONOMER,0.0,-1.33545414737067e-08
RBFK_REV_759350.9.peg.1767-MONOMER,0.0,-1.5219601126712223e-08
RBFK_FWD_759350.9.peg.1767-MONOMER,4.81792820468844e-06,-4.182640297016385e-41
RBFSa_REV_759350.9.peg.379-MONOMER,0.0,-3.397491414532348e-08
RBFSa_FWD_759350.9.peg.379-MONOMER,0.0,3.153170791949135e-41
RBFSb_REV_759350.9.peg.377-MONOMER,0.0,-1.7315620978434362e-08
RBFSb_FWD_759350.9.peg.377-MONOMER,0.0,-6.433919740622811e-41
RBK_REV_759350.9.peg.1571-MONOMER,0.0,4.445107075156173e-08
RBK_FWD_759350.9.peg.1571-MONOMER,0.0,-5.913381825644972e-08
RBK_REV_759350.9.peg.1206-MONOMER_mod_k(1)_mod_mg2(1),0.0,4.308034121450001e-08
RBK_FWD_759350.9.peg.1206-MONOMER_mod_k(1)_mod_mg2(1),0.0,-6.050454779351145e-08
RBK_Dr_REV_759350.9.peg.414-MONOMER,0.00011674565055387333,1.4762076612475927e-40
RBK_Dr_FWD_759350.9.peg.414-MONOMER,0.0,-1.669711360526931e-08
RBK_L1_REV_759350.9.peg.414-MONOMER,0.0,-8.683080831170015e-09
RBK_L1_FWD_759350.9.peg.414-MONOMER,0.0,-8.014032774099293e-09
RBLIi_REV_CPLX_dummy,0.0,-1.3298496303093672e-08
RBLIi_FWD_CPLX_dummy,0.00011674565055387333,-1.071249288087439e-42
RBP4E_REV_759350.9.peg.415-MONOMER,0.0,-1.347647861967832e-08
RBP4E_FWD_759350.9.peg.415-MONOMER,0.0,-1.644840405253717e-41
RE1944C_REV_759350.9.peg.461-MONOMER,0.0,-1.5075143928256955e-08
RE1944C_FWD_759350.9.peg.461-MONOMER,0.0,-7.922143104100749e-41
RHAT1_REV_CPLX_dummy,0.0,-1.3298496303093672e-08
RHAT1_FWD_CPLX_dummy,3.891521685129111e-05,1.1726421515746739e-39
RHCCE_REV_759350.9.peg.559-MONOMER,0.0,-1.24342499441437e-08
RHCCE_FWD_759350.9.peg.559-MONOMER,5.370316058987368e-06,1.3644206829960403e-42
RIBABCte_REV_CPLX_DRIBabc-0,0.0,1.055797391271478e-07
RIBABCte_FWD_CPLX_DRIBabc-0,0.0,-1.2381422155892619e-07
RIBABCte_REV_CPLX_DRIBabc-1,0.0,1.0562560913167161e-07
RIBABCte_FWD_CPLX_DRIBabc-1,0.0,-1.237683515544024e-07
RIBFLVt2r_REV_759350.9.peg.1476-MONOMER,0.0,-1.3245268618092622e-08
RIBFLVt2r_FWD_759350.9.peg.1476-MONOMER,9.635847079584402e-06,6.438528565607342e-43
RIBabc_REV_CPLX_DRIBabc-0,0.0,-1.818861242725458e-08
RIBabc_FWD_CPLX_DRIBabc-0,0.0,-4.587000452381163e-11
RIBabc_REV_CPLX_DRIBabc-1,0.0,-1.8142742422730767e-08
RIBabc_FWD_CPLX_DRIBabc-1,1.4948033433308525e-22,-6.021503932041515e-41
RMNt2_REV_CPLX_dummy,0.0,-7.436437340694677e-43
RMNt2_FWD_CPLX_dummy,0.0,-1.3298496303093672e-08
RNDR1_REV_CPLX_RNDR1-0,0.0,-1.4559433279343195e-08
RNDR1_FWD_CPLX_RNDR1-0,0.0,-5.907047271663142e-09
RNDR2_REV_CPLX_RNDR1-0,0.0,-2.0466480551006338e-08
RNDR2_FWD_CPLX_RNDR1-0,9.030981389926753e-05,-1.3445282343867591e-40
RNDR3_REV_CPLX_RNDR1-0,0.0,-1.4559433279343195e-08
RNDR3_FWD_CPLX_RNDR1-0,0.0,-5.907047271663142e-09
RNDR4_REV_CPLX_RNDR1-0,0.0,-2.0466480551006338e-08
RNDR4_FWD_CPLX_RNDR1-0,5.9513783442085604e-05,1.313322009797206e-40
RNTR1_REV_759350.9.peg.1599-MONOMER,0.0,-2.1950882310773726e-08
RNTR1_FWD_759350.9.peg.1599-MONOMER,5.9513783442085604e-05,-2.8108781745705025e-41
RNTR2_REV_759350.9.peg.1599-MONOMER,0.0,-2.120868143089003e-08
RNTR2_FWD_759350.9.peg.1599-MONOMER,0.0,-7.42200879883694e-10
RNTR3_REV_759350.9.peg.1599-MONOMER,0.0,-2.1950882310773726e-08
RNTR3_FWD_759350.9.peg.1599-MONOMER,9.030981389926753e-05,-6.721665200059897e-41
RNTR4_REV_759350.9.peg.1599-MONOMER,0.0,-1.4559433279343195e-08
RNTR4_FWD_759350.9.peg.1599-MONOMER,0.0,-7.3914490314305305e-09
RPE_REV_759350.9.peg.1051-MONOMER,0.0,-1.33545414737067e-08
RPE_FWD_759350.9.peg.1051-MONOMER,0.21440384815513613,6.56114875956442e-42
RPI_REV_759350.9.peg.1764-MONOMER,0.0,-1.6065221124291407e-08
RPI_FWD_759350.9.peg.1764-MONOMER,0.21452059380569002,6.534963044454593e-42
RZ5PP_REV_CPLX_dummy,0.0,-1.3298496303093672e-08
RZ5PP_FWD_CPLX_dummy,0.0,-1.182246144853866e-41
S7PIr_REV_CPLX_dummy,0.0,-1.3298496303093672e-08
S7PIr_FWD_CPLX_dummy,0.00015566086740516444,-1.3430554244495744e-41
SALCpts_REV_CPLX_ARBTpts-0,0.0,-2.089517601927837e-08
SALCpts_FWD_CPLX_ARBTpts-0,0.0,1.1675711398122256e-41
SBTpts_REV_759350.9.peg.254-MONOMER,0.0,-1.6808353634410208e-08
SBTpts_FWD_759350.9.peg.254-MONOMER,0.0,0.0
SDPDS_REV_759350.9.peg.1878-MONOMER_mod_zn2(1)_mod_cobalt2(1),0.0,-2.1853966204698542e-08
SDPDS_FWD_759350.9.peg.1878-MONOMER_mod_zn2(1)_mod_cobalt2(1),-2.1126938047483866e-24,1.4954501005642462e-42
SDPTA_REV_759350.9.peg.1823-MONOMER,-2.1126938047483866e-24,-2.678857850088273e-42
SDPTA_FWD_759350.9.peg.1823-MONOMER,0.0,-1.5494114413666092e-08
SERATi_REV_759350.9.peg.1648-MONOMER,0.0,-3.826408428408945e-09
SERATi_FWD_759350.9.peg.1648-MONOMER,0.0,-8.993526621517394e-09
SERATi_REV_759350.9.peg.646-MONOMER,0.0,-2.736927701991404e-09
SERATi_FWD_759350.9.peg.646-MONOMER,0.0,-7.904045895099852e-09
SERATi_REV_759350.9.peg.645-MONOMER,0.0,-3.948377449870165e-09
SERATi_FWD_759350.9.peg.645-MONOMER,0.0,-9.115495642978614e-09
SERt2r_REV_CPLX_dummy,0.0,-1.3298496303093672e-08
SERt2r_FWD_CPLX_dummy,0.0006356680332353851,0.0
SHCHD2_REV_CPLX_dummy,0.0,-1.3298496303093672e-08
SHCHD2_FWD_CPLX_dummy,4.817918874895962e-06,3.769105065865271e-40
SHCHF_REV_CPLX_dummy,0.0,-1.3298496303093672e-08
SHCHF_FWD_CPLX_dummy,4.817918874895962e-06,3.4956017703431934e-41
SHK3Dr_REV_759350.9.peg.1100-MONOMER,1.6489266634271901e-22,-2.3880320478961e-40
SHK3Dr_FWD_759350.9.peg.1100-MONOMER,0.0,-1.4650213875328739e-08
SHKK_REV_759350.9.peg.901-MONOMER_mod_cobalt2(1)_mod_nad(1),0.0,-1.6603022499987684e-08
SHKK_FWD_759350.9.peg.901-MONOMER_mod_cobalt2(1)_mod_nad(1),-1.6489266634271901e-22,-1.6170913502951194e-41
SHSL1r_REV_759350.9.peg.556-MONOMER_mod_pydx5p(1),7.250737317436631e-23,-3.597795818791043e-29
SHSL1r_FWD_759350.9.peg.556-MONOMER_mod_pydx5p(1),0.0,-2.171624542534625e-08
SHSL2_REV_759350.9.peg.556-MONOMER_mod_pydx5p(1),0.0,-2.171624542534625e-08
SHSL2_FWD_759350.9.peg.556-MONOMER_mod_pydx5p(1),0.0,1.587616856207692e-42
SHSL4r_REV_759350.9.peg.556-MONOMER_mod_pydx5p(1),0.0,-7.771977466903074e-09
SHSL4r_FWD_759350.9.peg.556-MONOMER_mod_pydx5p(1),0.0,-1.3944267958443177e-08
SO4t2_REV_CPLX_dummy,0.0,-7.436437340694677e-43
SO4t2_FWD_CPLX_dummy,0.0,-1.3298496303093672e-08
SPMS_REV_CPLX_dummy,0.0,-1.3298496303093672e-08
SPMS_FWD_CPLX_dummy,4.817918874895962e-06,6.075866070335098e-42
STCOATA_REV_CPLX_dummy,0.0,-6.649248151546836e-09
STCOATA_FWD_CPLX_dummy,0.0,-6.649248151546836e-09
STYSGH_REV_759350.9.peg.2062-MONOMER,-2.390654515443491e-56,-1.4687430757295243e-41
STYSGH_FWD_759350.9.peg.2062-MONOMER,0.0,-1.81778868959697e-08
STYSabc_REV_CPLX_dummy,0.0,-1.3298496303093672e-08
STYSabc_FWD_CPLX_dummy,8.662465993623573e-57,-7.731479379039714e-36
SUCBZL_REV_CPLX_dummy,0.0,-1.3298496303093672e-08
SUCBZL_FWD_CPLX_dummy,0.0,6.7617827821912406e-40
SUCBZS_REV_CPLX_dummy,0.0,5.405004756504835e-06
SUCBZS_FWD_CPLX_dummy,0.0,-5.418303252807929e-06
SUCCt2r_REV_CPLX_dummy,0.01325331458437666,-7.436437340694677e-43
SUCCt2r_FWD_CPLX_dummy,0.0,-1.3298496303093672e-08
SUCD1_REV_CPLX_FRD2-0,0.0,-1.9119024429004124e-08
SUCD1_FWD_CPLX_FRD2-0,0.0,-1.6954162216679434e-36
SUCD4_REV_CPLX_FRD2-0,-3.520500953662648e-31,3.728329927902944e-40
SUCD4_FWD_CPLX_FRD2-0,0.0,-1.9119024429004124e-08
SUCDi_REV_CPLX_FRD2-0,0.0,-9.559512214502062e-09
SUCDi_FWD_CPLX_FRD2-0,0.0,-9.559512214502062e-09
SUCDi_REV_759350.9.peg.815-MONOMER,0.0,-8.613676473861622e-09
SUCDi_FWD_759350.9.peg.815-MONOMER,0.0,-8.613676473861622e-09
SUCDimq_REV_CPLX_FRD2-0,0.0,-9.4583574064044e-10
SUCDimq_FWD_CPLX_FRD2-0,0.0,-1.8173188688363685e-08
SUCOAS_REV_CPLX_SUCOAS-0,0.0,-2.1065252622665313e-08
SUCOAS_FWD_CPLX_SUCOAS-0,1.3079936024620994e-37,7.784873825553048e-40
SUCR_REV_759350.9.peg.2047-MONOMER,0.0,3.587679304433452e-08
SUCR_FWD_759350.9.peg.2047-MONOMER,0.0,-5.260856093391547e-08
SUCpts_REV_759350.9.peg.254-MONOMER,0.0,-1.6808353634410208e-08
SUCpts_FWD_759350.9.peg.254-MONOMER,0.07449289,-4.477057926471257e-42
TALA_REV_759350.9.peg.1089-MONOMER,0.22823579329799962,-7.950021093651381e-41
TALA_FWD_759350.9.peg.1089-MONOMER,0.0,-1.5120038658745836e-08
TCDCHOLBHSe_REV_CPLX_dummy,0.0,-6.649248151546836e-09
TCDCHOLBHSe_FWD_CPLX_dummy,0.0,-6.649248151546836e-09
TCHOLBHSe_REV_CPLX_dummy,0.0,-6.649248151546836e-09
TCHOLBHSe_FWD_CPLX_dummy,0.0,-6.649248151546836e-09
TDCOATA_REV_CPLX_dummy,0.0,-6.649248151546836e-09
TDCOATA_FWD_CPLX_dummy,0.0,-6.649248151546836e-09
TDPDRE_REV_CPLX_dummy,0.0,-1.3298496303093672e-08
TDPDRE_FWD_CPLX_dummy,3.891521685129111e-05,1.0409053865075727e-40
TDPDRRr_REV_CPLX_dummy,0.0,-1.3298496303093672e-08
TDPDRRr_FWD_CPLX_dummy,3.891521685129111e-05,1.5777479519350133e-40
TDPGDH_REV_759350.9.peg.1924-MONOMER_mod_nad(1),0.0,-1.5580385281453906e-08
TDPGDH_FWD_759350.9.peg.1924-MONOMER_mod_nad(1),0.0,-2.49282542334601e-09
TDPGDH_REV_759350.9.peg.1945-MONOMER,0.0,-1.3087559858107898e-08
TDPGDH_FWD_759350.9.peg.1945-MONOMER,3.891521685129111e-05,7.532076786660151e-41
TDSK_REV_CPLX_dummy,0.0,-1.3298496303093672e-08
TDSK_FWD_CPLX_dummy,3.891521685129111e-05,-7.169521962995415e-41
TECA5S140_REV_759350.9.peg.1632-MONOMER_mod_mg2(1),0.0,-1.567856699253473e-08
TECA5S140_FWD_759350.9.peg.1632-MONOMER_mod_mg2(1),0.0,-7.956920883562833e-40
TECA5S160_REV_759350.9.peg.1632-MONOMER_mod_mg2(1),0.0,-1.567856699253473e-08
TECA5S160_FWD_759350.9.peg.1632-MONOMER_mod_mg2(1),0.0,-7.956920883562833e-40
TECA5S180_REV_759350.9.peg.1632-MONOMER_mod_mg2(1),0.0,-1.567856699253473e-08
TECA5S180_FWD_759350.9.peg.1632-MONOMER_mod_mg2(1),0.0,-7.956920883562833e-40
TECA5SAI15_REV_759350.9.peg.1632-MONOMER_mod_mg2(1),0.0,-1.567856699253473e-08
TECA5SAI15_FWD_759350.9.peg.1632-MONOMER_mod_mg2(1),0.0,-7.956920883562833e-40
TECA5SAI17_REV_759350.9.peg.1632-MONOMER_mod_mg2(1),0.0,-1.567856699253473e-08
TECA5SAI17_FWD_759350.9.peg.1632-MONOMER_mod_mg2(1),0.0,-7.956920883562833e-40
TECA5SI14_REV_759350.9.peg.1632-MONOMER_mod_mg2(1),0.0,-1.567856699253473e-08
TECA5SI14_FWD_759350.9.peg.1632-MONOMER_mod_mg2(1),0.0,-7.956920883562833e-40
TECA5SI15_REV_759350.9.peg.1632-MONOMER_mod_mg2(1),0.0,-1.567856699253473e-08
TECA5SI15_FWD_759350.9.peg.1632-MONOMER_mod_mg2(1),0.0,-7.956920883562833e-40
TECA5SI16_REV_759350.9.peg.1632-MONOMER_mod_mg2(1),0.0,-1.567856699253473e-08
TECA5SI16_FWD_759350.9.peg.1632-MONOMER_mod_mg2(1),0.0,-7.956920883562833e-40
TECA5SI17_REV_759350.9.peg.1632-MONOMER_mod_mg2(1),0.0,-1.567856699253473e-08
TECA5SI17_FWD_759350.9.peg.1632-MONOMER_mod_mg2(1),0.0,-7.956920883562833e-40
TECAAE_REV_759350.9.peg.1941-MONOMER,0.0,-1.0994675068432166e-40
TECAAE_FWD_759350.9.peg.1941-MONOMER,0.0,-1.5823043803746135e-08
TECAGE_REV_759350.9.peg.1941-MONOMER,0.0,-1.0994675068432166e-40
TECAGE_FWD_759350.9.peg.1941-MONOMER,0.0,-1.5823043803746135e-08
TECAUE_REV_759350.9.peg.1941-MONOMER,0.0,-1.0994675068432166e-40
TECAUE_FWD_759350.9.peg.1941-MONOMER,0.0,-1.5823043803746135e-08
THD1_REV_759350.9.peg.920-MONOMER,0.0,-1.0961352182312587e-08
THD1_FWD_759350.9.peg.920-MONOMER,0.004868094696278871,-3.020228510514031e-36
THD1_REV_759350.9.peg.921-MONOMER,0.0,-1.3497222094828083e-08
THD1_FWD_759350.9.peg.921-MONOMER,0.0,-2.5358699125154964e-09
THD1_REV_759350.9.peg.919-MONOMER,0.0,-1.3093420184225492e-08
THD1_FWD_759350.9.peg.919-MONOMER,0.0,-2.132068001912905e-09
THD2_REV_CPLX_THD2-1,0.0,1.4878646391535492e-08
THD2_FWD_CPLX_THD2-1,0.0,-3.7003887716297765e-08
THD2_REV_CPLX_THD2-0,0.0,1.7518851885768437e-08
THD2_FWD_CPLX_THD2-0,0.0,-3.436368222206482e-08
THDPS_REV_759350.9.peg.1618-MONOMER,0.0,-1.4777770804263393e-08
THDPS_FWD_759350.9.peg.1618-MONOMER,-6.338081414245029e-24,-6.226442895760754e-41
THFte_REV_CPLX_dummy,0.0,-1.3298496303093672e-08
THFte_FWD_CPLX_dummy,0.0,1.9174891940152822e-41
THIORDXi_REV_759350.9.peg.453-MONOMER,0.0,2.2526664975541652e-08
THIORDXi_FWD_759350.9.peg.453-MONOMER,0.0,-3.404265633881919e-08
THMabc_REV_759350.9.peg.305-MONOMER,0.0,-1.4201315569397522e-08
THMabc_FWD_759350.9.peg.305-MONOMER,4.818811236056484e-06,4.665154247002407e-41
THMabc_REV_CPLX_THMabc-0,0.0,-1.617721077212355e-08
THMabc_FWD_CPLX_THMabc-0,0.0,-1.97589520272603e-09
THRAi_REV_759350.9.peg.614-MONOMER,0.0,-1.4867005419291053e-08
THRAi_FWD_759350.9.peg.614-MONOMER,0.0,2.4770122914420824e-42
THRD_L_REV_759350.9.peg.2046-MONOMER_mod_pydx5p(1),0.0,-2.207665822920569e-08
THRD_L_FWD_759350.9.peg.2046-MONOMER_mod_pydx5p(1),0.00012716951970369233,-1.1777388416812383e-36
THRS_REV_759350.9.peg.695-MONOMER_mod_pydx5p(1),0.0,-6.216695411924712e-09
THRS_FWD_759350.9.peg.695-MONOMER_mod_pydx5p(1),0.0,-1.0076950329816644e-08
THRt2r_REV_CPLX_dummy,0.0,-1.3298496303093672e-08
THRt2r_FWD_CPLX_dummy,0.0006506534043098362,-2.4770122914420824e-42
THZPSN_REV_CPLX_THZPSN-0,0.0,-1.9566091807532774e-08
THZPSN_FWD_CPLX_THZPSN-0,0.0,-2.6657115088373093e-41
TKT1_REV_759350.9.peg.1088-MONOMER_mod_thmpp(1),0.22808013243059444,-3.0641277631616735e-40
TKT1_FWD_759350.9.peg.1088-MONOMER_mod_thmpp(1),0.0,-1.7739374864932002e-08
TKT2_REV_759350.9.peg.1088-MONOMER_mod_thmpp(1),0.0,-6.229529794083155e-09
TKT2_FWD_759350.9.peg.1088-MONOMER_mod_thmpp(1),0.0,-1.1509845070848845e-08
TMDPK_REV_759350.9.peg.1273-MONOMER,0.0,-1.3624068899736936e-08
TMDPK_FWD_759350.9.peg.1273-MONOMER,4.818811236056484e-06,1.0525562860681727e-36
TMDS_REV_759350.9.peg.1712-MONOMER_mod_mg2(1),0.0,-1.7088393140715152e-08
TMDS_FWD_759350.9.peg.1712-MONOMER_mod_mg2(1),5.9513783442085604e-05,-5.883636427756638e-41
TMK_REV_CPLX_dummy,0.0,-1.3298496303093672e-08
TMK_FWD_CPLX_dummy,-8.311099613373995e-37,4.4961408920479725e-41
TMN_REV_CPLX_dummy,0.0,1.2938289457960752e-07
TMN_FWD_CPLX_dummy,0.0,-1.4268139088270118e-07
TMPK_REV_CPLX_dummy,0.0,-1.321312644037163e-08
TMPK_FWD_CPLX_dummy,0.0,-8.536986272204286e-11
TMPPP_REV_759350.9.peg.1394-MONOMER,0.0,-1.901467747271692e-08
TMPPP_FWD_759350.9.peg.1394-MONOMER,0.0,6.999193344296305e-42
TPI_REV_759350.9.peg.1096-MONOMER,0.00034791706887703417,4.116857039643621e-42
TPI_FWD_759350.9.peg.1096-MONOMER,0.0,-1.6633704110288756e-08
TRDOXOX_REV_759350.9.peg.73-MONOMER,0.0,-1.4722094149444484e-08
TRDOXOX_FWD_759350.9.peg.73-MONOMER,0.0,-2.6603484890107553e-42
TRDRr_REV_759350.9.peg.2096-MONOMER,0.0,-1.4756918800869613e-08
TRDRr_FWD_759350.9.peg.2096-MONOMER,0.0005696629142182863,-4.241050295116333e-36
TREpts_REV_759350.9.peg.254-MONOMER,0.0,4.3775460973763576e-08
TREpts_FWD_759350.9.peg.254-MONOMER,0.0,-6.058381460817378e-08
TRPS1_REV_759350.9.peg.1048-MONOMER,0.0,1.614929311657e-07
TRPS1_FWD_759350.9.peg.1048-MONOMER,0.0,-1.7921030314927088e-07
TRPS2_REV_759350.9.peg.1048-MONOMER,0.0,1.7035161715748545e-07
TRPS2_FWD_759350.9.peg.1048-MONOMER,0.0,-1.8806898914105635e-07
TRPS3_REV_759350.9.peg.1048-MONOMER,0.0,-1.77173719835709e-08
TRPS3_FWD_759350.9.peg.1048-MONOMER,0.0,1.0103939025573593e-41
TRPTA_REV_CPLX_dummy,0.0,-1.263325782062419e-41
TRPTA_FWD_CPLX_dummy,0.0,-1.3298496303093672e-08
TRPt2r_REV_759350.9.peg.2031-MONOMER,0.0,-1.6242957475208454e-08
TRPt2r_FWD_759350.9.peg.2031-MONOMER,0.00011139965482157818,-1.486265625955787e-42
TSULabc_REV_759350.9.peg.306-MONOMER,0.0,4.520268873124802e-08
TSULabc_FWD_759350.9.peg.306-MONOMER,0.0,-6.042292040042359e-08
TTDCAtr_REV_CPLX_dummy,0.0,6.687227300786337e-42
TTDCAtr_FWD_CPLX_dummy,0.0,-1.3298496303093672e-08
TYRTA_REV_CPLX_dummy,0.0,-1.3844038699036403e-42
TYRTA_FWD_CPLX_dummy,0.0,-1.3298496303093672e-08
TYRt2r_REV_759350.9.peg.2031-MONOMER,0.0,-1.6242957475208454e-08
TYRt2r_FWD_759350.9.peg.2031-MONOMER,0.00023024982363132102,-1.3844038699036403e-42
U23GAAT_REV_CPLX_dummy,0.0,-1.3298496303093672e-08
U23GAAT_FWD_CPLX_dummy,7.783043370258222e-05,-2.2723739103053266e-40
UAAGDS_REV_759350.9.peg.1344-MONOMER,0.0,-1.3799601869704851e-08
UAAGDS_FWD_759350.9.peg.1344-MONOMER,0.0,-6.295187344779477e-41
UAG4E_REV_759350.9.peg.1696-MONOMER,0.0,-1.4831335417423132e-08
UAG4E_FWD_759350.9.peg.1696-MONOMER,1.3290226085505604e-21,4.953797786917594e-41
UAG4E_REV_759350.9.peg.1587-MONOMER,0.0,-1.6448593968866116e-08
UAG4E_FWD_759350.9.peg.1587-MONOMER,0.0,-1.617258551442984e-09
UAG4E_REV_759350.9.peg.1733-MONOMER_mod_nad(1),0.0,-1.6232854833532278e-08
UAG4E_FWD_759350.9.peg.1733-MONOMER_mod_nad(1),0.0,-1.4015194161091461e-09
UAGAAT_REV_CPLX_dummy,0.0,-1.3298496303093672e-08
UAGAAT_FWD_CPLX_dummy,7.783043370258222e-05,1.0409053865075727e-40
UAGCVT_r_REV_759350.9.peg.1897-MONOMER,0.0,-1.5353420823389756e-08
UAGCVT_r_FWD_759350.9.peg.1897-MONOMER,0.0,-8.976358024233323e-41
UAGDP_REV_759350.9.peg.784-MONOMER_mod_mg2(1),0.0,-2.101704808231529e-08
UAGDP_FWD_759350.9.peg.784-MONOMER_mod_mg2(1),7.783043370258222e-05,-2.5299606359725065e-41
UAGPT2_REV_759350.9.peg.1339-MONOMER,0.0,-1.676016172164308e-12
UAGPT2_FWD_759350.9.peg.1339-MONOMER,0.0,-5.495389101768894e-41
UAGPT3_REV_759350.9.peg.1339-MONOMER,0.0,-1.676016172164308e-12
UAGPT3_FWD_759350.9.peg.1339-MONOMER,0.0,-2.0258663559511634e-39
UAMAGS_REV_759350.9.peg.1341-MONOMER_mod_k(1)_mod_mg2(1),0.0,-1.5650100018703973e-08
UAMAGS_FWD_759350.9.peg.1341-MONOMER_mod_k(1)_mod_mg2(1),-4.861659147620648e-30,2.1202882806602157e-41
UAMAS_REV_759350.9.peg.1338-MONOMER_mod_mg2(1),0.0,-1.587390676450735e-08
UAMAS_FWD_759350.9.peg.1338-MONOMER_mod_mg2(1),0.0,-1.5692040984842427e-40
UAPGR_REV_759350.9.peg.1826-MONOMER_mod_fad(1),0.0,-1.4931134146382453e-08
UAPGR_FWD_759350.9.peg.1826-MONOMER_mod_fad(1),0.0,-4.9397327389444424e-36
UDCPDP_REV_759350.9.peg.1084-MONOMER,0.0,-1.4319192191325717e-08
UDCPDP_FWD_759350.9.peg.1084-MONOMER,0.0,8.972288951430407e-41
UDCPDPS_REV_CPLX_dummy,0.0,-1.3298496303093672e-08
UDCPDPS_FWD_CPLX_dummy,3.891521685129111e-05,-1.7366262418879977e-39
UDPG4E_REV_759350.9.peg.1696-MONOMER,-1.2576987218895211e-23,6.594604431217592e-42
UDPG4E_FWD_759350.9.peg.1696-MONOMER,0.0,-1.4831335417423132e-08
UDPG4E_REV_759350.9.peg.1587-MONOMER,0.0,-1.617258551442984e-09
UDPG4E_FWD_759350.9.peg.1587-MONOMER,0.0,-1.6448593968866116e-08
UDPG4E_REV_759350.9.peg.1733-MONOMER_mod_nad(1),0.0,-1.4015194161091461e-09
UDPG4E_FWD_759350.9.peg.1733-MONOMER_mod_nad(1),0.0,-1.6232854833532278e-08
UDPGALM_REV_759350.9.peg.1923-MONOMER_mod_fad(1),0.0,-1.499506884800989e-08
UDPGALM_FWD_759350.9.peg.1923-MONOMER_mod_fad(1),0.0,8.23841818309772e-41
UDPGDr_REV_759350.9.peg.1944-MONOMER,0.0,-2.718233077154828e-40
UDPGDr_FWD_759350.9.peg.1944-MONOMER,0.0,-1.5635249112276557e-08
UGLT_REV_CPLX_dummy,7.369730892229132e-22,7.460682221161273e-42
UGLT_FWD_CPLX_dummy,0.0,-1.3298496303093672e-08
UGMDDS_REV_759350.9.peg.1343-MONOMER,0.0,-1.5656602373817005e-08
UGMDDS_FWD_759350.9.peg.1343-MONOMER,0.0,-1.8434568592201474e-39
UHGADA_REV_CPLX_dummy,0.0,-1.3298496303093672e-08
UHGADA_FWD_CPLX_dummy,7.783043370258222e-05,1.7610904338097759e-40
UMPK_REV_759350.9.peg.1131-MONOMER,0.0,-2.1422808793022458e-08
UMPK_FWD_759350.9.peg.1131-MONOMER,0.021268119248655376,-6.666649166220582e-36
UPP3MT_REV_CPLX_dummy,0.0,-1.3298496303093672e-08
UPP3MT_FWD_CPLX_dummy,4.817918874895962e-06,5.442814298948937e-41
UPP3S_REV_CPLX_dummy,0.0,-1.3298496303093672e-08
UPP3S_FWD_CPLX_dummy,9.635837749791925e-06,1.5095060861226649e-41
UPPDC1_REV_CPLX_dummy,0.0,-1.3298496303093672e-08
UPPDC1_FWD_CPLX_dummy,4.817918874895962e-06,8.384695177062435e-41
UPPRT_REV_759350.9.peg.1910-MONOMER,0.0,-1.730338867858285e-08
UPPRT_FWD_759350.9.peg.1910-MONOMER,0.0,-2.990074690229712e-41
URIDK3_REV_759350.9.peg.1131-MONOMER,5.9513783442085604e-05,1.12165058824905e-41
URIDK3_FWD_759350.9.peg.1131-MONOMER,0.0,-2.1422808793022458e-08
USHD_REV_CPLX_dummy,0.0,-1.3298496303093672e-08
USHD_FWD_CPLX_dummy,3.891521685129111e-05,-1.5810332847687967e-40
UTPATPT_REV_759350.9.peg.1785-MONOMER_mod_mg2(1),0.0,-6.152935829459487e-09
UTPATPT_FWD_759350.9.peg.1785-MONOMER_mod_mg2(1),0.0,-6.649248151546836e-09
VALTA_REV_759350.9.peg.924-MONOMER_mod_pydx5p(6),0.0017125266288905699,-1.8738945214625464e-35
VALTA_FWD_759350.9.peg.924-MONOMER_mod_pydx5p(6),0.0,-2.381674068097845e-08
VALTA_REV_759350.9.peg.924-MONOMER_mod_pydx5p(1),0.0,-1.4080287786039516e-11
VALTA_FWD_759350.9.peg.924-MONOMER_mod_pydx5p(1),0.0,-2.383082096876449e-08
VALabc_REV_759350.9.peg.99-MONOMER,0.0,2.8821350784755825e-08
VALabc_FWD_759350.9.peg.99-MONOMER,0.0,-4.351055683023572e-08
VALabc_REV_759350.9.peg.98-MONOMER,0.0,2.8388579004169826e-08
VALabc_FWD_759350.9.peg.98-MONOMER,0.0,-4.394332861082172e-08
VALabc_REV_759350.9.peg.101-MONOMER,0.0,2.8876405057370392e-08
VALabc_FWD_759350.9.peg.101-MONOMER,0.0,-4.3455502557621154e-08
VALabc_REV_759350.9.peg.1436-MONOMER,0.0,2.765056364682291e-08
VALabc_FWD_759350.9.peg.1436-MONOMER,0.0,-4.468134396816863e-08
VALabc_REV_759350.9.peg.102-MONOMER,0.0,2.8348799364129442e-08
VALabc_FWD_759350.9.peg.102-MONOMER,0.0,-4.39831082508621e-08
VALabc_REV_759350.9.peg.1437-MONOMER,0.0,2.8509860597687402e-08
VALabc_FWD_759350.9.peg.1437-MONOMER,0.0,-4.382204701730414e-08
VALabc_REV_759350.9.peg.100-MONOMER,0.0,2.8773506260078722e-08
VALabc_FWD_759350.9.peg.100-MONOMER,0.0,-4.3558401354912824e-08
VALabc_REV_759350.9.peg.1435-MONOMER,0.0,2.7836161632575306e-08
VALabc_FWD_759350.9.peg.1435-MONOMER,0.0,-4.449574598241624e-08
VALt2r_REV_759350.9.peg.1090-MONOMER,0.0,-1.433235706064403e-08
VALt2r_FWD_759350.9.peg.1090-MONOMER,0.0,-1.499246506724301e-09
VPAMTr_REV_759350.9.peg.1611-MONOMER,0.0,-1.5372667435277752e-08
VPAMTr_FWD_759350.9.peg.1611-MONOMER,0.0010115675998171707,5.021187599874207e-36
XANt2r_REV_759350.9.peg.880-MONOMER,0.0,-1.585282150910778e-08
XANt2r_FWD_759350.9.peg.880-MONOMER,0.0001748108545761735,-9.965830589980703e-43
XPPT_REV_759350.9.peg.881-MONOMER,0.0,-1.2894093167003884e-08
XPPT_FWD_759350.9.peg.881-MONOMER,0.0001748108545761735,4.181876597794034e-41
XPPT_REV_759350.9.peg.1685-MONOMER,0.0,-1.551475830579796e-08
XPPT_FWD_759350.9.peg.1685-MONOMER,0.0,-2.620665138794077e-09
XTSNH_REV_759350.9.peg.1410-MONOMER,0.0,1.3743952214165364e-07
XTSNH_FWD_759350.9.peg.1410-MONOMER,0.0,-1.5282809605858064e-07
XTSNH_REV_759350.9.peg.368-MONOMER,0.0,1.3767508859855059e-07
XTSNH_FWD_759350.9.peg.368-MONOMER,0.0,-1.5259252960168367e-07
XYLI1_REV_759350.9.peg.1660-MONOMER_mod_mn2(1),0.0,-2.2605368304689184e-08
XYLI1_FWD_759350.9.peg.1660-MONOMER_mod_mn2(1),0.06934693699458633,0.0
XYLI2_REV_759350.9.peg.1660-MONOMER_mod_mn2(1),0.0,-2.1345230212958106e-08
XYLI2_FWD_759350.9.peg.1660-MONOMER_mod_mn2(1),0.0,-1.26013809173108e-09
XYLK_REV_759350.9.peg.1639-MONOMER,0.0,-1.6305537796283357e-08
XYLK_FWD_759350.9.peg.1639-MONOMER,0.06934693699458633,-2.8648133468881265e-41
XYLt_REV_759350.9.peg.426-MONOMER,0.0,-1.0692319043416495e-08
XYLt_FWD_759350.9.peg.426-MONOMER,0.06934693699458633,7.621593511564084e-43
XYLt_REV_759350.9.peg.1757-MONOMER,0.0,-1.354909217674273e-08
XYLt_FWD_759350.9.peg.1757-MONOMER,0.0,-2.8567731333262334e-09
YUMPS_REV_CPLX_YUMPS-0,0.0,-1.6967539198137324e-08
YUMPS_FWD_CPLX_YUMPS-0,0.0,-2.386695695811056e-10
YUMPS_REV_CPLX_YUMPS-1,0.0,-1.672886962855622e-08
YUMPS_FWD_CPLX_YUMPS-1,2.4308249867575436e-22,-4.309881842967592e-41
ZN2t4_REV_759350.9.peg.1354-MONOMER,7.676543390700689e-08,1.4029063792534467e-42
ZN2t4_FWD_759350.9.peg.1354-MONOMER,0.0,-1.4506554863087435e-08
ZNabc_REV_CPLX_ZNabc-0,0.0,4.984947957297884e-08
ZNabc_FWD_CPLX_ZNabc-0,0.0,-6.887873987588361e-08
ZNabc_REV_CPLX_ZNabc-1,0.0,5.0070081463430705e-08
ZNabc_FWD_CPLX_ZNabc-1,0.0,-6.865813798543175e-08
dreplication_REV_CPLX_dreplication-1,0.0,-3.6090075365166844e-08
dreplication_FWD_CPLX_dreplication-1,0.0,-4.454915344607443e-12
dreplication_REV_CPLX_dreplication-0,0.0,-3.6085620449822234e-08
dreplication_FWD_CPLX_dreplication-0,4.359630507662654e-21,-4.228631289709509e-42
pbiosynthesis_REV_CPLX_pbiosynthesis-0,0.0,-4.418008862171129e-08
pbiosynthesis_FWD_CPLX_pbiosynthesis-0,0.0,0.0
r0060_REV_759350.9.peg.714-MONOMER_mod_4fe4s(1),0.0,3.017556084570591e-09
r0060_FWD_759350.9.peg.714-MONOMER_mod_4fe4s(1),0.0,-1.920257591023119e-08
r0082_REV_759350.9.peg.1138-MONOMER,0.0,8.208612090713585e-08
r0082_FWD_759350.9.peg.1138-MONOMER,0.0,-9.765061223681427e-08
r0120_REV_759350.9.peg.1683-MONOMER_mod_zn2(1),0.0,-2.318802044147236e-08
r0120_FWD_759350.9.peg.1683-MONOMER_mod_zn2(1),-6.517986028532695e-29,1.504343499281353e-41
r0339_REV_759350.9.peg.932-MONOMER,0.0,2.672862121388145e-08
r0339_FWD_759350.9.peg.932-MONOMER,0.0,-4.1838056476643815e-08
r0345_REV_759350.9.peg.1785-MONOMER_mod_mg2(1),-2.013496067217635e-28,-2.4873361745935818e-42
r0345_FWD_759350.9.peg.1785-MONOMER_mod_mg2(1),0.0,-1.2802183981006324e-08
r0392_REV_759350.9.peg.588-MONOMER_mod_mg2(1),2.0409563340757658e-22,-1.1394613404234885e-40
r0392_FWD_759350.9.peg.588-MONOMER_mod_mg2(1),0.0,-2.3571078485776844e-08
r0422_REV_759350.9.peg.1138-MONOMER,0.0,-3.984513085073398e-41
r0422_FWD_759350.9.peg.1138-MONOMER,0.0,-1.5564491329678412e-08
r0671_REV_759350.9.peg.549-MONOMER_mod_mg2(1),0.0,4.52741171853763e-07
r0671_FWD_759350.9.peg.549-MONOMER_mod_mg2(1),0.0,-4.820373527720777e-07
r0671_REV_759350.9.peg.549-MONOMER_mod_fmn(1),0.0,4.5274396168198147e-07
r0671_FWD_759350.9.peg.549-MONOMER_mod_fmn(1),0.0,-4.820345629438593e-07
r0708_REV_759350.9.peg.1683-MONOMER_mod_zn2(1),0.0,-2.318802044147236e-08
r0708_FWD_759350.9.peg.1683-MONOMER_mod_zn2(1),0.0,1.504343499281353e-41
r0775_REV_759350.9.peg.1683-MONOMER_mod_zn2(1),0.0,-1.159401022073618e-08
r0775_FWD_759350.9.peg.1683-MONOMER_mod_zn2(1),0.0,-1.159401022073618e-08
r0777_REV_759350.9.peg.1683-MONOMER_mod_zn2(1),0.0,-2.318802044147236e-08
r0777_FWD_759350.9.peg.1683-MONOMER_mod_zn2(1),0.0,-4.625839196651819e-41
r0792_REV_759350.9.peg.975-MONOMER_mod_fad(1),0.0,-5.480676091156293e-09
r0792_FWD_759350.9.peg.975-MONOMER_mod_fad(1),0.0,-1.4606043740647823e-08
r1162_REV_759350.9.peg.306-MONOMER,0.0,4.878373606108135e-08
r1162_FWD_759350.9.peg.306-MONOMER,0.0,-6.400396773025693e-08
r2137_REV_759350.9.peg.806-MONOMER,0.0,-8.06375851859221e-09
r2137_FWD_759350.9.peg.806-MONOMER,0.0,-8.06375851859221e-09
r2137_REV_759350.9.peg.95-MONOMER,0.0,-8.256268799166979e-09
r2137_FWD_759350.9.peg.95-MONOMER,0.0,-8.256268799166979e-09
rtranscription_REV_CPLX_rtranscription-0,0.0,-2.881802279649217e-08
rtranscription_FWD_CPLX_rtranscription-0,0.0,0.0
sink_gthrd(c)_REV_CPLX_dummy,4.817918874895962e-06,0.0
sink_gthrd(c)_FWD_CPLX_dummy,0.0,-1.3298496303093672e-08
dummy_reaction_REV_SPONT,0.0,1.0
dummy_reaction_FWD_SPONT,1.597724351578929e-05,0.0
GAM,0.0015559240674619611,-2.112512182633432e-06
ATPM,1.0,-5.2812804565835805e-08
DNA_replication,0.00029964719468270626,-0.004607853376026602
formation_ribosome,5.021792582649146e-08,-1.8488927466117464e-32
formation_RNAP_7593509peg1300MONOMER,7.663887531542623e-08,8.484266408685378e-33
formation_RNA_degradosome,3.0923127702018914e-13,-1.1853469311570695e-32
formation_rRNA_containing_excision_machinery,2.0034687028578893e-15,-2.031973164314268e-33
formation_monocistronic_excision_machinery,5.4158884190744556e-15,0.0
CPLX_dummy_mod_2fe2s(1)_to_generic_2fe2s_transfer_complex,0.0,0.0
CPLX_dummy_2fe2s_unloading,0.0,0.0
CPLX_dummy_mod_4fe4s(1)_to_generic_4fe4s_transfer_complex,1.4821240046994494e-20,0.0
CPLX_dummy_4fe4s_unloading,0.0,0.0
translocation_759350.9.peg.1494_Periplasm,-9.522749189348645e-30,-5.213108502745547e-34
translocation_759350.9.peg.128_Periplasm,8.061241392868139e-14,0.0
translocation_759350.9.peg.1605_Inner_Membrane,0.0,0.0
translocation_759350.9.peg.1810_Membrane,4.4230680649691304e-39,0.0
translocation_759350.9.peg.1632_Inner_Membrane,0.0,-1.8804062221197943e-34
translocation_759350.9.peg.780_Membrane,4.363919117527691e-09,0.0
translocation_759350.9.peg.94_Membrane,8.793531693583751e-13,0.0
translocation_759350.9.peg.511_Inner_Membrane,-1.2738363531880648e-31,-1.0767495052111286e-33
translocation_759350.9.peg.568_Periplasm,0.0,-1.3252254199106347e-34
translocation_759350.9.peg.1250_Periplasm,-5.692837082714528e-30,-3.911366670686708e-34
translocation_759350.9.peg.1994_Inner_Membrane,-2.4115008872213378e-30,-1.2147491897313155e-34
translocation_759350.9.peg.1756_Inner_Membrane,0.0,-4.435951376776347e-34
translocation_759350.9.peg.1645_Periplasm,0.0,0.0
translocation_759350.9.peg.1671_Inner_Membrane,0.0,0.0
translocation_759350.9.peg.309_Membrane,-3.693894770510557e-44,0.0
translocation_759350.9.peg.285_Inner_Membrane,1.6810956473971018e-11,-9.016045504922275e-35
translocation_759350.9.peg.287_Inner_Membrane,1.6810956473971018e-11,0.0
translocation_759350.9.peg.1594_Periplasm,-9.711975440193092e-31,2.514555477629706e-34
translocation_759350.9.peg.256_Inner_Membrane,0.0,-4.778241491535498e-34
translocation_759350.9.peg.1354_Inner_Membrane,5.529215773308864e-16,0.0
translocation_759350.9.peg.1129_Inner_Membrane,1.3718685828672519e-12,-1.5892560755298761e-34
translocation_759350.9.peg.378_Inner_Membrane,0.0,4.740540456670323e-34
translocation_759350.9.peg.1723_Inner_Membrane,6.843589850395582e-14,3.1185830188345253e-34
translocation_759350.9.peg.466_Inner_Membrane,-7.625263349795923e-30,-4.0928255484988405e-34
translocation_759350.9.peg.1483_Inner_Membrane,-9.107236697313182e-31,0.0
translocation_759350.9.peg.1573_Periplasm,2.0359176196206454e-31,-2.5490865059645575e-34
translocation_759350.9.peg.1574_Inner_Membrane,1.1143154316933826e-30,1.20719204618161e-34
translocation_759350.9.peg.1415_Inner_Membrane,3.163618187486953e-12,-1.893503080257609e-34
translocation_759350.9.peg.1275_Membrane,4.767991342256542e-09,2.230336653469334e-34
translocation_759350.9.peg.709_Membrane,3.4290788374343998e-09,0.0
translocation_759350.9.peg.696_Membrane,4.298389304985251e-13,-2.937831133056158e-34
translocation_759350.9.peg.649_Membrane,0.0,0.0
translocation_759350.9.peg.632_Periplasm,-1.9702391668277818e-46,3.424460744291604e-34
translocation_759350.9.peg.255_Inner_Membrane,6.036864304344816e-13,0.0
translocation_759350.9.peg.1436_Inner_Membrane,0.0,1.8330194819078124e-34
translocation_759350.9.peg.1437_Periplasm,0.0,1.5435826260495718e-34
translocation_759350.9.peg.99_Inner_Membrane,0.0,0.0
translocation_759350.9.peg.1090_Inner_Membrane,7.667097382846598e-12,0.0
translocation_759350.9.peg.1355_Membrane,-2.9278075160589004e-44,-2.3787898393304816e-34
translocation_759350.9.peg.61_Inner_Membrane,0.0,-1.485497206487834e-34
translocation_759350.9.peg.117_Inner_Membrane,-1.0320447494313379e-30,-1.5222941264080397e-34
translocation_759350.9.peg.118_Inner_Membrane,-7.802719765305013e-31,-1.1536731975434078e-34
translocation_759350.9.peg.795_Inner_Membrane,1.2584433191009022e-12,1.0293376892750384e-34
translocation_759350.9.peg.797_Inner_Membrane,1.2584433191009022e-12,-9.381761598363673e-35
translocation_759350.9.peg.437_Inner_Membrane,3.506351570703527e-18,1.5268315194988305e-34
translocation_759350.9.peg.811_Inner_Membrane,0.0,2.7172286247890693e-34
translocation_759350.9.peg.235_Inner_Membrane,1.2734284595054662e-37,0.0
translocation_759350.9.peg.243_Inner_Membrane,0.0,3.6743803534092847e-34
translocation_759350.9.peg.801_Membrane,0.0,4.2437268487979495e-34
translocation_759350.9.peg.1342_Inner_Membrane,0.0,0.0
translocation_759350.9.peg.161_Inner_Membrane,0.0,-4.205565944932061e-34
translocation_759350.9.peg.1225_Inner_Membrane,0.0,0.0
translocation_759350.9.peg.2031_Inner_Membrane,3.37505501555318e-12,0.0
translocation_759350.9.peg.358_Periplasm,0.0,1.4338967936304228e-34
translocation_759350.9.peg.359_Inner_Membrane,0.0,-2.3534903610016723e-34
translocation_759350.9.peg.360_Inner_Membrane,0.0,0.0
translocation_759350.9.peg.857_Inner_Membrane,-9.331647535752905e-31,0.0
translocation_759350.9.peg.279_Membrane,1.1689868679940356e-09,6.234246802483372e-35
translocation_759350.9.peg.609_Membrane,0.0,9.302552162481886e-35
translocation_759350.9.peg.36_Inner_Membrane,2.9590225607301385e-45,-1.710110318152503e-34
translocation_759350.9.peg.745_Membrane,1.6653700676172615e-09,-3.5155008526824147e-34
translocation_759350.9.peg.919_Inner_Membrane,0.0,-1.2925313905803806e-34
translocation_759350.9.peg.921_Inner_Membrane,-7.265135227992002e-44,-1.4858926028348305e-34
translocation_759350.9.peg.1096_Membrane,3.3001278216218408e-12,1.0501756910489252e-34
translocation_759350.9.peg.1339_Inner_Membrane,0.0,-1.904291934468484e-38
translocation_759350.9.peg.1084_Inner_Membrane,0.0,1.1173596270012457e-34
translocation_759350.9.peg.1910_Membrane,0.0,-1.6395206703106307e-34
translocation_759350.9.peg.880_Inner_Membrane,9.77813175570996e-13,-1.5017991681524982e-34
translocation_759350.9.peg.1757_Inner_Membrane,-7.427944373644475e-31,0.0
translocation_759350.9.peg.737_Inner_Membrane,0.0,-2.145057915422075e-34
translocation_759350.9.peg.1724_Membrane,4.971960390590559e-12,7.0136384030158696e-34
translocation_759350.9.peg.2000_Membrane,3.4138340423833097e-12,0.0
translocation_759350.9.peg.617_Membrane,5.021792953617002e-08,-7.579193678239451e-35
translocation_759350.9.peg.675_Membrane,3.0656861069100594e-12,0.0
translocation_759350.9.peg.896_Membrane,2.6908365651556934e-11,4.7598352267141305e-34
translocation_759350.9.peg.95_Inner_Membrane,0.0,1.6689717417176094e-34
translocation_759350.9.peg.1086_Membrane,3.189978925466804e-15,1.2487409780834682e-34
translocation_759350.9.peg.1132_Membrane,5.905594025795239e-11,0.0
translocation_759350.9.peg.1218_Inner_Membrane,6.651355356985457e-12,4.583799326140742e-34
translocation_759350.9.peg.1272_Membrane,1.997613569363859e-13,-1.0172384823036023e-34
translocation_759350.9.peg.130_Inner_Membrane,1.594989462733402e-15,2.160223954980237e-34
translocation_759350.9.peg.1523_Membrane,2.256139622076913e-14,-2.369641799207845e-34
translocation_759350.9.peg.1770_Membrane,3.995227138727723e-13,5.827056944027066e-34
translocation_759350.9.peg.1843_Membrane,9.276938310605674e-13,0.0
translocation_759350.9.peg.1877_Inner_Membrane,4.0069374057157785e-15,-6.210104844078298e-34
translocation_759350.9.peg.2102_Inner_Membrane,1.0695272433310411e-16,2.00338478635468e-34
translocation_759350.9.peg.234_Inner_Membrane,2.011645964303182e-16,0.0
translocation_759350.9.peg.620_Inner_Membrane,5.905594025795239e-11,0.0
translocation_759350.9.peg.741_Membrane,5.021792582649146e-08,2.923452999465429e-34
translocation_759350.9.peg.805_Membrane,5.021792582649146e-08,-2.732922457748742e-34
translocation_759350.9.peg.917_Inner_Membrane,6.67822900952629e-16,2.54979466059194e-34
biomass_constituent_demand,0.0015559240674619611,-0.0037704488140578437
TS_adocbl_c,-4.817918874895962e-06,0.0
TS_4fe4s_c,-2.229009928302448e-12,0.0
