,fluxes,reduced_costs
biomass_dilution,0.20171240011370736,-0.4323987727726121
protein_biomass_to_biomass,0.07244402278040649,6.216077764661262e-35
mRNA_biomass_to_biomass,0.0002737457846203397,0.0
tRNA_biomass_to_biomass,0.0015798706900679806,0.0
rRNA_biomass_to_biomass,0.011916528847758593,0.0
ncRNA_biomass_to_biomass,0.0,0.0
tmRNA_biomass_to_biomass,0.0,0.0
DNA_biomass_to_biomass,0.01183830095641584,0.0
lipid_biomass_to_biomass,0.0,0.0
constituent_biomass_to_biomass,0.06287354842100981,0.0
prosthetic_group_biomass_to_biomass,3.661981944965493e-05,0.0
peptidoglycan_biomass_to_biomass,0.0,0.0
DM_2HYMEPH,0.0,0.0
DM_5MTR,0.0,0.0
DM_HQN,0.0,0.0
DM_atp_c_,0.0,-1.2284842663494055e-05
DM_dhptd(c),-1.5617319193743648e-23,0.0
DM_hcys_L[c],0.0,-5.08839594284388e-05
EX_12dgr180(e),-0.0014572510633814675,0.0
EX_26dap_M(e),0.0,0.0
EX_2dmmq8(e),-0.0014620912199426515,0.0
EX_2obut(e),0.0,0.0
EX_34dhpha(e),0.0,-7.110621299835163e-05
EX_3hphac(e),0.0,0.0
EX_3mop(e),-0.07979839278808437,0.0
EX_4abz(e),-0.004804607829548406,0.0
EX_4hbz(e),0.0,0.0
EX_ac(e),6.179348910856347,0.0
EX_acald(e),0.0,-5.057344494342132e-06
EX_acgam(e),-1.0,-3.5032006468339067e-06
EX_ade(e),1.0691028389637927,0.0
EX_adocbl(e),-0.0016015359431828021,0.0
EX_ala_D(e),0.0,0.0
EX_ala_L(e),0.0,0.0
EX_alaasp(e),0.0,0.0
EX_alagln(e),0.0,0.0
EX_alaglu(e),0.0,0.0
EX_alagly(e),0.0,-1.5075457607456397e-07
EX_alahis(e),0.0,0.0
EX_alaleu(e),0.0,0.0
EX_alathr(e),0.0,0.0
EX_arab_L(e),0.0,0.0
EX_arbt(e),0.0,-2.259082519224093e-07
EX_arg_L(e),-0.15,-6.71387399410992e-06
EX_arsenb(e),0.0,0.0
EX_asn_L(e),-0.038602755420192085,0.0
EX_asp_L(e),-0.20337129212744393,-4.7352596202342273e-35
EX_biomass(e),0.0,0.0
EX_btn(e),0.0,0.0
EX_ca2(e),0.0,0.0
EX_cbl1(e),0.0,0.0
EX_cbl2(e),0.0,0.0
EX_cd2(e),0.0,-0.025013072840274857
EX_cellb(e),-0.07449289,-4.357488250204803e-06
EX_cgly(e),-0.0047178728958641725,0.0
EX_chor(e),0.0,0.0
EX_chtbs(e),0.0,-8.156757033984238e-06
EX_cl(e),0.0,0.0
EX_co2(e),0.19952405232585152,0.0
EX_cobalt2(e),-0.0016015363442831456,0.0
EX_csn(e),-0.01271295685843082,0.0
EX_ctbt(e),0.0,0.0
EX_cu2(e),-1.8986453742715996e-07,0.0
EX_cys_L(e),0.0,0.0
EX_cytd(e),0.0,-1.6518621178127704e-05
EX_dad_2(e),-1.0,-1.2067292668644138e-05
EX_dcyt(e),-0.11816900924045866,0.0
EX_dgsn(e),-1.0,-5.08546593148847e-06
EX_drib(e),0.0,0.0
EX_etoh(e),3.2257691905973624,0.0
EX_fe2(e),-4.512442118129726e-09,0.0
EX_fe3(e),0.0,0.0
EX_for(e),6.606330339330055,0.0
EX_fru(e),-0.14898579,-4.478168748399482e-06
EX_gal(e),0.0,0.0
EX_galt(e),0.0,0.0
EX_gam(e),-0.31497910444020494,0.0
EX_gbbtn(e),0.0,0.0
EX_gcald(e),0.004804607829548406,0.0
EX_glc_D(e),-0.14898579,-1.9269831422547807e-06
EX_glcn(e),0.0,0.0
EX_gln_L(e),-0.027752694927405824,0.0
EX_glu_L(e),-0.11006321763719541,0.0
EX_gly(e),-0.03650972190429532,0.0
EX_glyasn(e),0.0,-1.2370015017737237e-06
EX_glyasp(e),0.0,-1.2370015017737237e-06
EX_glyb(e),0.0,0.0
EX_glyc(e),0.3031679436530493,0.0
EX_glycys(e),0.0,0.0
EX_glygln(e),0.0,-1.2370015017737237e-06
EX_glyglu(e),0.0,-1.2370015017737237e-06
EX_glyleu(e),0.0,-6.540017428112112e-06
EX_glymet(e),0.0,-1.2370015017737237e-06
EX_glyphe(e),0.0,-1.2370015017737237e-06
EX_glypro(e),0.0,-1.2370015017737237e-06
EX_glytyr(e),0.0,-1.2370015017737237e-06
EX_gua(e),0.8815156860440275,0.0
EX_h(e),10.42616816577623,0.0
EX_h2o(e),-8.363395685473876,0.0
EX_hg2(e),0.0,0.0
EX_his_L(e),-0.02636269243232492,0.0
EX_hxan(e),0.0,0.0
EX_k(e),-7.988942915905445e-07,0.0
EX_lac_D(e),0.0,0.0
EX_lac_L(e),0.0,-3.730276553628006e-06
EX_lcts(e),0.0,0.0
EX_leu_L(e),-0.0953292311873576,0.0
EX_lys_L(e),-0.0817025323157344,0.0
EX_mal_L(e),0.0,-1.5186624571777282e-05
EX_malt(e),7.72969588330458e-36,0.0
EX_malthx(e),0.0,0.0
EX_malttr(e),0.0,0.0
EX_man(e),-0.14898579,-3.1400893190628885e-06
EX_met_D(e),0.0,0.0
EX_met_L(e),-0.02931044133746606,0.0
EX_metala(e),0.0,0.0
EX_metsox_R_L(e),0.0,0.0
EX_metsox_S_L(e),1.3106256620196645e-23,0.0
EX_mg2(e),-0.0014126904366408579,0.0
EX_mn2(e),-2.3082197373238433e-06,0.0
EX_mnl(e),5.094081620726107e-23,0.0
EX_mqn8(e),-0.0017409806664229527,0.0
EX_na1(e),0.0,0.0
EX_nac(e),0.2225799465004241,0.0
EX_nh4(e),2.779601086517891,0.0
EX_nmn(e),-0.2241814824436069,0.0
EX_o2(e),0.0,-8.666805318330278e-05
EX_ocdcea(e),0.0,0.0
EX_orn(e),0.10892030951723605,0.0
EX_pb(e),0.0,0.0
EX_phe_L(e),-0.04623238241472171,0.0
EX_pheme(e),-0.0016015359431828021,0.0
EX_pi(e),0.0,0.0
EX_pnto_R(e),-0.0016015359431828021,0.0
EX_ppa(e),0.0,-1.3409790263284678e-06
EX_pro_L(e),-0.03560742924172098,0.0
EX_ptrc(e),-0.0016015359431828021,0.0
EX_pydam(e),0.0,0.0
EX_pydx(e),-0.0016015359431828021,0.0
EX_pydxn(e),0.0,0.0
EX_q8(e),0.0,0.0
EX_rib_D(e),0.0,0.0
EX_ribflv(e),-0.0032030718863656042,0.0
EX_salcn(e),0.0,-2.259082519224093e-07
EX_sbt_D(e),0.0,0.0
EX_ser_D(e),0.0,0.0
EX_ser_L(e),-1.0,-2.664513439330887e-06
EX_sheme(e),-0.0016015359431828021,0.0
EX_so4(e),0.0,0.0
EX_spmd(e),-0.0016015359431828021,0.0
EX_succ(e),0.09694032582075163,0.0
EX_sucr(e),0.0,0.0
EX_thm(e),-0.0016015359431828021,0.0
EX_thr_L(e),-0.0553123912209772,0.0
EX_thymd(e),4.883504030435793e-23,0.0
EX_tre(e),-0.07449289,-2.6953613398406155e-06
EX_trp_L(e),-0.012955038788497636,0.0
EX_tyr_L(e),-0.047564608128459,0.0
EX_ura(e),0.0,0.0
EX_uri(e),0.08733916844592177,0.0
EX_val_L(e),-0.06991957406769385,0.0
EX_zn2(e),-2.67679395578822e-07,-205518.58970230017
translation_g.26658.CDS.3,0.0,-1.0087044902315925e-33
transcription_TU_g.26658.CDS.3,0.0,2.1075545957439986e-32
translation_g.26658.CDS.8,8.202630778832387e-06,-4.99661378942974e-33
transcription_TU_g.26658.CDS.8,1.466997204179661e-07,8.901767740898603e-32
translation_g.26658.CDS.10,8.20270933402013e-06,2.5546381146771692e-34
transcription_TU_g.26658.CDS.10,1.4670112533602103e-07,-3.2594563383159194e-32
translation_g.26658.CDS.11,0.0,-5.5816894593416816e-33
transcription_TU_g.26658.CDS.11,0.0,-515.6698391087455
translation_g.26658.CDS.19,6.938234892400342e-10,-1.109860325749489e-33
transcription_TU_g.26658.CDS.19,1.240866676013171e-11,0.0
translation_g.26658.CDS.20,0.0,-2.2164337672401293e-32
transcription_TU_g.26658.CDS.20,0.0,0.0
translation_g.26658.CDS.21,1.4168342816427474e-07,-3.3558186750997596e-33
transcription_TU_g.26658.CDS.21,2.5339333026174244e-09,-8.238355163220168e-32
translation_g.26658.CDS.22,0.0,1.8906553478887657e-33
transcription_TU_g.26658.CDS.22,0.0,0.0
translation_g.26658.CDS.26,8.20278788920787e-06,1.069072556427156e-33
transcription_TU_g.26658.CDS.26,1.4670253025407595e-07,-5.230812944858242e-32
translation_g.26658.CDS.28,0.0,-8.925074974194356e-33
transcription_TU_g.26658.CDS.28,0.0,9.703910094888707e-32
translation_g.26658.CDS.31,8.20278788920787e-06,-2.0251502635899985e-34
transcription_TU_g.26658.CDS.31,1.4670253025407595e-07,0.0
translation_g.26658.CDS.34,0.0,-1.4853364206143393e-32
transcription_TU_g.26658.CDS.34,0.0,-529.6548018238447
translation_g.26658.CDS.36,0.0,-1.6105821700514056e-32
transcription_TU_g.26658.CDS.36,0.0,1.0861576593411576e-31
translation_g.26658.CDS.37,0.0,1.8698264387534945e-33
transcription_TU_g.26658.CDS.37,0.0,0.0
translation_g.26658.CDS.38,1.463552331875633e-07,1.1803264077053547e-33
transcription_TU_g.26658.CDS.38,2.617486068704653e-09,6.822750266568203e-32
translation_g.26658.CDS.39,1.5711037548212639e-10,1.0997024208155344e-32
transcription_TU_g.26658.CDS.39,2.8098361098328525e-12,0.0
translation_g.26658.CDS.45,0.0,2.48479054767952e-33
transcription_TU_g.26658.CDS.45,0.0,0.0
translation_g.26658.CDS.46,8.20278788920787e-06,-5.299481916638775e-33
transcription_TU_g.26658.CDS.46,1.4670253025407595e-07,-4.987384454263902e-32
translation_g.26658.CDS.49,0.0,7.696322053528381e-33
transcription_TU_g.26658.CDS.49,0.0,0.0
translation_g.26658.CDS.53,0.0,-1.7352526374099771e-32
transcription_TU_g.26658.CDS.53,0.0,-2.175584418076849e-31
translation_g.26658.CDS.59,8.216028358966515e-08,2.3686505982398264e-33
transcription_TU_g.26658.CDS.59,1.469393290646244e-09,-9.387493896721655e-32
translation_g.26658.CDS.61,-7.52646472974672e-30,3.696357031261148e-33
transcription_TU_g.26658.CDS.61,-1.34606847651711e-31,0.0
translation_g.26658.CDS.64,7.333420731782772e-08,9.24811477858094e-33
transcription_TU_g.26658.CDS.64,1.3115435767706059e-09,1.9770614581131896e-31
translation_g.26658.CDS.66,0.0,2.892909120626159e-33
transcription_TU_g.26658.CDS.66,0.0,0.0
translation_g.26658.CDS.69,0.0,2.5649556873414458e-33
transcription_TU_g.26658.CDS.69,0.0,-519.1661391419362
translation_g.26658.CDS.73,0.0,1.9849098806347656e-33
transcription_TU_g.26658.CDS.73,0.0,1.8812802510089733e-31
translation_g.26658.CDS.75,0.0,1.6000700985514171e-34
transcription_TU_g.26658.CDS.75,0.0,0.0
translation_g.26658.CDS.78,0.0,-4.150599133484122e-34
transcription_TU_g.26658.CDS.78,0.0,-700.961661673296
translation_g.26658.CDS.81,0.0,-1.3366275101693174e-33
transcription_TU_g.26658.CDS.81,0.0,0.0
translation_g.26658.CDS.83,1.508855808636818e-10,6.875904224204029e-33
transcription_TU_g.26658.CDS.83,2.6985089448284726e-12,-1.9842377483433073e-31
translation_g.26658.CDS.84,0.0,-6.592413152610646e-33
transcription_TU_g.26658.CDS.84,0.0,0.0
translation_g.26658.CDS.85,2.67750507878868e-07,4.4128787424265256e-33
transcription_TU_g.26658.CDS.85,4.7885764587821134e-09,-1.5314252203401872e-31
translation_g.26658.CDS.86,0.0,-1.3815365834249945e-33
transcription_TU_g.26658.CDS.86,0.0,8.617811101084565e-32
translation_g.26658.CDS.88,0.0,6.239078013768623e-33
transcription_TU_g.26658.CDS.88,0.0,-2.431646771454325e-31
translation_g.26658.CDS.89,8.20278788920787e-06,6.368197202613647e-34
transcription_TU_g.26658.CDS.89,1.4670253025407595e-07,3.054136766008926e-32
translation_420889.6.peg.90,0.0,1.898458247897279e-33
transcription_TU_420889.6.peg.90,0.0,0.0
translation_g.26658.CDS.91,0.0,1.6670063565065547e-34
transcription_TU_g.26658.CDS.91,0.0,2.2104219080179724e-32
translation_g.26658.CDS.94,0.0,9.992310162438444e-33
transcription_TU_g.26658.CDS.94,0.0,0.0
translation_420889.6.peg.94,3.262291037729606e-08,1.6467494128700407e-33
transcription_TU_420889.6.peg.94,5.83443526913317e-10,8.45126765015697e-32
translation_g.26658.CDS.96,1.5711037548212639e-10,1.1472256042893387e-32
transcription_TU_g.26658.CDS.96,2.8098361098328525e-12,0.0
translation_g.26658.CDS.99,0.0,-1.1039252272422314e-33
transcription_TU_g.26658.CDS.99,0.0,-227.24450335790937
translation_g.26658.CDS.102,8.20270933402013e-06,1.6292283479681131e-34
transcription_TU_g.26658.CDS.102,1.4670112533602103e-07,3.210131521881405e-32
translation_g.26658.CDS.110,0.0,-1.0590987101941847e-32
transcription_TU_g.26658.CDS.110,0.0,0.0
translation_g.26658.CDS.115,1.392448567158112e-07,-4.741192983145296e-33
transcription_TU_g.26658.CDS.115,2.4903207398489028e-09,0.0
translation_g.26658.CDS.116,0.0,-1.0087044902315925e-33
transcription_TU_g.26658.CDS.116,0.0,2.1075545957439986e-32
translation_g.26658.CDS.119,0.0,-1.0312311949278857e-32
transcription_TU_g.26658.CDS.119,0.0,-8.173399969754716e-32
translation_g.26658.CDS.120,8.20278788920787e-06,-1.8484611261533643e-34
transcription_TU_g.26658.CDS.120,1.4670253025407595e-07,0.0
translation_g.26658.CDS.125,1.3415657217993915e-09,1.3636206872765715e-32
transcription_TU_g.26658.CDS.125,2.3993194575839778e-11,0.0
translation_g.26658.CDS.127,8.20278788920787e-06,-1.4935603932994307e-33
transcription_TU_g.26658.CDS.127,1.4670253025407595e-07,0.0
translation_g.26658.CDS.128,8.20278788920787e-06,-4.339088635031191e-34
transcription_TU_g.26658.CDS.128,1.4670253025407595e-07,0.0
translation_g.26658.CDS.129,3.0261295595197905e-09,-6.348007559159667e-33
transcription_TU_g.26658.CDS.129,5.4120729348894117e-11,9.795028620647294e-32
translation_g.26658.CDS.130,7.070821972841231e-12,-1.3455117880516442e-32
transcription_TU_g.26658.CDS.130,1.2645791752785368e-13,0.0
translation_g.26658.CDS.132,0.0,-8.176114243665829e-33
transcription_TU_g.26658.CDS.132,0.0,8.679441047887033e-32
translation_420889.6.peg.133,0.0,-1.0378534226177659e-32
transcription_TU_420889.6.peg.133,0.0,-1.0045764600976188e-31
translation_g.26658.CDS.135,1.3574654330072748e-10,-5.353207861911221e-33
transcription_TU_g.26658.CDS.135,2.4277552515604914e-12,-2.043349992438679e-32
translation_g.26658.CDS.139,0.0,1.7440552083954488e-33
transcription_TU_g.26658.CDS.139,0.0,1.2673397148568573e-31
translation_g.26658.CDS.142,0.0,4.692144983777071e-33
transcription_TU_g.26658.CDS.142,0.0,-2.9130033794984114e-31
translation_g.26658.CDS.143,0.0,8.476260252335344e-33
transcription_TU_g.26658.CDS.143,0.0,0.0
translation_g.26658.CDS.145,0.0,-1.1208777678406335e-32
transcription_TU_g.26658.CDS.145,0.0,1.1772159312127044e-31
translation_g.26658.CDS.146,1.463552331875633e-07,-5.918869828490298e-33
transcription_TU_g.26658.CDS.146,2.617486068704653e-09,7.633887425645366e-32
translation_g.26658.CDS.149,1.0388485950097748e-07,8.975783295939354e-33
transcription_TU_g.26658.CDS.149,1.8579258600522333e-09,-1.9480919582969344e-31
translation_g.26658.CDS.151,0.0,-1.0715127010063228e-33
transcription_TU_g.26658.CDS.151,0.0,0.0
translation_g.26658.CDS.156,-1.3965943421149862e-29,-5.073138782291431e-33
transcription_TU_g.26658.CDS.156,-2.497735239458695e-31,-5.093135814447051e-32
translation_g.26658.CDS.165,8.202866444395611e-06,2.3716971543144436e-34
transcription_TU_g.26658.CDS.165,1.4670393517213085e-07,2.598367812405185e-32
translation_g.26658.CDS.169,8.20278788920787e-06,-1.232343595083532e-33
transcription_TU_g.26658.CDS.169,1.4670253025407595e-07,2.7479149979340344e-32
translation_g.26658.CDS.176,0.0,-1.4649632714370775e-32
transcription_TU_g.26658.CDS.176,0.0,2.0232524119142388e-31
translation_420889.6.peg.177,1.332633010387e-06,4.4875488673756805e-33
transcription_TU_420889.6.peg.177,2.3833437748779623e-08,-6.584211039346057e-32
translation_g.26658.CDS.179,8.20278788920787e-06,2.7811478831247005e-34
transcription_TU_g.26658.CDS.179,1.4670253025407595e-07,9.440934757783683e-33
translation_g.26658.CDS.190,0.0,-1.0766992455076792e-32
transcription_TU_g.26658.CDS.190,0.0,0.0
translation_g.26658.CDS.192,1.508855808636818e-10,-1.0487139179820234e-33
transcription_TU_g.26658.CDS.192,2.6985089448284726e-12,0.0
translation_g.26658.CDS.195,7.26086572918066e-10,2.6145398885138393e-33
transcription_TU_g.26658.CDS.195,1.298567497652036e-11,0.0
translation_g.26658.CDS.196,0.0,4.416697970292676e-33
transcription_TU_g.26658.CDS.196,0.0,-8.821570000470987e-32
translation_g.26658.CDS.197,0.0,-6.053295325574112e-33
transcription_TU_g.26658.CDS.197,0.0,6.822750266568203e-32
translation_g.26658.CDS.205,0.0,2.3118077114293086e-33
transcription_TU_g.26658.CDS.205,0.0,1.4985883993663695e-31
translation_420889.6.peg.205,5.777529326353829e-06,-9.365076929287458e-33
transcription_TU_420889.6.peg.205,1.0332806141535898e-07,0.0
translation_g.26658.CDS.211,1.4141643945682463e-11,-2.94282118843185e-33
transcription_TU_g.26658.CDS.211,2.5291583505570736e-13,-7.053226735988746e-32
translation_g.26658.CDS.217,1.1009063849093391e-13,-8.816266380316264e-33
transcription_TU_g.26658.CDS.217,1.9689129405815228e-15,-8.238355163220168e-32
translation_g.26658.CDS.221,0.0,-1.0420298205672112e-32
transcription_TU_g.26658.CDS.221,0.0,-8.740636454716347e-32
translation_g.26658.CDS.222,0.0,-2.719822103317982e-33
transcription_TU_g.26658.CDS.222,0.0,0.0
translation_g.26658.CDS.224,7.896883211880095e-28,5.331682918876659e-33
transcription_TU_g.26658.CDS.224,1.4123158662042866e-29,-6.108273532017852e-32
translation_g.26658.CDS.228,2.67750507878868e-07,1.4166153890609485e-29
transcription_TU_g.26658.CDS.228,4.7885764587821134e-09,0.0
translation_g.26658.CDS.232,0.0,-4.571204640454207e-33
transcription_TU_g.26658.CDS.232,-5.451902386456087e-64,2.7479149979340344e-32
translation_g.26658.CDS.237,0.0,-8.03961940409234e-35
transcription_TU_g.26658.CDS.237,0.0,1.8888204826373132e-31
translation_g.26658.CDS.239,2.2413381604896058e-07,-6.244274568342706e-33
transcription_TU_g.26658.CDS.239,4.008514955402485e-09,2.6685336638055686e-31
translation_g.26658.CDS.246,8.202630778832387e-06,7.689802699781153e-34
transcription_TU_g.26658.CDS.246,1.466997204179661e-07,0.0
translation_g.26658.CDS.249,0.0,-2.707682249804724e-32
transcription_TU_g.26658.CDS.249,0.0,0.0
translation_g.26658.CDS.250,1.4117245911655836e-07,-1.0513560319978677e-32
transcription_TU_g.26658.CDS.250,2.5247948909951847e-09,1.0273112685414756e-31
translation_g.26658.CDS.252,8.20278788920787e-06,-3.124362118066109e-34
transcription_TU_g.26658.CDS.252,1.4670253025407595e-07,1.9084718564113416e-32
translation_g.26658.CDS.256,1.1009063849093391e-13,-1.9914068530580084e-33
transcription_TU_g.26658.CDS.256,1.9689129405815228e-15,7.5166164381196e-32
translation_g.26658.CDS.258,0.0,-2.3136642955395336e-32
transcription_TU_g.26658.CDS.258,0.0,2.1058678771098587e-31
translation_g.26658.CDS.269,1.508855808636818e-10,2.1154768636643002e-33
transcription_TU_g.26658.CDS.269,2.6985089448284726e-12,-5.686493190273176e-32
translation_g.26658.CDS.274,8.20278788920787e-06,-3.5390604060278117e-34
transcription_TU_g.26658.CDS.274,1.4670253025407595e-07,0.0
translation_g.26658.CDS.275,2.2764295420969747e-07,-9.358949574046635e-33
transcription_TU_g.26658.CDS.275,4.071274038551342e-09,0.0
translation_g.26658.CDS.278,1.622837505599729e-29,-6.490036598785011e-33
transcription_TU_g.26658.CDS.278,2.9023591915124338e-31,0.0
translation_g.26658.CDS.284,8.20278788920787e-06,-2.94139042176846e-33
transcription_TU_g.26658.CDS.284,1.4670253025407595e-07,0.0
translation_g.26658.CDS.286,0.0,-1.5261540375263443e-32
transcription_TU_g.26658.CDS.286,0.0,0.0
translation_g.26658.CDS.290,0.0,2.7228532353078462e-33
transcription_TU_g.26658.CDS.290,0.0,-1.5080433095602142e-31
translation_g.26658.CDS.291,0.0,-3.5040794209784754e-33
transcription_TU_g.26658.CDS.291,0.0,-1.104004610967286e-31
translation_g.26658.CDS.302,8.20278788920787e-06,-1.3810575190686232e-33
transcription_TU_g.26658.CDS.302,1.4670253025407595e-07,9.074729713591043e-32
translation_420889.6.peg.302,0.0,1.2153175317790194e-33
transcription_TU_420889.6.peg.302,0.0,-9.060033785383456e-32
translation_g.26658.CDS.303,1.4141643945682463e-11,-7.36617702361685e-33
transcription_TU_g.26658.CDS.303,2.5291583505570736e-13,-7.726422772999143e-32
translation_g.26658.CDS.311,8.20278788920787e-06,-4.3032464839477146e-33
transcription_TU_g.26658.CDS.311,1.4670253025407595e-07,5.127901650219763e-32
translation_420889.6.peg.312,1.4610565092050561e-09,-4.4685299305452084e-35
transcription_TU_420889.6.peg.312,2.6130224216399658e-11,0.0
translation_g.26658.CDS.314,1.3071965163537625e-08,1.4097681635479205e-33
transcription_TU_g.26658.CDS.314,2.3378519483688533e-10,0.0
translation_420889.6.peg.315,0.0,-3.37289217080248e-33
transcription_TU_420889.6.peg.315,0.0,2.099107449143401e-31
translation_g.26658.CDS.316,2.053191620195387e-15,-3.0227565941119408e-33
transcription_TU_g.26658.CDS.316,3.6720248023896684e-17,0.0
translation_g.26658.CDS.319,2.67750507878868e-07,-8.302438376777507e-33
transcription_TU_g.26658.CDS.319,4.7885764587821134e-09,6.486339532812209e-31
translation_g.26658.CDS.320,7.433539100613426e-08,-1.6697047087534552e-32
transcription_TU_g.26658.CDS.320,1.3294492184021441e-09,9.648825959665402e-32
translation_g.26658.CDS.322,0.0,-3.8998998785207845e-33
transcription_TU_g.26658.CDS.322,0.0,-396.8035379841954
translation_420889.6.peg.325,0.0,-2.7977383240229095e-33
transcription_TU_420889.6.peg.325,0.0,-8.324173678813395e-32
translation_g.26658.CDS.327,-1.0748628912610734e-30,2.3931536052847462e-33
transcription_TU_g.26658.CDS.327,-9.867645300962426e-33,7.633887425645366e-32
translation_g.26658.CDS.328,8.20278788920787e-06,-7.123541931358123e-34
transcription_TU_g.26658.CDS.328,1.4670253025407595e-07,3.674647000337123e-32
translation_g.26658.CDS.331,0.0,-6.922980236895194e-33
transcription_TU_g.26658.CDS.331,0.0,-711.449941196556
translation_g.26658.CDS.334,1.4666788937060886e-06,-9.643804854396107e-33
transcription_TU_g.26658.CDS.334,2.6230777594531986e-08,-9.537703336777306e-32
translation_g.26658.CDS.339,-7.52646472974672e-30,4.680163594825056e-34
transcription_TU_g.26658.CDS.339,-1.34606847651711e-31,-6.848741790276504e-32
translation_g.26658.CDS.342,1.508855808636818e-10,-9.295568079403442e-34
transcription_TU_g.26658.CDS.342,2.6985089448284726e-12,-2.8588261451575947e-31
translation_g.26658.CDS.347,0.0,7.18072498425444e-34
transcription_TU_g.26658.CDS.347,0.0,-2.1698602619717584e-32
translation_g.26658.CDS.351,0.0,3.7908192893628985e-33
transcription_TU_g.26658.CDS.351,0.0,-485.95368666962895
translation_420889.6.peg.352,1.7959787562689203e-09,6.335847171741617e-35
transcription_TU_420889.6.peg.352,3.212013176323425e-11,0.0
translation_g.26658.CDS.359,0.0,9.231568949753522e-33
transcription_TU_g.26658.CDS.359,0.0,-2.29016622769361e-31
translation_g.26658.CDS.360,0.0,-9.988979807786138e-33
transcription_TU_g.26658.CDS.360,0.0,-2.051160660087905e-31
translation_g.26658.CDS.361,0.0,-1.9867360057194953e-33
transcription_TU_g.26658.CDS.361,0.0,-1.0926811874203726e-31
translation_g.26658.CDS.365,1.2100132328939628e-06,2.5661566095679893e-34
transcription_TU_g.26658.CDS.365,2.1640447772641465e-08,0.0
translation_g.26658.CDS.367,5.061319826690401e-06,-2.7642539447899214e-33
transcription_TU_g.26658.CDS.367,9.051903267881596e-08,0.0
translation_g.26658.CDS.376,0.0,4.30083344324663e-33
transcription_TU_g.26658.CDS.376,0.0,0.0
translation_g.26658.CDS.378,6.787535311402627e-08,2.8908435497640575e-32
transcription_TU_g.26658.CDS.378,1.2139148516588186e-09,0.0
translation_g.26658.CDS.379,3.5132836505236473e-06,-2.178402944509089e-33
transcription_TU_g.26658.CDS.379,6.283322304483821e-08,0.0
translation_g.26658.CDS.381,0.0,2.650816432039554e-33
transcription_TU_g.26658.CDS.381,0.0,0.0
translation_g.26658.CDS.382,0.0,-9.854293552153424e-33
transcription_TU_g.26658.CDS.382,0.0,2.4549166487479183e-31
translation_g.26658.CDS.383,0.0,-5.5455000718064094e-33
transcription_TU_g.26658.CDS.383,0.0,0.0
translation_g.26658.CDS.384,1.9297821040805274e-07,-1.2773701389518627e-33
transcription_TU_g.26658.CDS.384,3.4513133989496196e-09,-5.779466543963483e-32
translation_g.26658.CDS.388,0.0,-3.135400619860306e-33
transcription_TU_g.26658.CDS.388,0.0,-354.8509528369055
translation_g.26658.CDS.389,8.20278788920787e-06,-6.579233718161308e-34
transcription_TU_g.26658.CDS.389,1.4670253025407595e-07,-2.764031939640285e-32
translation_g.26658.CDS.390,8.20278788920787e-06,-1.4213464829883184e-33
transcription_TU_g.26658.CDS.390,1.4670253025407595e-07,1.0107476767371664e-32
translation_g.26658.CDS.392,0.0,9.435786570075703e-34
transcription_TU_g.26658.CDS.392,0.0,-2.493692227131951e-32
translation_g.26658.CDS.393,0.0,-2.876085517933239e-33
transcription_TU_g.26658.CDS.393,0.0,-1.149728500522969e-31
translation_g.26658.CDS.395,0.0,1.0836278229360467e-32
transcription_TU_g.26658.CDS.395,0.0,-2.5736339757181686e-31
translation_g.26658.CDS.396,0.0,-1.0087044902315925e-33
transcription_TU_g.26658.CDS.396,0.0,2.1075545957439986e-32
translation_g.26658.CDS.400,8.202866444395611e-06,2.1385071316550628e-33
transcription_TU_g.26658.CDS.400,1.4670393517213085e-07,-7.20278174379916e-32
translation_g.26658.CDS.402,5.80937717306504e-07,6.8224188672338315e-34
transcription_TU_g.26658.CDS.402,1.0389764333784483e-08,-1.1215676088085797e-31
translation_g.26658.CDS.406,1.8268150422582282e-09,-3.410551032261658e-33
transcription_TU_g.26658.CDS.406,3.267162245632185e-11,0.0
translation_g.26658.CDS.407,0.0,4.658599142488692e-33
transcription_TU_g.26658.CDS.407,0.0,-365.33897348967787
translation_g.26658.CDS.410,0.0,1.677208510884548e-32
transcription_TU_g.26658.CDS.410,0.0,2.3240508236341657e-31
translation_g.26658.CDS.414,3.2274616399927416e-07,1.0309896562121124e-33
transcription_TU_g.26658.CDS.414,5.772144730303731e-09,-7.8857472211949e-32
translation_g.26658.CDS.415,0.0,-2.105335165701394e-33
transcription_TU_g.26658.CDS.415,0.0,-211.5121193381821
translation_g.26658.CDS.417,0.0,1.1234137748391217e-32
transcription_TU_g.26658.CDS.417,0.0,1.8080804106274294e-31
translation_g.26658.CDS.418,8.088624943282143e-09,-2.7459149006090863e-32
transcription_TU_g.26658.CDS.418,1.446607862452374e-10,2.7420897093234757e-31
translation_g.26658.CDS.419,0.0,4.370796599316462e-33
transcription_TU_g.26658.CDS.419,0.0,2.526253879209895e-31
translation_g.26658.CDS.421,0.0,-7.054918677128045e-33
transcription_TU_g.26658.CDS.421,0.0,-875.7644074782426
translation_420889.6.peg.421,0.0,-6.742693250438114e-33
transcription_TU_420889.6.peg.421,0.0,0.0
translation_g.26658.CDS.423,3.1422075096425313e-10,-2.7763514619443175e-33
transcription_TU_g.26658.CDS.423,5.6196722196657114e-12,6.900431140858263e-32
translation_g.26658.CDS.425,1.414164394568248e-11,-1.5336299047351437e-33
transcription_TU_g.26658.CDS.425,2.5291583505570766e-13,8.281375587135453e-32
translation_g.26658.CDS.433,8.20278788920787e-06,-1.1981560027657765e-33
transcription_TU_g.26658.CDS.433,1.4670253025407595e-07,0.0
translation_g.26658.CDS.437,0.0,3.401997050200138e-33
transcription_TU_g.26658.CDS.437,0.0,-381.0714857484178
translation_g.26658.CDS.438,7.26086572918066e-10,-5.266824944933147e-33
transcription_TU_g.26658.CDS.438,1.298567497652036e-11,-7.863184235833455e-32
translation_g.26658.CDS.439,0.0,2.588420303999146e-34
transcription_TU_g.26658.CDS.439,0.0,0.0
translation_420889.6.peg.441,0.0,-8.620910497066824e-33
transcription_TU_420889.6.peg.441,0.0,0.0
translation_420889.6.peg.449,0.0,-2.230262898309521e-33
transcription_TU_420889.6.peg.449,0.0,9.519056782604547e-32
translation_420889.6.peg.450,0.0,-1.6465002238611928e-33
transcription_TU_420889.6.peg.450,0.0,-5.29831009699727e-32
translation_g.26658.CDS.451,3.752578043945166e-09,-2.318735168895854e-33
transcription_TU_g.26658.CDS.451,6.711287692163025e-11,0.0
translation_g.26658.CDS.452,0.0,-1.0087044902315925e-33
transcription_TU_g.26658.CDS.452,0.0,2.1075545957439986e-32
translation_g.26658.CDS.454,5.1254005867270935e-08,2.8912987595414208e-33
transcription_TU_g.26658.CDS.454,9.16650832368653e-10,0.0
translation_g.26658.CDS.455,3.017711617273636e-10,-1.1674840195666189e-32
transcription_TU_g.26658.CDS.455,5.397017889656945e-12,-8.281375587135453e-32
translation_g.26658.CDS.457,0.0,-1.5783145223117863e-32
transcription_TU_g.26658.CDS.457,0.0,-503.4336784290371
translation_g.26658.CDS.459,0.0,2.6759708102406446e-34
transcription_TU_g.26658.CDS.459,0.0,7.492941996831848e-32
translation_g.26658.CDS.461,6.229346615723705e-08,-5.2965435514407866e-33
transcription_TU_g.26658.CDS.461,1.1140857507222247e-09,0.0
translation_g.26658.CDS.462,3.871536060209191e-09,1.1143617291537505e-33
transcription_TU_g.26658.CDS.462,6.924037823162976e-11,0.0
translation_g.26658.CDS.465,3.3452818170217903e-06,4.0305297161081195e-33
transcription_TU_g.26658.CDS.465,5.982859895910844e-08,-2.5290655148927985e-32
translation_g.26658.CDS.469,1.6407909218002245e-11,-1.5037901943407544e-32
transcription_TU_g.26658.CDS.469,2.934467928430798e-13,1.1136187658406392e-31
translation_g.26658.CDS.476,0.0,-1.150556471419642e-33
transcription_TU_g.26658.CDS.476,0.0,-302.4096743457418
translation_g.26658.CDS.480,2.6602306492451873e-08,-1.0852526459739128e-33
transcription_TU_g.26658.CDS.480,4.757682053648705e-10,0.0
translation_g.26658.CDS.481,8.20278788920787e-06,1.2874417494679452e-33
transcription_TU_g.26658.CDS.481,1.4670253025407595e-07,2.0214953534743327e-32
translation_g.26658.CDS.503,0.0,-3.624108232913403e-33
transcription_TU_g.26658.CDS.503,0.0,7.930680617477277e-32
translation_420889.6.peg.503,2.1152990412128955e-09,-1.0660115861112486e-32
transcription_TU_420889.6.peg.503,3.783100645552835e-11,1.054619982771059e-31
translation_g.26658.CDS.504,1.0991733814466052e-07,4.552379755270581e-33
transcription_TU_g.26658.CDS.504,1.9658135553925357e-09,-7.863184235833455e-32
translation_g.26658.CDS.506,-4.7476708052200036e-32,-1.0802727480627216e-32
transcription_TU_g.26658.CDS.506,-4.714121010390773e-34,2.054622537082951e-31
translation_g.26658.CDS.515,-3.7687474995567026e-31,-1.0382976602929976e-32
transcription_TU_g.26658.CDS.515,-4.476444502853631e-33,7.587196544678395e-32
translation_g.26658.CDS.521,6.460831401281269e-08,7.906928836498992e-34
transcription_TU_g.26658.CDS.521,1.1554855823590956e-09,-7.930680617477277e-32
translation_g.26658.CDS.525,-2.891402274978872e-31,1.325528853763457e-33
transcription_TU_g.26658.CDS.525,-3.206495247464767e-33,1.8584760112669698e-31
translation_g.26658.CDS.530,2.828328789136496e-11,-2.096990598892711e-33
transcription_TU_g.26658.CDS.530,5.058316701114153e-13,1.6775922766252796e-31
translation_g.26658.CDS.536,4.522936793014053e-06,1.2863903382443525e-33
transcription_TU_g.26658.CDS.536,8.089033639250824e-08,5.71765229031519e-32
translation_g.26658.CDS.540,8.20278788920787e-06,-5.752310323442105e-35
transcription_TU_g.26658.CDS.540,1.4670253025407595e-07,2.7479149979340344e-32
translation_g.26658.CDS.541,8.20278788920787e-06,-5.241233728889959e-34
transcription_TU_g.26658.CDS.541,1.4670253025407595e-07,1.6215848832030522e-31
translation_g.26658.CDS.542,2.875433385554396e-07,-1.236177411095445e-32
transcription_TU_g.26658.CDS.542,5.1425607846433e-09,3.449185501568907e-31
translation_420889.6.peg.545,6.167971667428874e-08,2.6200430199599634e-33
transcription_TU_420889.6.peg.545,1.1031091652848384e-09,0.0
translation_g.26658.CDS.546,2.7692742144493373e-09,-7.63218362111832e-33
transcription_TU_g.26658.CDS.546,4.952700712419837e-11,0.0
translation_g.26658.CDS.551,1.1009063849093391e-13,-3.0663288119207042e-33
transcription_TU_g.26658.CDS.551,1.9689129405815228e-15,0.0
translation_g.26658.CDS.552,-1.3965943421149862e-29,-1.369192971571626e-32
transcription_TU_g.26658.CDS.552,-2.497735239458695e-31,1.1247314165288803e-31
translation_g.26658.CDS.553,0.0,-8.494410267213722e-33
transcription_TU_g.26658.CDS.553,2.4309684141234984e-65,1.5406786291397235e-31
translation_g.26658.CDS.554,8.20278788920787e-06,-2.4893419187933893e-33
transcription_TU_g.26658.CDS.554,1.4670253025407595e-07,5.022882300488094e-32
translation_g.26658.CDS.556,8.202866444395611e-06,-3.9515114326119125e-33
transcription_TU_g.26658.CDS.556,1.4670393517213085e-07,0.0
translation_g.26658.CDS.559,0.0,1.5810606340885369e-34
transcription_TU_g.26658.CDS.559,0.0,-2.2463012533743807e-31
translation_420889.6.peg.560,1.9059156459083135e-08,-1.5141278030975747e-32
transcription_TU_420889.6.peg.560,3.408629498678672e-10,0.0
translation_g.26658.CDS.561,2.24920844574824e-08,-4.087163848519519e-33
transcription_TU_g.26658.CDS.561,4.0225905450295445e-10,0.0
translation_g.26658.CDS.566,0.0,-1.3805102268893967e-32
transcription_TU_g.26658.CDS.566,0.0,-638.0326590108456
translation_g.26658.CDS.568,3.2554793789797386e-07,7.464578602817148e-33
transcription_TU_g.26658.CDS.568,5.822252977120627e-09,0.0
translation_g.26658.CDS.574,1.2280483488877394e-07,-4.7539099816246585e-33
transcription_TU_g.26658.CDS.574,2.1962996299489726e-09,-6.166173153731292e-32
translation_g.26658.CDS.575,0.0,-1.407737242407316e-32
transcription_TU_g.26658.CDS.575,0.0,-506.9302933973968
translation_g.26658.CDS.582,8.486151741175622e-31,-9.754032403409946e-33
transcription_TU_g.26658.CDS.582,-1.623552458235437e-33,-8.638403271664255e-32
translation_g.26658.CDS.585,0.0,-1.7244638027846034e-32
transcription_TU_g.26658.CDS.585,0.0,1.1635533880350719e-31
translation_g.26658.CDS.587,0.0,-1.8682630713715977e-32
transcription_TU_g.26658.CDS.587,0.0,0.0
translation_g.26658.CDS.590,0.0,-3.5902353840583824e-33
transcription_TU_g.26658.CDS.590,0.0,0.0
translation_g.26658.CDS.598,-5.967295805519044e-33,-1.24975754814399e-32
transcription_TU_g.26658.CDS.598,-1.0672193469685288e-34,0.0
translation_g.26658.CDS.603,7.070821972841231e-12,-2.3493757979122077e-32
transcription_TU_g.26658.CDS.603,1.2645791752785368e-13,0.0
translation_g.26658.CDS.605,0.0,-6.695556696984186e-34
transcription_TU_g.26658.CDS.605,0.0,2.230426133931955e-32
translation_420889.6.peg.607,7.721856555948795e-24,-9.35654777565522e-33
transcription_TU_420889.6.peg.607,0.0,-71.52243267333708
translation_g.26658.CDS.610,0.0,-2.885349870651373e-33
transcription_TU_g.26658.CDS.610,0.0,0.0
translation_g.26658.CDS.612,0.0,6.021741825251875e-33
transcription_TU_g.26658.CDS.612,0.0,-459.73280698832934
translation_g.26658.CDS.614,0.0,-2.139538993350939e-32
transcription_TU_g.26658.CDS.614,0.0,8.173399969754716e-32
translation_g.26658.CDS.615,8.20278788920787e-06,-2.0717237546477572e-33
transcription_TU_g.26658.CDS.615,1.4670253025407595e-07,0.0
translation_g.26658.CDS.618,0.0,-3.564492130375033e-33
transcription_TU_g.26658.CDS.618,0.0,0.0
translation_420889.6.peg.621,0.0,1.969824265587241e-33
transcription_TU_420889.6.peg.621,0.0,8.555737223887044e-32
translation_g.26658.CDS.625,1.4168342816427474e-07,-6.0412483852564924e-33
transcription_TU_g.26658.CDS.625,2.5339333026174244e-09,-1.8159246140984269e-31
translation_g.26658.CDS.627,8.202630778832387e-06,2.0145873743345093e-33
transcription_TU_g.26658.CDS.627,1.466997204179661e-07,0.0
translation_g.26658.CDS.630,0.0,-8.960251745216337e-34
transcription_TU_g.26658.CDS.630,0.0,0.0
translation_420889.6.peg.638,-1.1356284082110172e-27,-1.1019651215026112e-32
transcription_TU_420889.6.peg.638,-2.0310114459031442e-29,0.0
translation_g.26658.CDS.646,7.319978585563713e-08,-9.789045896243533e-34
transcription_TU_g.26658.CDS.646,1.3091395198950457e-09,0.0
translation_g.26658.CDS.653,1.5711037548212639e-10,-2.441483615356273e-33
transcription_TU_g.26658.CDS.653,2.8098361098328525e-12,1.999401844711934e-32
translation_g.26658.CDS.654,0.0,1.0074202950508663e-32
transcription_TU_g.26658.CDS.654,0.0,9.406401255044867e-32
translation_g.26658.CDS.656,8.20278788920787e-06,-8.16880288098872e-34
transcription_TU_g.26658.CDS.656,1.4670253025407595e-07,2.2893902946787263e-32
translation_g.26658.CDS.657,1.0388485950097748e-07,3.3727731757755455e-33
transcription_TU_g.26658.CDS.657,1.8579258600522333e-09,2.715394148352894e-32
translation_g.26658.CDS.658,3.5815610228153867e-29,-7.597247589374883e-33
transcription_TU_g.26658.CDS.658,6.405432779722075e-31,1.7358882095774067e-31
translation_g.26658.CDS.660,4.7409765899776266e-08,4.0499409915210904e-33
transcription_TU_g.26658.CDS.660,8.478986303426445e-10,0.0
translation_g.26658.CDS.664,7.26086572918066e-10,-2.2456681794667044e-32
transcription_TU_g.26658.CDS.664,1.298567497652036e-11,0.0
translation_g.26658.CDS.670,2.7149308660145496e-10,6.332071370713653e-33
transcription_TU_g.26658.CDS.670,4.855510503120983e-12,0.0
translation_g.26658.CDS.671,4.0443124716410665e-09,-1.1915955336477071e-33
transcription_TU_g.26658.CDS.671,7.233039312261862e-11,1.8129870150640408e-32
translation_g.26658.CDS.672,0.0,-2.5067214367140804e-34
transcription_TU_g.26658.CDS.672,0.0,9.722202118841507e-32
translation_g.26658.CDS.673,8.20278788920787e-06,-6.826553656515807e-33
transcription_TU_g.26658.CDS.673,1.4670253025407595e-07,-2.6989867827442773e-32
translation_g.26658.CDS.674,0.0,2.178725273318706e-33
transcription_TU_g.26658.CDS.674,0.0,6.770467884873971e-32
translation_g.26658.CDS.676,1.640541866804026e-05,1.2575007767191212e-33
transcription_TU_g.26658.CDS.676,2.9340225067204206e-07,0.0
translation_g.26658.CDS.678,0.0,8.30025490794268e-33
transcription_TU_g.26658.CDS.678,0.0,-449.2447713126251
translation_g.26658.CDS.679,8.20278788920787e-06,-2.898320083889404e-34
transcription_TU_g.26658.CDS.679,1.4670253025407595e-07,2.230426133931955e-32
translation_g.26658.CDS.680,1.3260084750677116e-08,6.048439909107225e-33
transcription_TU_g.26658.CDS.680,2.371496143240727e-10,1.723562220216913e-31
translation_g.26658.CDS.683,0.0,-8.909730810945138e-33
transcription_TU_g.26658.CDS.683,0.0,7.421465558642474e-32
translation_g.26658.CDS.688,8.20278788920787e-06,1.6190880482989938e-33
transcription_TU_g.26658.CDS.688,1.4670253025407595e-07,0.0
translation_g.26658.CDS.691,1.730948560366314e-07,3.5777479426341975e-33
transcription_TU_g.26658.CDS.691,3.095710104603356e-09,1.3114342088068797e-31
translation_g.26658.CDS.693,0.0,6.0947302586980386e-33
transcription_TU_g.26658.CDS.693,0.0,-263.9533618265859
translation_g.26658.CDS.694,0.0,-9.58501112075936e-34
transcription_TU_g.26658.CDS.694,0.0,0.0
translation_g.26658.CDS.695,0.0,-4.636139084251811e-33
transcription_TU_g.26658.CDS.695,0.0,0.0
translation_g.26658.CDS.696,0.0,-8.914934074866155e-33
transcription_TU_g.26658.CDS.696,0.0,0.0
translation_g.26658.CDS.702,0.0,-2.4733912390179096e-33
transcription_TU_g.26658.CDS.702,-9.846554993959382e-44,-8.98124938706171e-32
translation_420889.6.peg.703,0.0,-3.673760628690303e-33
transcription_TU_420889.6.peg.703,0.0,0.0
translation_g.26658.CDS.705,0.0,-7.012211438996376e-33
transcription_TU_g.26658.CDS.705,0.0,0.0
translation_g.26658.CDS.714,0.0,-1.9520573195581453e-33
transcription_TU_g.26658.CDS.714,1.479228605374432e-39,1.9590057241294587e-31
translation_g.26658.CDS.715,3.281581843600449e-11,-3.738912925811388e-33
transcription_TU_g.26658.CDS.715,5.868935856861596e-13,5.931184374339569e-32
translation_g.26658.CDS.716,8.20278788920787e-06,-5.180019913077063e-34
transcription_TU_g.26658.CDS.716,1.4670253025407595e-07,-2.2893902946787263e-32
translation_g.26658.CDS.724,0.0,2.274621877325132e-33
transcription_TU_g.26658.CDS.724,0.0,0.0
translation_g.26658.CDS.732,8.20278788920787e-06,-2.146319190819779e-33
transcription_TU_g.26658.CDS.732,1.4670253025407595e-07,4.2570516095168413e-32
translation_g.26658.CDS.733,0.0,-2.9331434401263447e-33
transcription_TU_g.26658.CDS.733,0.0,0.0
translation_g.26658.CDS.736,5.07467228415981e-06,4.182990504830277e-34
transcription_TU_g.26658.CDS.736,9.075783433044095e-08,-7.15327750258298e-32
translation_g.26658.CDS.738,1.508855808636818e-10,-6.900090777924553e-33
transcription_TU_g.26658.CDS.738,2.6985089448284726e-12,0.0
translation_g.26658.CDS.739,2.357354445377767e-10,-2.42823394695925e-33
transcription_TU_g.26658.CDS.739,4.216003955162718e-12,1.2673397148568573e-31
translation_g.26658.CDS.740,1.2010419830087042e-07,-2.5158800062274497e-33
transcription_TU_g.26658.CDS.740,2.1480001705342736e-09,0.0
translation_g.26658.CDS.742,0.0,-4.848670460592021e-33
transcription_TU_g.26658.CDS.742,0.0,8.085981413897331e-32
translation_g.26658.CDS.745,0.0,-9.02816392695568e-33
transcription_TU_g.26658.CDS.745,0.0,0.0
translation_g.26658.CDS.749,2.1774696568541883e-07,-2.8386152597265047e-32
transcription_TU_g.26658.CDS.749,3.894289508963906e-09,2.6685336638055686e-31
translation_g.26658.CDS.750,0.0,-1.0121639446519383e-32
transcription_TU_g.26658.CDS.750,0.0,-583.8430896680003
translation_g.26658.CDS.752,0.0,-7.162856186033963e-33
transcription_TU_g.26658.CDS.752,0.0,-1.6083831584053148e-31
translation_g.26658.CDS.756,6.544107476754836e-10,-2.304068063419843e-33
transcription_TU_g.26658.CDS.756,1.1703790687525142e-11,-1.4650157596206686e-31
translation_g.26658.CDS.757,0.0,-9.930967004955873e-33
transcription_TU_g.26658.CDS.757,0.0,0.0
translation_g.26658.CDS.758,8.20278788920787e-06,-2.489817076706496e-33
transcription_TU_g.26658.CDS.758,1.4670253025407595e-07,-2.3844258341943266e-32
translation_g.26658.CDS.759,0.0,1.4814976122113807e-33
transcription_TU_g.26658.CDS.759,0.0,0.0
translation_g.26658.CDS.761,0.0,-4.900147127941878e-33
transcription_TU_g.26658.CDS.761,0.0,9.556313507325735e-32
translation_g.26658.CDS.763,8.202630778832387e-06,-8.227108985946494e-33
transcription_TU_g.26658.CDS.763,1.466997204179661e-07,0.0
translation_g.26658.CDS.764,2.748225188002465e-07,-3.022756635637775e-33
transcription_TU_g.26658.CDS.764,4.915055640026782e-09,-8.151633220138347e-32
translation_g.26658.CDS.768,0.0,-5.7432623804340496e-34
transcription_TU_g.26658.CDS.768,0.0,-6.364675304464465e-32
translation_g.26658.CDS.769,1.452173145836132e-09,2.1206518256005656e-34
transcription_TU_g.26658.CDS.769,2.597134995304072e-11,-9.138138969833135e-32
translation_g.26658.CDS.773,1.3229460987939702e-12,-3.1124945770518206e-32
transcription_TU_g.26658.CDS.773,2.3660192449713106e-14,0.0
translation_g.26658.CDS.774,2.0923870295452264e-10,-7.016657352663598e-34
transcription_TU_g.26658.CDS.774,3.742123722459647e-12,-2.5465679072235256e-32
translation_g.26658.CDS.780,0.0,-3.616681431548981e-33
transcription_TU_g.26658.CDS.780,0.0,-7.953052116411226e-32
translation_g.26658.CDS.782,0.0,3.357437690885823e-33
transcription_TU_g.26658.CDS.782,0.0,3.2513768729907525e-32
translation_g.26658.CDS.785,0.0,6.7612738752128625e-34
transcription_TU_g.26658.CDS.785,0.0,0.0
translation_g.26658.CDS.795,0.0,2.0912193813241137e-33
transcription_TU_g.26658.CDS.795,0.0,0.0
translation_g.26658.CDS.798,0.0,6.509011537938538e-33
transcription_TU_g.26658.CDS.798,0.0,0.0
translation_g.26658.CDS.800,0.0,-1.4491913422559583e-33
transcription_TU_g.26658.CDS.800,0.0,-473.7176322125138
translation_420889.6.peg.800,0.0,-1.2969567853003936e-33
transcription_TU_420889.6.peg.800,0.0,-5.52806387928057e-32
translation_g.26658.CDS.802,5.613302845959333e-07,-1.2307192711712158e-32
transcription_TU_g.26658.CDS.802,1.003909575265346e-08,-7.563743021656437e-32
translation_g.26658.CDS.803,0.0,4.416697970292676e-33
transcription_TU_g.26658.CDS.803,0.0,-1.6039584370690293e-31
translation_g.26658.CDS.806,0.0,7.219551361724437e-33
transcription_TU_g.26658.CDS.806,0.0,-802.3483890271897
translation_g.26658.CDS.807,0.0,-9.006938864279834e-33
transcription_TU_g.26658.CDS.807,0.0,-1.8963307328691688e-31
translation_420889.6.peg.808,0.0,-4.493726236097508e-33
transcription_TU_420889.6.peg.808,0.0,7.27640663917132e-32
translation_g.26658.CDS.811,0.0,6.999791092971065e-33
transcription_TU_g.26658.CDS.811,0.0,0.0
translation_g.26658.CDS.813,9.000635474571685e-14,-2.9595943007491045e-33
transcription_TU_g.26658.CDS.813,1.6097161304774056e-15,0.0
translation_g.26658.CDS.814,0.0,-6.952421538439441e-35
transcription_TU_g.26658.CDS.814,0.0,-662.5044301451289
translation_g.26658.CDS.815,0.0,-5.039169474520719e-34
transcription_TU_g.26658.CDS.815,0.0,8.259893383408755e-32
translation_g.26658.CDS.818,1.754480220130173e-33,2.8294216201160233e-33
transcription_TU_g.26658.CDS.818,3.137795235598613e-35,-8.173399969754716e-32
translation_g.26658.CDS.819,0.0,3.549564654070823e-33
transcription_TU_g.26658.CDS.819,0.0,9.330541941989025e-32
translation_g.26658.CDS.826,9.136676645706742e-08,4.574316976345001e-34
transcription_TU_g.26658.CDS.826,1.6340463756255194e-09,4.5787805893574526e-32
translation_g.26658.CDS.829,0.0,-9.157710477021991e-33
transcription_TU_g.26658.CDS.829,0.0,3.2409776946677205e-31
translation_g.26658.CDS.830,0.0,-1.99917352395884e-33
transcription_TU_g.26658.CDS.830,0.0,-1.3168422078692115e-31
translation_g.26658.CDS.835,-1.2312109604157332e-28,-1.2381658642289747e-33
transcription_TU_g.26658.CDS.835,-2.2019557936781096e-30,2.6323348463873234e-32
translation_420889.6.peg.837,0.0,1.6430918707291622e-34
transcription_TU_420889.6.peg.837,0.0,-8.92170453572782e-32
translation_g.26658.CDS.838,5.364786010189241e-07,-2.259691731756748e-33
transcription_TU_g.26658.CDS.838,9.594636513786931e-09,0.0
translation_g.26658.CDS.841,8.20278788920787e-06,-2.2378632451526536e-33
transcription_TU_g.26658.CDS.841,1.4670253025407595e-07,2.581216682315236e-32
translation_g.26658.CDS.858,5.364786010189241e-07,-1.615383224494987e-33
transcription_TU_g.26658.CDS.858,9.594636513786931e-09,0.0
translation_g.26658.CDS.860,1.5711037548212639e-10,5.889287840745372e-33
transcription_TU_g.26658.CDS.860,2.8098361098328525e-12,0.0
translation_420889.6.peg.863,0.0,3.261374643850943e-33
transcription_TU_420889.6.peg.863,0.0,6.770467884873971e-32
translation_420889.6.peg.864,0.0,2.588801600448818e-33
transcription_TU_420889.6.peg.864,0.0,0.0
translation_g.26658.CDS.865,0.0,-2.5780768716285597e-32
transcription_TU_g.26658.CDS.865,0.0,2.526253879209895e-31
translation_g.26658.CDS.872,1.0912658874634465e-41,-1.5877258656909766e-33
transcription_TU_g.26658.CDS.872,1.3803864420332997e-43,-2.0821103479558065e-31
translation_g.26658.CDS.874,-9.934387171363554e-33,-3.229593174061179e-32
transcription_TU_g.26658.CDS.874,-1.7767126911572555e-34,0.0
translation_g.26658.CDS.875,4.947516162863129e-08,-1.0116490953464426e-32
transcription_TU_g.26658.CDS.875,8.848371424060417e-10,-9.921188741716536e-32
translation_g.26658.CDS.880,0.0,-3.011043987066546e-33
transcription_TU_g.26658.CDS.880,0.0,-540.1427199000525
translation_g.26658.CDS.881,0.0,-9.045240402340198e-34
transcription_TU_g.26658.CDS.881,0.0,-5.651748831564896e-32
translation_g.26658.CDS.885,0.0,-1.293840430356341e-32
transcription_TU_g.26658.CDS.885,0.0,-1.0877922090384245e-31
translation_g.26658.CDS.886,0.0,-2.993611909036202e-33
transcription_TU_g.26658.CDS.886,0.0,0.0
translation_g.26658.CDS.887,0.0,-1.082997756193415e-32
transcription_TU_g.26658.CDS.887,0.0,0.0
translation_g.26658.CDS.888,2.5749704295441195e-08,4.204831002727296e-33
transcription_TU_g.26658.CDS.888,4.605198652528199e-10,-6.502753745981505e-32
translation_g.26658.CDS.891,1.508855808636818e-10,2.9898269894128295e-33
transcription_TU_g.26658.CDS.891,2.6985089448284726e-12,4.317181719379611e-32
translation_g.26658.CDS.893,9.367388311022181e-08,-6.570677844611466e-33
transcription_TU_g.26658.CDS.893,1.6753079387892293e-09,-8.173399969754716e-32
translation_g.26658.CDS.894,0.0,5.7421351559659565e-34
transcription_TU_g.26658.CDS.894,0.0,5.655162410850803e-32
translation_g.26658.CDS.897,0.0,-1.881884340899889e-35
transcription_TU_g.26658.CDS.897,0.0,-508.67803662867186
translation_g.26658.CDS.899,2.8283287891364912e-11,-4.015424768586702e-33
transcription_TU_g.26658.CDS.899,5.058316701114144e-13,0.0
translation_g.26658.CDS.901,0.0,-1.0087044902315925e-33
transcription_TU_g.26658.CDS.901,0.0,2.1075545957439986e-32
translation_g.26658.CDS.904,0.0,-1.1562235339230884e-32
transcription_TU_g.26658.CDS.904,0.0,0.0
translation_g.26658.CDS.907,7.595215436742801e-08,7.836707319747332e-33
transcription_TU_g.26658.CDS.907,1.3583641774535578e-09,-6.584211039346057e-32
translation_g.26658.CDS.908,0.0,-3.117564931009225e-33
transcription_TU_g.26658.CDS.908,0.0,-396.80430130600774
translation_g.26658.CDS.911,0.0,-6.07036080774944e-33
transcription_TU_g.26658.CDS.911,0.0,-1.141975691255566e-31
translation_g.26658.CDS.913,5.80937717306504e-07,-1.494484208412878e-33
transcription_TU_g.26658.CDS.913,1.0389764333784483e-08,4.46085226786391e-32
translation_420889.6.peg.914,1.90563420500035e-07,2.028077842775723e-33
transcription_TU_420889.6.peg.914,3.4081261564751077e-09,-2.5290655148927985e-32
translation_g.26658.CDS.919,0.0,-4.2730897477725604e-33
transcription_TU_g.26658.CDS.919,0.0,-793.6078664601198
translation_g.26658.CDS.928,0.0,-3.0520908098722183e-33
transcription_TU_g.26658.CDS.928,0.0,-1.6303266440276694e-31
translation_g.26658.CDS.929,0.0,-4.0069205919175965e-33
transcription_TU_g.26658.CDS.929,0.0,-7.680294463578405e-32
translation_g.26658.CDS.932,0.0,-7.986904689182115e-34
transcription_TU_g.26658.CDS.932,0.0,-9.118675392953719e-32
translation_g.26658.CDS.933,0.0,-4.861119437269054e-33
transcription_TU_g.26658.CDS.933,0.0,8.45126765015697e-32
translation_g.26658.CDS.938,7.092731387875053e-10,-9.488511605774047e-33
transcription_TU_g.26658.CDS.938,1.2684975584736905e-11,1.651978676681751e-31
translation_g.26658.CDS.941,0.0,6.100187868304139e-33
transcription_TU_g.26658.CDS.941,0.0,0.0
translation_g.26658.CDS.944,9.136676645706742e-08,-6.077157554996348e-34
transcription_TU_g.26658.CDS.944,1.6340463756255194e-09,2.086372604920036e-32
translation_g.26658.CDS.947,0.0,-3.8377496532608006e-33
transcription_TU_g.26658.CDS.947,0.0,0.0
translation_420889.6.peg.947,0.0,-7.025998867859439e-33
transcription_TU_420889.6.peg.947,0.0,-6.848741790276504e-32
translation_g.26658.CDS.948,1.5711037548212639e-10,-1.6087137663857828e-32
transcription_TU_g.26658.CDS.948,2.8098361098328525e-12,0.0
translation_420889.6.peg.948,0.0,6.717978879155982e-33
transcription_TU_420889.6.peg.948,0.0,-9.040402053137147e-32
translation_g.26658.CDS.949,0.0,5.139502465186086e-33
transcription_TU_g.26658.CDS.949,0.0,-837.3085839491965
translation_g.26658.CDS.954,0.0,-2.7977383240229095e-33
transcription_TU_g.26658.CDS.954,0.0,7.373429678126033e-32
translation_g.26658.CDS.955,-6.960614356460016e-58,-1.1901482071998427e-32
transcription_TU_g.26658.CDS.955,0.0,-707.9545555686503
translation_g.26658.CDS.960,0.0,-1.3036243938258373e-33
transcription_TU_g.26658.CDS.960,0.0,2.4029819571220555e-32
translation_g.26658.CDS.961,0.0,-3.666922417942449e-33
transcription_TU_g.26658.CDS.961,0.0,1.9770614581131896e-31
translation_g.26658.CDS.962,4.0443124716410665e-09,-1.339603603832827e-32
transcription_TU_g.26658.CDS.962,7.233039312261862e-11,-1.057984010398312e-31
translation_g.26658.CDS.963,0.0,-7.634746727439217e-33
transcription_TU_g.26658.CDS.963,0.0,9.849295122447576e-32
translation_g.26658.CDS.964,4.2185742751001965e-08,-1.8624850872042638e-33
transcription_TU_g.26658.CDS.964,7.544697346571483e-10,0.0
translation_g.26658.CDS.966,0.0,-2.8756160799971734e-32
transcription_TU_g.26658.CDS.966,0.0,1.2881969528538562e-31
translation_g.26658.CDS.974,7.302041439076745e-10,-1.4591152666750422e-33
transcription_TU_g.26658.CDS.974,1.305931555955568e-11,0.0
translation_g.26658.CDS.975,8.20278788920787e-06,1.5610777829037897e-33
transcription_TU_g.26658.CDS.975,1.4670253025407595e-07,2.2699057676230336e-32
translation_g.26658.CDS.976,0.0,-8.90827784810111e-33
transcription_TU_g.26658.CDS.976,0.0,0.0
translation_g.26658.CDS.977,2.675996222980043e-07,3.248635444931634e-33
transcription_TU_g.26658.CDS.977,4.785877949837285e-09,-5.430788296705788e-32
translation_g.26658.CDS.980,0.0,-9.2735857041195e-33
transcription_TU_g.26658.CDS.980,0.0,0.0
translation_g.26658.CDS.981,0.0,-3.393003757745744e-33
transcription_TU_g.26658.CDS.981,0.0,-5.52806387928057e-32
translation_g.26658.CDS.989,7.070821972841231e-12,-3.545499612009796e-33
transcription_TU_g.26658.CDS.989,1.2645791752785368e-13,2.4029819571220555e-32
translation_g.26658.CDS.990,4.839643499294964e-08,-1.4862144549976173e-32
transcription_TU_g.26658.CDS.990,8.655446861040603e-10,1.1263099877148807e-31
translation_g.26658.CDS.991,0.0,-5.756561112340307e-33
transcription_TU_g.26658.CDS.991,0.0,5.331738252565157e-32
translation_g.26658.CDS.993,0.0,-3.3478023331751605e-33
transcription_TU_g.26658.CDS.993,0.0,-755.1512661046515
translation_g.26658.CDS.995,0.0,-3.6880087465138434e-33
transcription_TU_g.26658.CDS.995,0.0,-1.0151327197847889e-31
translation_420889.6.peg.999,0.0,5.873476095319077e-33
transcription_TU_420889.6.peg.999,0.0,1.132602271242305e-31
translation_g.26658.CDS.1002,0.0,-1.0087044902315925e-33
transcription_TU_g.26658.CDS.1002,0.0,2.1075545957439986e-32
translation_g.26658.CDS.1005,7.070821972841231e-12,-4.180740620688685e-33
transcription_TU_g.26658.CDS.1005,1.2645791752785368e-13,-9.020727596621184e-32
translation_g.26658.CDS.1013,8.202630778832387e-06,-6.445558621132307e-33
transcription_TU_g.26658.CDS.1013,1.466997204179661e-07,9.196282540339493e-32
translation_g.26658.CDS.1015,8.20278788920787e-06,-1.2281575512084225e-33
transcription_TU_g.26658.CDS.1015,1.4670253025407595e-07,2.1698602619717584e-32
translation_420889.6.peg.1017,0.0,-1.5078434451254879e-33
transcription_TU_420889.6.peg.1017,0.0,1.1136187658406392e-31
translation_g.26658.CDS.1018,0.0004335818868269998,-1.650101212565706e-33
transcription_TU_g.26658.CDS.1018,7.754383110837668e-06,0.0
translation_420889.6.peg.1019,3.1243421842713015e-09,-1.3612412470052075e-32
transcription_TU_420889.6.peg.1019,5.587721028544216e-11,0.0
translation_420889.6.peg.1021,0.0,-4.043896548654496e-33
transcription_TU_420889.6.peg.1021,0.0,0.0
translation_420889.6.peg.1022,3.5788395036394304e-09,5.463163564788044e-33
transcription_TU_420889.6.peg.1022,6.400565486374492e-11,0.0
translation_g.26658.CDS.1023,0.0,5.329139856338316e-34
transcription_TU_g.26658.CDS.1023,0.0,-7.22740671048266e-32
translation_420889.6.peg.1023,0.0,1.1375600596733273e-33
transcription_TU_420889.6.peg.1023,0.0,0.0
translation_420889.6.peg.1026,0.0024592297535195482,-1.650101212565706e-33
transcription_TU_420889.6.peg.1026,4.3982025646681054e-05,0.0
translation_g.26658.CDS.1028,1.508855808636818e-10,-2.268174261025677e-33
transcription_TU_g.26658.CDS.1028,2.6985089448284726e-12,0.0
translation_g.26658.CDS.1030,8.086419343800004e-10,-9.710960311788737e-33
transcription_TU_g.26658.CDS.1030,1.4462134026307534e-11,0.0
translation_g.26658.CDS.1036,0.0,-7.987752320101272e-33
transcription_TU_g.26658.CDS.1036,0.0,0.0
translation_g.26658.CDS.1038,0.0,8.878373539787214e-33
transcription_TU_g.26658.CDS.1038,0.0,1.4185570655044007e-31
translation_420889.6.peg.1038,0.0,-1.3408733782499383e-32
transcription_TU_420889.6.peg.1038,0.0,9.956940889078814e-32
translation_g.26658.CDS.1040,0.0,6.680163596495173e-33
transcription_TU_g.26658.CDS.1040,0.0,-666.0012982938545
translation_420889.6.peg.1040,6.072856139965234e-08,-5.969937809597595e-33
transcription_TU_420889.6.peg.1040,1.0860982554163469e-09,-1.7028206438067365e-31
translation_g.26658.CDS.1045,1.2511430926377209e-11,8.314138643103099e-33
transcription_TU_g.26658.CDS.1045,2.23760335972296e-13,-8.472264620779562e-32
translation_g.26658.CDS.1047,2.074897167018209e-08,-3.1760626075331366e-33
transcription_TU_g.26658.CDS.1047,3.710844026810255e-10,0.0
translation_g.26658.CDS.1049,0.0,4.222637632046185e-33
transcription_TU_g.26658.CDS.1049,0.0,0.0
translation_g.26658.CDS.1055,0.0,-9.10487806704386e-33
transcription_TU_g.26658.CDS.1055,0.0,0.0
translation_g.26658.CDS.1064,0.0,1.5977346580038716e-33
transcription_TU_g.26658.CDS.1064,0.0,8.861759593503784e-32
translation_g.26658.CDS.1065,0.0,-6.617571652961313e-33
transcription_TU_g.26658.CDS.1065,0.0,7.633887425645366e-32
translation_g.26658.CDS.1070,0.0,-3.973504165746223e-33
transcription_TU_g.26658.CDS.1070,0.0,-6.87463504629905e-32
translation_g.26658.CDS.1081,3.5754853411668405e-06,-8.427351429090857e-33
transcription_TU_g.26658.CDS.1081,6.394566743895004e-08,6.664672815706446e-32
translation_g.26658.CDS.1082,2.675996222980043e-07,8.359560241787481e-34
transcription_TU_g.26658.CDS.1082,4.785877949837285e-09,-2.5290655148927985e-32
translation_g.26658.CDS.1090,8.20278788920787e-06,1.8590319601821376e-33
transcription_TU_g.26658.CDS.1090,1.4670253025407595e-07,-5.264669692774647e-32
translation_g.26658.CDS.1091,4.201422847123193e-09,-3.8377496532608006e-33
transcription_TU_g.26658.CDS.1091,7.514022923245147e-11,7.795103437215555e-32
translation_g.26658.CDS.1094,7.746031229835571e-13,-1.38003991487575e-33
transcription_TU_g.26658.CDS.1094,1.3853367857275005e-14,7.27640663917132e-32
translation_g.26658.CDS.1098,0.0,-2.755821347294215e-32
transcription_TU_g.26658.CDS.1098,0.0,-1.1120221789753994e-31
translation_g.26658.CDS.1100,0.0,-2.452493230432168e-33
transcription_TU_g.26658.CDS.1100,0.0,-1.5314252203401872e-31
translation_g.26658.CDS.1101,0.0,1.3118803248759416e-33
transcription_TU_g.26658.CDS.1101,0.0,-2.2502525339186888e-32
translation_g.26658.CDS.1104,2.9306875703403455e-08,-1.944858483246098e-33
transcription_TU_g.26658.CDS.1104,5.241379976663244e-10,-8.019792185345147e-32
translation_g.26658.CDS.1105,0.0,-7.754080665006601e-33
transcription_TU_g.26658.CDS.1105,0.0,9.758683305623405e-32
translation_g.26658.CDS.1111,0.0,4.274808914065168e-33
transcription_TU_g.26658.CDS.1111,0.0,5.655162410850803e-32
translation_g.26658.CDS.1117,0.0,-1.0030218528080938e-32
transcription_TU_g.26658.CDS.1117,0.0,0.0
translation_g.26658.CDS.1121,4.0088848554027754e-08,2.0110295580113538e-32
transcription_TU_g.26658.CDS.1121,7.169678891229085e-10,-8.45126765015697e-32
translation_g.26658.CDS.1122,8.20278788920787e-06,8.763430906576217e-34
transcription_TU_g.26658.CDS.1122,1.4670253025407595e-07,9.162410298026779e-32
translation_g.26658.CDS.1126,9.462480666074527e-08,6.747678378235349e-33
transcription_TU_g.26658.CDS.1126,1.6923147043943132e-09,-9.574887506400252e-32
translation_g.26658.CDS.1135,0.0,-7.789457928415606e-33
transcription_TU_g.26658.CDS.1135,0.0,8.555737223887044e-32
translation_420889.6.peg.1147,1.288206933919011e-09,-1.4316433892208364e-32
transcription_TU_420889.6.peg.1147,2.3038900828510138e-11,0.0
translation_420889.6.peg.1148,0.0,-1.3597210106304517e-33
transcription_TU_420889.6.peg.1148,0.0,0.0
translation_g.26658.CDS.1149,5.883688602408547e-09,-1.5531506773850322e-32
transcription_TU_g.26658.CDS.1149,1.0522666401456286e-10,-2.414047166635864e-31
translation_420889.6.peg.1154,0.0,3.782783964750262e-33
transcription_TU_420889.6.peg.1154,0.0,-8.638403271664255e-32
translation_420889.6.peg.1155,0.0,1.5563472007542573e-33
transcription_TU_420889.6.peg.1155,0.0,0.0
translation_420889.6.peg.1156,0.0,-2.7873451546802728e-33
transcription_TU_420889.6.peg.1156,0.0,8.302802209201806e-32
translation_g.26658.CDS.1157,0.0,-5.499921221271053e-33
transcription_TU_g.26658.CDS.1157,0.0,0.0
translation_g.26658.CDS.1158,0.0,-1.3036243481809428e-33
transcription_TU_g.26658.CDS.1158,0.0,0.0
translation_g.26658.CDS.1162,1.8550922753276594e-08,-2.537508702369809e-32
transcription_TU_g.26658.CDS.1162,3.317734583913998e-10,1.1215676088085797e-31
translation_420889.6.peg.1162,0.0,2.8045423041750844e-33
transcription_TU_420889.6.peg.1162,0.0,0.0
translation_420889.6.peg.1163,0.0,2.492078042926303e-33
transcription_TU_420889.6.peg.1163,0.0,3.054136766008926e-32
translation_420889.6.peg.1164,0.0,5.6057543032060254e-33
transcription_TU_420889.6.peg.1164,0.0,-2.392608258546492e-31
translation_420889.6.peg.1165,0.0,-3.944935200234962e-33
transcription_TU_420889.6.peg.1165,0.0,-9.885307290565948e-32
translation_420889.6.peg.1166,0.0,4.321545300029555e-34
transcription_TU_420889.6.peg.1166,0.0,-2.3844258341943266e-31
translation_420889.6.peg.1167,0.0,4.3146170703505894e-33
transcription_TU_420889.6.peg.1167,0.0,-396.8038996472108
translation_420889.6.peg.1168,0.0,9.922375817527508e-34
transcription_TU_420889.6.peg.1168,0.0,0.0
translation_420889.6.peg.1169,0.0,-5.07615247757991e-33
transcription_TU_420889.6.peg.1169,0.0,6.42026304376281e-32
translation_g.26658.CDS.1172,0.0,-1.2579229522510558e-32
transcription_TU_g.26658.CDS.1172,0.0,0.0
translation_g.26658.CDS.1173,2.074897167018209e-08,-6.069731013359426e-33
transcription_TU_g.26658.CDS.1173,3.710844026810255e-10,1.2937020931183862e-31
translation_g.26658.CDS.1174,6.625111529649591e-07,-1.7528531726360488e-32
transcription_TU_g.26658.CDS.1174,1.1848662159041921e-08,-2.012687052953336e-31
translation_g.26658.CDS.1175,7.855518774106319e-11,-1.1072313293670768e-32
transcription_TU_g.26658.CDS.1175,1.4049180549164262e-12,7.633887425645366e-32
translation_g.26658.CDS.1176,8.20278788920787e-06,-1.232343595083532e-33
transcription_TU_g.26658.CDS.1176,1.4670253025407595e-07,-5.748642502614845e-32
translation_g.26658.CDS.1178,8.086419343800004e-10,-1.2005032558249992e-32
transcription_TU_g.26658.CDS.1178,1.4462134026307534e-11,7.22740671048266e-32
translation_g.26658.CDS.1181,0.0,3.023328256561844e-34
transcription_TU_g.26658.CDS.1181,0.0,-281.4335323773833
translation_g.26658.CDS.1187,8.20278788920787e-06,-5.330749769698461e-33
transcription_TU_g.26658.CDS.1187,1.4670253025407595e-07,-1.5080433095602142e-31
translation_g.26658.CDS.1188,1.3439986459889215e-07,-7.640211456827758e-34
transcription_TU_g.26658.CDS.1188,2.403670614036407e-09,-8.195108905652794e-32
translation_g.26658.CDS.1190,0.0,-1.0532318641571767e-32
transcription_TU_g.26658.CDS.1190,0.0,9.758683305623405e-32
translation_g.26658.CDS.1193,7.318694511452055e-08,-7.4327419755892105e-34
transcription_TU_g.26658.CDS.1193,1.3089098700202004e-09,-1.5080433095602142e-31
translation_g.26658.CDS.1196,0.0,1.1174319205846496e-32
transcription_TU_g.26658.CDS.1196,0.0,-2.620157441780698e-31
translation_g.26658.CDS.1197,0.0,6.596974656944809e-33
transcription_TU_g.26658.CDS.1197,0.0,-1.1404188047903256e-31
translation_g.26658.CDS.1199,0.0,4.48391774082466e-33
transcription_TU_g.26658.CDS.1199,0.0,-290.17343245571647
translation_g.26658.CDS.1207,3.947148997431487e-08,-5.4204799276656564e-33
transcription_TU_g.26658.CDS.1207,7.059267568955228e-10,5.870967744977244e-32
translation_g.26658.CDS.1208,3.0509044830692545e-09,-1.3612412470052075e-32
transcription_TU_g.26658.CDS.1208,5.4563815775197974e-11,0.0
translation_g.26658.CDS.1209,0.0,4.474758588470139e-33
transcription_TU_g.26658.CDS.1209,0.0,1.8812802510089733e-31
translation_g.26658.CDS.1215,3.281581843600449e-11,1.474867913512753e-32
transcription_TU_g.26658.CDS.1215,5.868935856861596e-13,0.0
translation_g.26658.CDS.1225,0.0,-1.0087044902315925e-33
transcription_TU_g.26658.CDS.1225,0.0,2.1075545957439986e-32
translation_g.26658.CDS.1226,3.8358918960910234e-08,-1.3847145107172644e-32
transcription_TU_g.26658.CDS.1226,6.86029011768096e-10,7.633887425645366e-32
translation_g.26658.CDS.1227,0.0,6.598869733804399e-33
transcription_TU_g.26658.CDS.1227,0.0,-393.30777545104087
translation_g.26658.CDS.1233,8.202630778832387e-06,-1.1699292571063718e-33
transcription_TU_g.26658.CDS.1233,1.466997204179661e-07,0.0
translation_g.26658.CDS.1234,1.3260084750677116e-08,-6.542863811986323e-33
transcription_TU_g.26658.CDS.1234,2.371496143240727e-10,0.0
translation_420889.6.peg.1235,0.0,-9.937996781839917e-33
transcription_TU_420889.6.peg.1235,0.0,-624.0484590542811
translation_g.26658.CDS.1236,0.0,1.0930799057872151e-32
transcription_TU_g.26658.CDS.1236,0.0,9.36854838014209e-32
translation_420889.6.peg.1236,0.0,-1.0127611416326453e-32
transcription_TU_420889.6.peg.1236,0.0,1.5267774851290733e-31
translation_420889.6.peg.1242,0.0,2.2363013840314336e-33
transcription_TU_420889.6.peg.1242,0.0,-7.178072299641675e-32
translation_g.26658.CDS.1245,1.5711037548212639e-10,-1.1034560709338755e-33
transcription_TU_g.26658.CDS.1245,2.8098361098328525e-12,-4.955936030045253e-31
translation_g.26658.CDS.1251,3.1729823109802813e-06,-2.0148641371267275e-32
transcription_TU_g.26658.CDS.1251,5.674711326921604e-08,1.035922578172936e-31
translation_g.26658.CDS.1263,0.0,2.4988628663411884e-33
transcription_TU_g.26658.CDS.1263,0.0,0.0
translation_420889.6.peg.1266,1.8461921724486869e-06,-5.18968146200802e-33
transcription_TU_420889.6.peg.1266,3.301817219848243e-08,7.178072299641675e-32
translation_g.26658.CDS.1267,0.0,2.8878944031942383e-33
transcription_TU_g.26658.CDS.1267,0.0,2.590149443439993e-31
translation_420889.6.peg.1267,2.663422491696743e-09,-4.2195443944071316e-33
transcription_TU_420889.6.peg.1267,4.763390495341213e-11,0.0
translation_g.26658.CDS.1268,0.0,-1.05189083693905e-32
transcription_TU_g.26658.CDS.1268,0.0,9.001010135674755e-32
translation_g.26658.CDS.1285,4.03180104071469e-09,3.8525213665167105e-33
transcription_TU_g.26658.CDS.1285,7.210663278664632e-11,8.472264620779562e-32
translation_g.26658.CDS.1292,0.0,-1.1684584670541031e-32
transcription_TU_g.26658.CDS.1292,0.0,-1.6259616384864649e-31
translation_420889.6.peg.1299,0.0,1.8737206653546932e-33
transcription_TU_420889.6.peg.1299,0.0,2.5163884149379195e-31
translation_g.26658.CDS.1305,0.0,-3.793926147187671e-34
transcription_TU_g.26658.CDS.1305,0.0,0.0
translation_g.26658.CDS.1312,0.0,-1.2189702453822153e-32
transcription_TU_g.26658.CDS.1312,0.0,-431.7640271283172
translation_g.26658.CDS.1314,6.847351198391435e-10,-2.53853480497443e-32
transcription_TU_g.26658.CDS.1314,1.2246126072136041e-11,2.497963470159984e-31
translation_420889.6.peg.1318,0.0,4.3654809039817635e-34
transcription_TU_420889.6.peg.1318,0.0,-7.002665318963902e-32
translation_420889.6.peg.1319,0.0,7.035498270643002e-33
transcription_TU_420889.6.peg.1319,0.0,2.3521668961845115e-31
translation_g.26658.CDS.1320,1.4141643945682463e-11,-6.836206078867606e-33
transcription_TU_g.26658.CDS.1320,2.5291583505570736e-13,0.0
translation_420889.6.peg.1320,0.0,-4.606804874174016e-33
transcription_TU_420889.6.peg.1320,0.0,-457.98531380921094
translation_g.26658.CDS.1322,0.0,-6.45292952376539e-34
transcription_TU_g.26658.CDS.1322,0.0,2.5163884149379195e-31
translation_g.26658.CDS.1323,1.508855808636818e-10,-5.604168557966219e-33
transcription_TU_g.26658.CDS.1323,2.6985089448284726e-12,1.7111474447774088e-31
translation_g.26658.CDS.1324,6.587808578987667e-08,-6.205520233922374e-33
transcription_TU_g.26658.CDS.1324,1.178194780141179e-09,-9.387493896721655e-32
translation_420889.6.peg.1325,0.0,-1.0935909904999783e-32
transcription_TU_420889.6.peg.1325,0.0,0.0
translation_g.26658.CDS.1327,-6.987514171279505e-58,-4.676632141708473e-33
transcription_TU_g.26658.CDS.1327,-1.1588621661456142e-59,0.0
translation_g.26658.CDS.1328,8.273611260879278e-07,5.6911692942753724e-33
transcription_TU_g.26658.CDS.1328,1.4796916886105371e-08,0.0
translation_g.26658.CDS.1329,0.0,-1.0573633863372158e-33
transcription_TU_g.26658.CDS.1329,0.0,3.054136766008926e-32
translation_g.26658.CDS.1330,1.4141643945682463e-11,1.478398012777388e-33
transcription_TU_g.26658.CDS.1330,2.5291583505570736e-13,-8.173399969754716e-32
translation_g.26658.CDS.1331,-2.7953730823987663e-31,1.1468351348297585e-32
transcription_TU_g.26658.CDS.1331,-2.3450405237789575e-33,0.0
translation_g.26658.CDS.1332,0.0,-1.778686148603078e-32
transcription_TU_g.26658.CDS.1332,0.0,0.0
translation_g.26658.CDS.1335,9.551775301831682e-08,-9.531321473966283e-34
transcription_TU_g.26658.CDS.1335,1.7082845785159223e-09,1.1681253246572451e-31
translation_g.26658.CDS.1337,1.924486569568147e-08,-2.5094076467398282e-33
transcription_TU_g.26658.CDS.1337,3.4418426150831235e-10,0.0
translation_g.26658.CDS.1339,-6.334688095205515e-32,1.0097691147751309e-32
transcription_TU_g.26658.CDS.1339,-1.3275779918202916e-33,-9.685583525000424e-32
translation_g.26658.CDS.1341,1.8986453742715996e-07,9.850580017094979e-34
transcription_TU_g.26658.CDS.1341,3.3956270017331684e-09,7.703393145698617e-32
translation_g.26658.CDS.1345,0.0,-1.658715075406793e-33
transcription_TU_g.26658.CDS.1345,0.0,-337.37059880542404
translation_g.26658.CDS.1347,0.0,1.27118282566374e-32
transcription_TU_g.26658.CDS.1347,0.0,-611.8118462072158
translation_g.26658.CDS.1348,2.080034152597811e-06,-1.8471188302400964e-33
transcription_TU_g.26658.CDS.1348,3.720031254282001e-08,0.0
translation_g.26658.CDS.1352,0.0,-5.2972051164623075e-34
transcription_TU_g.26658.CDS.1352,0.0,-288.42596464053105
translation_g.26658.CDS.1359,0.0,3.126974319515003e-33
transcription_TU_g.26658.CDS.1359,0.0,9.040402053137147e-32
translation_g.26658.CDS.1360,0.0,-6.74467213468353e-34
transcription_TU_g.26658.CDS.1360,0.0,0.0
translation_g.26658.CDS.1372,7.070821972841231e-12,-5.824175268617918e-33
transcription_TU_g.26658.CDS.1372,1.2645791752785368e-13,5.779466543963483e-32
translation_g.26658.CDS.1376,0.0,3.4538022733645154e-33
transcription_TU_g.26658.CDS.1376,0.0,-8.409116426518487e-32
translation_g.26658.CDS.1380,8.20278788920787e-06,3.1746153288667253e-34
transcription_TU_g.26658.CDS.1380,1.4670253025407595e-07,0.0
translation_g.26658.CDS.1389,1.7544873811615738e-06,-9.685556065007582e-33
transcription_TU_g.26658.CDS.1389,3.137808042725164e-08,0.0
translation_g.26658.CDS.1392,0.0,-2.5307808033679347e-33
transcription_TU_g.26658.CDS.1392,0.0,-580.3477988874249
translation_g.26658.CDS.1393,1.604401373833082e-09,-3.5368911915713526e-33
transcription_TU_g.26658.CDS.1393,2.8693871432918155e-11,0.0
translation_g.26658.CDS.1394,1.7697567272229028e-07,1.7086745088337134e-34
transcription_TU_g.26658.CDS.1394,3.1651164619209014e-09,5.127901650219763e-32
translation_g.26658.CDS.1396,8.20278788920787e-06,4.259439453788522e-34
transcription_TU_g.26658.CDS.1396,1.4670253025407595e-07,-2.950576434041598e-32
translation_g.26658.CDS.1406,8.202866444395611e-06,-6.452878491509438e-33
transcription_TU_g.26658.CDS.1406,1.4670393517213085e-07,-3.57663875129149e-32
translation_g.26658.CDS.1407,8.888213947464364e-08,-2.4553786414079155e-32
transcription_TU_g.26658.CDS.1407,1.589610133949847e-09,0.0
translation_g.26658.CDS.1410,0.0,-5.977292811828621e-33
transcription_TU_g.26658.CDS.1410,0.0,-655.5126486405395
translation_g.26658.CDS.1413,0.0,-1.0087044902315925e-33
transcription_TU_g.26658.CDS.1413,0.0,2.1075545957439986e-32
translation_g.26658.CDS.1419,0.0,5.14407220887737e-33
transcription_TU_g.26658.CDS.1419,0.0,0.0
translation_g.26658.CDS.1420,0.0,3.372104813846396e-33
transcription_TU_g.26658.CDS.1420,0.0,0.0
translation_g.26658.CDS.1421,2.67750507878868e-07,-1.9740430035080692e-29
transcription_TU_g.26658.CDS.1421,4.7885764587821134e-09,9.118675392953719e-32
translation_g.26658.CDS.1423,4.0443124716410665e-09,-1.0803604343883804e-33
transcription_TU_g.26658.CDS.1423,7.233039312261862e-11,0.0
translation_g.26658.CDS.1424,0.0,1.0028620418388972e-33
transcription_TU_g.26658.CDS.1424,0.0,0.0
translation_g.26658.CDS.1427,8.20278788920787e-06,-6.243006028522261e-34
transcription_TU_g.26658.CDS.1427,1.4670253025407595e-07,0.0
translation_g.26658.CDS.1431,0.0,5.283747647002873e-33
transcription_TU_g.26658.CDS.1431,0.0,1.9626301596502888e-31
translation_g.26658.CDS.1432,0.0,-8.895616922776342e-34
transcription_TU_g.26658.CDS.1432,0.0,-7.178072299641675e-32
translation_g.26658.CDS.1436,4.560738357192423e-08,-4.257556304588066e-33
transcription_TU_g.26658.CDS.1436,8.156639740827886e-10,8.961445064423093e-32
translation_g.26658.CDS.1439,0.0,-1.116155983312506e-32
transcription_TU_g.26658.CDS.1439,0.0,8.597169607728641e-32
translation_g.26658.CDS.1440,0.0,-1.0087044902315925e-33
transcription_TU_g.26658.CDS.1440,0.0,2.1075545957439986e-32
translation_g.26658.CDS.1442,8.107338938105314e-09,-5.914444207790058e-34
transcription_TU_g.26658.CDS.1442,1.449954761614954e-10,0.0
translation_420889.6.peg.1444,0.0,-2.348337971345254e-32
transcription_TU_420889.6.peg.1444,0.0,2.1558954663427404e-31
translation_g.26658.CDS.1448,1.0390205714127064e-07,2.477401108067897e-32
transcription_TU_g.26658.CDS.1448,1.8582334307683708e-09,3.204037557158945e-31
translation_420889.6.peg.1453,0.0,1.5977346580038716e-33
transcription_TU_420889.6.peg.1453,0.0,8.861759593503784e-32
translation_g.26658.CDS.1455,1.4141643945682463e-11,3.410939306984776e-33
transcription_TU_g.26658.CDS.1455,2.5291583505570736e-13,0.0
translation_g.26658.CDS.1456,0.0,1.4360458471845627e-33
transcription_TU_g.26658.CDS.1456,0.0,-3.2239386028982407e-32
translation_g.26658.CDS.1460,0.0,-7.029270531664059e-33
transcription_TU_g.26658.CDS.1460,0.0,-966.6632895804829
translation_420889.6.peg.1464,4.509944901392591e-06,-1.2722454556397505e-32
transcription_TU_420889.6.peg.1464,8.065798327069185e-08,-1.0081074954491359e-31
translation_g.26658.CDS.1470,0.0,-7.597247589374883e-33
transcription_TU_g.26658.CDS.1470,0.0,0.0
translation_g.26658.CDS.1474,4.20920128590337e-09,-1.2694521182884813e-32
transcription_TU_g.26658.CDS.1474,7.527934250295061e-11,8.345490419680144e-32
translation_g.26658.CDS.1478,0.0,-7.232083638602941e-33
transcription_TU_g.26658.CDS.1478,0.0,-1.129460511317134e-31
translation_420889.6.peg.1480,0.0,5.927606318586964e-33
transcription_TU_420889.6.peg.1480,0.0,-8.324173678813395e-32
translation_g.26658.CDS.1485,4.006522539313012e-08,-3.521181192931544e-33
transcription_TU_g.26658.CDS.1485,7.165454013634918e-10,9.903264266838465e-32
translation_420889.6.peg.1485,0.0,-6.22906269331361e-33
transcription_TU_420889.6.peg.1485,0.0,0.0
translation_g.26658.CDS.1486,0.0,7.228283147592469e-33
transcription_TU_g.26658.CDS.1486,0.0,-945.6863890681968
translation_g.26658.CDS.1498,7.070821972841231e-12,-3.9983933075868994e-33
transcription_TU_g.26658.CDS.1498,1.2645791752785368e-13,0.0
translation_g.26658.CDS.1500,1.0388485950097748e-07,-1.0006310171369228e-32
transcription_TU_g.26658.CDS.1500,1.8579258600522333e-09,7.397486608855275e-32
translation_420889.6.peg.1500,1.5963607111462823e-08,-1.1757839647221259e-32
transcription_TU_420889.6.peg.1500,2.855006842630561e-10,9.42527068475134e-32
translation_g.26658.CDS.1503,0.0,-4.0641216507198885e-33
transcription_TU_g.26658.CDS.1503,0.0,0.0
translation_g.26658.CDS.1506,4.2211661501453026e-10,2.338601372524309e-33
transcription_TU_g.26658.CDS.1506,7.549332778236364e-12,0.0
translation_g.26658.CDS.1514,8.20278788920787e-06,1.556223940802777e-33
transcription_TU_g.26658.CDS.1514,1.4670253025407595e-07,-2.4029819571220555e-32
translation_g.26658.CDS.1520,0.0,-4.694807556861085e-33
transcription_TU_g.26658.CDS.1520,0.0,-8.107924416015261e-32
translation_g.26658.CDS.1521,4.631575654264938e-06,2.234674528237764e-34
transcription_TU_g.26658.CDS.1521,8.28332850637027e-08,9.001010135674755e-32
translation_g.26658.CDS.1523,-7.09076408559915e-58,-3.837065110207528e-32
transcription_TU_g.26658.CDS.1523,0.0,-2.5064841207245872e-31
translation_g.26658.CDS.1525,3.5568576030210895e-08,-3.0244866294122728e-33
transcription_TU_g.26658.CDS.1525,6.361252017782345e-10,-1.0910539621133144e-31
translation_g.26658.CDS.1527,0.0,1.9085746164633722e-33
transcription_TU_g.26658.CDS.1527,0.0,-9.939080891042506e-32
translation_g.26658.CDS.1531,0.0,-4.5254125855719864e-33
transcription_TU_g.26658.CDS.1531,0.0,-7.795103437215555e-32
translation_g.26658.CDS.1534,3.5818885473998135e-09,-2.389556518048756e-33
transcription_TU_g.26658.CDS.1534,6.406018540147736e-11,-8.129808192432324e-32
translation_g.26658.CDS.1535,0.0,4.416697970292676e-33
transcription_TU_g.26658.CDS.1535,0.0,0.0
translation_420889.6.peg.1541,1.6520743872402498e-09,-6.817800526432099e-33
transcription_TU_420889.6.peg.1541,2.954647810593349e-11,0.0
translation_420889.6.peg.1542,2.010093608456504e-09,-4.448832971013561e-33
transcription_TU_420889.6.peg.1542,3.594946284007736e-11,-3.210131521881405e-32
translation_g.26658.CDS.1543,0.0,3.7885739924061664e-32
transcription_TU_g.26658.CDS.1543,0.0,-4.955936030045253e-31
translation_g.26658.CDS.1553,1.4628973298437622e-09,1.543252448269919e-33
transcription_TU_g.26658.CDS.1553,2.6163146321553374e-11,-9.060033785383456e-32
translation_g.26658.CDS.1555,2.3406482324432947e-10,9.323934132375156e-34
transcription_TU_g.26658.CDS.1555,4.1861257754322035e-12,0.0
translation_g.26658.CDS.1563,0.0,-1.0087044902315925e-33
transcription_TU_g.26658.CDS.1563,0.0,2.1075545957439986e-32
translation_420889.6.peg.1567,0.0,3.8902317623910886e-33
transcription_TU_420889.6.peg.1567,0.0,-353.1032839070258
translation_g.26658.CDS.1568,0.0,3.4384869978769135e-33
transcription_TU_g.26658.CDS.1568,0.0,-8.019792185345147e-32
translation_g.26658.CDS.1569,0.0,1.6436085336161178e-33
transcription_TU_g.26658.CDS.1569,0.0,-6.475373608599983e-32
translation_g.26658.CDS.1570,1.4141643945682463e-11,-9.650154519123644e-33
transcription_TU_g.26658.CDS.1570,2.5291583505570736e-13,0.0
translation_g.26658.CDS.1571,0.0,9.268284388650913e-33
transcription_TU_g.26658.CDS.1571,0.0,-473.7174982405708
translation_g.26658.CDS.1576,0.0,-9.2735857041195e-33
transcription_TU_g.26658.CDS.1576,0.0,1.0529339385549294e-31
translation_g.26658.CDS.1579,-3.7042635456983196e-33,-1.5627739332636412e-32
transcription_TU_g.26658.CDS.1579,-6.624879763096691e-35,0.0
translation_g.26658.CDS.1582,8.20278788920787e-06,-8.461074933180817e-33
transcription_TU_g.26658.CDS.1582,1.4670253025407595e-07,0.0
translation_g.26658.CDS.1584,1.2552147322928448e-08,-4.592137747716531e-33
transcription_TU_g.26658.CDS.1584,2.2448852722599818e-10,2.7479149979340344e-32
translation_g.26658.CDS.1586,0.0,-3.1220362899122966e-33
transcription_TU_g.26658.CDS.1586,0.0,-6.02038012190093e-32
translation_g.26658.CDS.1587,1.4015005157943711e-63,-4.840556223917956e-34
transcription_TU_g.26658.CDS.1587,0.0,8.173399969754716e-32
translation_g.26658.CDS.1588,1.7355079103665554e-29,8.717698840753889e-34
transcription_TU_g.26658.CDS.1588,3.1038642613410836e-31,2.843246595136588e-32
translation_g.26658.CDS.1591,0.0,-8.970971838663117e-33
transcription_TU_g.26658.CDS.1591,0.0,0.0
translation_420889.6.peg.1593,1.6589664779617466e-08,-6.256555412137578e-33
transcription_TU_420889.6.peg.1593,2.9669739509402727e-10,1.9186851088195057e-31
translation_420889.6.peg.1594,0.0,2.8110952621103054e-33
transcription_TU_420889.6.peg.1594,0.0,7.492941996831848e-32
translation_g.26658.CDS.1595,9.052438425585128e-08,6.970162173560599e-33
transcription_TU_g.26658.CDS.1595,1.618980814742006e-09,8.345490419680144e-32
translation_g.26658.CDS.1597,0.0,5.337498012004612e-33
transcription_TU_g.26658.CDS.1597,0.0,1.0877922090384245e-31
translation_g.26658.CDS.1600,0.0,-9.515466696888455e-33
transcription_TU_g.26658.CDS.1600,0.0,0.0
translation_g.26658.CDS.1603,0.0,-6.544018336679228e-33
transcription_TU_g.26658.CDS.1603,0.0,0.0
translation_g.26658.CDS.1605,1.508855808636818e-10,3.177160576007152e-33
transcription_TU_g.26658.CDS.1605,2.6985089448284726e-12,1.6775922766252796e-31
translation_g.26658.CDS.1606,0.0,-1.5560452750045196e-33
transcription_TU_g.26658.CDS.1606,0.0,5.397973565488555e-32
translation_g.26658.CDS.1612,0.0,-1.0087044902315925e-33
transcription_TU_g.26658.CDS.1612,0.0,2.1075545957439986e-32
translation_420889.6.peg.1622,0.0,-7.622416900368854e-33
transcription_TU_420889.6.peg.1622,0.0,0.0
translation_g.26658.CDS.1624,0.0,-1.0087044902315925e-33
transcription_TU_g.26658.CDS.1624,0.0,2.1075545957439986e-32
translation_g.26658.CDS.1633,0.0,2.208253545933161e-33
transcription_TU_g.26658.CDS.1633,0.0,-2.012687052953336e-31
translation_g.26658.CDS.1636,0.0,-6.126441051039889e-33
transcription_TU_g.26658.CDS.1636,0.0,0.0
translation_g.26658.CDS.1639,0.0,-1.1600331753745243e-33
transcription_TU_g.26658.CDS.1639,0.0,0.0
translation_g.26658.CDS.1641,8.703351755785696e-07,-1.6293693234381105e-32
transcription_TU_g.26658.CDS.1641,1.5565485070568062e-08,8.324173678813395e-32
translation_420889.6.peg.1649,7.567951612897591e-08,-1.902465552560232e-32
transcription_TU_420889.6.peg.1649,1.3534881865142384e-09,0.0
translation_g.26658.CDS.1652,-2.1234757571768464e-29,-3.554928018523119e-33
transcription_TU_g.26658.CDS.1652,-3.79772427031654e-31,-2.874321251307423e-32
translation_g.26658.CDS.1654,3.1635925928302e-07,-7.754139310301304e-33
transcription_TU_g.26658.CDS.1654,5.657918311795589e-09,6.977247212152975e-32
translation_g.26658.CDS.1655,0.0,-2.2734815018544291e-32
transcription_TU_g.26658.CDS.1655,0.0,-844.3009216300959
translation_g.26658.CDS.1658,8.273611260879278e-07,-9.270404827326971e-33
transcription_TU_g.26658.CDS.1658,1.4796916886105371e-08,0.0
translation_g.26658.CDS.1660,6.138854713014138e-08,-1.4965851708983078e-32
transcription_TU_g.26658.CDS.1660,1.0979017517278521e-09,0.0
translation_g.26658.CDS.1670,7.070821972841231e-12,-3.8001136009102255e-33
transcription_TU_g.26658.CDS.1670,1.2645791752785368e-13,-7.178072299641675e-32
translation_g.26658.CDS.1673,2.877938622000674e-07,3.516642451124041e-33
transcription_TU_g.26658.CDS.1673,5.147041267748772e-09,0.0
translation_g.26658.CDS.1678,1.4247637435645096e-07,-9.168277108441854e-33
transcription_TU_g.26658.CDS.1678,2.548114726581908e-09,0.0
translation_g.26658.CDS.1681,0.0,-3.256711015501218e-34
transcription_TU_g.26658.CDS.1681,0.0,-7.373429678126033e-32
translation_g.26658.CDS.1682,0.0,1.9279063339606822e-34
transcription_TU_g.26658.CDS.1682,0.0,1.911262701465147e-31
translation_g.26658.CDS.1683,0.0,1.524048522877807e-33
transcription_TU_g.26658.CDS.1683,0.0,0.0
translation_g.26658.CDS.1685,7.076610167415722e-07,-9.585954961992749e-33
transcription_TU_g.26658.CDS.1685,1.2656143633160061e-08,-1.7317892942713675e-31
translation_g.26658.CDS.1686,8.202630778832387e-06,-3.933268918477806e-33
transcription_TU_g.26658.CDS.1686,1.466997204179661e-07,-2.7479149979340344e-32
translation_g.26658.CDS.1689,0.0,7.156220033885012e-33
transcription_TU_g.26658.CDS.1689,0.0,-8.638403271664255e-32
translation_g.26658.CDS.1693,7.070821972841231e-12,1.9237480234033484e-34
transcription_TU_g.26658.CDS.1693,1.2645791752785368e-13,-5.105191026008806e-32
translation_420889.6.peg.1700,4.554974649547226e-08,5.0642212788545624e-33
transcription_TU_420889.6.peg.1700,8.146331654033302e-10,7.22740671048266e-32
translation_420889.6.peg.1707,0.0,6.323978075865053e-33
transcription_TU_420889.6.peg.1707,0.0,0.0
translation_g.26658.CDS.1709,0.0,4.222797356329905e-33
transcription_TU_g.26658.CDS.1709,0.0,0.0
translation_g.26658.CDS.1716,0.0,-2.1148905385467287e-33
transcription_TU_g.26658.CDS.1716,0.0,-2.230426133931955e-32
translation_g.26658.CDS.1719,7.070821972841231e-12,-2.1034964710843553e-33
transcription_TU_g.26658.CDS.1719,1.2645791752785368e-13,5.591974255417598e-32
translation_g.26658.CDS.1722,2.4447002261634433e-09,7.981919389802146e-34
transcription_TU_g.26658.CDS.1722,4.3722172721635797e-11,0.0
translation_g.26658.CDS.1723,1.4922728305864931e-07,-6.441065009512959e-34
transcription_TU_g.26658.CDS.1723,2.6688511641813444e-09,2.493692227131951e-32
translation_g.26658.CDS.1734,8.202630778832387e-06,-9.083289072898078e-33
transcription_TU_g.26658.CDS.1734,1.466997204179661e-07,5.591974255417598e-32
translation_g.26658.CDS.1735,0.0,-4.061925750602848e-36
transcription_TU_g.26658.CDS.1735,0.0,7.610577791304883e-32
translation_g.26658.CDS.1740,0.0,3.020094081349664e-33
transcription_TU_g.26658.CDS.1740,0.0,9.254060800077067e-32
translation_g.26658.CDS.1743,0.0,-6.663368317449e-33
transcription_TU_g.26658.CDS.1743,0.0,0.0
translation_g.26658.CDS.1744,4.0443124716410665e-09,-1.0756357808946395e-33
transcription_TU_g.26658.CDS.1744,7.233039312261862e-11,2.7800554474384986e-32
translation_g.26658.CDS.1749,2.074897167018209e-08,-9.899275842415233e-33
transcription_TU_g.26658.CDS.1749,3.710844026810255e-10,8.801406385532165e-32
translation_g.26658.CDS.1752,0.0,-5.931197760360677e-35
transcription_TU_g.26658.CDS.1752,0.0,0.0
translation_g.26658.CDS.1758,0.0,2.0813988238326472e-33
transcription_TU_g.26658.CDS.1758,0.0,5.990795765360101e-32
translation_g.26658.CDS.1763,0.0,-7.612616317030061e-33
transcription_TU_g.26658.CDS.1763,0.0,0.0
translation_g.26658.CDS.1764,0.0,-2.2731640921477876e-33
transcription_TU_g.26658.CDS.1764,0.0,7.492941996831848e-32
translation_420889.6.peg.1777,0.0,-3.6929024366371885e-33
transcription_TU_420889.6.peg.1777,0.0,0.0
translation_420889.6.peg.1778,0.0,-9.463071422387655e-33
transcription_TU_420889.6.peg.1778,0.0,0.0
translation_420889.6.peg.1779,0.0,-6.179169539078379e-33
transcription_TU_420889.6.peg.1779,0.0,-7.863184235833455e-32
translation_g.26658.CDS.1786,8.202866444395611e-06,-1.625860240228323e-33
transcription_TU_g.26658.CDS.1786,1.4670393517213085e-07,-2.8897332719817414e-32
translation_g.26658.CDS.1787,6.670971248496389e-08,-1.6537987776902985e-32
transcription_TU_g.26658.CDS.1787,1.1930679844765786e-09,1.926078913128843e-31
translation_g.26658.CDS.1788,1.508855808636818e-10,2.236775607162813e-33
transcription_TU_g.26658.CDS.1788,2.6985089448284726e-12,-2.843246595136588e-32
translation_g.26658.CDS.1791,1.7661871938118376e-06,-2.0840613623846526e-33
transcription_TU_g.26658.CDS.1791,3.158732539889726e-08,5.760628001555718e-32
translation_420889.6.peg.1792,4.118146591214453e-06,9.049910938888707e-33
transcription_TU_420889.6.peg.1792,7.36508773661218e-08,0.0
translation_g.26658.CDS.1803,0.0,-1.1960690235466302e-33
transcription_TU_g.26658.CDS.1803,0.0,0.0
translation_g.26658.CDS.1806,0.0,3.279314068015917e-33
transcription_TU_g.26658.CDS.1806,0.0,7.421465558642474e-32
translation_g.26658.CDS.1807,0.0,-4.35484228719508e-33
transcription_TU_g.26658.CDS.1807,0.0,8.085981413897331e-32
translation_g.26658.CDS.1808,1.7885640838974923e-09,-3.976118981146241e-33
transcription_TU_g.26658.CDS.1808,3.198752426288372e-11,1.2389840075113133e-31
translation_g.26658.CDS.1822,0.0,-1.4427575615272273e-35
transcription_TU_g.26658.CDS.1822,0.0,-3.210131521881405e-32
translation_420889.6.peg.1822,0.0,-2.7440814165334503e-33
transcription_TU_420889.6.peg.1822,0.0,0.0
translation_g.26658.CDS.1823,0.0,4.2100942850443304e-33
transcription_TU_g.26658.CDS.1823,0.0,0.0
translation_g.26658.CDS.1825,0.0,-1.7309634636322396e-33
transcription_TU_g.26658.CDS.1825,0.0,0.0
translation_g.26658.CDS.1827,0.0,5.396166465817983e-33
transcription_TU_g.26658.CDS.1827,0.0,-1.6441642419068625e-31
translation_g.26658.CDS.1829,5.4487478373447076e-08,-2.636693698512289e-32
transcription_TU_g.26658.CDS.1829,9.7447978083959e-10,5.36893069921569e-31
translation_420889.6.peg.1829,0.0,5.1387205110564494e-33
transcription_TU_420889.6.peg.1829,0.0,-8.699887344883823e-32
translation_g.26658.CDS.1831,0.0,1.3396433978426304e-33
transcription_TU_g.26658.CDS.1831,0.0,-127.60662385602254
translation_420889.6.peg.1832,3.2407625047709725e-09,-6.440194029068611e-33
transcription_TU_420889.6.peg.1832,5.795932624662197e-11,0.0
translation_420889.6.peg.1834,1.9864122221234877e-07,-2.557172050778393e-33
transcription_TU_420889.6.peg.1834,3.5525933749492374e-09,0.0
translation_g.26658.CDS.1846,0.0,-6.353472871811766e-33
transcription_TU_g.26658.CDS.1846,0.0,-7.657126101700936e-32
translation_g.26658.CDS.1847,0.0,-1.1225084448357671e-32
transcription_TU_g.26658.CDS.1847,0.0,1.0290392954457711e-31
translation_g.26658.CDS.1849,0.0,6.323978075865053e-33
transcription_TU_g.26658.CDS.1849,0.0,0.0
translation_g.26658.CDS.1851,2.336809219110987e-08,-4.664449201460936e-33
transcription_TU_g.26658.CDS.1851,4.179259902790664e-10,0.0
translation_420889.6.peg.1857,0.0,-2.9069903532876463e-33
transcription_TU_420889.6.peg.1857,0.0,1.911262701465147e-31
translation_g.26658.CDS.1862,0.0,-3.3876767163501466e-33
transcription_TU_g.26658.CDS.1862,0.0,0.0
translation_g.26658.CDS.1869,1.310504990303169e-08,4.049873406184365e-34
transcription_TU_g.26658.CDS.1869,2.343768979337022e-10,5.560110894876997e-32
translation_g.26658.CDS.1871,4.0443124716410665e-09,-7.415980235833704e-34
transcription_TU_g.26658.CDS.1871,7.233039312261862e-11,1.3114342088068797e-31
translation_g.26658.CDS.1874,6.042909798284388e-08,-1.8426460981305634e-33
transcription_TU_g.26658.CDS.1874,1.0807425103260549e-09,-2.72388692114764e-31
translation_420889.6.peg.1874,0.0,-1.3940566791760115e-32
transcription_TU_420889.6.peg.1874,0.0,1.0680125190529817e-31
translation_g.26658.CDS.1877,1.1985942343529687e-08,-6.86157891239078e-33
transcription_TU_g.26658.CDS.1877,2.14362250130678e-10,-7.373429678126033e-32
translation_g.26658.CDS.1881,0.0,1.757624921909435e-33
transcription_TU_g.26658.CDS.1881,0.0,-5.058131029785597e-32
translation_g.26658.CDS.1884,-4.4263244455490845e-37,5.32119124027851e-35
transcription_TU_g.26658.CDS.1884,2.9618171859495496e-38,3.424370895138252e-32
translation_g.26658.CDS.1885,0.0,-2.917852063673773e-34
transcription_TU_g.26658.CDS.1885,0.0,1.800202027134951e-31
translation_g.26658.CDS.1887,0.0,-1.3143064823809005e-32
transcription_TU_g.26658.CDS.1887,0.0,0.0
translation_420889.6.peg.1891,6.525261437959399e-06,1.122911961014276e-33
transcription_TU_420889.6.peg.1891,1.1670085542226988e-07,0.0
translation_g.26658.CDS.1895,1.9725567706375793e-08,-2.304068063419843e-33
transcription_TU_g.26658.CDS.1895,3.5278136315467583e-10,0.0
translation_g.26658.CDS.1897,7.070821972841231e-12,-1.8133995814936787e-32
transcription_TU_g.26658.CDS.1897,1.2645791752785368e-13,-2.0020659389578517e-31
translation_g.26658.CDS.1899,8.273611260879278e-07,-1.0489462447589435e-32
transcription_TU_g.26658.CDS.1899,1.4796916886105371e-08,0.0
translation_g.26658.CDS.1900,0.0,-1.193120255940367e-32
transcription_TU_g.26658.CDS.1900,0.0,0.0
translation_g.26658.CDS.1902,0.0,1.791993321476677e-33
transcription_TU_g.26658.CDS.1902,0.0,5.71765229031519e-32
translation_g.26658.CDS.1904,8.20278788920787e-06,-2.4402320842277186e-33
transcription_TU_g.26658.CDS.1904,1.4670253025407595e-07,-4.2985848038643204e-32
translation_g.26658.CDS.1905,1.352804842802539e-07,8.902301239966777e-34
transcription_TU_g.26658.CDS.1905,2.4194200320625974e-09,8.430218382975995e-32
translation_g.26658.CDS.1906,0.0,-2.6462280798022725e-33
transcription_TU_g.26658.CDS.1906,0.0,0.0
translation_g.26658.CDS.1908,0.0,-7.281294025677481e-34
transcription_TU_g.26658.CDS.1908,0.0,0.0
transcription_TU_LCGT_RS00085,1.8661290022144838e-06,1.265272309482155e-32
transcription_TU_LCGT_RS00090,0.0,-1.1571247475355009e-32
transcription_TU_LCGT_RS00095,0.0,-9.58936903158899e-34
transcription_TU_LCGT_RS00100,1.0531448451115814e-06,3.4588658157033704e-33
transcription_TU_LCGT_RS00105,4.0817375462099116e-06,-1.3422386472358553e-32
transcription_TU_LCGT_RS00110,0.0,-2.251891138316311e-33
transcription_TU_LCGT_RS00115,0.0,-1.347030489604176e-32
transcription_TU_LCGT_RS00120,0.0,1.3710723587736986e-32
transcription_TU_LCGT_RS00125,5.634702704982108e-06,-4.83316936095067e-33
transcription_TU_LCGT_RS00390,0.0,5.261350633540451e-33
transcription_TU_LCGT_RS00980,0.0,1.0442846049309043e-32
transcription_TU_LCGT_RS01505,1.0446987509207763e-07,3.2168223476374964e-33
transcription_TU_LCGT_RS01580,0.0,-5.568500218592981e-33
transcription_TU_LCGT_RS01755,2.8331048808689194e-06,-2.538984081114188e-37
transcription_TU_LCGT_RS02750,0.0,-9.58936903158899e-34
transcription_TU_LCGT_RS02965,1.9139943493266887e-06,9.531204610418721e-33
transcription_TU_LCGT_RS03365,0.0,-9.574392752042125e-34
transcription_TU_LCGT_RS03370,0.0,-5.568500218592981e-33
transcription_TU_LCGT_RS04305,4.346717310580575e-06,-7.034396653829215e-33
transcription_TU_LCGT_RS05395,0.0,-2.251891138316311e-33
transcription_TU_LCGT_RS05535,0.0,-3.4656481328735004e-34
transcription_TU_LCGT_RS06285,3.280344176446384e-06,-1.9050257617069778e-33
transcription_TU_LCGT_RS10225,0.0,1.265272309482155e-32
transcription_TU_LCGT_RS07000,0.0,-9.58936903158899e-34
transcription_TU_LCGT_RS07025,0.0,-9.58936903158899e-34
transcription_TU_LCGT_RS07860,2.9673277429156816e-06,1.4963273025021982e-32
transcription_TU_LCGT_RS07865,0.0,-2.251891138316311e-33
transcription_TU_LCGT_RS07870,0.0,-1.3422386472358553e-32
transcription_TU_LCGT_RS07875,2.13532095718805e-06,3.4588658157033704e-33
transcription_TU_LCGT_RS07880,0.0,-1.1571247475355009e-32
transcription_TU_LCGT_RS07885,0.0,-7.034396653829215e-33
transcription_TU_LCGT_RS07890,1.929700783301484e-06,-9.58936903158899e-34
transcription_TU_LCGT_RS07895,2.455704519542109e-06,-2.248353147945575e-32
transcription_TU_LCGT_RS07900,0.0,-2.538984081114188e-37
transcription_TU_LCGT_RS07905,0.0,-4.0374977964579654e-33
transcription_TU_LCGT_RS07910,3.814678341026734e-06,5.453540652140271e-33
transcription_TU_LCGT_RS07915,1.9162059368138914e-06,1.0129479767683551e-32
transcription_TU_LCGT_RS07920,0.0,-4.83316936095067e-33
transcription_TU_LCGT_RS07925,0.0,-1.0981644831827175e-33
transcription_TU_LCGT_RS07930,2.758713170327002e-06,1.9862066171561985e-33
transcription_TU_LCGT_RS07935,8.202630778832387e-06,-1.347030489604176e-32
transcription_TU_LCGT_RS07940,0.0,3.093100425069536e-32
transcription_TU_LCGT_RS07945,3.976089693040506e-06,-2.9202840241010414e-33
transcription_TU_LCGT_RS07950,1.9347335994870677e-32,3.108511733269022e-31
transcription_TU_LCGT_RS09025,0.0,-5.580625768765559e-33
transcription_TU_LCGT_RS09030,0.0,-2.538984081114188e-37
transcription_TU_LCGT_RS09130,0.0,5.261350633540451e-33
transcription_TU_LCGT_RS09175,0.0,3.932214993973518e-34
transcription_TU_LCGT_RS09180,0.0,-4.0374977964579654e-33
transcription_TU_LCGT_RS09185,0.0,5.453540652140271e-33
transcription_TU_LCGT_RS09190,3.5016122889848488e-06,1.0129479767683551e-32
transcription_TU_LCGT_RS09195,0.0,-4.83316936095067e-33
transcription_TU_LCGT_RS09200,4.150072718162008e-06,-1.0981644831827175e-33
transcription_TU_LCGT_RS09205,0.0,1.9862066171561985e-33
transcription_TU_LCGT_RS09210,0.0,-1.347030489604176e-32
transcription_TU_LCGT_RS09215,8.202630778832387e-06,9.794127002829155e-32
transcription_TU_LCGT_RS09220,0.0,1.3948926836828572e-33
transcription_TU_LCGT_RS09225,0.0,3.108511733269022e-31
transcription_TU_LCGT_RS09330,0.0,-1.347030489604176e-32
transcription_TU_LCGT_RS09335,0.0,-4.421005740898748e-31
transcription_TU_LCGT_RS09340,3.7599563941045114e-07,-2.9202840241010414e-33
transcription_TU_LCGT_RS09345,7.279500597098804e-34,4.138033128147422e-31
transcription_TU_LCGT_RS09625,0.0,5.261350633540451e-33
transcription_TU_LCGT_RS09745,0.0,1.0129479767683551e-32
transcription_TU_LCGT_RS09750,0.0,9.531204610418721e-33
transcription_TU_LCGT_RS09755,1.818131337532917e-06,-8.358482539823408e-34
transcription_TU_LCGT_RS09760,8.934581344749546e-07,-4.883543903665088e-34
transcription_TU_LCGT_RS09765,0.0,3.243568865356924e-33
transcription_TU_LCGT_RS09770,2.0633651908177342e-06,-2.709506781530537e-33
transcription_TU_LCGT_RS09775,0.0,-1.347030489604176e-32
transcription_TU_LCGT_RS09780,0.0,-8.207267801109726e-32
transcription_TU_LCGT_RS09785,0.0,1.3948926836828572e-33
transcription_TU_LCGT_RS09790,0.0,2.0789903383906225e-31
transcription_TU_LCGT_RS09890,2.662280399649616e-06,1.3710723587736986e-32
transcription_TU_LCGT_RS09895,3.988426483756839e-06,1.265272309482155e-32
transcription_TU_LCGT_RS09900,0.0,-1.347030489604176e-32
transcription_TU_LCGT_RS09905,0.0,-8.207267801109726e-32
transcription_TU_LCGT_RS09910,0.0,1.3948926836828572e-33
transcription_TU_LCGT_RS09915,8.202630778832387e-06,3.108511733269022e-31
charging_tRNA_LCGT_RS00085_GAA,0.0,2.0503900820177787e-37
charging_tRNA_LCGT_RS00085_GAG,0.02705678684552809,8.464726807075396e-37
charging_tRNA_LCGT_RS00090_UCU,0.0,-5.883293491965409e-05
charging_tRNA_LCGT_RS00090_UCC,0.0,-5.883293491965409e-05
charging_tRNA_LCGT_RS00090_UCA,0.0,-5.883293491965409e-05
charging_tRNA_LCGT_RS00090_UCG,0.0,-5.883293491965409e-05
charging_tRNA_LCGT_RS00090_AGU,0.0,-5.883293491965409e-05
charging_tRNA_LCGT_RS00090_AGC,0.0,-5.883293491965409e-05
charging_tRNA_LCGT_RS00095_AUG,0.0,-1.97006746506693e-06
charging_tRNA_LCGT_RS00095_START,0.0,-1.97006746506693e-06
charging_tRNA_LCGT_RS00100_UUU,0.0,1.6214614918863945e-36
charging_tRNA_LCGT_RS00100_UUC,0.015269424331242301,-7.858640233214747e-35
charging_tRNA_LCGT_RS00105_GGU,0.018627509318169026,1.0413724932143856e-36
charging_tRNA_LCGT_RS00105_GGC,0.017656060805481193,2.815107837040327e-38
charging_tRNA_LCGT_RS00105_GGA,0.016009058020050492,1.785187991759107e-36
charging_tRNA_LCGT_RS00105_GGG,0.006888008680514487,1.2972761271814711e-36
charging_tRNA_LCGT_RS00110_AUU,0.0,-3.1668177328350037e-06
charging_tRNA_LCGT_RS00110_AUC,0.0,-3.1668177328350037e-06
charging_tRNA_LCGT_RS00110_AUA,0.0,-3.1668177328350037e-06
charging_tRNA_LCGT_RS00120_AAU,0.0,-3.245442139930887e-05
charging_tRNA_LCGT_RS00120_AAC,0.0,-3.245442139930887e-05
charging_tRNA_LCGT_RS00125_AAA,0.06035503610682523,9.02420543986878e-37
charging_tRNA_LCGT_RS00125_AAG,0.021341861506204193,1.5179888587387417e-36
charging_tRNA_LCGT_RS00390_UUA,0.0,-0.00012020652896138215
charging_tRNA_LCGT_RS00390_UUG,0.0,-0.00012020652896138215
charging_tRNA_LCGT_RS00390_CUU,0.0,-0.00012020652896138215
charging_tRNA_LCGT_RS00390_CUC,0.0,-0.00012020652896138215
charging_tRNA_LCGT_RS00390_CUA,0.0,-0.00012020652896138215
charging_tRNA_LCGT_RS00390_CUG,0.0,-0.00012020652896138215
charging_tRNA_LCGT_RS00980_ACU,0.0,-4.829945732480652e-07
charging_tRNA_LCGT_RS00980_ACC,0.0,-4.829945732480652e-07
charging_tRNA_LCGT_RS00980_ACA,0.0,-4.829945732480652e-07
charging_tRNA_LCGT_RS00980_ACG,0.0,-4.829945732480652e-07
charging_tRNA_LCGT_RS01505_UGU,0.001425315757006873,2.3381650633018405e-37
charging_tRNA_LCGT_RS01505_UGC,8.938078261660325e-05,1.5143192818509558e-37
charging_tRNA_LCGT_RS01580_CGU,0.0,-5.979218244979558e-05
charging_tRNA_LCGT_RS01580_CGC,0.0,-5.979218244979558e-05
charging_tRNA_LCGT_RS01580_CGA,0.0,-5.979218244979558e-05
charging_tRNA_LCGT_RS01580_CGG,0.0,-5.979218244979558e-05
charging_tRNA_LCGT_RS01580_AGA,0.0,-5.979218244979558e-05
charging_tRNA_LCGT_RS01580_AGG,0.0,-5.979218244979558e-05
charging_tRNA_LCGT_RS01755_CGU,0.023336056349524875,-1.319880504293267e-37
charging_tRNA_LCGT_RS01755_CGC,0.009219245300817231,2.982400865044674e-37
charging_tRNA_LCGT_RS01755_CGA,0.0013033634645593897,-3.0373405173847423e-37
charging_tRNA_LCGT_RS01755_CGG,0.002940133164362545,-2.0330539587049096e-37
charging_tRNA_LCGT_RS01755_AGA,0.004234350956725722,2.869152727477448e-37
charging_tRNA_LCGT_RS01755_AGG,4.3708141893313975e-05,1.3159244518016057e-37
charging_tRNA_LCGT_RS02750_AUG,0.0,-1.97006746506693e-06
charging_tRNA_LCGT_RS02750_START,0.0,-1.97006746506693e-06
charging_tRNA_LCGT_RS02965_CAA,0.025134383483704337,-1.7758705809748376e-37
charging_tRNA_LCGT_RS02965_CAG,0.0026163974493521617,2.2042286051682642e-37
charging_tRNA_LCGT_RS03365_UCU,0.0,-3.187859593371407e-06
charging_tRNA_LCGT_RS03365_UCC,0.0,-3.187859593371407e-06
charging_tRNA_LCGT_RS03365_UCA,0.0,-3.187859593371407e-06
charging_tRNA_LCGT_RS03365_UCG,0.0,-3.187859593371407e-06
charging_tRNA_LCGT_RS03365_AGU,0.0,-3.187859593371407e-06
charging_tRNA_LCGT_RS03365_AGC,0.0,-3.187859593371407e-06
charging_tRNA_LCGT_RS03370_CGU,0.0,-2.950531202522132e-05
charging_tRNA_LCGT_RS03370_CGC,0.0,-2.950531202522132e-05
charging_tRNA_LCGT_RS03370_CGA,0.0,-2.950531202522132e-05
charging_tRNA_LCGT_RS03370_CGG,0.0,-2.950531202522132e-05
charging_tRNA_LCGT_RS03370_AGA,0.0,-2.950531202522132e-05
charging_tRNA_LCGT_RS03370_AGG,0.0,-2.950531202522132e-05
charging_tRNA_LCGT_RS04305_AUU,0.030785696840660348,-1.9258926689805827e-37
charging_tRNA_LCGT_RS04305_AUC,0.029642302858989205,-7.541981333935255e-38
charging_tRNA_LCGT_RS04305_AUA,0.002594547836229975,-1.7401904239195691e-37
charging_tRNA_LCGT_RS05395_AUU,0.0,-4.762529568933186e-07
charging_tRNA_LCGT_RS05395_AUC,0.0,-4.762529568933186e-07
charging_tRNA_LCGT_RS05395_AUA,0.0,-4.762529568933186e-07
charging_tRNA_LCGT_RS05535_AAA,0.0,-6.375211175882559e-05
charging_tRNA_LCGT_RS05535_AAG,0.0,-6.375211175882559e-05
charging_tRNA_LCGT_RS06285_UAU,0.039574365758293456,9.294513656808874e-38
charging_tRNA_LCGT_RS06285_UAC,0.007986962025989097,7.500684196723756e-37
charging_tRNA_LCGT_RS10225_GAA,0.0,-6.433425659264385e-05
charging_tRNA_LCGT_RS10225_GAG,0.0,-6.433425659264385e-05
charging_tRNA_LCGT_RS07000_AUG,0.0,-2.4157898777129136e-06
charging_tRNA_LCGT_RS07000_START,0.0,-2.4157898777129136e-06
charging_tRNA_LCGT_RS07025_AUG,0.0,-1.97006746506693e-06
charging_tRNA_LCGT_RS07025_START,0.0,-1.97006746506693e-06
charging_tRNA_LCGT_RS07860_UCU,0.006270273376916235,1.6780084764839944e-37
charging_tRNA_LCGT_RS07860_UCC,0.00421523301721096,7.03466367830483e-38
charging_tRNA_LCGT_RS07860_UCA,0.017157591983864774,-7.956820368546805e-38
charging_tRNA_LCGT_RS07860_UCG,0.0041993204291246675,-3.0348419476557574e-37
charging_tRNA_LCGT_RS07860_AGU,0.008166236631111842,1.3400290940328597e-38
charging_tRNA_LCGT_RS07860_AGC,0.003014283568462898,-2.8990011665453048e-37
charging_tRNA_LCGT_RS07865_AUU,0.0,-3.1668177328350037e-06
charging_tRNA_LCGT_RS07865_AUC,0.0,-3.1668177328350037e-06
charging_tRNA_LCGT_RS07865_AUA,0.0,-3.1668177328350037e-06
charging_tRNA_LCGT_RS07870_GGU,0.0,1.0413724932143856e-36
charging_tRNA_LCGT_RS07870_GGC,0.0,2.815107837040327e-38
charging_tRNA_LCGT_RS07870_GGA,0.0,1.785187991759107e-36
charging_tRNA_LCGT_RS07870_GGG,0.0,1.2972761271814711e-36
charging_tRNA_LCGT_RS07875_UUU,0.030959769617677112,1.6214614918863945e-36
charging_tRNA_LCGT_RS07875_UUC,0.0,-7.858640233214747e-35
charging_tRNA_LCGT_RS07880_UCU,0.0,-5.880240437540633e-05
charging_tRNA_LCGT_RS07880_UCC,0.0,-5.880240437540633e-05
charging_tRNA_LCGT_RS07880_UCA,0.0,-5.880240437540633e-05
charging_tRNA_LCGT_RS07880_UCG,0.0,-5.880240437540633e-05
charging_tRNA_LCGT_RS07880_AGU,0.0,-5.880240437540633e-05
charging_tRNA_LCGT_RS07880_AGC,0.0,-5.880240437540633e-05
charging_tRNA_LCGT_RS07885_AUU,0.0,-3.0530544247547084e-08
charging_tRNA_LCGT_RS07885_AUC,0.0,-3.0530544247547084e-08
charging_tRNA_LCGT_RS07885_AUA,0.0,-3.0530544247547084e-08
charging_tRNA_LCGT_RS07890_AUG,0.023286831224333785,-7.299298104210554e-37
charging_tRNA_LCGT_RS07890_START,0.004691675463831338,1.19886065007734e-36
charging_tRNA_LCGT_RS07895_CCU,0.02038747192350982,-4.0282058421110074e-38
charging_tRNA_LCGT_RS07895_CCC,0.0041977644718318215,-1.517791053133753e-37
charging_tRNA_LCGT_RS07895_CCA,0.006800539827698977,5.303837349060859e-37
charging_tRNA_LCGT_RS07895_CCG,0.004219197314160815,3.6245064300931716e-37
charging_tRNA_LCGT_RS07900_CGU,0.0,-6.170393589372413e-05
charging_tRNA_LCGT_RS07900_CGC,0.0,-6.170393589372413e-05
charging_tRNA_LCGT_RS07900_CGA,0.0,-6.170393589372413e-05
charging_tRNA_LCGT_RS07900_CGG,0.0,-6.170393589372413e-05
charging_tRNA_LCGT_RS07900_AGA,0.0,-6.170393589372413e-05
charging_tRNA_LCGT_RS07900_AGG,0.0,-6.170393589372413e-05
charging_tRNA_LCGT_RS07905_GGU,0.0,-3.3988255135457975e-05
charging_tRNA_LCGT_RS07905_GGC,0.0,-3.3988255135457975e-05
charging_tRNA_LCGT_RS07905_GGA,0.0,-3.3988255135457975e-05
charging_tRNA_LCGT_RS07905_GGG,0.0,-3.3988255135457975e-05
charging_tRNA_LCGT_RS07910_ACU,0.017523185122953786,-1.3288284995223454e-37
charging_tRNA_LCGT_RS07910_ACC,0.008439537236681397,3.218291870138941e-38
charging_tRNA_LCGT_RS07910_ACA,0.018049049979687638,3.065895967895984e-37
charging_tRNA_LCGT_RS07910_ACG,0.011296804203313353,-3.5328805481563097e-37
charging_tRNA_LCGT_RS07915_UUA,0.0,-1.0197122222493356e-38
charging_tRNA_LCGT_RS07915_UUG,0.013426768359930744,-4.568132446235792e-37
charging_tRNA_LCGT_RS07915_CUU,0.0,-2.5228299263787496e-37
charging_tRNA_LCGT_RS07915_CUC,0.011714926738903678,-4.287988016758662e-37
charging_tRNA_LCGT_RS07915_CUA,0.0,3.3231737814117138e-37
charging_tRNA_LCGT_RS07915_CUG,0.0026411513833671115,6.144312389046254e-38
charging_tRNA_LCGT_RS07920_AAA,0.0,-8.914448252920728e-07
charging_tRNA_LCGT_RS07920_AAG,0.0,-8.914448252920728e-07
charging_tRNA_LCGT_RS07925_GAU,0.0,-3.0530544247653036e-08
charging_tRNA_LCGT_RS07925_GAC,0.0,-3.0530544247653036e-08
charging_tRNA_LCGT_RS07930_GUU,0.0,-5.406010290286216e-38
charging_tRNA_LCGT_RS07930_GUC,0.008365815113970764,1.502649648921736e-37
charging_tRNA_LCGT_RS07930_GUA,0.01727399926935201,2.565875436721081e-37
charging_tRNA_LCGT_RS07930_GUG,0.014358446256168502,-3.7003863466589378e-37
charging_tRNA_LCGT_RS07945_GCU,0.01866077541989805,-1.1649594216699898e-37
charging_tRNA_LCGT_RS07945_GCC,0.0,-1.6360768556737805e-37
charging_tRNA_LCGT_RS07945_GCA,0.028924389472665384,-1.4184449969031868e-37
charging_tRNA_LCGT_RS07945_GCG,0.010063696025216479,-3.632131121466898e-37
charging_tRNA_LCGT_RS09025_CCU,0.0,-1.0587716343030043e-36
charging_tRNA_LCGT_RS09025_CCC,0.0,-1.3901998530496009e-36
charging_tRNA_LCGT_RS09025_CCA,0.0,-6.754620567098821e-37
charging_tRNA_LCGT_RS09025_CCG,0.0,-7.725629913684833e-37
charging_tRNA_LCGT_RS09030_CGU,0.0,-6.170393589372413e-05
charging_tRNA_LCGT_RS09030_CGC,0.0,-6.170393589372413e-05
charging_tRNA_LCGT_RS09030_CGA,0.0,-6.170393589372413e-05
charging_tRNA_LCGT_RS09030_CGG,0.0,-6.170393589372413e-05
charging_tRNA_LCGT_RS09030_AGA,0.0,-6.170393589372413e-05
charging_tRNA_LCGT_RS09030_AGG,0.0,-6.170393589372413e-05
charging_tRNA_LCGT_RS09130_UUA,0.0,-0.00012020652896138215
charging_tRNA_LCGT_RS09130_UUG,0.0,-0.00012020652896138215
charging_tRNA_LCGT_RS09130_CUU,0.0,-0.00012020652896138215
charging_tRNA_LCGT_RS09130_CUC,0.0,-0.00012020652896138215
charging_tRNA_LCGT_RS09130_CUA,0.0,-0.00012020652896138215
charging_tRNA_LCGT_RS09130_CUG,0.0,-0.00012020652896138215
charging_tRNA_LCGT_RS09175_UUA,0.0,-0.00012125462105690957
charging_tRNA_LCGT_RS09175_UUG,0.0,-0.00012125462105690957
charging_tRNA_LCGT_RS09175_CUU,0.0,-0.00012125462105690957
charging_tRNA_LCGT_RS09175_CUC,0.0,-0.00012125462105690957
charging_tRNA_LCGT_RS09175_CUA,0.0,-0.00012125462105690957
charging_tRNA_LCGT_RS09175_CUG,0.0,-0.00012125462105690957
charging_tRNA_LCGT_RS09180_GGU,0.0,-3.3988255135457975e-05
charging_tRNA_LCGT_RS09180_GGC,0.0,-3.3988255135457975e-05
charging_tRNA_LCGT_RS09180_GGA,0.0,-3.3988255135457975e-05
charging_tRNA_LCGT_RS09180_GGG,0.0,-3.3988255135457975e-05
charging_tRNA_LCGT_RS09185_ACU,0.0,-1.3288284995223454e-37
charging_tRNA_LCGT_RS09185_ACC,0.0,3.218291870138941e-38
charging_tRNA_LCGT_RS09185_ACA,2.488860151211288e-34,3.065895967895984e-37
charging_tRNA_LCGT_RS09185_ACG,0.0,-3.5328805481563097e-37
charging_tRNA_LCGT_RS09190_UUA,0.019050091485118225,-1.0197122222493356e-38
charging_tRNA_LCGT_RS09190_UUG,0.0,-4.568132446235792e-37
charging_tRNA_LCGT_RS09190_CUU,0.02460998729011759,-2.5228299263787496e-37
charging_tRNA_LCGT_RS09190_CUC,0.0,-4.287988016758662e-37
charging_tRNA_LCGT_RS09190_CUA,0.007109389576800193,3.3231737814117138e-37
charging_tRNA_LCGT_RS09190_CUG,0.0,6.144312389046254e-38
charging_tRNA_LCGT_RS09195_AAA,0.0,-8.914448252920728e-07
charging_tRNA_LCGT_RS09195_AAG,0.0,-8.914448252920728e-07
charging_tRNA_LCGT_RS09200_GAU,0.04049205746120616,-1.5084409496035764e-36
charging_tRNA_LCGT_RS09200_GAC,0.01967936305447212,-5.1015393730571674e-37
charging_tRNA_LCGT_RS09205_GUU,0.0,-5.406010290286216e-38
charging_tRNA_LCGT_RS09205_GUC,0.0,1.502649648921736e-37
charging_tRNA_LCGT_RS09205_GUA,0.0,2.565875436721081e-37
charging_tRNA_LCGT_RS09205_GUG,0.0,-3.7003863466589378e-37
charging_tRNA_LCGT_RS09220_GCU,0.0,-3.876137712101966e-37
charging_tRNA_LCGT_RS09220_GCC,0.0,-4.761716221737123e-37
charging_tRNA_LCGT_RS09220_GCA,0.0,-4.128310065613753e-37
charging_tRNA_LCGT_RS09220_GCG,0.0,-7.001064335581123e-37
charging_tRNA_LCGT_RS09340_GCU,0.0,-1.1649594216699898e-37
charging_tRNA_LCGT_RS09340_GCC,0.005451516941382038,-1.6360768556737805e-37
charging_tRNA_LCGT_RS09340_GCA,0.0,-1.4184449969031868e-37
charging_tRNA_LCGT_RS09340_GCG,0.0,-3.632131121466898e-37
charging_tRNA_LCGT_RS09625_UUA,0.0,-2.9484270164668117e-05
charging_tRNA_LCGT_RS09625_UUG,0.0,-2.9484270164668117e-05
charging_tRNA_LCGT_RS09625_CUU,0.0,-2.9484270164668117e-05
charging_tRNA_LCGT_RS09625_CUC,0.0,-2.9484270164668117e-05
charging_tRNA_LCGT_RS09625_CUA,0.0,-2.9484270164668117e-05
charging_tRNA_LCGT_RS09625_CUG,0.0,-2.9484270164668117e-05
charging_tRNA_LCGT_RS09745_UUA,0.0,-5.672369796605737e-05
charging_tRNA_LCGT_RS09745_UUG,0.0,-5.672369796605737e-05
charging_tRNA_LCGT_RS09745_CUU,0.0,-5.672369796605737e-05
charging_tRNA_LCGT_RS09745_CUC,0.0,-5.672369796605737e-05
charging_tRNA_LCGT_RS09745_CUA,0.0,-5.672369796605737e-05
charging_tRNA_LCGT_RS09745_CUG,0.0,-5.672369796605737e-05
charging_tRNA_LCGT_RS09750_CAA,0.0,-1.7758705809748376e-37
charging_tRNA_LCGT_RS09750_CAG,0.0,2.2042286051682642e-37
charging_tRNA_LCGT_RS09755_CAU,0.019780526825446617,-1.2403379380445921e-36
charging_tRNA_LCGT_RS09755_CAC,0.0065803474755407685,-5.191964486556182e-37
charging_tRNA_LCGT_RS09760_UGG,0.01295414533036316,4.3784091065055435e-34
charging_tRNA_LCGT_RS09765_UAU,0.0,-0.0002746903882006217
charging_tRNA_LCGT_RS09765_UAC,0.0,-0.0002746903882006217
charging_tRNA_LCGT_RS09770_GUU,0.02991649134984143,2.312880691204928e-37
charging_tRNA_LCGT_RS09770_GUC,0.0,5.458210678474069e-37
charging_tRNA_LCGT_RS09770_GUA,0.0,6.4584035066505435e-37
charging_tRNA_LCGT_RS09770_GUG,0.0,3.649296199860885e-39
charging_tRNA_LCGT_RS09785_GCU,0.0,-3.876137712101966e-37
charging_tRNA_LCGT_RS09785_GCC,0.0,-4.761716221737123e-37
charging_tRNA_LCGT_RS09785_GCA,0.0,-4.128310065613753e-37
charging_tRNA_LCGT_RS09785_GCG,0.0,-7.001064335581123e-37
charging_tRNA_LCGT_RS09890_AAU,0.027898876919079923,-3.7600988144077066e-34
charging_tRNA_LCGT_RS09890_AAC,0.010701216220712514,4.623453438134656e-34
charging_tRNA_LCGT_RS09895_GAA,0.057827730608124794,2.0503900820177787e-37
charging_tRNA_LCGT_RS09895_GAG,0.0,8.464726807075396e-37
charging_tRNA_LCGT_RS09910_GCU,0.0,-3.876137712101966e-37
charging_tRNA_LCGT_RS09910_GCC,0.0,-4.761716221737123e-37
charging_tRNA_LCGT_RS09910_GCA,0.0,-4.128310065613753e-37
charging_tRNA_LCGT_RS09910_GCG,0.0,-7.001064335581123e-37
DM_RNA_g.26658.CDS.3,0.0,-160.8190302529882
DM_RNA_g.26658.CDS.8,0.0,-748.1585347573066
DM_RNA_g.26658.CDS.10,0.0,-85.65355640289518
DM_RNA_g.26658.CDS.11,0.0,0.0
DM_RNA_g.26658.CDS.19,0.0,-755.1502331006883
DM_RNA_g.26658.CDS.20,0.0,-1412.4129847103236
DM_RNA_g.26658.CDS.21,0.0,-569.8596159473805
DM_RNA_g.26658.CDS.22,0.0,-284.92944525492726
DM_RNA_g.26658.CDS.26,0.0,-202.77209253879388
DM_RNA_g.26658.CDS.28,0.0,-837.3089036188018
DM_RNA_g.26658.CDS.31,0.0,-152.07888272520813
DM_RNA_g.26658.CDS.34,0.0,-2.2412444002127344e-32
DM_RNA_g.26658.CDS.36,0.0,-1048.820966614033
DM_RNA_g.26658.CDS.37,0.0,-828.5679717081073
DM_RNA_g.26658.CDS.38,0.0,-440.504894638324
DM_RNA_g.26658.CDS.39,0.0,-730.6781184525181
DM_RNA_g.26658.CDS.45,0.0,-426.5206836507947
DM_RNA_g.26658.CDS.46,0.0,-263.95317838903037
DM_RNA_g.26658.CDS.49,0.0,-653.7653371637323
DM_RNA_g.26658.CDS.53,0.0,-1136.221540560972
DM_RNA_g.26658.CDS.59,0.0,-734.1743968169218
DM_RNA_g.26658.CDS.61,0.0,-496.4414669945042
DM_RNA_g.26658.CDS.64,0.0,-839.056682506209
DM_RNA_g.26658.CDS.66,0.0,-1485.82749922684
DM_RNA_g.26658.CDS.69,0.0,0.0
DM_RNA_g.26658.CDS.73,0.0,-791.8592597620361
DM_RNA_g.26658.CDS.75,0.0,-578.5990643390321
DM_RNA_g.26658.CDS.78,0.0,0.0
DM_RNA_g.26658.CDS.81,0.0,-444.000574574235
DM_RNA_g.26658.CDS.83,0.0,-826.8195647328097
DM_RNA_g.26658.CDS.84,0.0,-534.8985241180347
DM_RNA_g.26658.CDS.85,0.0,-547.1345688472353
DM_RNA_g.26658.CDS.86,0.0,-672.9933728037212
DM_RNA_g.26658.CDS.88,0.0,-1297.0420250471086
DM_RNA_g.26658.CDS.89,0.0,-300.662147338352
DM_RNA_420889.6.peg.90,0.0,-608.3158541624913
DM_RNA_g.26658.CDS.91,0.0,-190.53589186065406
DM_RNA_g.26658.CDS.94,0.0,-491.1978010691812
DM_RNA_420889.6.peg.94,0.0,-659.0093980167459
DM_RNA_g.26658.CDS.96,0.0,-1185.1675062518011
DM_RNA_g.26658.CDS.99,0.0,0.0
DM_RNA_g.26658.CDS.102,0.0,-87.40154960409279
DM_RNA_g.26658.CDS.110,0.0,-786.6152333516552
DM_RNA_g.26658.CDS.115,0.0,-183.54348852051967
DM_RNA_g.26658.CDS.116,0.0,-160.8190302529882
DM_RNA_g.26658.CDS.119,0.0,-543.6388652900018
DM_RNA_g.26658.CDS.120,0.0,-113.62212698673004
DM_RNA_g.26658.CDS.125,0.0,-1319.766198477151
DM_RNA_g.26658.CDS.127,0.0,-288.4261783893993
DM_RNA_g.26658.CDS.128,0.0,-242.97699929135604
DM_RNA_g.26658.CDS.129,0.0,-842.5526925747008
DM_RNA_g.26658.CDS.130,0.0,-534.8985919517578
DM_RNA_g.26658.CDS.132,0.0,-534.898723539606
DM_RNA_420889.6.peg.133,0.0,-863.5298312868626
DM_RNA_g.26658.CDS.135,0.0,-164.31530983116335
DM_RNA_g.26658.CDS.139,0.0,-1218.3795942025815
DM_RNA_g.26658.CDS.142,0.0,-1816.2079427812625
DM_RNA_g.26658.CDS.143,0.0,-1013.8598414788504
DM_RNA_g.26658.CDS.145,0.0,-1195.655937380328
DM_RNA_g.26658.CDS.146,0.0,-505.1822015735053
DM_RNA_g.26658.CDS.149,0.0,-795.3563033579782
DM_RNA_g.26658.CDS.151,0.0,-571.607637506668
DM_RNA_g.26658.CDS.156,0.0,-251.71700650520395
DM_RNA_g.26658.CDS.165,0.0,-180.04751936237872
DM_RNA_g.26658.CDS.169,0.0,-222.00046586982447
DM_RNA_g.26658.CDS.176,0.0,-872.269796550748
DM_RNA_420889.6.peg.177,0.0,-377.5755327444281
DM_RNA_g.26658.CDS.179,0.0,-78.6616387986608
DM_RNA_g.26658.CDS.190,0.0,-853.0411419412653
DM_RNA_g.26658.CDS.192,0.0,-409.0397186863532
DM_RNA_g.26658.CDS.195,0.0,-622.3002597485662
DM_RNA_g.26658.CDS.196,0.0,-618.8046693174974
DM_RNA_g.26658.CDS.197,0.0,-407.2921244085176
DM_RNA_g.26658.CDS.205,0.0,-524.4103369219476
DM_RNA_420889.6.peg.205,0.0,-409.0402834594082
DM_RNA_g.26658.CDS.211,0.0,-440.505185037234
DM_RNA_g.26658.CDS.217,0.0,-471.9692071311206
DM_RNA_g.26658.CDS.221,0.0,-666.0003578346726
DM_RNA_g.26658.CDS.222,0.0,-353.10313382204794
DM_RNA_g.26658.CDS.224,0.0,-347.8589203217747
DM_RNA_g.26658.CDS.228,0.0,-2092.3986649106
DM_RNA_g.26658.CDS.232,0.0,-256.9611751462398
DM_RNA_g.26658.CDS.237,0.0,-748.1591351851209
DM_RNA_g.26658.CDS.239,0.0,-1499.8143404374202
DM_RNA_g.26658.CDS.246,0.0,-332.12645296471317
DM_RNA_g.26658.CDS.249,0.0,-707.9535115343614
DM_RNA_g.26658.CDS.250,0.0,-867.0252834026821
DM_RNA_g.26658.CDS.252,0.0,-103.13400219662674
DM_RNA_g.26658.CDS.256,0.0,-421.2766154603139
DM_RNA_g.26658.CDS.258,0.0,-1045.3248202255888
DM_RNA_g.26658.CDS.269,0.0,-326.8823550231809
DM_RNA_g.26658.CDS.274,0.0,-381.07183173599515
DM_RNA_g.26658.CDS.275,0.0,-412.5359758994195
DM_RNA_g.26658.CDS.278,0.0,-529.6546644205131
DM_RNA_g.26658.CDS.284,0.0,-316.39425524768245
DM_RNA_g.26658.CDS.286,0.0,-835.5607610292682
DM_RNA_g.26658.CDS.290,0.0,-491.1979290494681
DM_RNA_g.26658.CDS.291,0.0,-1045.3253759670008
DM_RNA_g.26658.CDS.302,0.0,-312.89824326809133
DM_RNA_420889.6.peg.302,0.0,-793.6080041228629
DM_RNA_g.26658.CDS.303,0.0,-531.4026884969389
DM_RNA_g.26658.CDS.311,0.0,-213.2603242471231
DM_RNA_420889.6.peg.312,0.0,-485.95368666962895
DM_RNA_g.26658.CDS.314,0.0,-354.8510628368735
DM_RNA_420889.6.peg.315,0.0,-935.1989021812124
DM_RNA_g.26658.CDS.316,0.0,-1227.1204682692164
DM_RNA_g.26658.CDS.319,0.0,-2125.6109320777036
DM_RNA_g.26658.CDS.320,0.0,-741.1669525873442
DM_RNA_g.26658.CDS.322,0.0,-1.7278187089044927e-32
DM_RNA_420889.6.peg.325,0.0,-536.6470992462604
DM_RNA_g.26658.CDS.327,0.0,-489.4493837588252
DM_RNA_g.26658.CDS.328,0.0,-106.63009052106787
DM_RNA_g.26658.CDS.331,0.0,0.0
DM_RNA_g.26658.CDS.334,0.0,-720.1904580758355
DM_RNA_g.26658.CDS.339,0.0,-405.5443142978814
DM_RNA_g.26658.CDS.342,0.0,-2031.2147628742484
DM_RNA_g.26658.CDS.347,0.0,-188.78779856023965
DM_RNA_g.26658.CDS.351,0.0,0.0
DM_RNA_420889.6.peg.352,0.0,-353.10313382204794
DM_RNA_g.26658.CDS.359,0.0,-922.9630705105953
DM_RNA_g.26658.CDS.360,0.0,-828.5687309921723
DM_RNA_g.26658.CDS.361,0.0,-893.2458075463057
DM_RNA_g.26658.CDS.365,0.0,-554.1274044633099
DM_RNA_g.26658.CDS.367,0.0,-571.6070415963204
DM_RNA_g.26658.CDS.376,0.0,-608.3158541624913
DM_RNA_g.26658.CDS.378,0.0,-1445.624992530235
DM_RNA_g.26658.CDS.379,0.0,-475.4657125281008
DM_RNA_g.26658.CDS.381,0.0,-381.0712746049583
DM_RNA_g.26658.CDS.382,0.0,-1319.7662614457258
DM_RNA_g.26658.CDS.383,0.0,-706.206310838726
DM_RNA_g.26658.CDS.384,0.0,-314.64604417191754
DM_RNA_g.26658.CDS.388,0.0,1.5919549259827112e-32
DM_RNA_g.26658.CDS.389,0.0,-223.7484977206269
DM_RNA_g.26658.CDS.390,0.0,-101.38600925717267
DM_RNA_g.26658.CDS.392,0.0,-230.74027162399503
DM_RNA_g.26658.CDS.393,0.0,-1146.7112244801815
DM_RNA_g.26658.CDS.395,0.0,-1531.277594990594
DM_RNA_g.26658.CDS.396,0.0,-160.8190302529882
DM_RNA_g.26658.CDS.400,0.0,-365.3393258162257
DM_RNA_g.26658.CDS.402,0.0,-1006.8683809459532
DM_RNA_g.26658.CDS.406,0.0,-342.6149156644738
DM_RNA_g.26658.CDS.407,0.0,1.6588253831253e-32
DM_RNA_g.26658.CDS.410,0.0,-1253.3404672802942
DM_RNA_g.26658.CDS.414,0.0,-538.3948104717708
DM_RNA_g.26658.CDS.415,0.0,0.0
DM_RNA_g.26658.CDS.417,0.0,-683.4815241732227
DM_RNA_g.26658.CDS.418,0.0,-1583.7199067053875
DM_RNA_g.26658.CDS.419,0.0,-1548.7577726615652
DM_RNA_g.26658.CDS.421,0.0,0.0
DM_RNA_420889.6.peg.421,0.0,-540.1427199000525
DM_RNA_g.26658.CDS.423,0.0,-360.0956620607266
DM_RNA_g.26658.CDS.425,0.0,-519.1661537363273
DM_RNA_g.26658.CDS.433,0.0,-183.54351275391872
DM_RNA_g.26658.CDS.437,0.0,-1.7502517206606267e-32
DM_RNA_g.26658.CDS.438,0.0,-463.2291161440368
DM_RNA_g.26658.CDS.439,0.0,-402.0479687957568
DM_RNA_420889.6.peg.441,0.0,-681.7344330436639
DM_RNA_420889.6.peg.449,0.0,-758.6477312053225
DM_RNA_420889.6.peg.450,0.0,-283.1816070031689
DM_RNA_g.26658.CDS.451,0.0,-340.866420270684
DM_RNA_g.26658.CDS.452,0.0,-160.8190302529882
DM_RNA_g.26658.CDS.454,0.0,-564.6153746522943
DM_RNA_g.26658.CDS.455,0.0,-657.2610662129581
DM_RNA_g.26658.CDS.457,0.0,0.0
DM_RNA_g.26658.CDS.459,0.0,-496.44184433465074
DM_RNA_g.26658.CDS.461,0.0,-779.6235599316375
DM_RNA_g.26658.CDS.462,0.0,-545.387044576285
DM_RNA_g.26658.CDS.465,0.0,-242.97677542312147
DM_RNA_g.26658.CDS.469,0.0,-1064.5528168265835
DM_RNA_g.26658.CDS.476,0.0,0.0
DM_RNA_g.26658.CDS.480,0.0,-363.5907967202135
DM_RNA_g.26658.CDS.481,0.0,-108.37823454500094
DM_RNA_g.26658.CDS.503,0.0,-517.4178716133787
DM_RNA_420889.6.peg.503,0.0,-1015.6081488297135
DM_RNA_g.26658.CDS.504,0.0,-576.851428891803
DM_RNA_g.26658.CDS.506,0.0,-1005.1193110057325
DM_RNA_g.26658.CDS.515,0.0,-430.0168536649057
DM_RNA_g.26658.CDS.521,0.0,-571.607372250743
DM_RNA_g.26658.CDS.525,0.0,-639.780981436045
DM_RNA_g.26658.CDS.530,0.0,-674.7414633670568
DM_RNA_g.26658.CDS.536,0.0,-302.41001511985024
DM_RNA_g.26658.CDS.540,0.0,-263.95336169688005
DM_RNA_g.26658.CDS.541,0.0,-485.9537877269106
DM_RNA_g.26658.CDS.542,0.0,-1146.7110501634497
DM_RNA_420889.6.peg.545,0.0,-755.1512661046515
DM_RNA_g.26658.CDS.546,0.0,-615.3088134148597
DM_RNA_g.26658.CDS.551,0.0,-492.94518845795267
DM_RNA_g.26658.CDS.552,0.0,-1064.5534296301178
DM_RNA_g.26658.CDS.553,0.0,-554.1277497087854
DM_RNA_g.26658.CDS.554,0.0,-215.00835913754554
DM_RNA_g.26658.CDS.556,0.0,-363.5912683852094
DM_RNA_g.26658.CDS.559,0.0,-1216.6317341423626
DM_RNA_420889.6.peg.560,0.0,-648.5211706514038
DM_RNA_g.26658.CDS.561,0.0,-601.323905507861
DM_RNA_g.26658.CDS.566,0.0,0.0
DM_RNA_g.26658.CDS.568,0.0,-377.5754643026532
DM_RNA_g.26658.CDS.574,0.0,-388.06367664204475
DM_RNA_g.26658.CDS.575,0.0,-2.179560821009551e-32
DM_RNA_g.26658.CDS.582,0.0,-603.0719456959488
DM_RNA_g.26658.CDS.585,0.0,-1155.4512425956093
DM_RNA_g.26658.CDS.587,0.0,-1122.238709955247
DM_RNA_g.26658.CDS.590,0.0,-520.9142440379171
DM_RNA_g.26658.CDS.598,0.0,-475.46506185643915
DM_RNA_g.26658.CDS.603,0.0,-624.0480099709964
DM_RNA_g.26658.CDS.605,0.0,-160.81926276306163
DM_RNA_420889.6.peg.607,0.0,-302.55743590021376
DM_RNA_g.26658.CDS.610,0.0,-550.6306903086579
DM_RNA_g.26658.CDS.612,0.0,0.0
DM_RNA_g.26658.CDS.614,0.0,-645.0251055588483
DM_RNA_g.26658.CDS.615,0.0,-204.52018292961372
DM_RNA_g.26658.CDS.618,0.0,-316.39418233188917
DM_RNA_420889.6.peg.621,0.0,-562.867467223017
DM_RNA_g.26658.CDS.625,0.0,-709.7025733930024
DM_RNA_g.26658.CDS.627,0.0,-325.1343560466088
DM_RNA_g.26658.CDS.630,0.0,-571.6073439795489
DM_RNA_420889.6.peg.638,0.0,-1165.9394464238742
DM_RNA_g.26658.CDS.646,0.0,-716.6939618813204
DM_RNA_g.26658.CDS.653,0.0,-178.29967468104797
DM_RNA_g.26658.CDS.654,0.0,-840.8042203697153
DM_RNA_g.26658.CDS.656,0.0,-173.05528647364858
DM_RNA_g.26658.CDS.657,0.0,-276.1895823496771
DM_RNA_g.26658.CDS.658,0.0,-671.2454277206824
DM_RNA_g.26658.CDS.660,0.0,-870.5214032973009
DM_RNA_g.26658.CDS.664,0.0,-466.72495467372073
DM_RNA_g.26658.CDS.670,0.0,-947.435066204404
DM_RNA_g.26658.CDS.671,0.0,-127.60652870683859
DM_RNA_g.26658.CDS.672,0.0,-776.1275148190877
DM_RNA_g.26658.CDS.673,0.0,-232.48862514139287
DM_RNA_g.26658.CDS.674,0.0,-428.268441128138
DM_RNA_g.26658.CDS.676,0.0,-213.2603869125185
DM_RNA_g.26658.CDS.678,0.0,0.0
DM_RNA_g.26658.CDS.679,0.0,-136.34670767747022
DM_RNA_g.26658.CDS.680,0.0,-578.6000166140898
DM_RNA_g.26658.CDS.683,0.0,-505.18195642592053
DM_RNA_g.26658.CDS.688,0.0,-122.36245252368745
DM_RNA_g.26658.CDS.691,0.0,-386.31567254228656
DM_RNA_g.26658.CDS.693,0.0,-6.10732101624112e-33
DM_RNA_g.26658.CDS.694,0.0,-936.9465867417558
DM_RNA_g.26658.CDS.695,0.0,-798.8512272236042
DM_RNA_g.26658.CDS.696,0.0,-566.3631347366934
DM_RNA_g.26658.CDS.702,0.0,-662.5051741444709
DM_RNA_420889.6.peg.703,0.0,-753.4034506953433
DM_RNA_g.26658.CDS.705,0.0,-770.8825309613447
DM_RNA_g.26658.CDS.714,0.0,-933.4498540862688
DM_RNA_g.26658.CDS.715,0.0,-316.3944397696709
DM_RNA_g.26658.CDS.716,0.0,-178.29952155745661
DM_RNA_g.26658.CDS.724,0.0,-576.8518297720454
DM_RNA_g.26658.CDS.732,0.0,-141.5907670108349
DM_RNA_g.26658.CDS.733,0.0,-552.3791455318172
DM_RNA_g.26658.CDS.736,0.0,-463.22933128019787
DM_RNA_g.26658.CDS.738,0.0,-276.18934688656105
DM_RNA_g.26658.CDS.739,0.0,-405.54385496589174
DM_RNA_g.26658.CDS.740,0.0,-557.6227269471547
DM_RNA_g.26658.CDS.742,0.0,-599.5759938609566
DM_RNA_g.26658.CDS.745,0.0,-935.1989021812124
DM_RNA_g.26658.CDS.749,0.0,-1526.0344830691006
DM_RNA_g.26658.CDS.750,0.0,1.393598700003993e-32
DM_RNA_g.26658.CDS.752,0.0,-580.3474061736463
DM_RNA_g.26658.CDS.756,0.0,-496.44184715698134
DM_RNA_g.26658.CDS.757,0.0,-517.4184769484639
DM_RNA_g.26658.CDS.758,0.0,-166.06344243437545
DM_RNA_g.26658.CDS.759,0.0,-360.09523195493006
DM_RNA_g.26658.CDS.761,0.0,-774.3791117521056
DM_RNA_g.26658.CDS.763,0.0,-555.8752898764852
DM_RNA_g.26658.CDS.764,0.0,-506.9303376515528
DM_RNA_g.26658.CDS.768,0.0,-374.0798685735508
DM_RNA_g.26658.CDS.769,0.0,-741.1672046806256
DM_RNA_g.26658.CDS.773,0.0,-907.2295148637181
DM_RNA_g.26658.CDS.774,0.0,-244.7248776261114
DM_RNA_g.26658.CDS.780,0.0,-557.6234141841677
DM_RNA_g.26658.CDS.782,0.0,-333.87478546349917
DM_RNA_g.26658.CDS.785,0.0,-804.0954626958915
DM_RNA_g.26658.CDS.795,0.0,-419.5284699588541
DM_RNA_g.26658.CDS.798,0.0,-683.4810589354673
DM_RNA_g.26658.CDS.800,0.0,2.0364721743175278e-32
DM_RNA_420889.6.peg.800,0.0,-304.1580515299223
DM_RNA_g.26658.CDS.802,0.0,-492.9460885763706
DM_RNA_g.26658.CDS.803,0.0,-618.8047540848847
DM_RNA_g.26658.CDS.806,0.0,0.0
DM_RNA_g.26658.CDS.807,0.0,-781.3708002783417
DM_RNA_420889.6.peg.808,0.0,-480.7098102510208
DM_RNA_g.26658.CDS.811,0.0,-975.4033620263496
DM_RNA_g.26658.CDS.813,0.0,-1186.915979368705
DM_RNA_g.26658.CDS.814,0.0,0.0
DM_RNA_g.26658.CDS.815,0.0,-608.3161089494035
DM_RNA_g.26658.CDS.818,0.0,-468.4736740674136
DM_RNA_g.26658.CDS.819,0.0,-791.8596261143467
DM_RNA_g.26658.CDS.826,0.0,-194.03178254793616
DM_RNA_g.26658.CDS.829,0.0,-2139.595946903611
DM_RNA_g.26658.CDS.830,0.0,-407.2919182585389
DM_RNA_g.26658.CDS.835,0.0,-269.19727624361946
DM_RNA_420889.6.peg.837,0.0,-707.9545555686503
DM_RNA_g.26658.CDS.838,0.0,-508.6788679586872
DM_RNA_g.26658.CDS.841,0.0,-202.7720571019627
DM_RNA_g.26658.CDS.858,0.0,-424.7727004823856
DM_RNA_g.26658.CDS.860,0.0,-858.2851976691277
DM_RNA_420889.6.peg.863,0.0,-367.0873272664879
DM_RNA_420889.6.peg.864,0.0,-737.6709184144726
DM_RNA_g.26658.CDS.865,0.0,-1333.7507903221542
DM_RNA_g.26658.CDS.872,0.0,-973.6558972892022
DM_RNA_g.26658.CDS.874,0.0,-1110.0025741611248
DM_RNA_g.26658.CDS.875,0.0,-853.0409655400082
DM_RNA_g.26658.CDS.880,0.0,0.0
DM_RNA_g.26658.CDS.881,0.0,-141.5906742922127
DM_RNA_g.26658.CDS.885,0.0,-863.5294771414625
DM_RNA_g.26658.CDS.886,0.0,-611.812557544584
DM_RNA_g.26658.CDS.887,0.0,-1359.9707060927647
DM_RNA_g.26658.CDS.888,0.0,-361.84291239311426
DM_RNA_g.26658.CDS.891,0.0,-215.00803147696246
DM_RNA_g.26658.CDS.893,0.0,-510.4260903702133
DM_RNA_g.26658.CDS.894,0.0,-298.9140067448015
DM_RNA_g.26658.CDS.897,0.0,-2.1447768496861333e-32
DM_RNA_g.26658.CDS.899,0.0,-527.906595395939
DM_RNA_g.26658.CDS.901,0.0,-160.8190302529882
DM_RNA_g.26658.CDS.904,0.0,-498.18941924620066
DM_RNA_g.26658.CDS.907,0.0,-377.5755327444281
DM_RNA_g.26658.CDS.908,0.0,0.0
DM_RNA_g.26658.CDS.911,0.0,-1066.301892453542
DM_RNA_g.26658.CDS.913,0.0,-155.5751287779711
DM_RNA_420889.6.peg.914,0.0,-242.97677542312147
DM_RNA_g.26658.CDS.919,0.0,0.0
DM_RNA_g.26658.CDS.928,0.0,-538.394855550581
DM_RNA_g.26658.CDS.929,0.0,-468.473181339398
DM_RNA_g.26658.CDS.932,0.0,-655.5132851146101
DM_RNA_g.26658.CDS.933,0.0,-659.0093980167459
DM_RNA_g.26658.CDS.938,0.0,-758.6467963416836
DM_RNA_g.26658.CDS.941,0.0,-2050.4447142259824
DM_RNA_g.26658.CDS.944,0.0,-115.37029658987144
DM_RNA_g.26658.CDS.947,0.0,-555.8749405461089
DM_RNA_420889.6.peg.947,0.0,-470.22095614153756
DM_RNA_g.26658.CDS.948,0.0,-835.56073592708
DM_RNA_420889.6.peg.948,0.0,-732.4264542947899
DM_RNA_g.26658.CDS.949,0.0,0.0
DM_RNA_g.26658.CDS.954,0.0,-536.6467249868499
DM_RNA_g.26658.CDS.955,0.0,0.0
DM_RNA_g.26658.CDS.960,0.0,-187.03977561301969
DM_RNA_g.26658.CDS.961,0.0,-781.3714882548052
DM_RNA_g.26658.CDS.962,0.0,-915.9707671366338
DM_RNA_g.26658.CDS.963,0.0,-720.1902019862428
DM_RNA_g.26658.CDS.964,0.0,-875.7653056387746
DM_RNA_g.26658.CDS.966,0.0,-1214.8841921160672
DM_RNA_g.26658.CDS.974,0.0,-732.4263940639333
DM_RNA_g.26658.CDS.975,0.0,-162.5673105517328
DM_RNA_g.26658.CDS.976,0.0,-491.19809867786324
DM_RNA_g.26658.CDS.977,0.0,-326.88238707175225
DM_RNA_g.26658.CDS.980,0.0,-853.0411713430398
DM_RNA_g.26658.CDS.981,0.0,-304.1580515299223
DM_RNA_g.26658.CDS.989,0.0,-208.0161079666426
DM_RNA_g.26658.CDS.990,0.0,-1158.9468912173686
DM_RNA_g.26658.CDS.991,0.0,-279.68546821626563
DM_RNA_g.26658.CDS.993,0.0,0.0
DM_RNA_g.26658.CDS.995,0.0,-756.8989097628487
DM_RNA_420889.6.peg.999,0.0,-971.9080310310109
DM_RNA_g.26658.CDS.1002,0.0,-160.8190302529882
DM_RNA_g.26658.CDS.1005,0.0,-741.1666753885366
DM_RNA_g.26658.CDS.1013,0.0,-713.1982423407579
DM_RNA_g.26658.CDS.1015,0.0,-143.3388390318985
DM_RNA_420889.6.peg.1017,0.0,-1059.3091277977069
DM_RNA_g.26658.CDS.1018,0.0,-300.66190258121037
DM_RNA_420889.6.peg.1019,0.0,-749.9065141921068
DM_RNA_420889.6.peg.1021,0.0,-625.7963071629762
DM_RNA_420889.6.peg.1022,0.0,-611.8118462072158
DM_RNA_g.26658.CDS.1023,0.0,-417.780654854416
DM_RNA_420889.6.peg.1023,0.0,-202.77163064383757
DM_RNA_420889.6.peg.1026,0.0,-300.66190258121037
DM_RNA_g.26658.CDS.1028,0.0,-424.7725129635867
DM_RNA_g.26658.CDS.1030,0.0,-519.1664859106717
DM_RNA_g.26658.CDS.1036,0.0,-875.7654179422976
DM_RNA_g.26658.CDS.1038,0.0,-580.3466979146822
DM_RNA_420889.6.peg.1038,0.0,-823.3246653168178
DM_RNA_g.26658.CDS.1040,0.0,0.0
DM_RNA_420889.6.peg.1040,0.0,-618.8046743975552
DM_RNA_g.26658.CDS.1045,0.0,-625.7966764686965
DM_RNA_g.26658.CDS.1047,0.0,-244.72469670903283
DM_RNA_g.26658.CDS.1049,0.0,-384.56779077577596
DM_RNA_g.26658.CDS.1055,0.0,-666.0017688730917
DM_RNA_g.26658.CDS.1064,0.0,-695.7178369348964
DM_RNA_g.26658.CDS.1065,0.0,-471.9697027644338
DM_RNA_g.26658.CDS.1070,0.0,-367.0875592554061
DM_RNA_g.26658.CDS.1081,0.0,-386.3158512892212
DM_RNA_g.26658.CDS.1082,0.0,-208.0161624682256
DM_RNA_g.26658.CDS.1090,0.0,-209.7641711727133
DM_RNA_g.26658.CDS.1091,0.0,-555.8751001424013
DM_RNA_g.26658.CDS.1094,0.0,-435.26049279523676
DM_RNA_g.26658.CDS.1098,0.0,-1122.2384488694745
DM_RNA_g.26658.CDS.1100,0.0,-527.9069955340797
DM_RNA_g.26658.CDS.1101,0.0,-160.81923970332397
DM_RNA_g.26658.CDS.1104,0.0,-540.142301522868
DM_RNA_g.26658.CDS.1105,0.0,-872.2698020212489
DM_RNA_g.26658.CDS.1111,0.0,-305.9061920793383
DM_RNA_g.26658.CDS.1117,0.0,-407.29246487976616
DM_RNA_g.26658.CDS.1121,0.0,-606.5683042240632
DM_RNA_g.26658.CDS.1122,0.0,-272.6936201830128
DM_RNA_g.26658.CDS.1126,0.0,-784.867270241829
DM_RNA_g.26658.CDS.1135,0.0,-666.0013533175511
DM_RNA_420889.6.peg.1147,0.0,-536.6462049476702
DM_RNA_420889.6.peg.1148,0.0,-898.4900311197979
DM_RNA_g.26658.CDS.1149,0.0,-1314.5220789076263
DM_RNA_420889.6.peg.1154,0.0,-652.0173862615031
DM_RNA_420889.6.peg.1155,0.0,-283.18193870186656
DM_RNA_420889.6.peg.1156,0.0,-718.4425117288534
DM_RNA_g.26658.CDS.1157,0.0,-2845.8014381585303
DM_RNA_g.26658.CDS.1158,0.0,-889.7494983029674
DM_RNA_g.26658.CDS.1162,0.0,-998.1278902990746
DM_RNA_420889.6.peg.1162,0.0,-903.7343488456725
DM_RNA_420889.6.peg.1163,0.0,-316.3942307114235
DM_RNA_420889.6.peg.1164,0.0,-590.8361087203047
DM_RNA_420889.6.peg.1165,0.0,-825.0728938494141
DM_RNA_420889.6.peg.1166,0.0,-1291.7981293899038
DM_RNA_420889.6.peg.1167,0.0,0.0
DM_RNA_420889.6.peg.1168,0.0,-141.5907824262224
DM_RNA_420889.6.peg.1169,0.0,-417.78013672130476
DM_RNA_g.26658.CDS.1172,0.0,-573.3554963411359
DM_RNA_g.26658.CDS.1173,0.0,-1263.8288100829946
DM_RNA_g.26658.CDS.1174,0.0,-781.3708871353331
DM_RNA_g.26658.CDS.1175,0.0,-568.1105269879145
DM_RNA_g.26658.CDS.1176,0.0,-228.99284350104446
DM_RNA_g.26658.CDS.1178,0.0,-548.8824558663183
DM_RNA_g.26658.CDS.1181,0.0,6.45652453493675e-33
DM_RNA_g.26658.CDS.1187,0.0,-450.9929196350894
DM_RNA_g.26658.CDS.1188,0.0,-489.449765095331
DM_RNA_g.26658.CDS.1190,0.0,-788.363838482614
DM_RNA_g.26658.CDS.1193,0.0,-547.134357312646
DM_RNA_g.26658.CDS.1196,0.0,-1440.3817649176456
DM_RNA_g.26658.CDS.1197,0.0,-1141.4669188700266
DM_RNA_g.26658.CDS.1199,0.0,0.0
DM_RNA_g.26658.CDS.1207,0.0,-367.08735514453974
DM_RNA_g.26658.CDS.1208,0.0,-749.9065141921068
DM_RNA_g.26658.CDS.1209,0.0,-842.5527654005789
DM_RNA_g.26658.CDS.1215,0.0,-692.222133679197
DM_RNA_g.26658.CDS.1225,0.0,-160.8190302529882
DM_RNA_g.26658.CDS.1226,0.0,-538.3945745306283
DM_RNA_g.26658.CDS.1227,0.0,-8.950664261046278e-33
DM_RNA_g.26658.CDS.1233,0.0,-253.46488579601268
DM_RNA_g.26658.CDS.1234,0.0,-372.3310225934904
DM_RNA_420889.6.peg.1235,0.0,0.0
DM_RNA_g.26658.CDS.1236,0.0,-837.3085336171268
DM_RNA_420889.6.peg.1236,0.0,-538.3945745306283
DM_RNA_420889.6.peg.1242,0.0,-527.9068590841018
DM_RNA_g.26658.CDS.1245,0.0,-1403.671760834651
DM_RNA_g.26658.CDS.1251,0.0,-879.2615689799269
DM_RNA_g.26658.CDS.1263,0.0,-515.6708802350853
DM_RNA_420889.6.peg.1266,0.0,-442.25283959202415
DM_RNA_g.26658.CDS.1267,0.0,-1526.0351765571813
DM_RNA_420889.6.peg.1267,0.0,-531.4022167453661
DM_RNA_g.26658.CDS.1268,0.0,-825.0717158806885
DM_RNA_g.26658.CDS.1285,0.0,-639.7812568050273
DM_RNA_g.26658.CDS.1292,0.0,-541.8904550571082
DM_RNA_420889.6.peg.1299,0.0,-599.5763714190313
DM_RNA_g.26658.CDS.1305,0.0,-396.8038481859342
DM_RNA_g.26658.CDS.1312,0.0,1.0035660994991733e-32
DM_RNA_g.26658.CDS.1314,0.0,-1328.507533306834
DM_RNA_420889.6.peg.1318,0.0,-419.5285958545679
DM_RNA_420889.6.peg.1319,0.0,-545.3871094121438
DM_RNA_g.26658.CDS.1320,0.0,-414.28427226409195
DM_RNA_420889.6.peg.1320,0.0,0.0
DM_RNA_g.26658.CDS.1322,0.0,-599.5763714190313
DM_RNA_g.26658.CDS.1323,0.0,-697.4654721197448
DM_RNA_g.26658.CDS.1324,0.0,-851.2926197949728
DM_RNA_420889.6.peg.1325,0.0,-1856.4136558054677
DM_RNA_g.26658.CDS.1327,0.0,-667.7488998680391
DM_RNA_g.26658.CDS.1328,0.0,-692.2223218110786
DM_RNA_g.26658.CDS.1329,0.0,-316.3942307114235
DM_RNA_g.26658.CDS.1330,0.0,-681.7332135598264
DM_RNA_g.26658.CDS.1331,0.0,-875.7646750814904
DM_RNA_g.26658.CDS.1332,0.0,-1309.2764310888906
DM_RNA_g.26658.CDS.1335,0.0,-1130.9782159332922
DM_RNA_g.26658.CDS.1337,0.0,-321.6381008756258
DM_RNA_g.26658.CDS.1339,0.0,-749.9072118543171
DM_RNA_g.26658.CDS.1341,0.0,-508.67827469884185
DM_RNA_g.26658.CDS.1345,0.0,-8.240655870093958e-33
DM_RNA_g.26658.CDS.1347,0.0,2.5226122683602004e-32
DM_RNA_g.26658.CDS.1348,0.0,-412.53596856030885
DM_RNA_g.26658.CDS.1352,0.0,0.0
DM_RNA_g.26658.CDS.1359,0.0,-844.2999185423383
DM_RNA_g.26658.CDS.1360,0.0,-157.32289598190638
DM_RNA_g.26658.CDS.1372,0.0,-311.14995146104206
DM_RNA_g.26658.CDS.1376,0.0,-699.2136480615361
DM_RNA_g.26658.CDS.1380,0.0,-159.0710266305707
DM_RNA_g.26658.CDS.1389,0.0,-522.6625936916812
DM_RNA_g.26658.CDS.1392,0.0,2.4566535979056503e-32
DM_RNA_g.26658.CDS.1393,0.0,-695.7181597306983
DM_RNA_g.26658.CDS.1394,0.0,-228.9927638106963
DM_RNA_g.26658.CDS.1396,0.0,-241.22893573998297
DM_RNA_g.26658.CDS.1406,0.0,-356.5991000756256
DM_RNA_g.26658.CDS.1407,0.0,-753.4032914473713
DM_RNA_g.26658.CDS.1410,0.0,0.0
DM_RNA_g.26658.CDS.1413,0.0,-160.8190302529882
DM_RNA_g.26658.CDS.1419,0.0,-1569.7358686536052
DM_RNA_g.26658.CDS.1420,0.0,-491.1977675882235
DM_RNA_g.26658.CDS.1421,0.0,-805.8437218446712
DM_RNA_g.26658.CDS.1423,0.0,-325.1344342604356
DM_RNA_g.26658.CDS.1424,0.0,-837.3084326928891
DM_RNA_g.26658.CDS.1427,0.0,-171.30732584382255
DM_RNA_g.26658.CDS.1431,0.0,-968.4099939003812
DM_RNA_g.26658.CDS.1432,0.0,-527.9068590841018
DM_RNA_g.26658.CDS.1436,0.0,-748.1587387357681
DM_RNA_g.26658.CDS.1439,0.0,-695.71790637416
DM_RNA_g.26658.CDS.1440,0.0,-160.8190302529882
DM_RNA_g.26658.CDS.1442,0.0,-202.77163064383757
DM_RNA_420889.6.peg.1444,0.0,-1120.489948871004
DM_RNA_g.26658.CDS.1448,0.0,-1019.1043303063487
DM_RNA_420889.6.peg.1453,0.0,-695.7178369348964
DM_RNA_g.26658.CDS.1455,0.0,-424.7723653967538
DM_RNA_g.26658.CDS.1456,0.0,-319.89020113213485
DM_RNA_g.26658.CDS.1460,0.0,0.0
DM_RNA_420889.6.peg.1464,0.0,-758.6475807322333
DM_RNA_g.26658.CDS.1470,0.0,-671.2451876574997
DM_RNA_g.26658.CDS.1474,0.0,-625.7963071629762
DM_RNA_g.26658.CDS.1478,0.0,-1129.2309226918692
DM_RNA_420889.6.peg.1480,0.0,-543.6384483452036
DM_RNA_g.26658.CDS.1485,0.0,-938.694257754885
DM_RNA_420889.6.peg.1485,0.0,-828.5684654333874
DM_RNA_g.26658.CDS.1486,0.0,3.73135558547411e-32
DM_RNA_g.26658.CDS.1498,0.0,-417.78046941918404
DM_RNA_g.26658.CDS.1500,0.0,-437.00842163659036
DM_RNA_420889.6.peg.1500,0.0,-723.6865674623378
DM_RNA_g.26658.CDS.1503,0.0,-603.0719740072531
DM_RNA_g.26658.CDS.1506,0.0,-430.0165227460881
DM_RNA_g.26658.CDS.1514,0.0,-157.32307264559373
DM_RNA_g.26658.CDS.1520,0.0,-559.3704423441452
DM_RNA_g.26658.CDS.1521,0.0,-695.717863990626
DM_RNA_g.26658.CDS.1523,0.0,-1400.175398093941
DM_RNA_g.26658.CDS.1525,0.0,-984.1434546176505
DM_RNA_g.26658.CDS.1527,0.0,-861.7810141402679
DM_RNA_g.26658.CDS.1531,0.0,-492.9460395911164
DM_RNA_g.26658.CDS.1534,0.0,-611.811985391941
DM_RNA_g.26658.CDS.1535,0.0,-618.804405063725
DM_RNA_420889.6.peg.1541,0.0,-407.29183570474373
DM_RNA_420889.6.peg.1542,0.0,-321.6380428577701
DM_RNA_g.26658.CDS.1543,0.0,-1337.2468322653758
DM_RNA_g.26658.CDS.1553,0.0,-788.363383838961
DM_RNA_g.26658.CDS.1555,0.0,-499.9382668749283
DM_RNA_g.26658.CDS.1563,0.0,-160.8190302529882
DM_RNA_420889.6.peg.1567,0.0,0.0
DM_RNA_g.26658.CDS.1568,0.0,-599.5761021249916
DM_RNA_g.26658.CDS.1569,0.0,-426.52027942907876
DM_RNA_g.26658.CDS.1570,0.0,-402.0478309578471
DM_RNA_g.26658.CDS.1571,0.0,0.0
DM_RNA_g.26658.CDS.1576,0.0,-853.0409879077685
DM_RNA_g.26658.CDS.1579,0.0,-963.1661048899944
DM_RNA_g.26658.CDS.1582,0.0,-402.0481106744802
DM_RNA_g.26658.CDS.1584,0.0,-284.9295293741527
DM_RNA_g.26658.CDS.1586,0.0,-346.11082584870627
DM_RNA_g.26658.CDS.1587,0.0,-676.4890851331882
DM_RNA_g.26658.CDS.1588,0.0,-274.44159084361576
DM_RNA_g.26658.CDS.1591,0.0,-571.6077036873776
DM_RNA_420889.6.peg.1593,0.0,-802.3479431583718
DM_RNA_420889.6.peg.1594,0.0,-461.4810145043231
DM_RNA_g.26658.CDS.1595,0.0,-562.8669915199065
DM_RNA_g.26658.CDS.1597,0.0,-1075.0398450346759
DM_RNA_g.26658.CDS.1600,0.0,-1099.512642310832
DM_RNA_g.26658.CDS.1603,0.0,-508.67781450071453
DM_RNA_g.26658.CDS.1605,0.0,-653.7650509336489
DM_RNA_g.26658.CDS.1606,0.0,-260.45710383194654
DM_RNA_g.26658.CDS.1612,0.0,-160.8190302529882
DM_RNA_420889.6.peg.1622,0.0,-522.6625936916812
DM_RNA_g.26658.CDS.1624,0.0,-160.8190302529882
DM_RNA_g.26658.CDS.1633,0.0,-828.5684654333874
DM_RNA_g.26658.CDS.1636,0.0,-903.7343488456725
DM_RNA_g.26658.CDS.1639,0.0,-346.1109844023689
DM_RNA_g.26658.CDS.1641,0.0,-569.8591387687549
DM_RNA_420889.6.peg.1649,0.0,-751.6551536798553
DM_RNA_g.26658.CDS.1652,0.0,-279.68569703553885
DM_RNA_g.26658.CDS.1654,0.0,-438.7568251367301
DM_RNA_g.26658.CDS.1655,0.0,0.0
DM_RNA_g.26658.CDS.1658,0.0,-1218.3806388008347
DM_RNA_g.26658.CDS.1660,0.0,-1078.537825920522
DM_RNA_g.26658.CDS.1670,0.0,-416.0319210017075
DM_RNA_g.26658.CDS.1673,0.0,-298.91368863898134
DM_RNA_g.26658.CDS.1678,0.0,-536.6462049476702
DM_RNA_g.26658.CDS.1681,0.0,-454.48858002689644
DM_RNA_g.26658.CDS.1682,0.0,-781.3715535677319
DM_RNA_g.26658.CDS.1683,0.0,-309.402103004986
DM_RNA_g.26658.CDS.1685,0.0,-671.2457133420273
DM_RNA_g.26658.CDS.1686,0.0,-248.22092360982793
DM_RNA_g.26658.CDS.1689,0.0,-652.0173862615031
DM_RNA_g.26658.CDS.1693,0.0,-300.6614818560164
DM_RNA_420889.6.peg.1700,0.0,-417.780654854416
DM_RNA_420889.6.peg.1707,0.0,-562.867587819691
DM_RNA_g.26658.CDS.1709,0.0,-419.5279580396714
DM_RNA_g.26658.CDS.1716,0.0,-216.7560354045718
DM_RNA_g.26658.CDS.1719,0.0,-339.11878382294753
DM_RNA_g.26658.CDS.1722,0.0,-534.898159502296
DM_RNA_g.26658.CDS.1723,0.0,-248.22068332569856
DM_RNA_g.26658.CDS.1734,0.0,-312.89847773101957
DM_RNA_g.26658.CDS.1735,0.0,-499.938251415773
DM_RNA_g.26658.CDS.1740,0.0,-744.662493640336
DM_RNA_g.26658.CDS.1743,0.0,-1447.3736259808677
DM_RNA_g.26658.CDS.1744,0.0,-288.42560367182483
DM_RNA_g.26658.CDS.1749,0.0,-575.1032063552071
DM_RNA_g.26658.CDS.1752,0.0,-372.3309883697917
DM_RNA_g.26658.CDS.1758,0.0,-372.33090642272265
DM_RNA_g.26658.CDS.1763,0.0,-737.6709858136176
DM_RNA_g.26658.CDS.1764,0.0,-461.4810145043231
DM_RNA_420889.6.peg.1777,0.0,-555.8748975113944
DM_RNA_420889.6.peg.1778,0.0,-693.9698631457661
DM_RNA_420889.6.peg.1779,0.0,-587.3395895967639
DM_RNA_g.26658.CDS.1786,0.0,-260.45714083288226
DM_RNA_g.26658.CDS.1787,0.0,-779.6233696784108
DM_RNA_g.26658.CDS.1788,0.0,-293.66945650922173
DM_RNA_g.26658.CDS.1791,0.0,-382.81926980213876
DM_RNA_420889.6.peg.1792,0.0,-697.4659546408585
DM_RNA_g.26658.CDS.1803,0.0,-407.29183570474373
DM_RNA_g.26658.CDS.1806,0.0,-489.44993159286554
DM_RNA_g.26658.CDS.1807,0.0,-638.0325921742916
DM_RNA_g.26658.CDS.1808,0.0,-360.0951178282581
DM_RNA_g.26658.CDS.1822,0.0,-321.6380428577701
DM_RNA_420889.6.peg.1822,0.0,-346.1109844023689
DM_RNA_g.26658.CDS.1823,0.0,-471.9681982231681
DM_RNA_g.26658.CDS.1825,0.0,-283.18193870186656
DM_RNA_g.26658.CDS.1827,0.0,-779.6212047365125
DM_RNA_g.26658.CDS.1829,0.0,-1623.9240098785667
DM_RNA_420889.6.peg.1829,0.0,-606.5679930251551
DM_RNA_g.26658.CDS.1831,0.0,0.0
DM_RNA_420889.6.peg.1832,0.0,-290.1735200491397
DM_RNA_420889.6.peg.1834,0.0,-784.867270241829
DM_RNA_g.26658.CDS.1846,0.0,-573.3550629794368
DM_RNA_g.26658.CDS.1847,0.0,-797.1042274238268
DM_RNA_g.26658.CDS.1849,0.0,-562.867587819691
DM_RNA_g.26658.CDS.1851,0.0,-900.2378881752045
DM_RNA_420889.6.peg.1857,0.0,-781.3715535677319
DM_RNA_g.26658.CDS.1862,0.0,-868.7735264410782
DM_RNA_g.26658.CDS.1869,0.0,-351.3547130355298
DM_RNA_g.26658.CDS.1871,0.0,-365.33916343972516
DM_RNA_g.26658.CDS.1874,0.0,-1540.0194100000551
DM_RNA_420889.6.peg.1874,0.0,-867.0254466911006
DM_RNA_g.26658.CDS.1877,0.0,-489.44934810374644
DM_RNA_g.26658.CDS.1881,0.0,-258.70920282689
DM_RNA_g.26658.CDS.1884,0.0,-104.88210635315848
DM_RNA_g.26658.CDS.1885,0.0,-727.1828668851449
DM_RNA_g.26658.CDS.1887,0.0,-657.2613565720297
DM_RNA_420889.6.peg.1891,0.0,-589.0876917151886
DM_RNA_g.26658.CDS.1895,0.0,-463.2287886124729
DM_RNA_g.26658.CDS.1897,0.0,-809.3406128391833
DM_RNA_g.26658.CDS.1899,0.0,-599.576013143317
DM_RNA_g.26658.CDS.1900,0.0,-776.1271072100704
DM_RNA_g.26658.CDS.1902,0.0,-340.86679608820947
DM_RNA_g.26658.CDS.1904,0.0,-117.1184652366405
DM_RNA_g.26658.CDS.1905,0.0,-594.3319449945933
DM_RNA_g.26658.CDS.1906,0.0,-531.4022167453661
DM_RNA_g.26658.CDS.1908,0.0,-1356.4745385075255
DM_RNA_LCGT_RS00085,0.0,-41.953176003333496
DM_RNA_LCGT_RS00090,0.0,-52.441425864816
DM_RNA_LCGT_RS00095,0.0,-43.11856432805455
DM_RNA_LCGT_RS00100,0.0,-42.53586651767937
DM_RNA_LCGT_RS00105,0.0,-41.370403975809936
DM_RNA_LCGT_RS00110,0.0,-43.118499403925775
DM_RNA_LCGT_RS00115,0.0,-67.59095421764954
DM_RNA_LCGT_RS00120,0.0,-43.118449766484886
DM_RNA_LCGT_RS00125,0.0,-42.535851144414444
DM_RNA_LCGT_RS00390,0.0,-50.11075943395661
DM_RNA_LCGT_RS00980,0.0,-42.53584645411314
DM_RNA_LCGT_RS01505,0.0,-41.37048640090548
DM_RNA_LCGT_RS01580,0.0,-43.11852767543942
DM_RNA_LCGT_RS01755,0.0,-41.95311724602734
DM_RNA_LCGT_RS02750,0.0,-43.11856432805455
DM_RNA_LCGT_RS02965,0.0,-41.95315915354725
DM_RNA_LCGT_RS03365,0.0,-51.27596553722569
DM_RNA_LCGT_RS03370,0.0,-42.535744704215126
DM_RNA_LCGT_RS04305,0.0,-43.11843669508208
DM_RNA_LCGT_RS05395,0.0,-43.11842371025632
DM_RNA_LCGT_RS05535,0.0,-43.70113845699505
DM_RNA_LCGT_RS06285,0.0,-41.953034473617414
DM_RNA_LCGT_RS10225,0.0,-43.11826302889186
DM_RNA_LCGT_RS07000,0.0,-43.118534493442546
DM_RNA_LCGT_RS07025,0.0,-43.11856432805455
DM_RNA_LCGT_RS07860,0.0,-51.27606507284482
DM_RNA_LCGT_RS07865,0.0,-43.118499403925775
DM_RNA_LCGT_RS07870,0.0,-41.370403975809936
DM_RNA_LCGT_RS07875,0.0,-42.53586651767937
DM_RNA_LCGT_RS07880,0.0,-52.44140901502975
DM_RNA_LCGT_RS07885,0.0,-43.11845354486833
DM_RNA_LCGT_RS07890,0.0,-43.11861044784934
DM_RNA_LCGT_RS07895,0.0,-43.118514777190704
DM_RNA_LCGT_RS07900,0.0,-43.118551343228795
DM_RNA_LCGT_RS07905,0.0,-41.953166883468235
DM_RNA_LCGT_RS07910,0.0,-42.53578383184649
DM_RNA_LCGT_RS07915,0.0,-47.77994291811917
DM_RNA_LCGT_RS07920,0.0,-42.53579147519043
DM_RNA_LCGT_RS07925,0.0,-42.53590399563532
DM_RNA_LCGT_RS07930,0.0,-42.535848755975266
DM_RNA_LCGT_RS07935,0.0,-67.59093441482065
DM_RNA_LCGT_RS07940,0.0,-1690.9367066240136
DM_RNA_LCGT_RS07945,0.0,-42.53595363307621
DM_RNA_LCGT_RS07950,0.0,-902.5714443114438
DM_RNA_LCGT_RS09025,0.0,-43.118514777190704
DM_RNA_LCGT_RS09030,0.0,-43.118551343228795
DM_RNA_LCGT_RS09130,0.0,-50.11075943395661
DM_RNA_LCGT_RS09175,0.0,-50.11075613359957
DM_RNA_LCGT_RS09180,0.0,-41.953166883468235
DM_RNA_LCGT_RS09185,0.0,-42.53578383184649
DM_RNA_LCGT_RS09190,0.0,-47.77994291811917
DM_RNA_LCGT_RS09195,0.0,-42.53579147519043
DM_RNA_LCGT_RS09200,0.0,-42.53588714584907
DM_RNA_LCGT_RS09205,0.0,-42.535848755975266
DM_RNA_LCGT_RS09210,0.0,-67.59093441482065
DM_RNA_LCGT_RS09215,0.0,-1690.9367142673575
DM_RNA_LCGT_RS09220,0.0,-42.53595363307621
DM_RNA_LCGT_RS09225,0.0,-902.5714443114438
DM_RNA_LCGT_RS09330,0.0,-67.59093441482065
DM_RNA_LCGT_RS09335,0.0,-1690.936732593665
DM_RNA_LCGT_RS09340,0.0,-42.53595363307621
DM_RNA_LCGT_RS09345,0.0,-902.5714443114438
DM_RNA_LCGT_RS09625,0.0,-48.36273262076954
DM_RNA_LCGT_RS09745,0.0,-48.9454167951387
DM_RNA_LCGT_RS09750,0.0,-41.95315915354725
DM_RNA_LCGT_RS09755,0.0,-42.53590399563532
DM_RNA_LCGT_RS09760,0.0,-41.37040223855127
DM_RNA_LCGT_RS09765,0.0,-47.19734420947144
DM_RNA_LCGT_RS09770,0.0,-42.535848755975266
DM_RNA_LCGT_RS09775,0.0,-67.59093441482065
DM_RNA_LCGT_RS09780,0.0,-1690.936732593665
DM_RNA_LCGT_RS09785,0.0,-42.53595363307621
DM_RNA_LCGT_RS09790,0.0,-902.5714443114438
DM_RNA_LCGT_RS09890,0.0,-42.535849667893125
DM_RNA_LCGT_RS09895,0.0,-41.953176003333496
DM_RNA_LCGT_RS09900,0.0,-67.59093441482065
DM_RNA_LCGT_RS09905,0.0,-1690.936715743879
DM_RNA_LCGT_RS09910,0.0,-42.53595363307621
DM_RNA_LCGT_RS09915,0.0,-902.5714443114438
formation_420889.6.peg.1017-MONOMER,0.0,0.0
formation_420889.6.peg.1019-MONOMER,3.1243421842713015e-09,2.5544211404260333e-34
formation_420889.6.peg.1021-MONOMER,0.0,0.0
formation_420889.6.peg.1022-MONOMER,3.5788395036394304e-09,-8.754867664866316e-35
formation_420889.6.peg.1023-MONOMER,0.0,0.0
formation_420889.6.peg.1026-MONOMER,0.0024592297535195482,0.0
formation_420889.6.peg.1038-MONOMER,0.0,0.0
formation_420889.6.peg.1040-MONOMER,6.072856139965234e-08,-2.8597968384671333e-34
formation_420889.6.peg.1147-MONOMER,1.288206933919011e-09,3.4722416721170555e-35
formation_420889.6.peg.1148-MONOMER,0.0,3.7641527544834976e-34
formation_420889.6.peg.1154-MONOMER,0.0,-1.3743056879931548e-34
formation_420889.6.peg.1155-MONOMER,0.0,-1.5286016741482612e-34
formation_420889.6.peg.1156-MONOMER,0.0,-3.0731940445969206e-34
formation_420889.6.peg.1162-MONOMER,0.0,0.0
formation_420889.6.peg.1163-MONOMER,0.0,1.236062230224978e-34
formation_420889.6.peg.1164-MONOMER,0.0,0.0
formation_420889.6.peg.1165-MONOMER,0.0,0.0
formation_420889.6.peg.1166-MONOMER,0.0,0.0
formation_420889.6.peg.1167-MONOMER,0.0,0.0
formation_420889.6.peg.1168-MONOMER,0.0,-7.5505459738246e-36
formation_420889.6.peg.1169-MONOMER,3.5306736959260465e-53,0.0
formation_420889.6.peg.1235-MONOMER,0.0,-2.3059867464026407e-33
formation_420889.6.peg.1236-MONOMER,0.0,2.8979916189088995e-34
formation_420889.6.peg.1242-MONOMER,0.0,-2.1775135215666368e-34
formation_420889.6.peg.1266-MONOMER,1.8461921724486869e-06,-1.6546454227023938e-34
formation_420889.6.peg.1267-MONOMER,2.663422491696743e-09,0.0
formation_420889.6.peg.1299-MONOMER,0.0,2.9928048004138617e-34
formation_420889.6.peg.1318-MONOMER,0.0,1.7069475951201632e-34
formation_420889.6.peg.1319-MONOMER,0.0,-2.0688003958250684e-34
formation_420889.6.peg.1320-MONOMER,0.0,-7.740212232637427e-34
formation_420889.6.peg.1325-MONOMER,0.0,0.0
formation_420889.6.peg.133-MONOMER,0.0,2.816565441751146e-34
formation_420889.6.peg.1444-MONOMER,0.0,0.0
formation_420889.6.peg.1453-MONOMER,0.0,5.024648325555953e-34
formation_420889.6.peg.1480-MONOMER,0.0,-1.953618985255756e-34
formation_420889.6.peg.1485-MONOMER,0.0,0.0
formation_420889.6.peg.1500-MONOMER,7.981803555731411e-09,-7.286691051011991e-34
formation_420889.6.peg.1541-MONOMER,1.6520743872402498e-09,8.594572360927567e-35
formation_420889.6.peg.1542-MONOMER,2.010093608456504e-09,0.0
formation_420889.6.peg.1567-MONOMER,0.0,0.0
formation_420889.6.peg.1593-MONOMER,1.6589664779617466e-08,2.880927024655629e-34
formation_420889.6.peg.1594-MONOMER,0.0,0.0
formation_420889.6.peg.1622-MONOMER,0.0,0.0
formation_420889.6.peg.1700-MONOMER,7.591624415912042e-09,0.0
formation_420889.6.peg.1707-MONOMER,0.0,-2.8723371061190327e-34
formation_420889.6.peg.177-MONOMER,1.332633010387e-06,0.0
formation_420889.6.peg.1777-MONOMER,0.0,-1.5221765127007196e-34
formation_420889.6.peg.1792-MONOMER,4.118146591214453e-06,-3.1971235536464507e-34
formation_420889.6.peg.1822-MONOMER,0.0,-4.3909572194260603e-35
formation_420889.6.peg.1829-MONOMER,0.0,0.0
formation_420889.6.peg.1834-MONOMER,9.932061110617439e-08,0.0
formation_420889.6.peg.1874-MONOMER,0.0,0.0
formation_420889.6.peg.1891-MONOMER,1.6313153594898498e-06,0.0
formation_420889.6.peg.205-MONOMER,5.777529326353829e-06,7.276902584534874e-35
formation_420889.6.peg.302-MONOMER,0.0,2.6184453105322634e-34
formation_420889.6.peg.312-MONOMER,1.4610565092050561e-09,0.0
formation_420889.6.peg.315-MONOMER,0.0,1.9436668362501417e-34
formation_420889.6.peg.352-MONOMER,1.7959787562689203e-09,4.781139595632666e-35
formation_420889.6.peg.421-MONOMER,0.0,0.0
formation_420889.6.peg.441-MONOMER,0.0,0.0
formation_420889.6.peg.449-MONOMER,0.0,-3.1563395520550373e-34
formation_420889.6.peg.503-MONOMER,2.1152990412128955e-09,3.5901806093547477e-34
formation_420889.6.peg.545-MONOMER,6.167971667428874e-08,-1.2340219376695745e-34
formation_420889.6.peg.560-MONOMER,1.9059156459083135e-08,2.632025087787363e-34
formation_420889.6.peg.607-MONOMER,7.721856555948795e-24,0.0
formation_420889.6.peg.621-MONOMER,0.0,0.0
formation_420889.6.peg.703-MONOMER,0.0,0.0
formation_420889.6.peg.800-MONOMER,0.0,0.0
formation_420889.6.peg.837-MONOMER,0.0,-2.8527881292956283e-34
formation_420889.6.peg.863-MONOMER,0.0,-1.4516488993010912e-34
formation_420889.6.peg.864-MONOMER,0.0,-2.7663772501115925e-34
formation_420889.6.peg.90-MONOMER,0.0,1.3709650555173802e-34
formation_420889.6.peg.94-MONOMER,3.262291037729606e-08,0.0
formation_420889.6.peg.948-MONOMER,0.0,0.0
formation_420889.6.peg.999-MONOMER,0.0,0.0
formation_CPLX_3OAS100-0,1.4168342816427474e-07,-5.842962384470933e-34
formation_CPLX_5AIZCDC-0,0.0,-3.9629827443887615e-34
formation_CPLX_ACCOACL-0,1.463552331875633e-07,0.0
formation_CPLX_ACGApts-0,2.875433385554396e-07,1.0109228708884877e-33
formation_CPLX_ACTNDH-0,0.0,0.0
formation_CPLX_ADOCBLabc-0,8.086419343800004e-10,-3.4885472076219685e-34
formation_CPLX_ALAPGPL-0,0.0,0.0
formation_CPLX_ARBTpts-0,0.0,0.0
formation_CPLX_ARSENBabc-0,0.0,3.2170001232362644e-34
formation_CPLX_BTNCLi-0,1.0388485950097748e-07,7.669212885764228e-33
formation_CPLX_CELBpts-0,9.136676645706742e-08,0.0
formation_CPLX_CELBpts-1,0.0,0.0
formation_CPLX_CELBpts-2,0.0,0.0
formation_CPLX_CELBpts-3,0.0,0.0
formation_CPLX_CELBpts-4,0.0,0.0
formation_CPLX_DADNK-0,0.0,0.0
formation_CPLX_FRUpts-0,0.0,1.595212824785516e-33
formation_CPLX_FRUpts-1,0.0,5.004829060071473e-34
formation_CPLX_FRUpts-2,4.7409765899776266e-08,0.0
formation_CPLX_G3PAT120-0,1.3260084750677116e-08,4.741811493047723e-34
formation_CPLX_GALTpts-0,2.226165206601783e-07,0.0
formation_CPLX_GLGC-0,0.0,0.0
formation_CPLX_HEXTT-0,0.0,1.8404419978122593e-34
formation_CPLX_HEXTT-1,0.0,-1.8549300765348382e-34
formation_CPLX_MALTTRabc-0,0.0,-8.200622011649605e-34
formation_CPLX_MALTpts-0,0.0,-5.073786302910145e-34
formation_CPLX_MANpts-0,0.0,0.0
formation_CPLX_MANpts-1,0.0,0.0
formation_CPLX_METDabc-0,-7.52646472974672e-30,1.5804789848196028e-34
formation_CPLX_MNLpts-0,-1.3965943421149862e-29,0.0
formation_CPLX_MNabc-0,0.0,0.0
formation_CPLX_PFK_2-0,0.0,0.0
formation_CPLX_PFK_2-1,0.0,0.0
formation_CPLX_PIabc-0,0.0,-1.9928530559539845e-34
formation_CPLX_PIabc-1,0.0,0.0
formation_CPLX_PIabc-2,0.0,3.982744829248574e-34
formation_CPLX_PIabc-3,0.0,5.964028001166509e-34
formation_CPLX_PTRCabc-0,7.26086572918066e-10,-4.610884058608574e-34
formation_CPLX_RNDR1-0,2.074897167018209e-08,8.604326248547751e-33
formation_CPLX_SUCpts-0,0.0,0.0
formation_CPLX_TECAAE-0,0.0,0.0
formation_CPLX_THZPSN-0,0.0,0.0
formation_CPLX_THZPSN-1,0.0,-1.050064783251455e-33
formation_CPLX_TREpts-0,2.336809219110987e-08,0.0
formation_CPLX_UPPRT-0,0.0,-1.0898283567269645e-34
formation_CPLX_YUMPS-0,0.0,0.0
formation_CPLX_YUMPS-1,0.0,0.0
formation_CPLX_YUMPS-2,7.070821972841231e-12,0.0
formation_CPLX_ZNabc-0,1.1009063849093391e-13,-2.5069271840278897e-34
formation_CPLX_dreplication-0,0.0,-4.2583990236907003e-33
formation_CPLX_dreplication-1,0.0,8.617196793758224e-33
formation_CPLX_dreplication-2,0.0,0.0
formation_CPLX_dreplication-3,0.0,4.2811606273604656e-33
formation_CPLX_pbiosynthesis-0,7.855518774106319e-11,-7.077362725431265e-31
formation_CPLX_pbiosynthesis-1,7.855518774106319e-11,-1.3518558014868708e-31
formation_CPLX_r0060-0,5.364786010189241e-07,-5.65046936898409e-34
formation_CPLX_rtranscription-0,1.508855808636818e-10,5.137460658763108e-29
formation_g.26658.CDS.10-MONOMER,8.202630778832387e-06,0.0
formation_g.26658.CDS.1002-MONOMER,0.0,0.0
formation_g.26658.CDS.1005-MONOMER,7.070821972841231e-12,0.0
formation_g.26658.CDS.1013-MONOMER,8.202630778832387e-06,0.0
formation_g.26658.CDS.1015-MONOMER,8.202630778832387e-06,0.0
formation_g.26658.CDS.1018-MONOMER,0.0004335818868269998,2.9037398870016824e-62
formation_g.26658.CDS.102-MONOMER,8.202630778832387e-06,-2.648885907294567e-35
formation_g.26658.CDS.1023-MONOMER,0.0,1.1032505905677038e-34
formation_g.26658.CDS.1036-MONOMER,0.0,0.0
formation_g.26658.CDS.1038-MONOMER,0.0,0.0
formation_g.26658.CDS.1045-MONOMER,1.2511430926377209e-11,1.363796457263862e-34
formation_g.26658.CDS.1049-MONOMER,0.0,1.6755307679545746e-34
formation_g.26658.CDS.1064-MONOMER,0.0,0.0
formation_g.26658.CDS.1081-MONOMER,3.5754853411668405e-06,0.0
formation_g.26658.CDS.1090-MONOMER,8.202630778832387e-06,0.0
formation_g.26658.CDS.1094-MONOMER,7.746031229835571e-13,-1.0367183610905677e-34
formation_g.26658.CDS.110-MONOMER,0.0,0.0
formation_g.26658.CDS.1101-MONOMER,0.0,0.0
formation_g.26658.CDS.1104-MONOMER,2.9306875703403455e-08,-2.1277508051872908e-34
formation_g.26658.CDS.1111-MONOMER,0.0,0.0
formation_g.26658.CDS.1117-MONOMER,0.0,-1.5274478999138246e-34
formation_g.26658.CDS.1121-MONOMER,3.9931738178545624e-08,0.0
formation_g.26658.CDS.1122-MONOMER,8.202630778832387e-06,-4.342982708010684e-35
formation_g.26658.CDS.1126-MONOMER,9.462480666074527e-08,0.0
formation_g.26658.CDS.1135-MONOMER,0.0,-2.8543477224111684e-34
formation_g.26658.CDS.1149-MONOMER,2.9418443012042736e-09,-4.874368480589928e-34
formation_g.26658.CDS.115-MONOMER,1.392448567158112e-07,0.0
formation_g.26658.CDS.1158-MONOMER,0.0,0.0
formation_g.26658.CDS.116-MONOMER,0.0,0.0
formation_g.26658.CDS.1174-MONOMER,6.625111529649591e-07,0.0
formation_g.26658.CDS.1175-MONOMER,7.855518774106319e-11,-6.129193342259145e-35
formation_g.26658.CDS.1176-MONOMER,8.202630778832387e-06,7.241778833184932e-35
formation_g.26658.CDS.1181-MONOMER,0.0,4.9350785533351625e-34
formation_g.26658.CDS.1187-MONOMER,8.202630778832387e-06,0.0
formation_g.26658.CDS.1188-MONOMER,1.3439986459889215e-07,0.0
formation_g.26658.CDS.119-MONOMER,0.0,0.0
formation_g.26658.CDS.1190-MONOMER,0.0,3.1857321930110965e-34
formation_g.26658.CDS.1193-MONOMER,7.318694511452055e-08,0.0
formation_g.26658.CDS.1199-MONOMER,0.0,0.0
formation_g.26658.CDS.120-MONOMER,8.202630778832387e-06,0.0
formation_g.26658.CDS.1208-MONOMER,3.0509044830692545e-09,2.5544211404260333e-34
formation_g.26658.CDS.1209-MONOMER,0.0,0.0
formation_g.26658.CDS.1225-MONOMER,0.0,0.0
formation_g.26658.CDS.1226-MONOMER,3.8358918960910234e-08,0.0
formation_g.26658.CDS.1233-MONOMER,8.202630778832387e-06,-7.861809783199013e-36
formation_g.26658.CDS.1236-MONOMER,0.0,2.0379574924508262e-34
formation_g.26658.CDS.1245-MONOMER,0.0,0.0
formation_g.26658.CDS.1263-MONOMER,0.0,0.0
formation_g.26658.CDS.1267-MONOMER,0.0,0.0
formation_g.26658.CDS.127-MONOMER,8.202630778832387e-06,0.0
formation_g.26658.CDS.128-MONOMER,8.202630778832387e-06,-3.5398395628654353e-35
formation_g.26658.CDS.1285-MONOMER,4.03180104071469e-09,0.0
formation_g.26658.CDS.129-MONOMER,3.0261295595197905e-09,0.0
formation_g.26658.CDS.130-MONOMER,7.070821972841231e-12,8.004484313174065e-35
formation_g.26658.CDS.1305-MONOMER,0.0,-2.0501047566473047e-34
formation_g.26658.CDS.1314-MONOMER,2.2824503994638116e-10,0.0
formation_g.26658.CDS.132-MONOMER,0.0,0.0
formation_g.26658.CDS.1320-MONOMER,7.070821972841231e-12,0.0
formation_g.26658.CDS.1324-MONOMER,6.587808578987667e-08,0.0
formation_g.26658.CDS.1328-MONOMER,8.273611260879278e-07,0.0
formation_g.26658.CDS.1329-MONOMER,0.0,0.0
formation_g.26658.CDS.1330-MONOMER,7.070821972841231e-12,-2.512508234170033e-34
formation_g.26658.CDS.1331-MONOMER,0.0,-3.4047292789610164e-34
formation_g.26658.CDS.1335-MONOMER,4.768032132141735e-08,0.0
formation_g.26658.CDS.1339-MONOMER,0.0,0.0
formation_g.26658.CDS.1348-MONOMER,3.4667235876630186e-07,5.531009782279939e-34
formation_g.26658.CDS.135-MONOMER,1.9392363328675354e-11,0.0
formation_g.26658.CDS.1359-MONOMER,0.0,0.0
formation_g.26658.CDS.1360-MONOMER,0.0,0.0
formation_g.26658.CDS.1380-MONOMER,8.202630778832387e-06,0.0
formation_g.26658.CDS.1389-MONOMER,1.7544873811615738e-06,0.0
formation_g.26658.CDS.139-MONOMER,0.0,0.0
formation_g.26658.CDS.1392-MONOMER,0.0,0.0
formation_g.26658.CDS.1394-MONOMER,1.7697567272229028e-07,0.0
formation_g.26658.CDS.1396-MONOMER,8.202630778832387e-06,-7.079679125730871e-35
formation_g.26658.CDS.1406-MONOMER,8.20270933402013e-06,0.0
formation_g.26658.CDS.1407-MONOMER,4.444106973732182e-08,0.0
formation_g.26658.CDS.1410-MONOMER,0.0,0.0
formation_g.26658.CDS.1413-MONOMER,0.0,0.0
formation_g.26658.CDS.1420-MONOMER,0.0,0.0
formation_g.26658.CDS.1421-MONOMER,2.675996222980043e-07,0.0
formation_g.26658.CDS.1423-MONOMER,4.0443124716410665e-09,0.0
formation_g.26658.CDS.1424-MONOMER,-7.108678918004414e-58,0.0
formation_g.26658.CDS.1427-MONOMER,8.202630778832387e-06,3.6469489870430305e-36
formation_g.26658.CDS.143-MONOMER,0.0,0.0
formation_g.26658.CDS.1431-MONOMER,0.0,3.147213095599775e-34
formation_g.26658.CDS.1432-MONOMER,0.0,0.0
formation_g.26658.CDS.1436-MONOMER,2.272513659822105e-08,0.0
formation_g.26658.CDS.1440-MONOMER,0.0,0.0
formation_g.26658.CDS.1442-MONOMER,8.107338938105314e-09,0.0
formation_g.26658.CDS.1448-MONOMER,5.1872473382894254e-08,-4.1614423453519345e-34
formation_g.26658.CDS.145-MONOMER,0.0,-3.5704834020006274e-34
formation_g.26658.CDS.1455-MONOMER,7.070821972841231e-12,2.0180910425692477e-34
formation_g.26658.CDS.1456-MONOMER,0.0,1.2990867534156356e-34
formation_g.26658.CDS.1470-MONOMER,0.0,0.0
formation_g.26658.CDS.1485-MONOMER,4.006522539313012e-08,0.0
formation_g.26658.CDS.1503-MONOMER,0.0,0.0
formation_g.26658.CDS.1514-MONOMER,8.202630778832387e-06,0.0
formation_g.26658.CDS.1520-MONOMER,0.0,1.0235088379680325e-34
formation_g.26658.CDS.1521-MONOMER,4.631575654264938e-06,0.0
formation_g.26658.CDS.1525-MONOMER,3.541146565472877e-08,3.025802470254913e-34
formation_g.26658.CDS.1527-MONOMER,0.0,0.0
formation_g.26658.CDS.1531-MONOMER,0.0,0.0
formation_g.26658.CDS.1534-MONOMER,3.5818885473998135e-09,-2.243705170824324e-34
formation_g.26658.CDS.1535-MONOMER,0.0,0.0
formation_g.26658.CDS.1553-MONOMER,1.3057869543616358e-09,1.6080568549497222e-34
formation_g.26658.CDS.1563-MONOMER,0.0,0.0
formation_g.26658.CDS.1568-MONOMER,0.0,0.0
formation_g.26658.CDS.1569-MONOMER,0.0,0.0
formation_g.26658.CDS.1571-MONOMER,0.0,-7.838306256493501e-34
formation_g.26658.CDS.1576-MONOMER,0.0,0.0
formation_g.26658.CDS.1579-MONOMER,0.0,-3.388071462333326e-34
formation_g.26658.CDS.1582-MONOMER,8.202630778832387e-06,-1.5572107179859817e-34
formation_g.26658.CDS.1584-MONOMER,1.2552147322928448e-08,-2.2217859566574063e-35
formation_g.26658.CDS.1586-MONOMER,0.0,-9.209912320494945e-35
formation_g.26658.CDS.1587-MONOMER,8.255650750265299e-64,0.0
formation_g.26658.CDS.1588-MONOMER,1.7355079103665554e-29,0.0
formation_g.26658.CDS.1591-MONOMER,0.0,0.0
formation_g.26658.CDS.1595-MONOMER,9.052438425585128e-08,-2.2583650504103317e-34
formation_g.26658.CDS.1597-MONOMER,0.0,2.1476750723032328e-34
formation_g.26658.CDS.1603-MONOMER,0.0,0.0
formation_g.26658.CDS.1606-MONOMER,0.0,0.0
formation_g.26658.CDS.1612-MONOMER,0.0,0.0
formation_g.26658.CDS.1624-MONOMER,0.0,0.0
formation_g.26658.CDS.1633-MONOMER,0.0,-9.229531408079708e-34
formation_g.26658.CDS.1636-MONOMER,0.0,0.0
formation_g.26658.CDS.1639-MONOMER,0.0,0.0
formation_g.26658.CDS.1641-MONOMER,8.703351755785696e-07,0.0
formation_g.26658.CDS.165-MONOMER,8.20270933402013e-06,0.0
formation_g.26658.CDS.1652-MONOMER,-2.1234757571768464e-29,-4.930208000470764e-35
formation_g.26658.CDS.1654-MONOMER,3.1635925928302e-07,0.0
formation_g.26658.CDS.1655-MONOMER,0.0,0.0
formation_g.26658.CDS.1658-MONOMER,8.273611260879278e-07,0.0
formation_g.26658.CDS.1660-MONOMER,3.069427356507069e-08,0.0
formation_g.26658.CDS.1670-MONOMER,7.070821972841231e-12,0.0
formation_g.26658.CDS.1673-MONOMER,2.877938622000674e-07,0.0
formation_g.26658.CDS.1681-MONOMER,0.0,-2.497846063516536e-35
formation_g.26658.CDS.1682-MONOMER,0.0,0.0
formation_g.26658.CDS.1683-MONOMER,0.0,7.85481274559496e-35
formation_g.26658.CDS.1685-MONOMER,7.076610167415722e-07,0.0
formation_g.26658.CDS.1686-MONOMER,8.202630778832387e-06,1.3373604594714793e-34
formation_g.26658.CDS.1689-MONOMER,0.0,-2.511248964363246e-34
formation_g.26658.CDS.169-MONOMER,8.202630778832387e-06,0.0
formation_g.26658.CDS.1693-MONOMER,7.070821972841231e-12,-2.925165906898564e-35
formation_g.26658.CDS.1719-MONOMER,7.070821972841231e-12,0.0
formation_g.26658.CDS.1722-MONOMER,2.4447002261634433e-09,0.0
formation_g.26658.CDS.1723-MONOMER,1.4922728305864931e-07,0.0
formation_g.26658.CDS.1734-MONOMER,8.202630778832387e-06,3.600307715036865e-35
formation_g.26658.CDS.1735-MONOMER,0.0,1.8733594038942074e-34
formation_g.26658.CDS.1740-MONOMER,0.0,-5.252962307737141e-34
formation_g.26658.CDS.1744-MONOMER,4.0443124716410665e-09,3.948915040017773e-35
formation_g.26658.CDS.1752-MONOMER,0.0,0.0
formation_g.26658.CDS.1758-MONOMER,0.0,0.0
formation_g.26658.CDS.1763-MONOMER,0.0,0.0
formation_g.26658.CDS.1764-MONOMER,0.0,0.0
formation_g.26658.CDS.1786-MONOMER,8.20270933402013e-06,0.0
formation_g.26658.CDS.1787-MONOMER,3.327630105474088e-08,-3.93863868862525e-34
formation_g.26658.CDS.179-MONOMER,8.202630778832387e-06,-1.5849126124255196e-35
formation_g.26658.CDS.1791-MONOMER,1.7661871938118376e-06,-1.4342332835132333e-35
formation_g.26658.CDS.1803-MONOMER,0.0,-8.594572360927567e-35
formation_g.26658.CDS.1806-MONOMER,0.0,-1.0177060242100987e-34
formation_g.26658.CDS.1807-MONOMER,0.0,0.0
formation_g.26658.CDS.1808-MONOMER,1.7885640838974923e-09,0.0
formation_g.26658.CDS.1825-MONOMER,0.0,-1.0349431845194288e-33
formation_g.26658.CDS.1827-MONOMER,0.0,-1.6674212799447728e-34
formation_g.26658.CDS.1829-MONOMER,5.4330367997964946e-08,3.2131086028547405e-34
formation_g.26658.CDS.1846-MONOMER,0.0,0.0
formation_g.26658.CDS.1847-MONOMER,0.0,0.0
formation_g.26658.CDS.1849-MONOMER,0.0,-2.8723371061190327e-34
formation_g.26658.CDS.1862-MONOMER,0.0,-3.49378869633257e-34
formation_g.26658.CDS.1874-MONOMER,6.027198760736175e-08,3.0939831118169627e-34
formation_g.26658.CDS.1881-MONOMER,0.0,4.6808266355377026e-35
formation_g.26658.CDS.1884-MONOMER,1.2699392069744664e-37,1.7409173116021685e-38
formation_g.26658.CDS.1885-MONOMER,0.0,-3.057210422985572e-34
formation_g.26658.CDS.1887-MONOMER,0.0,3.536332698832993e-34
formation_g.26658.CDS.1895-MONOMER,1.9725567706375793e-08,0.0
formation_g.26658.CDS.1899-MONOMER,8.273611260879278e-07,-2.948208675330223e-34
formation_g.26658.CDS.19-MONOMER,6.938234892400342e-10,0.0
formation_g.26658.CDS.190-MONOMER,0.0,0.0
formation_g.26658.CDS.1902-MONOMER,0.0,0.0
formation_g.26658.CDS.1904-MONOMER,8.202630778832387e-06,0.0
formation_g.26658.CDS.1905-MONOMER,6.764024214012694e-08,0.0
formation_g.26658.CDS.1906-MONOMER,0.0,0.0
formation_g.26658.CDS.196-MONOMER,0.0,0.0
formation_g.26658.CDS.197-MONOMER,0.0,0.0
formation_g.26658.CDS.20-MONOMER,0.0,-4.545056612110304e-34
formation_g.26658.CDS.205-MONOMER,0.0,0.0
formation_g.26658.CDS.211-MONOMER,7.070821972841231e-12,2.0575493229556303e-34
formation_g.26658.CDS.22-MONOMER,0.0,0.0
formation_g.26658.CDS.222-MONOMER,0.0,0.0
formation_g.26658.CDS.224-MONOMER,7.896883211880203e-28,0.0
formation_g.26658.CDS.232-MONOMER,5.984018709917898e-62,0.0
formation_g.26658.CDS.237-MONOMER,0.0,0.0
formation_g.26658.CDS.239-MONOMER,2.2413381604896058e-07,3.4067607306172956e-34
formation_g.26658.CDS.246-MONOMER,8.202630778832387e-06,0.0
formation_g.26658.CDS.250-MONOMER,7.050767437053813e-08,2.330610054911217e-34
formation_g.26658.CDS.252-MONOMER,8.202630778832387e-06,0.0
formation_g.26658.CDS.26-MONOMER,8.202630778832387e-06,6.348661702481217e-35
formation_g.26658.CDS.269-MONOMER,1.508855808636818e-10,5.895204855259056e-35
formation_g.26658.CDS.274-MONOMER,8.202630778832387e-06,1.456949387359231e-34
formation_g.26658.CDS.275-MONOMER,2.2764295420969747e-07,-7.153838427694957e-35
formation_g.26658.CDS.28-MONOMER,0.0,0.0
formation_g.26658.CDS.284-MONOMER,8.202630778832387e-06,1.4049157451023055e-34
formation_g.26658.CDS.286-MONOMER,0.0,0.0
formation_g.26658.CDS.290-MONOMER,0.0,-3.538339767827647e-34
formation_g.26658.CDS.291-MONOMER,0.0,-3.8538785830305046e-34
formation_g.26658.CDS.3-MONOMER,0.0,0.0
formation_g.26658.CDS.302-MONOMER,8.202630778832387e-06,0.0
formation_g.26658.CDS.303-MONOMER,7.070821972841231e-12,-3.0480814926310157e-34
formation_g.26658.CDS.31-MONOMER,8.202630778832387e-06,0.0
formation_g.26658.CDS.311-MONOMER,8.202630778832387e-06,3.620889416592466e-35
formation_g.26658.CDS.316-MONOMER,2.053191620195387e-15,0.0
formation_g.26658.CDS.320-MONOMER,3.7089140315326074e-08,0.0
formation_g.26658.CDS.322-MONOMER,0.0,0.0
formation_g.26658.CDS.327-MONOMER,0.0,0.0
formation_g.26658.CDS.328-MONOMER,8.202630778832387e-06,0.0
formation_g.26658.CDS.347-MONOMER,0.0,0.0
formation_g.26658.CDS.359-MONOMER,0.0,0.0
formation_g.26658.CDS.36-MONOMER,0.0,5.423452875417634e-34
formation_g.26658.CDS.360-MONOMER,0.0,-2.954872294806921e-34
formation_g.26658.CDS.361-MONOMER,0.0,0.0
formation_g.26658.CDS.365-MONOMER,1.2100132328939628e-06,1.8559498106656725e-34
formation_g.26658.CDS.367-MONOMER,2.5306599133452006e-06,0.0
formation_g.26658.CDS.37-MONOMER,0.0,0.0
formation_g.26658.CDS.376-MONOMER,0.0,-6.237716819029905e-34
formation_g.26658.CDS.378-MONOMER,6.771824273854414e-08,0.0
formation_g.26658.CDS.379-MONOMER,5.855472750872746e-07,-9.8875307773529e-34
formation_g.26658.CDS.381-MONOMER,0.0,0.0
formation_g.26658.CDS.382-MONOMER,0.0,-2.4002825259419544e-34
formation_g.26658.CDS.383-MONOMER,0.0,4.0466057619982365e-34
formation_g.26658.CDS.384-MONOMER,4.8244552602013185e-08,0.0
formation_g.26658.CDS.389-MONOMER,8.202630778832387e-06,0.0
formation_g.26658.CDS.390-MONOMER,8.202630778832387e-06,-1.344916100986882e-35
formation_g.26658.CDS.392-MONOMER,0.0,8.931731557602962e-35
formation_g.26658.CDS.395-MONOMER,0.0,-2.4853468833780865e-34
formation_g.26658.CDS.396-MONOMER,0.0,0.0
formation_g.26658.CDS.400-MONOMER,8.20270933402013e-06,-1.7128692862230829e-34
formation_g.26658.CDS.407-MONOMER,0.0,0.0
formation_g.26658.CDS.414-MONOMER,3.2274616399927416e-07,0.0
formation_g.26658.CDS.418-MONOMER,8.088624943282143e-09,0.0
formation_g.26658.CDS.419-MONOMER,0.0,0.0
formation_g.26658.CDS.423-MONOMER,1.5711037548212657e-10,0.0
formation_g.26658.CDS.425-MONOMER,1.414164394568248e-11,-1.270556745237119e-34
formation_g.26658.CDS.433-MONOMER,8.202630778832387e-06,3.450527983341275e-35
formation_g.26658.CDS.437-MONOMER,0.0,0.0
formation_g.26658.CDS.439-MONOMER,0.0,0.0
formation_g.26658.CDS.45-MONOMER,0.0,-1.8813764433168966e-34
formation_g.26658.CDS.451-MONOMER,3.752578043945166e-09,6.61159417864838e-35
formation_g.26658.CDS.452-MONOMER,0.0,0.0
formation_g.26658.CDS.454-MONOMER,5.1096895491788805e-08,0.0
formation_g.26658.CDS.455-MONOMER,1.508855808636818e-10,0.0
formation_g.26658.CDS.46-MONOMER,8.202630778832387e-06,0.0
formation_g.26658.CDS.461-MONOMER,6.229346615723705e-08,0.0
formation_g.26658.CDS.462-MONOMER,3.871536060209191e-09,1.4434244173145254e-34
formation_g.26658.CDS.465-MONOMER,3.3452818170217903e-06,-3.677367029322205e-35
formation_g.26658.CDS.469-MONOMER,1.6407909218002245e-11,0.0
formation_g.26658.CDS.476-MONOMER,0.0,0.0
formation_g.26658.CDS.481-MONOMER,8.202630778832387e-06,7.516939050200277e-36
formation_g.26658.CDS.49-MONOMER,0.0,0.0
formation_g.26658.CDS.503-MONOMER,0.0,0.0
formation_g.26658.CDS.504-MONOMER,2.747933453616513e-08,0.0
formation_g.26658.CDS.515-MONOMER,0.0,-7.1093014002484e-34
formation_g.26658.CDS.521-MONOMER,6.460831401281269e-08,0.0
formation_g.26658.CDS.525-MONOMER,0.0,0.0
formation_g.26658.CDS.53-MONOMER,0.0,0.0
formation_g.26658.CDS.530-MONOMER,1.414164394568248e-11,0.0
formation_g.26658.CDS.536-MONOMER,4.522936793014053e-06,0.0
formation_g.26658.CDS.540-MONOMER,8.202630778832387e-06,0.0
formation_g.26658.CDS.541-MONOMER,8.202630778832387e-06,-1.6824813180892236e-34
formation_g.26658.CDS.546-MONOMER,2.7692742144493373e-09,0.0
formation_g.26658.CDS.553-MONOMER,0.0,0.0
formation_g.26658.CDS.554-MONOMER,8.202630778832387e-06,6.354809271025978e-35
formation_g.26658.CDS.556-MONOMER,8.20270933402013e-06,0.0
formation_g.26658.CDS.559-MONOMER,0.0,-5.645424881042835e-34
formation_g.26658.CDS.561-MONOMER,1.1167487041000137e-08,4.267868081527021e-34
formation_g.26658.CDS.566-MONOMER,0.0,1.2969004805383734e-33
formation_g.26658.CDS.568-MONOMER,3.2554793789797386e-07,-8.988597028508975e-35
formation_g.26658.CDS.574-MONOMER,1.2280483488877394e-07,1.6145368825423342e-34
formation_g.26658.CDS.582-MONOMER,-1.536610504170431e-30,0.0
formation_g.26658.CDS.59-MONOMER,4.100158660709151e-08,0.0
formation_g.26658.CDS.598-MONOMER,-5.967295805519044e-33,-9.816418879877713e-35
formation_g.26658.CDS.610-MONOMER,0.0,0.0
formation_g.26658.CDS.614-MONOMER,0.0,-2.4951652172538313e-34
formation_g.26658.CDS.615-MONOMER,8.202630778832387e-06,-3.772692158964816e-35
formation_g.26658.CDS.618-MONOMER,0.0,0.0
formation_g.26658.CDS.627-MONOMER,8.202630778832387e-06,0.0
formation_g.26658.CDS.64-MONOMER,7.317709694234559e-08,1.1745259388831654e-34
formation_g.26658.CDS.646-MONOMER,7.319978585563713e-08,0.0
formation_g.26658.CDS.654-MONOMER,0.0,0.0
formation_g.26658.CDS.656-MONOMER,8.202630778832387e-06,0.0
formation_g.26658.CDS.658-MONOMER,3.5815610228153867e-29,0.0
formation_g.26658.CDS.66-MONOMER,0.0,0.0
formation_g.26658.CDS.670-MONOMER,1.9392363328675354e-11,0.0
formation_g.26658.CDS.671-MONOMER,4.0443124716410665e-09,0.0
formation_g.26658.CDS.672-MONOMER,0.0,1.7511840762605984e-34
formation_g.26658.CDS.673-MONOMER,8.202630778832387e-06,6.639435069464304e-35
formation_g.26658.CDS.676-MONOMER,8.202630778832387e-06,0.0
formation_g.26658.CDS.679-MONOMER,8.202630778832387e-06,0.0
formation_g.26658.CDS.683-MONOMER,0.0,1.591122813526715e-34
formation_g.26658.CDS.688-MONOMER,8.202630778832387e-06,0.0
formation_g.26658.CDS.69-MONOMER,0.0,0.0
formation_g.26658.CDS.694-MONOMER,0.0,0.0
formation_g.26658.CDS.702-MONOMER,-6.557198340918504e-42,-1.6858260457883984e-34
formation_g.26658.CDS.705-MONOMER,0.0,-3.2433049607721948e-34
formation_g.26658.CDS.714-MONOMER,0.0,-2.128418945015737e-34
formation_g.26658.CDS.715-MONOMER,1.6407909218002245e-11,0.0
formation_g.26658.CDS.716-MONOMER,8.202630778832387e-06,0.0
formation_g.26658.CDS.732-MONOMER,8.202630778832387e-06,0.0
formation_g.26658.CDS.733-MONOMER,0.0,-1.3394194642623677e-34
formation_g.26658.CDS.736-MONOMER,5.07467228415981e-06,7.245884719223534e-35
formation_g.26658.CDS.738-MONOMER,1.508855808636818e-10,0.0
formation_g.26658.CDS.740-MONOMER,1.2010419830087042e-07,0.0
formation_g.26658.CDS.749-MONOMER,5.4397463827484174e-08,0.0
formation_g.26658.CDS.75-MONOMER,0.0,1.308178399101523e-34
formation_g.26658.CDS.752-MONOMER,0.0,0.0
formation_g.26658.CDS.758-MONOMER,8.202630778832387e-06,-6.428313920510972e-35
formation_g.26658.CDS.759-MONOMER,0.0,0.0
formation_g.26658.CDS.761-MONOMER,0.0,-1.9198839319081833e-34
formation_g.26658.CDS.763-MONOMER,8.202630778832387e-06,1.7462703537157725e-34
formation_g.26658.CDS.764-MONOMER,2.748225188002465e-07,3.0575012533421128e-34
formation_g.26658.CDS.768-MONOMER,0.0,0.0
formation_g.26658.CDS.773-MONOMER,1.3229460987939702e-12,-2.599408896986967e-34
formation_g.26658.CDS.774-MONOMER,2.0923870295452264e-10,-4.2239451964109e-35
formation_g.26658.CDS.78-MONOMER,0.0,-1.394063487920133e-33
formation_g.26658.CDS.780-MONOMER,0.0,0.0
formation_g.26658.CDS.785-MONOMER,0.0,0.0
formation_g.26658.CDS.795-MONOMER,0.0,0.0
formation_g.26658.CDS.798-MONOMER,0.0,1.4929539011513144e-34
formation_g.26658.CDS.8-MONOMER,8.202630778832387e-06,0.0
formation_g.26658.CDS.802-MONOMER,2.8066514229796665e-07,0.0
formation_g.26658.CDS.811-MONOMER,0.0,0.0
formation_g.26658.CDS.813-MONOMER,9.000635474571685e-14,0.0
formation_g.26658.CDS.819-MONOMER,0.0,2.716831791423695e-34
formation_g.26658.CDS.830-MONOMER,0.0,0.0
formation_g.26658.CDS.84-MONOMER,0.0,0.0
formation_g.26658.CDS.841-MONOMER,8.202630778832387e-06,0.0
formation_g.26658.CDS.865-MONOMER,0.0,0.0
formation_g.26658.CDS.872-MONOMER,-3.8706487078715474e-41,0.0
formation_g.26658.CDS.875-MONOMER,4.947516162863129e-08,0.0
formation_g.26658.CDS.888-MONOMER,2.5749704295441195e-08,-2.1329881240492567e-35
formation_g.26658.CDS.89-MONOMER,8.202630778832387e-06,1.4678261468241873e-34
formation_g.26658.CDS.893-MONOMER,9.367388311022181e-08,-9.109188062257592e-35
formation_g.26658.CDS.897-MONOMER,0.0,-9.662411275554372e-34
formation_g.26658.CDS.901-MONOMER,0.0,0.0
formation_g.26658.CDS.904-MONOMER,0.0,0.0
formation_g.26658.CDS.908-MONOMER,0.0,7.345673544857177e-34
formation_g.26658.CDS.91-MONOMER,0.0,0.0
formation_g.26658.CDS.933-MONOMER,0.0,9.045955932458181e-35
formation_g.26658.CDS.938-MONOMER,7.092731387875053e-10,2.322480911855107e-34
formation_g.26658.CDS.94-MONOMER,0.0,-1.0369895245178735e-34
formation_g.26658.CDS.947-MONOMER,0.0,0.0
formation_g.26658.CDS.949-MONOMER,0.0,0.0
formation_g.26658.CDS.954-MONOMER,0.0,1.580538015400137e-34
formation_g.26658.CDS.96-MONOMER,0.0,-3.325160969204561e-34
formation_g.26658.CDS.960-MONOMER,0.0,0.0
formation_g.26658.CDS.962-MONOMER,4.0443124716410665e-09,0.0
formation_g.26658.CDS.963-MONOMER,0.0,-4.824192100962626e-34
formation_g.26658.CDS.964-MONOMER,4.2185742751001965e-08,-1.0639142575069772e-34
formation_g.26658.CDS.966-MONOMER,0.0,0.0
formation_g.26658.CDS.975-MONOMER,8.202630778832387e-06,0.0
formation_g.26658.CDS.980-MONOMER,0.0,1.4500090847933061e-34
formation_g.26658.CDS.981-MONOMER,0.0,3.6124913378720283e-35
formation_g.26658.CDS.989-MONOMER,7.070821972841231e-12,-2.417763868246141e-35
formation_g.26658.CDS.990-MONOMER,2.4119662308733754e-08,6.6510126547781e-34
formation_g.26658.CDS.991-MONOMER,0.0,-6.694643853001781e-35
formation_g.26658.CDS.993-MONOMER,0.0,0.0
formation_g.26658.CDS.995-MONOMER,0.0,-7.249233056212312e-35
formation_g.26658.CDS.1419-MONOMER_mod_fe2(1),0.0,0.0
formation_g.26658.CDS.334-MONOMER_mod_mn2(1),1.4666788937060886e-06,2.6663837428560024e-34
formation_g.26658.CDS.974-MONOMER_mod_mg2(1),7.302041439076745e-10,1.8200627402546475e-34
formation_g.26658.CDS.1439-MONOMER_mod_mg2(1),0.0,2.1617623719928026e-34
formation_g.26658.CDS.955-MONOMER_mod_zn2(1),0.0,2.2336073562628688e-29
formation_g.26658.CDS.415-MONOMER_mod_mg2(1),0.0,-7.1149500692847666e-34
formation_g.26658.CDS.415-MONOMER_mod_mn2(1),0.0,1.1568645335556305e-33
formation_g.26658.CDS.907-MONOMER_mod_mg2(1),7.595215436742801e-08,9.69499995486024e-35
formation_g.26658.CDS.894-MONOMER_mod_mg2(1),0.0,0.0
formation_g.26658.CDS.894-MONOMER_mod_mn2(1),0.0,1.3622760153537835e-34
formation_420889.6.peg.1649-MONOMER_mod_mg2(1),3.7839758064487956e-08,0.0
formation_g.26658.CDS.1055-MONOMER_mod_zn2(1),0.0,-2.66985218247424e-29
formation_g.26658.CDS.1555-MONOMER_mod_fe2(2),2.3406482324432947e-10,4.061948660133815e-33
formation_g.26658.CDS.1162-MONOMER_mod_mg2(1),1.8550922753276594e-08,0.0
formation_g.26658.CDS.745-MONOMER_mod_mg2(1),0.0,0.0
formation_g.26658.CDS.86-MONOMER_mod_pydx5p(1),0.0,0.0
formation_420889.6.peg.325-MONOMER_mod_pydx5p(2),0.0,1.775753743868711e-32
formation_g.26658.CDS.480-MONOMER_mod_mg2(1),2.6602306492451873e-08,4.894667836013531e-35
formation_g.26658.CDS.691-MONOMER_mod_mg2(1),1.730948560366314e-07,0.0
formation_g.26658.CDS.835-MONOMER_mod_cd2(1)_mod_zn2(1)_mod_mg2(1)_mod_mn2(1)_mod_cobalt2(1),-4.1040365347191106e-29,-1.636026901455413e-29
formation_g.26658.CDS.742-MONOMER_mod_fe2(2),0.0,0.0
formation_g.26658.CDS.1207-MONOMER_mod_mg2(1),1.9735744987157436e-08,0.0
formation_g.26658.CDS.1474-MONOMER_mod_mg2(1),2.104600642951685e-09,-2.229903537946235e-34
formation_g.26658.CDS.803-MONOMER_mod_cobalt2(1)_mod_nad(1),0.0,0.0
formation_g.26658.CDS.756-MONOMER_mod_mg2(1),0.0,-1.6757649321427277e-34
formation_g.26658.CDS.756-MONOMER_mod_mn2(1),6.544107476754836e-10,9.127623781869152e-33
formation_g.26658.CDS.278-MONOMER_mod_k(1)_mod_mg2(1),8.114187527998645e-30,0.0
formation_g.26658.CDS.314-MONOMER_mod_mg2(1),1.3071965163537625e-08,0.0
formation_g.26658.CDS.1869-MONOMER_mod_mg2(1),1.310504990303169e-08,4.824237765794841e-35
formation_g.26658.CDS.693-MONOMER_mod_zn2(1),0.0,2.0377225853417482e-29
formation_420889.6.peg.1464-MONOMER_mod_mg2(4),2.2549724506962956e-06,0.0
formation_g.26658.CDS.880-MONOMER_mod_mg2(1),0.0,-3.764765730012391e-33
formation_g.26658.CDS.630-MONOMER_mod_mg2(1),0.0,-1.8468647617563975e-34
formation_g.26658.CDS.1506-MONOMER_mod_mg2(1),2.1105830750726513e-10,1.1452942865938548e-34
formation_g.26658.CDS.1322-MONOMER_mod_mg2(1),0.0,0.0
formation_g.26658.CDS.575-MONOMER_mod_mg2(1),0.0,-1.452364608583766e-33
formation_g.26658.CDS.911-MONOMER_mod_fad(1),0.0,-6.509823937932283e-34
formation_g.26658.CDS.815-MONOMER_mod_nad(1),0.0,0.0
formation_g.26658.CDS.1376-MONOMER_mod_mg2(1),0.0,-4.3319258138575775e-34
formation_g.26658.CDS.1523-MONOMER_mod_pydx5p(1),-4.566443475828189e-58,5.375182558684134e-34
formation_420889.6.peg.1857-MONOMER_mod_mn2(1),0.0,0.0
formation_420889.6.peg.947-MONOMER_mod_mg2(1),0.0,0.0
formation_g.26658.CDS.125-MONOMER_mod_mg2(1),1.3415657217993915e-09,0.0
formation_g.26658.CDS.1091-MONOMER_mod_mg2(1)_mod_k(1),4.0443124716410665e-09,-3.8856467330996e-34
formation_g.26658.CDS.64-MONOMER_mod_mg2(1)_mod_zn2(1),0.0,0.0
formation_420889.6.peg.1778-MONOMER_mod_pydx5p(1),0.0,0.0
formation_g.26658.CDS.351-MONOMER_mod_zn2(1),-4.678374459762054e-63,2.6232901553306866e-29
formation_g.26658.CDS.351-MONOMER_mod_mg2(1),0.0,0.0
formation_g.26658.CDS.176-MONOMER_mod_mg2(1),0.0,1.1328199133939701e-33
formation_g.26658.CDS.176-MONOMER_mod_mn2(1),0.0,0.0
formation_g.26658.CDS.1105-MONOMER_mod_mg2(1),0.0,5.13700687185368e-34
formation_g.26658.CDS.678-MONOMER_mod_mg2(1),0.0,0.0
formation_g.26658.CDS.88-MONOMER_mod_mn2(1),0.0,0.0
formation_g.26658.CDS.1678-MONOMER_mod_mg2(1),7.123818717822548e-08,5.951195618565926e-35
formation_g.26658.CDS.1716-MONOMER_mod_ni2(1),0.0,0.0
formation_g.26658.CDS.1486-MONOMER_mod_mn2(1),0.0,1.1730086757281671e-32
formation_g.26658.CDS.1486-MONOMER_mod_mg2(1),0.0,7.034038400606039e-33
formation_g.26658.CDS.1393-MONOMER_mod_k(4)_mod_mg2(1),0.0,1.2676030223433947e-33
formation_g.26658.CDS.1393-MONOMER_mod_k(4)_mod_mn2(1),0.0,0.0
formation_g.26658.CDS.1393-MONOMER_mod_k(4)_mod_cobalt2(1),4.0110034345826766e-10,1.1360759947046538e-33
formation_g.26658.CDS.1393-MONOMER_mod_k(4)_mod_zn2(1),0.0,-3.2138693948106596e-29
formation_g.26658.CDS.1393-MONOMER_mod_k(4)_mod_cd2(1),2.8459839407448836e-24,2.1720675239571473e-33
formation_g.26658.CDS.1393-MONOMER_mod_k(4)_mod_ni2(1),0.0,2.2255915023001317e-33
formation_g.26658.CDS.1393-MONOMER_mod_k(4)_mod_ca2(1),0.0,-1.3861447672416898e-33
formation_g.26658.CDS.1393-MONOMER_mod_nh4(4)_mod_mg2(1),0.0,0.0
formation_g.26658.CDS.1393-MONOMER_mod_nh4(4)_mod_mn2(1),0.0,-1.9714515767669167e-33
formation_g.26658.CDS.1393-MONOMER_mod_nh4(4)_mod_cobalt2(1),0.0,0.0
formation_g.26658.CDS.1393-MONOMER_mod_nh4(4)_mod_zn2(1),0.0,0.0
formation_g.26658.CDS.1393-MONOMER_mod_nh4(4)_mod_cd2(1),0.0,0.0
formation_g.26658.CDS.1393-MONOMER_mod_nh4(4)_mod_ni2(1),0.0,-9.896967663988413e-34
formation_g.26658.CDS.1393-MONOMER_mod_nh4(4)_mod_ca2(1),0.0,9.868557795664375e-34
formation_g.26658.CDS.1393-MONOMER_mod_tl(4)_mod_mg2(1),0.0,1.624786725626632e-34
formation_g.26658.CDS.1393-MONOMER_mod_tl(4)_mod_mn2(1),0.0,9.501537701860002e-34
formation_g.26658.CDS.1393-MONOMER_mod_tl(4)_mod_cobalt2(1),0.0,1.983852414101146e-33
formation_g.26658.CDS.1393-MONOMER_mod_tl(4)_mod_zn2(1),0.0,-4.221207424634607e-29
formation_g.26658.CDS.1393-MONOMER_mod_tl(4)_mod_cd2(1),0.0,-1.700960533650643e-33
formation_g.26658.CDS.1393-MONOMER_mod_tl(4)_mod_ni2(1),0.0,1.2683591229108182e-33
formation_g.26658.CDS.1393-MONOMER_mod_tl(4)_mod_ca2(1),0.0,-2.9305847619930508e-34
formation_g.26658.CDS.1393-MONOMER_mod_cs(4)_mod_mg2(1),0.0,1.624786725626632e-34
formation_g.26658.CDS.1393-MONOMER_mod_cs(4)_mod_mn2(1),0.0,9.501537701860002e-34
formation_g.26658.CDS.1393-MONOMER_mod_cs(4)_mod_cobalt2(1),0.0,1.983852414101146e-33
formation_g.26658.CDS.1393-MONOMER_mod_cs(4)_mod_zn2(1),0.0,-4.221207424634607e-29
formation_g.26658.CDS.1393-MONOMER_mod_cs(4)_mod_cd2(1),0.0,-1.700960533650643e-33
formation_g.26658.CDS.1393-MONOMER_mod_cs(4)_mod_ni2(1),0.0,1.2683591229108182e-33
formation_g.26658.CDS.1393-MONOMER_mod_cs(4)_mod_ca2(1),0.0,-2.9305847619930508e-34
formation_g.26658.CDS.1393-MONOMER_mod_na1(4)_mod_mg2(1),0.0,0.0
formation_g.26658.CDS.1393-MONOMER_mod_na1(4)_mod_mn2(1),0.0,-1.0467551404323101e-33
formation_g.26658.CDS.1393-MONOMER_mod_na1(4)_mod_cobalt2(1),0.0,0.0
formation_g.26658.CDS.1393-MONOMER_mod_na1(4)_mod_zn2(1),0.0,0.0
formation_g.26658.CDS.1393-MONOMER_mod_na1(4)_mod_cd2(1),0.0,0.0
formation_g.26658.CDS.1393-MONOMER_mod_na1(4)_mod_ni2(1),0.0,1.2486684541317612e-33
formation_g.26658.CDS.1393-MONOMER_mod_na1(4)_mod_ca2(1),0.0,1.2295568155218117e-33
formation_g.26658.CDS.612-MONOMER_mod_mg2(1),8.640671581070099e-36,8.225180366192813e-34
formation_g.26658.CDS.585-MONOMER_mod_mg2(1)_mod_cu(1)_mod_fad(1),0.0,-3.4128663172393105e-33
formation_g.26658.CDS.800-MONOMER_mod_mg2(1),0.0,6.77774220757143e-33
formation_420889.6.peg.808-MONOMER_mod_mg2(1),0.0,-7.09075306846569e-34
formation_420889.6.peg.808-MONOMER_mod_mn2(1),0.0,0.0
formation_420889.6.peg.914-MONOMER_mod_mg2(1),0.0,2.1547600007201432e-34
formation_420889.6.peg.914-MONOMER_mod_mn2(1),4.764085512500875e-08,-1.7515564502386984e-34
formation_420889.6.peg.914-MONOMER_mod_ca2(1),0.0,0.0
formation_g.26658.CDS.1341-MONOMER_mod_mg2(1),0.0,0.0
formation_g.26658.CDS.1341-MONOMER_mod_mn2(1),0.0,-6.432323919829441e-35
formation_g.26658.CDS.1341-MONOMER_mod_ca2(1),0.0,0.0
formation_g.26658.CDS.1341-MONOMER_mod_zn2(1),0.0,5.494512484242295e-29
formation_g.26658.CDS.1341-MONOMER_mod_cu2(1),1.8986453742715996e-07,-8.706588481093262e-35
formation_g.26658.CDS.1341-MONOMER_mod_cd2(1),0.0,0.0
formation_g.26658.CDS.1341-MONOMER_mod_cobalt2(1),0.0,6.858111020526462e-35
formation_g.26658.CDS.1341-MONOMER_mod_ni2(1),0.0,0.0
formation_g.26658.CDS.406-MONOMER_mod_mg2(1),1.8268150422582282e-09,4.581691967716893e-33
formation_g.26658.CDS.976-MONOMER_mod_hco3(1),0.0,1.0387315972616144e-33
formation_g.26658.CDS.1822-MONOMER_mod_fmn(1),0.0,-1.8409661257407137e-33
formation_g.26658.CDS.1822-MONOMER_mod_mg2(1),0.0,1.0895084227637709e-33
formation_g.26658.CDS.887-MONOMER_mod_glycyl(1),0.0,-1.2392623814830525e-33
formation_g.26658.CDS.1337-MONOMER_mod_mg2(1),1.924486569568147e-08,9.401382790963305e-35
formation_g.26658.CDS.829-MONOMER_mod_thmpp(1),0.0,-7.5225026012054875e-34
formation_g.26658.CDS.696-MONOMER_mod_mg2(1)_mod_pi(1),0.0,-2.3313393315350037e-34
formation_g.26658.CDS.696-MONOMER_mod_mn2(1)_mod_pi(1),0.0,0.0
formation_420889.6.peg.1832-MONOMER_mod_mg2(1),5.401270841284954e-10,2.2869952627014756e-34
formation_g.26658.CDS.1251-MONOMER_mod_mg2(1)_mod_k(1),0.0,0.0
formation_g.26658.CDS.1251-MONOMER_mod_mn2(1)_mod_k(1),7.932455777450703e-07,0.0
formation_g.26658.CDS.258-MONOMER_mod_mg2(1)_mod_thmpp(1)_mod_fad(1),0.0,0.0
formation_420889.6.peg.450-MONOMER_mod_mg2(1),0.0,4.6591426831260605e-35
formation_420889.6.peg.450-MONOMER_mod_mn2(1),0.0,3.788017566737601e-35
formation_420889.6.peg.450-MONOMER_mod_cobalt2(1),0.0,4.0388151617079095e-35
formation_420889.6.peg.450-MONOMER_mod_fe2(1),0.0,2.5469581464303143e-35
formation_420889.6.peg.450-MONOMER_mod_ca2(1),0.0,-3.337762329533243e-35
formation_420889.6.peg.450-MONOMER_mod_k(1),0.0,0.0
formation_g.26658.CDS.388-MONOMER_mod_mn2(1),0.0,0.0
formation_420889.6.peg.1779-MONOMER_mod_pydx5p(1),0.0,1.932764431308836e-33
formation_420889.6.peg.638-MONOMER_mod_thmpp(1)_mod_mn2(1)_mod_mg2(1),-5.678142041055246e-28,0.0
formation_g.26658.CDS.1877-MONOMER_mod_mg2(1),5.9929711717648435e-09,0.0
formation_g.26658.CDS.886-MONOMER_mod_mg2(1),0.0,0.0
formation_g.26658.CDS.886-MONOMER_mod_cobalt2(1),0.0,0.0
formation_g.26658.CDS.886-MONOMER_mod_mn2(1),0.0,0.0
formation_g.26658.CDS.886-MONOMER_mod_fe2(1),0.0,0.0
formation_g.26658.CDS.886-MONOMER_mod_ca2(1),0.0,3.0102524095360425e-34
formation_g.26658.CDS.417-MONOMER_mod_pydx5p(2),0.0,-3.731399101198514e-34
formation_g.26658.CDS.1332-MONOMER_mod_nad(1),0.0,-3.203172571594216e-34
formation_g.26658.CDS.1172-MONOMER_mod_nad(1),0.0,-4.945316588377241e-34
formation_g.26658.CDS.919-MONOMER_mod_k(1)_mod_mg2(1),0.0,-1.902699915116273e-33
formation_g.26658.CDS.1900-MONOMER_mod_mg2(1),0.0,0.0
formation_g.26658.CDS.34-MONOMER_mod_fad(1),0.0,8.464183094056795e-33
formation_g.26658.CDS.814-MONOMER_mod_fad(1),0.0,0.0
formation_g.26658.CDS.1347-MONOMER_mod_zn2(1),0.0,0.0
formation_RNAP-CPLX_mod_zn2(1)_mod_mg2(2),2.675996222980043e-07,3.0471356157400444e-29
formation_g.26658.CDS.1215-MONOMER_mod_zn2(4),1.6407909218002245e-11,-1.5656812268807045e-29
formation_g.26658.CDS.1570-MONOMER_mod_zn2(2),7.070821972841231e-12,-1.6600400746998026e-28
formation_g.26658.CDS.1871-MONOMER_mod_fe2(1),4.0443124716410665e-09,-1.9088039211047573e-33
formation_g.26658.CDS.1897-MONOMER_mod_4fe4s(1),7.070821972841231e-12,-1.458453567806395e-34
formation_g.26658.CDS.342-MONOMER_mod_mg2(1),1.508855808636818e-10,0.0
formation_g.26658.CDS.423-MONOMER_mod_zn2(2),0.0,-7.474238075618994e-29
formation_g.26658.CDS.603-MONOMER_mod_4fe4s(1),7.070821972841231e-12,-2.931310078629669e-35
formation_g.26658.CDS.739-MONOMER_mod_mg2(2),4.242493183704744e-11,1.1521746499861953e-34
formation_g.26658.CDS.899-MONOMER_mod_mg2(1),2.121246591852368e-11,0.0
g.26658.CDS.130-MONOMER_to_generic_16Sm4Cm1402,7.070821972841231e-12,-1.0933462353305126e-34
g.26658.CDS.683-MONOMER_to_generic_16Sm4Cm1402,0.0,-0.10766242832951645
RNA_LCGT_RS07950_to_generic_16s_rRNAs,0.0,-1.1890184208997046e-31
RNA_LCGT_RS09225_to_generic_16s_rRNAs,0.0,-1.1890184208997046e-31
RNA_LCGT_RS09345_to_generic_16s_rRNAs,0.0,-1.1890184208997046e-31
RNA_LCGT_RS09790_to_generic_16s_rRNAs,0.0,0.0
RNA_LCGT_RS09915_to_generic_16s_rRNAs,8.202630778832387e-06,-1.1890184208997046e-31
RNA_LCGT_RS07940_to_generic_23s_rRNAs,0.0,-0.024216849302452007
RNA_LCGT_RS09215_to_generic_23s_rRNAs,8.202630778832387e-06,-1.7381411090995514e-31
RNA_LCGT_RS09335_to_generic_23s_rRNAs,0.0,-0.010406577103767543
RNA_LCGT_RS09780_to_generic_23s_rRNAs,0.0,-0.010406577103767543
RNA_LCGT_RS09905_to_generic_23s_rRNAs,0.0,-0.009963918302069026
RNA_LCGT_RS00115_to_generic_5s_rRNAs,0.0,-0.020370495405870367
RNA_LCGT_RS07935_to_generic_5s_rRNAs,8.202630778832387e-06,0.0
RNA_LCGT_RS09210_to_generic_5s_rRNAs,0.0,0.0
RNA_LCGT_RS09330_to_generic_5s_rRNAs,0.0,0.0
RNA_LCGT_RS09775_to_generic_5s_rRNAs,0.0,0.0
RNA_LCGT_RS09900_to_generic_5s_rRNAs,0.0,0.0
g.26658.CDS.1392-MONOMER_to_generic_Dus,0.0,-1.265353648915941e-33
CPLX_pbiosynthesis-0_to_generic_LYSINEaaRS,0.0,-69.2362956371921
CPLX_pbiosynthesis-1_to_generic_LYSINEaaRS,0.0,-64.96092495280924
g.26658.CDS.250-MONOMER_to_generic_LYSINEaaRS,7.855518774106319e-11,0.0
g.26658.CDS.1045-MONOMER_to_generic_RF,0.0,-0.15127667303632833
g.26658.CDS.1285-MONOMER_to_generic_RF,1.5116747232967547e-09,0.0
g.26658.CDS.423-MONOMER_to_generic_RNase,1.5711037548212657e-10,0.0
g.26658.CDS.423-MONOMER_mod_zn2(2)_to_generic_RNase,0.0,-411037.12286585546
g.26658.CDS.1328-MONOMER_to_generic_Tuf,8.273611260879278e-07,0.0
CPLX_pbiosynthesis-0_to_generic_gly_c_ligase,0.0,-70.86823514420293
CPLX_pbiosynthesis-1_to_generic_gly_c_ligase,0.0,-66.59286445982008
g.26658.CDS.454-MONOMER_to_generic_gly_c_ligase,5.1096895491788805e-08,0.0
g.26658.CDS.96-MONOMER_to_generic_gly_c_ligase,0.0,-1.809451434044252
CPLX_pbiosynthesis-0_to_generic_phe_ligase,0.0,-70.65986581258879
CPLX_pbiosynthesis-1_to_generic_phe_ligase,0.0,-66.38449512820593
g.26658.CDS.1121-MONOMER_to_generic_phe_ligase,3.9931738178545624e-08,0.0
g.26658.CDS.1245-MONOMER_to_generic_phe_ligase,0.0,-3.502702413757001
transcription_RNA_dummy,2.1884181166166334e-05,0.0
DM_RNA_dummy,0.0,-536.6464055365461
translation_dummy,0.0012236414458848277,-5.445894122823487e-33
formation_CPLX_dummy,0.0,2.9755312639650497e-34
dummy_protein_to_mass,0.0011926024804616757,0.0
formation_CPLX_dummy_mod_2fe2s(1),0.0,0.0
formation_CPLX_dummy_mod_4fe4s(1),3.103896542315193e-05,0.0
12DGR180ti_REV_CPLX_dummy,0.0,-1.724037607809463e-06
12DGR180ti_FWD_CPLX_dummy,0.0014572510633814675,0.0
26DAPLLAT_REV_CPLX_dummy,0.0,5.331593275721403e-39
26DAPLLAT_FWD_CPLX_dummy,0.0,-1.724037607809463e-06
2DHPL_REV_g.26658.CDS.1636-MONOMER,0.0,-2.612860789611993e-06
2DHPL_FWD_g.26658.CDS.1636-MONOMER,0.0,1.3596130851860071e-39
2DMMQ8abc_REV_CPLX_dummy,0.0,-1.724037607809463e-06
2DMMQ8abc_FWD_CPLX_dummy,0.0014620912199426515,8.169236863548045e-39
2HBO_REV_g.26658.CDS.947-MONOMER,0.0,-1.5121915276266348e-07
2HBO_FWD_g.26658.CDS.947-MONOMER,0.0,-2.628692213320544e-06
2HBO_REV_g.26658.CDS.1641-MONOMER,0.0,-1.3019873997836374e-38
2HBO_FWD_g.26658.CDS.1641-MONOMER,0.0,-2.47747306055788e-06
2HBO_REV_g.26658.CDS.84-MONOMER,0.0,-9.794027774772023e-08
2HBO_FWD_g.26658.CDS.84-MONOMER,0.0,-2.5754133383056004e-06
2HMCOXT_REV_g.26658.CDS.1884-MONOMER,2.737342884736573e-32,-7.821629831848899e-36
2HMCOXT_FWD_g.26658.CDS.1884-MONOMER,0.0,-5.211634178429111e-10
2MBCOATA_REV_g.26658.CDS.414-MONOMER,0.0,-2.38228438710816e-06
2MBCOATA_FWD_g.26658.CDS.414-MONOMER,0.016771498534894267,-3.2451341754726695e-39
2OBUTt2r_REV_CPLX_dummy,0.0,-1.724037607809463e-06
2OBUTt2r_FWD_CPLX_dummy,0.0,-3.0048116151430273e-40
33HPHACt2r_REV_CPLX_dummy,0.0,-3.0048116151430273e-40
33HPHACt2r_FWD_CPLX_dummy,0.0,-1.724037607809463e-06
34DHOXPEGOX_REV_g.26658.CDS.991-MONOMER,0.0,-2.037174672660864e-07
34DHOXPEGOX_FWD_g.26658.CDS.991-MONOMER,0.0,-1.5829771349978605e-06
34DHOXPEGOX_REV_g.26658.CDS.1591-MONOMER,0.0,-6.366509547910633e-07
34DHOXPEGOX_FWD_g.26658.CDS.1591-MONOMER,0.0,-2.0159106225228373e-06
34DHOXPEGOX_REV_g.26658.CDS.1038-MONOMER,0.0,-4.1722488174272417e-07
34DHOXPEGOX_FWD_g.26658.CDS.1038-MONOMER,0.0,-1.7964845494744984e-06
34DHOXPEGOX_REV_g.26658.CDS.1419-MONOMER_mod_fe2(1),0.0,-4.351815558887119e-06
34DHOXPEGOX_FWD_g.26658.CDS.1419-MONOMER_mod_fe2(1),0.0,-5.731075226618894e-06
34DHOXPEGOX_REV_g.26658.CDS.536-MONOMER,0.0,-5.720251989520594e-40
34DHOXPEGOX_FWD_g.26658.CDS.536-MONOMER,0.0,-1.3792596677317742e-06
34DHPHAt2r_REV_CPLX_dummy,0.0,-7.512029037857568e-39
34DHPHAt2r_FWD_CPLX_dummy,0.0,-1.724037607809463e-06
3HAD100_REV_CPLX_dummy,0.0,-1.724037607809463e-06
3HAD100_FWD_CPLX_dummy,0.013856996408131332,-3.8312354086133444e-39
3HAD10M12_REV_CPLX_dummy,0.0,-1.724037607809463e-06
3HAD10M12_FWD_CPLX_dummy,0.016771498534894267,-8.707353201393964e-41
3HAD11M12_REV_CPLX_dummy,0.0,-1.724037607809463e-06
3HAD11M12_FWD_CPLX_dummy,0.016771498534894267,-8.707353201393964e-41
3HAD120_REV_CPLX_dummy,0.0,-1.724037607809463e-06
3HAD120_FWD_CPLX_dummy,0.013856996408131332,7.31417668917093e-39
3HAD121_REV_CPLX_dummy,0.0,-1.724037607809463e-06
3HAD121_FWD_CPLX_dummy,0.0,-8.707353201393964e-41
3HAD12M14_REV_CPLX_dummy,0.0,-1.724037607809463e-06
3HAD12M14_FWD_CPLX_dummy,0.016771498534894267,1.1058338565770334e-38
3HAD13M14_REV_CPLX_dummy,0.0,-1.724037607809463e-06
3HAD13M14_FWD_CPLX_dummy,0.016771498534894267,2.220375066355461e-38
3HAD140_REV_CPLX_dummy,0.0,-1.724037607809463e-06
3HAD140_FWD_CPLX_dummy,0.013856996408131332,7.31417668917093e-39
3HAD141_REV_CPLX_dummy,0.0,-1.724037607809463e-06
3HAD141_FWD_CPLX_dummy,0.0,-8.707353201393964e-41
3HAD14M16_REV_CPLX_dummy,0.0,-1.724037607809463e-06
3HAD14M16_FWD_CPLX_dummy,0.016771498534894267,-8.707353201393964e-41
3HAD15M16_REV_CPLX_dummy,0.0,-1.724037607809463e-06
3HAD15M16_FWD_CPLX_dummy,0.016771498534894267,-8.707353201393964e-41
3HAD160_REV_CPLX_dummy,0.0,-1.724037607809463e-06
3HAD160_FWD_CPLX_dummy,0.013856996408131332,-1.4976647506397618e-38
3HAD161_REV_CPLX_dummy,0.0,-1.724037607809463e-06
3HAD161_FWD_CPLX_dummy,0.0,-8.707353201393964e-41
3HAD180_REV_CPLX_dummy,0.0,-1.724037607809463e-06
3HAD180_FWD_CPLX_dummy,0.013856996408131332,2.960500088473948e-38
3HAD181_REV_CPLX_dummy,0.0,-1.724037607809463e-06
3HAD181_FWD_CPLX_dummy,0.0,-8.707353201393964e-41
3HAD40_REV_CPLX_dummy,0.0,-1.724037607809463e-06
3HAD40_FWD_CPLX_dummy,0.013856996408131332,2.699279492432129e-39
3HAD4M6_REV_CPLX_dummy,0.0,-1.724037607809463e-06
3HAD4M6_FWD_CPLX_dummy,0.016771498534894267,2.699279492432129e-39
3HAD5M6_REV_CPLX_dummy,0.0,-1.724037607809463e-06
3HAD5M6_FWD_CPLX_dummy,0.016771498534894267,-8.707353201393964e-41
3HAD60_REV_CPLX_dummy,0.0,-1.724037607809463e-06
3HAD60_FWD_CPLX_dummy,0.013856996408131332,1.741470640278793e-39
3HAD6M8_REV_CPLX_dummy,0.0,-1.724037607809463e-06
3HAD6M8_FWD_CPLX_dummy,0.016771498534894267,-8.707353201393964e-41
3HAD7M8_REV_CPLX_dummy,0.0,-1.724037607809463e-06
3HAD7M8_FWD_CPLX_dummy,0.016771498534894267,-8.707353201393964e-41
3HAD80_REV_CPLX_dummy,0.0,-1.724037607809463e-06
3HAD80_FWD_CPLX_dummy,0.013856996408131332,-3.8312354086133444e-39
3HAD8M10_REV_CPLX_dummy,0.0,-1.724037607809463e-06
3HAD8M10_FWD_CPLX_dummy,0.016771498534894267,-8.707353201393964e-41
3HAD9M10_REV_CPLX_dummy,0.0,-1.724037607809463e-06
3HAD9M10_FWD_CPLX_dummy,0.016771498534894267,1.1058338565770334e-38
3HPHACOX_REV_g.26658.CDS.949-MONOMER,0.0,1.6181656497867333e-05
3HPHACOX_FWD_g.26658.CDS.949-MONOMER,0.0,-8.854927762264543e-39
3MOPt2r_REV_CPLX_dummy,0.0,-1.724037607809463e-06
3MOPt2r_FWD_CPLX_dummy,0.07979839278808437,5.008019358571712e-40
3OAR100_REV_g.26658.CDS.795-MONOMER,0.0,-2.1630370221164845e-06
3OAR100_FWD_g.26658.CDS.795-MONOMER,0.0,-5.430414712175286e-07
3OAR100_REV_g.26658.CDS.45-MONOMER,0.0,-2.280483117950816e-06
3OAR100_FWD_g.26658.CDS.45-MONOMER,0.0,-6.604875670518602e-07
3OAR100_REV_g.26658.CDS.568-MONOMER,0.0,-1.619995550898956e-06
3OAR100_FWD_g.26658.CDS.568-MONOMER,0.013856996408131332,1.1311643496525612e-40
3OAR10M11_REV_g.26658.CDS.795-MONOMER,0.0,-2.1630370221164845e-06
3OAR10M11_FWD_g.26658.CDS.795-MONOMER,0.0,-5.430414712175286e-07
3OAR10M11_REV_g.26658.CDS.45-MONOMER,0.0,-2.280483117950816e-06
3OAR10M11_FWD_g.26658.CDS.45-MONOMER,0.0,-6.604875670518602e-07
3OAR10M11_REV_g.26658.CDS.568-MONOMER,0.0,-1.619995550898956e-06
3OAR10M11_FWD_g.26658.CDS.568-MONOMER,0.0,-1.696746524478842e-39
3OAR10M12_REV_g.26658.CDS.795-MONOMER,0.0,-2.1630370221164845e-06
3OAR10M12_FWD_g.26658.CDS.795-MONOMER,0.0,-5.430414712175286e-07
3OAR10M12_REV_g.26658.CDS.45-MONOMER,0.0,-2.280483117950816e-06
3OAR10M12_FWD_g.26658.CDS.45-MONOMER,0.0,-6.604875670518602e-07
3OAR10M12_REV_g.26658.CDS.568-MONOMER,0.0,-1.619995550898956e-06
3OAR10M12_FWD_g.26658.CDS.568-MONOMER,0.016771498534894267,1.459202011051804e-38
3OAR11M12_REV_g.26658.CDS.795-MONOMER,0.0,-2.1630370221164845e-06
3OAR11M12_FWD_g.26658.CDS.795-MONOMER,0.0,-5.430414712175286e-07
3OAR11M12_REV_g.26658.CDS.45-MONOMER,0.0,-2.280483117950816e-06
3OAR11M12_FWD_g.26658.CDS.45-MONOMER,0.0,-6.604875670518602e-07
3OAR11M12_REV_g.26658.CDS.568-MONOMER,0.0,-1.619995550898956e-06
3OAR11M12_FWD_g.26658.CDS.568-MONOMER,0.016771498534894267,1.459202011051804e-38
3OAR120_REV_g.26658.CDS.795-MONOMER,0.0,-2.1630370221164845e-06
3OAR120_FWD_g.26658.CDS.795-MONOMER,0.0,-5.430414712175286e-07
3OAR120_REV_g.26658.CDS.45-MONOMER,0.0,-2.280483117950816e-06
3OAR120_FWD_g.26658.CDS.45-MONOMER,0.0,-6.604875670518602e-07
3OAR120_REV_g.26658.CDS.568-MONOMER,0.0,-1.619995550898956e-06
3OAR120_FWD_g.26658.CDS.568-MONOMER,0.013856996408131332,1.459202011051804e-38
3OAR12M13_REV_g.26658.CDS.795-MONOMER,0.0,-5.430414712175286e-07
3OAR12M13_FWD_g.26658.CDS.795-MONOMER,0.0,-2.1630370221164845e-06
3OAR12M13_REV_g.26658.CDS.45-MONOMER,0.0,-6.604875670518602e-07
3OAR12M13_FWD_g.26658.CDS.45-MONOMER,0.0,-2.280483117950816e-06
3OAR12M13_REV_g.26658.CDS.568-MONOMER,0.0,1.1311643496525612e-40
3OAR12M13_FWD_g.26658.CDS.568-MONOMER,0.0,-1.619995550898956e-06
3OAR12M14_REV_g.26658.CDS.795-MONOMER,0.0,-2.1630370221164845e-06
3OAR12M14_FWD_g.26658.CDS.795-MONOMER,0.0,-5.430414712175286e-07
3OAR12M14_REV_g.26658.CDS.45-MONOMER,0.0,-2.280483117950816e-06
3OAR12M14_FWD_g.26658.CDS.45-MONOMER,0.0,-6.604875670518602e-07
3OAR12M14_REV_g.26658.CDS.568-MONOMER,0.0,-1.619995550898956e-06
3OAR12M14_FWD_g.26658.CDS.568-MONOMER,0.016771498534894267,1.1311643496525612e-40
3OAR13M14_REV_g.26658.CDS.795-MONOMER,0.0,-2.1630370221164845e-06
3OAR13M14_FWD_g.26658.CDS.795-MONOMER,0.0,-5.430414712175286e-07
3OAR13M14_REV_g.26658.CDS.45-MONOMER,0.0,-2.280483117950816e-06
3OAR13M14_FWD_g.26658.CDS.45-MONOMER,0.0,-6.604875670518602e-07
3OAR13M14_REV_g.26658.CDS.568-MONOMER,0.0,-1.619995550898956e-06
3OAR13M14_FWD_g.26658.CDS.568-MONOMER,0.016771498534894267,-1.4365787240587528e-38
3OAR140_REV_g.26658.CDS.795-MONOMER,0.0,-2.1630370221164845e-06
3OAR140_FWD_g.26658.CDS.795-MONOMER,0.0,-5.430414712175286e-07
3OAR140_REV_g.26658.CDS.45-MONOMER,0.0,-2.280483117950816e-06
3OAR140_FWD_g.26658.CDS.45-MONOMER,0.0,-6.604875670518602e-07
3OAR140_REV_g.26658.CDS.568-MONOMER,0.0,-1.619995550898956e-06
3OAR140_FWD_g.26658.CDS.568-MONOMER,0.013856996408131332,1.1311643496525612e-40
3OAR14M15_REV_g.26658.CDS.795-MONOMER,0.0,-5.430414712175286e-07
3OAR14M15_FWD_g.26658.CDS.795-MONOMER,0.0,-2.1630370221164845e-06
3OAR14M15_REV_g.26658.CDS.45-MONOMER,0.0,-6.604875670518602e-07
3OAR14M15_FWD_g.26658.CDS.45-MONOMER,0.0,-2.280483117950816e-06
3OAR14M15_REV_g.26658.CDS.568-MONOMER,0.0,1.922979394409354e-39
3OAR14M15_FWD_g.26658.CDS.568-MONOMER,0.0,-1.619995550898956e-06
3OAR14M16_REV_g.26658.CDS.795-MONOMER,0.0,-2.1630370221164845e-06
3OAR14M16_FWD_g.26658.CDS.795-MONOMER,0.0,-5.430414712175286e-07
3OAR14M16_REV_g.26658.CDS.45-MONOMER,0.0,-2.280483117950816e-06
3OAR14M16_FWD_g.26658.CDS.45-MONOMER,0.0,-6.604875670518602e-07
3OAR14M16_REV_g.26658.CDS.568-MONOMER,0.0,-1.619995550898956e-06
3OAR14M16_FWD_g.26658.CDS.568-MONOMER,0.016771498534894267,-1.4365787240587528e-38
3OAR15M16_REV_g.26658.CDS.795-MONOMER,0.0,-2.1630370221164845e-06
3OAR15M16_FWD_g.26658.CDS.795-MONOMER,0.0,-5.430414712175286e-07
3OAR15M16_REV_g.26658.CDS.45-MONOMER,0.0,-2.280483117950816e-06
3OAR15M16_FWD_g.26658.CDS.45-MONOMER,0.0,-6.604875670518602e-07
3OAR15M16_REV_g.26658.CDS.568-MONOMER,0.0,-1.619995550898956e-06
3OAR15M16_FWD_g.26658.CDS.568-MONOMER,0.016771498534894267,1.1311643496525612e-40
3OAR160_REV_g.26658.CDS.795-MONOMER,0.0,-2.1630370221164845e-06
3OAR160_FWD_g.26658.CDS.795-MONOMER,0.0,-5.430414712175286e-07
3OAR160_REV_g.26658.CDS.45-MONOMER,0.0,-2.280483117950816e-06
3OAR160_FWD_g.26658.CDS.45-MONOMER,0.0,-6.604875670518602e-07
3OAR160_REV_g.26658.CDS.568-MONOMER,0.0,-1.619995550898956e-06
3OAR160_FWD_g.26658.CDS.568-MONOMER,0.0,-1.4365787240587528e-38
3OAR180_REV_g.26658.CDS.795-MONOMER,0.0,-2.1630370221164845e-06
3OAR180_FWD_g.26658.CDS.795-MONOMER,0.0,-5.430414712175286e-07
3OAR180_REV_g.26658.CDS.45-MONOMER,0.0,-2.280483117950816e-06
3OAR180_FWD_g.26658.CDS.45-MONOMER,0.0,-6.604875670518602e-07
3OAR180_REV_g.26658.CDS.568-MONOMER,0.0,-1.619995550898956e-06
3OAR180_FWD_g.26658.CDS.568-MONOMER,0.013856996408131332,1.459202011051804e-38
3OAR40_REV_g.26658.CDS.795-MONOMER,0.0,-2.1630370221164845e-06
3OAR40_FWD_g.26658.CDS.795-MONOMER,0.0,-5.430414712175286e-07
3OAR40_REV_g.26658.CDS.45-MONOMER,0.0,-2.280483117950816e-06
3OAR40_FWD_g.26658.CDS.45-MONOMER,0.0,-6.604875670518602e-07
3OAR40_REV_g.26658.CDS.568-MONOMER,0.0,-1.619995550898956e-06
3OAR40_FWD_g.26658.CDS.568-MONOMER,0.013856996408131332,1.1311643496525612e-40
3OAR4M5_REV_g.26658.CDS.795-MONOMER,0.0,-5.430414712175286e-07
3OAR4M5_FWD_g.26658.CDS.795-MONOMER,0.0,-2.1630370221164845e-06
3OAR4M5_REV_g.26658.CDS.45-MONOMER,0.0,-6.604875670518602e-07
3OAR4M5_FWD_g.26658.CDS.45-MONOMER,0.0,-2.280483117950816e-06
3OAR4M5_REV_g.26658.CDS.568-MONOMER,0.0,7.352568272741648e-39
3OAR4M5_FWD_g.26658.CDS.568-MONOMER,0.0,-1.619995550898956e-06
3OAR4M6_REV_g.26658.CDS.795-MONOMER,0.0,-2.1630370221164845e-06
3OAR4M6_FWD_g.26658.CDS.795-MONOMER,0.0,-5.430414712175286e-07
3OAR4M6_REV_g.26658.CDS.45-MONOMER,0.0,-2.280483117950816e-06
3OAR4M6_FWD_g.26658.CDS.45-MONOMER,0.0,-6.604875670518602e-07
3OAR4M6_REV_g.26658.CDS.568-MONOMER,0.0,-1.619995550898956e-06
3OAR4M6_FWD_g.26658.CDS.568-MONOMER,0.016771498534894267,1.1311643496525612e-40
3OAR5M6_REV_g.26658.CDS.795-MONOMER,0.0,-2.1630370221164845e-06
3OAR5M6_FWD_g.26658.CDS.795-MONOMER,0.0,-5.430414712175286e-07
3OAR5M6_REV_g.26658.CDS.45-MONOMER,0.0,-2.280483117950816e-06
3OAR5M6_FWD_g.26658.CDS.45-MONOMER,0.0,-6.604875670518602e-07
3OAR5M6_REV_g.26658.CDS.568-MONOMER,0.0,-1.619995550898956e-06
3OAR5M6_FWD_g.26658.CDS.568-MONOMER,0.016771498534894267,-7.126335402811136e-39
3OAR60_REV_g.26658.CDS.795-MONOMER,0.0,-2.1630370221164845e-06
3OAR60_FWD_g.26658.CDS.795-MONOMER,0.0,-5.430414712175286e-07
3OAR60_REV_g.26658.CDS.45-MONOMER,0.0,-2.280483117950816e-06
3OAR60_FWD_g.26658.CDS.45-MONOMER,0.0,-6.604875670518602e-07
3OAR60_REV_g.26658.CDS.568-MONOMER,0.0,-1.619995550898956e-06
3OAR60_FWD_g.26658.CDS.568-MONOMER,0.013856996408131332,1.459202011051804e-38
3OAR6M7_REV_g.26658.CDS.795-MONOMER,0.0,-5.430414712175286e-07
3OAR6M7_FWD_g.26658.CDS.795-MONOMER,0.0,-2.1630370221164845e-06
3OAR6M7_REV_g.26658.CDS.45-MONOMER,0.0,-6.604875670518602e-07
3OAR6M7_FWD_g.26658.CDS.45-MONOMER,0.0,-2.280483117950816e-06
3OAR6M7_REV_g.26658.CDS.568-MONOMER,0.0,1.1311643496525612e-40
3OAR6M7_FWD_g.26658.CDS.568-MONOMER,0.0,-1.619995550898956e-06
3OAR6M8_REV_g.26658.CDS.795-MONOMER,0.0,-2.1630370221164845e-06
3OAR6M8_FWD_g.26658.CDS.795-MONOMER,0.0,-5.430414712175286e-07
3OAR6M8_REV_g.26658.CDS.45-MONOMER,0.0,-2.280483117950816e-06
3OAR6M8_FWD_g.26658.CDS.45-MONOMER,0.0,-6.604875670518602e-07
3OAR6M8_REV_g.26658.CDS.568-MONOMER,0.0,-1.619995550898956e-06
3OAR6M8_FWD_g.26658.CDS.568-MONOMER,0.016771498534894267,7.352568272741648e-39
3OAR7M8_REV_g.26658.CDS.795-MONOMER,0.0,-2.1630370221164845e-06
3OAR7M8_FWD_g.26658.CDS.795-MONOMER,0.0,-5.430414712175286e-07
3OAR7M8_REV_g.26658.CDS.45-MONOMER,0.0,-2.280483117950816e-06
3OAR7M8_FWD_g.26658.CDS.45-MONOMER,0.0,-6.604875670518602e-07
3OAR7M8_REV_g.26658.CDS.568-MONOMER,0.0,-1.619995550898956e-06
3OAR7M8_FWD_g.26658.CDS.568-MONOMER,0.016771498534894267,7.352568272741648e-39
3OAR80_REV_g.26658.CDS.795-MONOMER,0.0,-2.1630370221164845e-06
3OAR80_FWD_g.26658.CDS.795-MONOMER,0.0,-5.430414712175286e-07
3OAR80_REV_g.26658.CDS.45-MONOMER,0.0,-2.280483117950816e-06
3OAR80_FWD_g.26658.CDS.45-MONOMER,0.0,-6.604875670518602e-07
3OAR80_REV_g.26658.CDS.568-MONOMER,0.0,-1.619995550898956e-06
3OAR80_FWD_g.26658.CDS.568-MONOMER,0.013856996408131332,1.1311643496525612e-40
3OAR8M10_REV_g.26658.CDS.795-MONOMER,0.0,-2.1630370221164845e-06
3OAR8M10_FWD_g.26658.CDS.795-MONOMER,0.0,-5.430414712175286e-07
3OAR8M10_REV_g.26658.CDS.45-MONOMER,0.0,-2.280483117950816e-06
3OAR8M10_FWD_g.26658.CDS.45-MONOMER,0.0,-6.604875670518602e-07
3OAR8M10_REV_g.26658.CDS.568-MONOMER,0.0,-1.619995550898956e-06
3OAR8M10_FWD_g.26658.CDS.568-MONOMER,0.016771498534894267,-7.126335402811136e-39
3OAR8M9_REV_g.26658.CDS.795-MONOMER,0.0,-5.430414712175286e-07
3OAR8M9_FWD_g.26658.CDS.795-MONOMER,0.0,-2.1630370221164845e-06
3OAR8M9_REV_g.26658.CDS.45-MONOMER,0.0,-6.604875670518602e-07
3OAR8M9_FWD_g.26658.CDS.45-MONOMER,0.0,-2.280483117950816e-06
3OAR8M9_REV_g.26658.CDS.568-MONOMER,0.0,1.1311643496525612e-40
3OAR8M9_FWD_g.26658.CDS.568-MONOMER,0.0,-1.619995550898956e-06
3OAR9M10_REV_g.26658.CDS.795-MONOMER,0.0,-2.1630370221164845e-06
3OAR9M10_FWD_g.26658.CDS.795-MONOMER,0.0,-5.430414712175286e-07
3OAR9M10_REV_g.26658.CDS.45-MONOMER,0.0,-2.280483117950816e-06
3OAR9M10_FWD_g.26658.CDS.45-MONOMER,0.0,-6.604875670518602e-07
3OAR9M10_REV_g.26658.CDS.568-MONOMER,0.0,-1.619995550898956e-06
3OAR9M10_FWD_g.26658.CDS.568-MONOMER,0.016771498534894267,1.459202011051804e-38
3OAS100_REV_CPLX_3OAS100-0,0.0,-4.50468406120918e-06
3OAS100_FWD_CPLX_3OAS100-0,0.013856996408131332,2.3524959574120633e-39
3OAS10M11_REV_CPLX_3OAS100-0,0.0,-4.50468406120918e-06
3OAS10M11_FWD_CPLX_3OAS100-0,0.0,2.3524959574120633e-39
3OAS10M12_REV_CPLX_3OAS100-0,0.0,-4.50468406120918e-06
3OAS10M12_FWD_CPLX_3OAS100-0,0.016771498534894267,1.4899141063609733e-38
3OAS11M12_REV_CPLX_3OAS100-0,0.0,-4.50468406120918e-06
3OAS11M12_FWD_CPLX_3OAS100-0,0.016771498534894267,2.3524959574120633e-39
3OAS120_REV_CPLX_3OAS100-0,0.0,-4.50468406120918e-06
3OAS120_FWD_CPLX_3OAS100-0,0.013856996408131332,-1.960413297843386e-38
3OAS121_REV_CPLX_dummy,0.0,-1.724037607809463e-06
3OAS121_FWD_CPLX_dummy,0.0,-3.1564076252526006e-39
3OAS12M13_REV_CPLX_3OAS100-0,0.0,-4.50468406120918e-06
3OAS12M13_FWD_CPLX_3OAS100-0,0.0,-3.920826595686772e-39
3OAS12M14_REV_CPLX_3OAS100-0,0.0,-4.50468406120918e-06
3OAS12M14_FWD_CPLX_3OAS100-0,0.016771498534894267,1.4899141063609733e-38
3OAS13M14_REV_CPLX_3OAS100-0,0.0,-4.50468406120918e-06
3OAS13M14_FWD_CPLX_3OAS100-0,0.016771498534894267,-1.0194149148785607e-38
3OAS140_REV_CPLX_3OAS100-0,0.0,-4.50468406120918e-06
3OAS140_FWD_CPLX_3OAS100-0,0.013856996408131332,5.489157233961481e-39
3OAS141_REV_CPLX_dummy,0.0,-1.724037607809463e-06
3OAS141_FWD_CPLX_dummy,0.0,-3.1564076252526006e-39
3OAS160_REV_CPLX_3OAS100-0,0.0,-2.3043630590598436e-06
3OAS160_FWD_CPLX_3OAS100-0,0.0,-2.2003210021493362e-06
3OAS161_REV_CPLX_dummy,0.0,-1.724037607809463e-06
3OAS161_FWD_CPLX_dummy,0.0,-1.2625630501010402e-39
3OAS180_REV_CPLX_3OAS100-0,0.0,-4.50468406120918e-06
3OAS180_FWD_CPLX_3OAS100-0,0.013856996408131332,8.625818510510899e-39
3OAS181_REV_CPLX_dummy,0.0,-1.724037607809463e-06
3OAS181_FWD_CPLX_dummy,0.0,-3.1564076252526006e-39
3OAS2M3_REV_CPLX_3OAS100-0,0.0,-4.50468406120918e-06
3OAS2M3_FWD_CPLX_3OAS100-0,0.0,2.3524959574120633e-39
3OAS3M4_REV_CPLX_3OAS100-0,0.0,-4.50468406120918e-06
3OAS3M4_FWD_CPLX_3OAS100-0,0.016771498534894267,-3.920826595686772e-39
3OAS4M3O6_REV_CPLX_3OAS100-0,0.0,-4.50468406120918e-06
3OAS4M3O6_FWD_CPLX_3OAS100-0,0.016771498534894267,-3.920826595686772e-39
3OAS4M5_REV_CPLX_3OAS100-0,0.0,-4.50468406120918e-06
3OAS4M5_FWD_CPLX_3OAS100-0,0.0,2.3524959574120633e-39
3OAS4M6_REV_CPLX_3OAS100-0,0.0,-4.50468406120918e-06
3OAS4M6_FWD_CPLX_3OAS100-0,0.016771498534894267,-7.841653191373544e-40
3OAS5M6_REV_CPLX_3OAS100-0,0.0,-4.50468406120918e-06
3OAS5M6_FWD_CPLX_3OAS100-0,0.016771498534894267,-3.920826595686772e-39
3OAS60_REV_CPLX_3OAS100-0,0.0,-4.50468406120918e-06
3OAS60_FWD_CPLX_3OAS100-0,0.013856996408131332,-3.920826595686772e-39
3OAS6M7_REV_CPLX_3OAS100-0,0.0,-4.50468406120918e-06
3OAS6M7_FWD_CPLX_3OAS100-0,0.0,2.3524959574120633e-39
3OAS6M8_REV_CPLX_3OAS100-0,0.0,-4.50468406120918e-06
3OAS6M8_FWD_CPLX_3OAS100-0,0.016771498534894267,2.3524959574120633e-39
3OAS7M8_REV_CPLX_3OAS100-0,0.0,-4.50468406120918e-06
3OAS7M8_FWD_CPLX_3OAS100-0,0.016771498534894267,-3.920826595686772e-39
3OAS80_REV_CPLX_3OAS100-0,0.0,-4.50468406120918e-06
3OAS80_FWD_CPLX_3OAS100-0,0.013856996408131332,1.1762479787060316e-38
3OAS8M10_REV_CPLX_3OAS100-0,0.0,-4.50468406120918e-06
3OAS8M10_FWD_CPLX_3OAS100-0,0.016771498534894267,2.3524959574120633e-39
3OAS8M9_REV_CPLX_3OAS100-0,0.0,-4.50468406120918e-06
3OAS8M9_FWD_CPLX_3OAS100-0,0.0,-3.920826595686772e-39
3OAS9M10_REV_CPLX_3OAS100-0,0.0,-4.50468406120918e-06
3OAS9M10_FWD_CPLX_3OAS100-0,0.016771498534894267,1.4899141063609733e-38
4ABZt2_REV_CPLX_dummy,0.0,-1.724037607809463e-06
4ABZt2_FWD_CPLX_dummy,0.004804607829548406,-3.0048116151430273e-40
4HBZt2_REV_CPLX_dummy,0.0,1.3020850332286452e-39
4HBZt2_FWD_CPLX_dummy,0.0,-1.724037607809463e-06
4HP34DHPD_REV_g.26658.CDS.949-MONOMER,0.0,1.6181656497867333e-05
4HP34DHPD_FWD_g.26658.CDS.949-MONOMER,0.0,-8.854927762264543e-39
5AIZCDC_REV_g.26658.CDS.1825-MONOMER,0.0,1.1793099119901872e-05
5AIZCDC_FWD_g.26658.CDS.1825-MONOMER,0.0,-1.6271376928632844e-05
5AIZCDC_REV_CPLX_5AIZCDC-0,0.0,1.2820598444081031e-05
5AIZCDC_FWD_CPLX_5AIZCDC-0,0.0,-1.5243877604453686e-05
5AIZCDC_REV_g.26658.CDS.1689-MONOMER,0.0,1.2979341923382644e-05
5AIZCDC_FWD_g.26658.CDS.1689-MONOMER,0.0,-1.5085134125152073e-05
6PHBG_REV_g.26658.CDS.964-MONOMER,0.0,-8.310845741568196e-07
6PHBG_FWD_g.26658.CDS.964-MONOMER,0.0,-2.1246124546616615e-07
6PHBG_REV_g.26658.CDS.1236-MONOMER,0.0,-1.0196566749300798e-06
6PHBG_FWD_g.26658.CDS.1236-MONOMER,0.0,-4.0103334623942636e-07
6PHBG_REV_g.26658.CDS.1209-MONOMER,0.0,-9.575125033601888e-07
6PHBG_FWD_g.26658.CDS.1209-MONOMER,0.0,-3.3888917466953535e-07
6PHBG_REV_g.26658.CDS.28-MONOMER,0.0,-9.008627943927427e-07
6PHBG_FWD_g.26658.CDS.28-MONOMER,0.0,-2.822394657020893e-07
6PHBG_REV_g.26658.CDS.286-MONOMER,0.0,-9.833958994036049e-07
6PHBG_FWD_g.26658.CDS.286-MONOMER,0.0,-3.6477257071295145e-07
6PHBG2_REV_g.26658.CDS.964-MONOMER,0.0,-1.0435458196229857e-06
6PHBG2_FWD_g.26658.CDS.964-MONOMER,0.0,8.824532295469787e-40
6PHBG2_REV_g.26658.CDS.1236-MONOMER,0.0,-1.2321179203962458e-06
6PHBG2_FWD_g.26658.CDS.1236-MONOMER,0.0,-1.8857210077326024e-07
6PHBG2_REV_g.26658.CDS.1209-MONOMER,0.0,-1.1699737488263548e-06
6PHBG2_FWD_g.26658.CDS.1209-MONOMER,0.0,-1.264279292033692e-07
6PHBG2_REV_g.26658.CDS.28-MONOMER,0.0,-1.1133240398589088e-06
6PHBG2_FWD_g.26658.CDS.28-MONOMER,0.0,-6.977822023592312e-08
6PHBG2_REV_g.26658.CDS.286-MONOMER,0.0,-1.195857144869771e-06
6PHBG2_FWD_g.26658.CDS.286-MONOMER,0.0,-1.523113252467853e-07
AACOAT_REV_g.26658.CDS.361-MONOMER,0.0,-1.6999357929259907e-06
AACOAT_FWD_g.26658.CDS.361-MONOMER,0.0,-9.526047148651806e-40
AACPS6_REV_CPLX_dummy,0.0,1.179091286112344e-06
AACPS6_FWD_CPLX_dummy,0.0,-2.903128893921807e-06
AACPS7_REV_CPLX_dummy,0.0,-1.724037607809463e-06
AACPS7_FWD_CPLX_dummy,0.0,-9.944605470035327e-39
AB6PGH_REV_g.26658.CDS.964-MONOMER,0.0,-8.310845741568196e-07
AB6PGH_FWD_g.26658.CDS.964-MONOMER,0.0,-2.1246124546616615e-07
AB6PGH_REV_g.26658.CDS.1236-MONOMER,0.0,-1.0196566749300798e-06
AB6PGH_FWD_g.26658.CDS.1236-MONOMER,0.0,-4.0103334623942636e-07
AB6PGH_REV_g.26658.CDS.1209-MONOMER,0.0,-9.575125033601888e-07
AB6PGH_FWD_g.26658.CDS.1209-MONOMER,0.0,-3.3888917466953535e-07
AB6PGH_REV_g.26658.CDS.28-MONOMER,0.0,-9.008627943927427e-07
AB6PGH_FWD_g.26658.CDS.28-MONOMER,0.0,-2.822394657020893e-07
AB6PGH_REV_g.26658.CDS.286-MONOMER,0.0,-9.833958994036049e-07
AB6PGH_FWD_g.26658.CDS.286-MONOMER,0.0,-3.6477257071295145e-07
AB6PGH2_REV_g.26658.CDS.964-MONOMER,0.0,-1.0435458196229857e-06
AB6PGH2_FWD_g.26658.CDS.964-MONOMER,0.0,2.941510765156596e-40
AB6PGH2_REV_g.26658.CDS.1236-MONOMER,0.0,-1.2321179203962458e-06
AB6PGH2_FWD_g.26658.CDS.1236-MONOMER,0.0,-1.8857210077326024e-07
AB6PGH2_REV_g.26658.CDS.1209-MONOMER,0.0,-1.1699737488263548e-06
AB6PGH2_FWD_g.26658.CDS.1209-MONOMER,0.0,-1.264279292033692e-07
AB6PGH2_REV_g.26658.CDS.28-MONOMER,0.0,-1.1133240398589088e-06
AB6PGH2_FWD_g.26658.CDS.28-MONOMER,0.0,-6.977822023592312e-08
AB6PGH2_REV_g.26658.CDS.286-MONOMER,0.0,-1.195857144869771e-06
AB6PGH2_FWD_g.26658.CDS.286-MONOMER,0.0,-1.523113252467853e-07
ABTOXy_REV_g.26658.CDS.1806-MONOMER,0.0,-1.2002476274600139e-06
ABTOXy_FWD_g.26658.CDS.1806-MONOMER,0.0,-2.2755370784700504e-39
ABTOXy_REV_g.26658.CDS.1531-MONOMER,0.0,-1.48038429014513e-06
ABTOXy_FWD_g.26658.CDS.1531-MONOMER,0.0,-2.801366626851162e-07
ACACT1r_REV_g.26658.CDS.901-MONOMER,0.0,-3.160639914391319e-08
ACACT1r_FWD_g.26658.CDS.901-MONOMER,0.0,-7.765284143923233e-39
ACACT1r_REV_g.26658.CDS.1624-MONOMER,0.0,-3.160639914391319e-08
ACACT1r_FWD_g.26658.CDS.1624-MONOMER,0.0,-7.765284143923233e-39
ACACT1r_REV_g.26658.CDS.1440-MONOMER,0.0,-3.160639914391319e-08
ACACT1r_FWD_g.26658.CDS.1440-MONOMER,0.0,-7.765284143923233e-39
ACACT1r_REV_g.26658.CDS.1002-MONOMER,0.0,-3.160639914391319e-08
ACACT1r_FWD_g.26658.CDS.1002-MONOMER,0.0,-7.765284143923233e-39
ACACT1r_REV_g.26658.CDS.1563-MONOMER,0.0,-3.160639914391319e-08
ACACT1r_FWD_g.26658.CDS.1563-MONOMER,0.0,-7.765284143923233e-39
ACACT1r_REV_g.26658.CDS.3-MONOMER,0.0,-3.160639914391319e-08
ACACT1r_FWD_g.26658.CDS.3-MONOMER,0.0,-7.765284143923233e-39
ACACT1r_REV_g.26658.CDS.116-MONOMER,0.0,-3.160639914391319e-08
ACACT1r_FWD_g.26658.CDS.116-MONOMER,0.0,-7.765284143923233e-39
ACACT1r_REV_g.26658.CDS.1225-MONOMER,0.0,-3.160639914391319e-08
ACACT1r_FWD_g.26658.CDS.1225-MONOMER,0.0,-7.765284143923233e-39
ACACT1r_REV_g.26658.CDS.396-MONOMER,0.0,-3.160639914391319e-08
ACACT1r_FWD_g.26658.CDS.396-MONOMER,0.0,-7.765284143923233e-39
ACACT1r_REV_g.26658.CDS.1135-MONOMER,0.0,-1.5802936547724009e-06
ACACT1r_FWD_g.26658.CDS.1135-MONOMER,0.0,-1.5486872556284878e-06
ACACT1r_REV_g.26658.CDS.452-MONOMER,0.0,-3.160639914391319e-08
ACACT1r_FWD_g.26658.CDS.452-MONOMER,0.0,-7.765284143923233e-39
ACACT1r_REV_g.26658.CDS.1413-MONOMER,0.0,-3.160639914391319e-08
ACACT1r_FWD_g.26658.CDS.1413-MONOMER,0.0,-7.765284143923233e-39
ACACT1r_REV_g.26658.CDS.1612-MONOMER,0.0,-3.160639914391319e-08
ACACT1r_FWD_g.26658.CDS.1612-MONOMER,0.0,-7.765284143923233e-39
ACACT2r_REV_g.26658.CDS.901-MONOMER,0.0,-3.160639914391319e-08
ACACT2r_FWD_g.26658.CDS.901-MONOMER,0.0,-1.1170182875213355e-39
ACACT2r_REV_g.26658.CDS.1624-MONOMER,0.0,-3.160639914391319e-08
ACACT2r_FWD_g.26658.CDS.1624-MONOMER,0.0,-1.1170182875213355e-39
ACACT2r_REV_g.26658.CDS.1440-MONOMER,0.0,-3.160639914391319e-08
ACACT2r_FWD_g.26658.CDS.1440-MONOMER,0.0,-1.1170182875213355e-39
ACACT2r_REV_g.26658.CDS.1002-MONOMER,0.0,-3.160639914391319e-08
ACACT2r_FWD_g.26658.CDS.1002-MONOMER,0.0,-1.1170182875213355e-39
ACACT2r_REV_g.26658.CDS.1563-MONOMER,0.0,-3.160639914391319e-08
ACACT2r_FWD_g.26658.CDS.1563-MONOMER,0.0,-1.1170182875213355e-39
ACACT2r_REV_g.26658.CDS.3-MONOMER,0.0,-3.160639914391319e-08
ACACT2r_FWD_g.26658.CDS.3-MONOMER,0.0,-1.1170182875213355e-39
ACACT2r_REV_g.26658.CDS.116-MONOMER,0.0,-3.160639914391319e-08
ACACT2r_FWD_g.26658.CDS.116-MONOMER,0.0,-1.1170182875213355e-39
ACACT2r_REV_g.26658.CDS.1225-MONOMER,0.0,-3.160639914391319e-08
ACACT2r_FWD_g.26658.CDS.1225-MONOMER,0.0,-1.1170182875213355e-39
ACACT2r_REV_g.26658.CDS.396-MONOMER,0.0,-3.160639914391319e-08
ACACT2r_FWD_g.26658.CDS.396-MONOMER,0.0,-1.1170182875213355e-39
ACACT2r_REV_g.26658.CDS.1135-MONOMER,0.0,-1.5802936547724009e-06
ACACT2r_FWD_g.26658.CDS.1135-MONOMER,0.0,-1.5486872556284878e-06
ACACT2r_REV_g.26658.CDS.452-MONOMER,0.0,-3.160639914391319e-08
ACACT2r_FWD_g.26658.CDS.452-MONOMER,0.0,-1.1170182875213355e-39
ACACT2r_REV_g.26658.CDS.1413-MONOMER,0.0,-3.160639914391319e-08
ACACT2r_FWD_g.26658.CDS.1413-MONOMER,0.0,-1.1170182875213355e-39
ACACT2r_REV_g.26658.CDS.1612-MONOMER,0.0,-3.160639914391319e-08
ACACT2r_FWD_g.26658.CDS.1612-MONOMER,0.0,-1.1170182875213355e-39
ACACT3r_REV_g.26658.CDS.901-MONOMER,0.0,-3.160639914391319e-08
ACACT3r_FWD_g.26658.CDS.901-MONOMER,0.0,-1.1170182875213355e-39
ACACT3r_REV_g.26658.CDS.1624-MONOMER,0.0,-3.160639914391319e-08
ACACT3r_FWD_g.26658.CDS.1624-MONOMER,0.0,-1.1170182875213355e-39
ACACT3r_REV_g.26658.CDS.1440-MONOMER,0.0,-3.160639914391319e-08
ACACT3r_FWD_g.26658.CDS.1440-MONOMER,0.0,-1.1170182875213355e-39
ACACT3r_REV_g.26658.CDS.1002-MONOMER,0.0,-3.160639914391319e-08
ACACT3r_FWD_g.26658.CDS.1002-MONOMER,0.0,-1.1170182875213355e-39
ACACT3r_REV_g.26658.CDS.1563-MONOMER,0.0,-3.160639914391319e-08
ACACT3r_FWD_g.26658.CDS.1563-MONOMER,0.0,-1.1170182875213355e-39
ACACT3r_REV_g.26658.CDS.3-MONOMER,0.0,-3.160639914391319e-08
ACACT3r_FWD_g.26658.CDS.3-MONOMER,0.0,-1.1170182875213355e-39
ACACT3r_REV_g.26658.CDS.116-MONOMER,0.0,-3.160639914391319e-08
ACACT3r_FWD_g.26658.CDS.116-MONOMER,0.0,-1.1170182875213355e-39
ACACT3r_REV_g.26658.CDS.1225-MONOMER,0.0,-3.160639914391319e-08
ACACT3r_FWD_g.26658.CDS.1225-MONOMER,0.0,-1.1170182875213355e-39
ACACT3r_REV_g.26658.CDS.396-MONOMER,0.0,-3.160639914391319e-08
ACACT3r_FWD_g.26658.CDS.396-MONOMER,0.0,-1.1170182875213355e-39
ACACT3r_REV_g.26658.CDS.1135-MONOMER,0.0,-1.5802936547724009e-06
ACACT3r_FWD_g.26658.CDS.1135-MONOMER,0.0,-1.5486872556284878e-06
ACACT3r_REV_g.26658.CDS.452-MONOMER,0.0,-3.160639914391319e-08
ACACT3r_FWD_g.26658.CDS.452-MONOMER,0.0,-1.1170182875213355e-39
ACACT3r_REV_g.26658.CDS.1413-MONOMER,0.0,-3.160639914391319e-08
ACACT3r_FWD_g.26658.CDS.1413-MONOMER,0.0,-1.1170182875213355e-39
ACACT3r_REV_g.26658.CDS.1612-MONOMER,0.0,-3.160639914391319e-08
ACACT3r_FWD_g.26658.CDS.1612-MONOMER,0.0,-1.1170182875213355e-39
ACACT4r_REV_g.26658.CDS.901-MONOMER,0.0,-3.160639914391319e-08
ACACT4r_FWD_g.26658.CDS.901-MONOMER,0.0,-1.1170182875213355e-39
ACACT4r_REV_g.26658.CDS.1624-MONOMER,0.0,-3.160639914391319e-08
ACACT4r_FWD_g.26658.CDS.1624-MONOMER,0.0,-1.1170182875213355e-39
ACACT4r_REV_g.26658.CDS.1440-MONOMER,0.0,-3.160639914391319e-08
ACACT4r_FWD_g.26658.CDS.1440-MONOMER,0.0,-1.1170182875213355e-39
ACACT4r_REV_g.26658.CDS.1002-MONOMER,0.0,-3.160639914391319e-08
ACACT4r_FWD_g.26658.CDS.1002-MONOMER,0.0,-1.1170182875213355e-39
ACACT4r_REV_g.26658.CDS.1563-MONOMER,0.0,-3.160639914391319e-08
ACACT4r_FWD_g.26658.CDS.1563-MONOMER,0.0,-1.1170182875213355e-39
ACACT4r_REV_g.26658.CDS.3-MONOMER,0.0,-3.160639914391319e-08
ACACT4r_FWD_g.26658.CDS.3-MONOMER,0.0,-1.1170182875213355e-39
ACACT4r_REV_g.26658.CDS.116-MONOMER,0.0,-3.160639914391319e-08
ACACT4r_FWD_g.26658.CDS.116-MONOMER,0.0,-1.1170182875213355e-39
ACACT4r_REV_g.26658.CDS.1225-MONOMER,0.0,-3.160639914391319e-08
ACACT4r_FWD_g.26658.CDS.1225-MONOMER,0.0,-1.1170182875213355e-39
ACACT4r_REV_g.26658.CDS.396-MONOMER,0.0,-3.160639914391319e-08
ACACT4r_FWD_g.26658.CDS.396-MONOMER,0.0,-1.1170182875213355e-39
ACACT4r_REV_g.26658.CDS.1135-MONOMER,0.0,-1.5802936547724009e-06
ACACT4r_FWD_g.26658.CDS.1135-MONOMER,0.0,-1.5486872556284878e-06
ACACT4r_REV_g.26658.CDS.452-MONOMER,0.0,-3.160639914391319e-08
ACACT4r_FWD_g.26658.CDS.452-MONOMER,0.0,-1.1170182875213355e-39
ACACT4r_REV_g.26658.CDS.1413-MONOMER,0.0,-3.160639914391319e-08
ACACT4r_FWD_g.26658.CDS.1413-MONOMER,0.0,-1.1170182875213355e-39
ACACT4r_REV_g.26658.CDS.1612-MONOMER,0.0,-3.160639914391319e-08
ACACT4r_FWD_g.26658.CDS.1612-MONOMER,0.0,-1.1170182875213355e-39
ACACT5r_REV_g.26658.CDS.901-MONOMER,0.0,1.6391906918084176e-39
ACACT5r_FWD_g.26658.CDS.901-MONOMER,0.0,-3.160639914391319e-08
ACACT5r_REV_g.26658.CDS.1624-MONOMER,0.0,1.6391906918084176e-39
ACACT5r_FWD_g.26658.CDS.1624-MONOMER,0.0,-3.160639914391319e-08
ACACT5r_REV_g.26658.CDS.1440-MONOMER,0.0,1.6391906918084176e-39
ACACT5r_FWD_g.26658.CDS.1440-MONOMER,0.0,-3.160639914391319e-08
ACACT5r_REV_g.26658.CDS.1002-MONOMER,0.0,1.6391906918084176e-39
ACACT5r_FWD_g.26658.CDS.1002-MONOMER,0.0,-3.160639914391319e-08
ACACT5r_REV_g.26658.CDS.1563-MONOMER,0.0,1.6391906918084176e-39
ACACT5r_FWD_g.26658.CDS.1563-MONOMER,0.0,-3.160639914391319e-08
ACACT5r_REV_g.26658.CDS.3-MONOMER,0.0,1.6391906918084176e-39
ACACT5r_FWD_g.26658.CDS.3-MONOMER,0.0,-3.160639914391319e-08
ACACT5r_REV_g.26658.CDS.116-MONOMER,0.0,1.6391906918084176e-39
ACACT5r_FWD_g.26658.CDS.116-MONOMER,0.0,-3.160639914391319e-08
ACACT5r_REV_g.26658.CDS.1225-MONOMER,0.0,1.6391906918084176e-39
ACACT5r_FWD_g.26658.CDS.1225-MONOMER,0.0,-3.160639914391319e-08
ACACT5r_REV_g.26658.CDS.396-MONOMER,0.0,1.6391906918084176e-39
ACACT5r_FWD_g.26658.CDS.396-MONOMER,0.0,-3.160639914391319e-08
ACACT5r_REV_g.26658.CDS.1135-MONOMER,0.0,-1.5486872556284878e-06
ACACT5r_FWD_g.26658.CDS.1135-MONOMER,0.0,-1.5802936547724009e-06
ACACT5r_REV_g.26658.CDS.452-MONOMER,0.0,1.6391906918084176e-39
ACACT5r_FWD_g.26658.CDS.452-MONOMER,0.0,-3.160639914391319e-08
ACACT5r_REV_g.26658.CDS.1413-MONOMER,0.0,1.6391906918084176e-39
ACACT5r_FWD_g.26658.CDS.1413-MONOMER,0.0,-3.160639914391319e-08
ACACT5r_REV_g.26658.CDS.1612-MONOMER,0.0,1.6391906918084176e-39
ACACT5r_FWD_g.26658.CDS.1612-MONOMER,0.0,-3.160639914391319e-08
ACACT6r_REV_g.26658.CDS.901-MONOMER,0.0,1.6391906918084176e-39
ACACT6r_FWD_g.26658.CDS.901-MONOMER,0.0,-3.160639914391319e-08
ACACT6r_REV_g.26658.CDS.1624-MONOMER,0.0,1.6391906918084176e-39
ACACT6r_FWD_g.26658.CDS.1624-MONOMER,0.0,-3.160639914391319e-08
ACACT6r_REV_g.26658.CDS.1440-MONOMER,0.0,1.6391906918084176e-39
ACACT6r_FWD_g.26658.CDS.1440-MONOMER,0.0,-3.160639914391319e-08
ACACT6r_REV_g.26658.CDS.1002-MONOMER,0.0,1.6391906918084176e-39
ACACT6r_FWD_g.26658.CDS.1002-MONOMER,0.0,-3.160639914391319e-08
ACACT6r_REV_g.26658.CDS.1563-MONOMER,0.0,1.6391906918084176e-39
ACACT6r_FWD_g.26658.CDS.1563-MONOMER,0.0,-3.160639914391319e-08
ACACT6r_REV_g.26658.CDS.3-MONOMER,0.0,1.6391906918084176e-39
ACACT6r_FWD_g.26658.CDS.3-MONOMER,0.0,-3.160639914391319e-08
ACACT6r_REV_g.26658.CDS.116-MONOMER,0.0,1.6391906918084176e-39
ACACT6r_FWD_g.26658.CDS.116-MONOMER,0.0,-3.160639914391319e-08
ACACT6r_REV_g.26658.CDS.1225-MONOMER,0.0,1.6391906918084176e-39
ACACT6r_FWD_g.26658.CDS.1225-MONOMER,0.0,-3.160639914391319e-08
ACACT6r_REV_g.26658.CDS.396-MONOMER,0.0,1.6391906918084176e-39
ACACT6r_FWD_g.26658.CDS.396-MONOMER,0.0,-3.160639914391319e-08
ACACT6r_REV_g.26658.CDS.1135-MONOMER,0.0,-1.5486872556284878e-06
ACACT6r_FWD_g.26658.CDS.1135-MONOMER,0.0,-1.5802936547724009e-06
ACACT6r_REV_g.26658.CDS.452-MONOMER,0.0,1.6391906918084176e-39
ACACT6r_FWD_g.26658.CDS.452-MONOMER,0.0,-3.160639914391319e-08
ACACT6r_REV_g.26658.CDS.1413-MONOMER,0.0,1.6391906918084176e-39
ACACT6r_FWD_g.26658.CDS.1413-MONOMER,0.0,-3.160639914391319e-08
ACACT6r_REV_g.26658.CDS.1612-MONOMER,0.0,1.6391906918084176e-39
ACACT6r_FWD_g.26658.CDS.1612-MONOMER,0.0,-3.160639914391319e-08
ACACT7r_REV_g.26658.CDS.901-MONOMER,0.0,-3.160639914391319e-08
ACACT7r_FWD_g.26658.CDS.901-MONOMER,0.0,2.0932653547116688e-38
ACACT7r_REV_g.26658.CDS.1624-MONOMER,0.0,-3.160639914391319e-08
ACACT7r_FWD_g.26658.CDS.1624-MONOMER,0.0,2.0932653547116688e-38
ACACT7r_REV_g.26658.CDS.1440-MONOMER,0.0,-3.160639914391319e-08
ACACT7r_FWD_g.26658.CDS.1440-MONOMER,0.0,2.0932653547116688e-38
ACACT7r_REV_g.26658.CDS.1002-MONOMER,0.0,-3.160639914391319e-08
ACACT7r_FWD_g.26658.CDS.1002-MONOMER,0.0,2.0932653547116688e-38
ACACT7r_REV_g.26658.CDS.1563-MONOMER,0.0,-3.160639914391319e-08
ACACT7r_FWD_g.26658.CDS.1563-MONOMER,0.0,2.0932653547116688e-38
ACACT7r_REV_g.26658.CDS.3-MONOMER,0.0,-3.160639914391319e-08
ACACT7r_FWD_g.26658.CDS.3-MONOMER,0.0,2.0932653547116688e-38
ACACT7r_REV_g.26658.CDS.116-MONOMER,0.0,-3.160639914391319e-08
ACACT7r_FWD_g.26658.CDS.116-MONOMER,0.0,2.0932653547116688e-38
ACACT7r_REV_g.26658.CDS.1225-MONOMER,0.0,-3.160639914391319e-08
ACACT7r_FWD_g.26658.CDS.1225-MONOMER,0.0,2.0932653547116688e-38
ACACT7r_REV_g.26658.CDS.396-MONOMER,0.0,-3.160639914391319e-08
ACACT7r_FWD_g.26658.CDS.396-MONOMER,0.0,2.0932653547116688e-38
ACACT7r_REV_g.26658.CDS.1135-MONOMER,0.0,-1.5802936547724009e-06
ACACT7r_FWD_g.26658.CDS.1135-MONOMER,0.0,-1.5486872556284878e-06
ACACT7r_REV_g.26658.CDS.452-MONOMER,0.0,-3.160639914391319e-08
ACACT7r_FWD_g.26658.CDS.452-MONOMER,0.0,2.0932653547116688e-38
ACACT7r_REV_g.26658.CDS.1413-MONOMER,0.0,-3.160639914391319e-08
ACACT7r_FWD_g.26658.CDS.1413-MONOMER,0.0,2.0932653547116688e-38
ACACT7r_REV_g.26658.CDS.1612-MONOMER,0.0,-3.160639914391319e-08
ACACT7r_FWD_g.26658.CDS.1612-MONOMER,0.0,2.0932653547116688e-38
ACALD_REV_g.26658.CDS.1419-MONOMER_mod_fe2(1),0.0,-2.980632407868087e-06
ACALD_FWD_g.26658.CDS.1419-MONOMER_mod_fe2(1),0.0,-7.102258377637926e-06
ACALDt_REV_CPLX_dummy,0.0,-3.0048116151430273e-40
ACALDt_FWD_CPLX_dummy,0.0,-1.724037607809463e-06
ACBIPGT_REV_CPLX_dummy,0.0,-1.724037607809463e-06
ACBIPGT_FWD_CPLX_dummy,0.0,-5.475029059457996e-39
ACCOACL_REV_CPLX_ACCOACL-0,0.0,-2.2046930512318064e-06
ACCOACL_FWD_CPLX_ACCOACL-0,0.265858557965486,9.247904842469442e-39
ACGAMK_REV_CPLX_dummy,0.0,7.658412693170963e-06
ACGAMK_FWD_CPLX_dummy,0.0,-9.382450300980425e-06
ACGAMPM_REV_g.26658.CDS.334-MONOMER_mod_mn2(1),0.0,-2.7688838541895295e-06
ACGAMPM_FWD_g.26658.CDS.334-MONOMER_mod_mn2(1),0.026230519140866413,9.434619623770883e-40
ACGAMT_REV_g.26658.CDS.974-MONOMER_mod_mg2(1),0.0,-2.167270990573272e-06
ACGAMT_FWD_g.26658.CDS.974-MONOMER_mod_mg2(1),0.0,-1.2167428005432957e-37
ACGAMtr2_REV_CPLX_dummy,0.0,-1.724037607809463e-06
ACGAMtr2_FWD_CPLX_dummy,0.0,6.312815250505201e-40
ACGApts_REV_CPLX_ACGApts-0,0.0,-3.783152921767336e-06
ACGApts_FWD_CPLX_ACGApts-0,1.0,-3.2200738854796374e-40
ACHBPL_REV_420889.6.peg.999-MONOMER,0.0,-1.0559946078479143e-38
ACHBPL_FWD_420889.6.peg.999-MONOMER,0.0,-2.674144141972496e-06
ACKr_REV_g.26658.CDS.1439-MONOMER_mod_mg2(1),0.0,-1.6093204322441296e-07
ACKr_FWD_g.26658.CDS.1439-MONOMER_mod_mg2(1),0.0,-2.4453982727973528e-06
ACKr_REV_g.26658.CDS.1521-MONOMER,6.642748180277475,-1.2310508359761812e-38
ACKr_FWD_g.26658.CDS.1521-MONOMER,0.0,-2.28446622957294e-06
ACLDC_REV_g.26658.CDS.830-MONOMER,0.0,5.816497183727737e-06
ACLDC_FWD_g.26658.CDS.830-MONOMER,0.0,-7.525444842841404e-06
ACLDC_REV_g.26658.CDS.322-MONOMER,0.0,1.3341942026569142e-05
ACLDC_FWD_g.26658.CDS.322-MONOMER,0.0,7.341821840168402e-39
ACLS_a_REV_420889.6.peg.999-MONOMER,0.0,1.4726294884779543e-06
ACLS_a_FWD_420889.6.peg.999-MONOMER,0.0,-4.1467736304504505e-06
ACLS_b_REV_420889.6.peg.999-MONOMER,0.0,-2.674144141972496e-06
ACLS_b_FWD_420889.6.peg.999-MONOMER,0.0,-5.439972222246831e-39
ACOAAGPAT140_REV_g.26658.CDS.888-MONOMER,0.0,-4.669984679899722e-07
ACOAAGPAT140_FWD_g.26658.CDS.888-MONOMER,0.0,-1.3758153474771864e-38
ACOAAGPAT160_REV_g.26658.CDS.888-MONOMER,0.0,-4.669984679899722e-07
ACOAAGPAT160_FWD_g.26658.CDS.888-MONOMER,0.0,-1.3758153474771864e-38
ACOAAGPAT180_REV_g.26658.CDS.888-MONOMER,0.0,7.241437255641079e-07
ACOAAGPAT180_FWD_g.26658.CDS.888-MONOMER,0.0,-1.19114219355408e-06
ACOAAGPATAI15_REV_g.26658.CDS.888-MONOMER,0.0,-4.669984679899722e-07
ACOAAGPATAI15_FWD_g.26658.CDS.888-MONOMER,0.0,2.0962232304449247e-38
ACOAAGPATAI17_REV_g.26658.CDS.888-MONOMER,0.0,-4.669984679899722e-07
ACOAAGPATAI17_FWD_g.26658.CDS.888-MONOMER,0.008385749267447134,-4.820399493728137e-38
ACOAAGPATI14_REV_g.26658.CDS.888-MONOMER,0.0,-4.669984679899722e-07
ACOAAGPATI14_FWD_g.26658.CDS.888-MONOMER,0.0,3.074460737985889e-39
ACOAAGPATI15_REV_g.26658.CDS.888-MONOMER,0.0,-4.669984679899722e-07
ACOAAGPATI15_FWD_g.26658.CDS.888-MONOMER,0.0,-7.658202201892124e-39
ACOAAGPATI16_REV_g.26658.CDS.888-MONOMER,0.0,-4.669984679899722e-07
ACOAAGPATI16_FWD_g.26658.CDS.888-MONOMER,0.0,2.0962232304449247e-38
ACOAAGPATI17_REV_g.26658.CDS.888-MONOMER,0.0,-4.669984679899722e-07
ACOAAGPATI17_FWD_g.26658.CDS.888-MONOMER,0.008385749267447134,-4.820399493728137e-38
ACOATA_REV_CPLX_3OAS100-0,0.0,-4.50468406120918e-06
ACOATA_FWD_CPLX_3OAS100-0,0.013856996408131332,0.0
ACOCT_REV_420889.6.peg.90-MONOMER,0.0,-1.6902083491439846e-06
ACOCT_FWD_420889.6.peg.90-MONOMER,0.0,2.0171073388167115e-36
ACODAr_REV_g.26658.CDS.955-MONOMER_mod_zn2(1),0.0,-0.17043909377256045
ACODAr_FWD_g.26658.CDS.955-MONOMER_mod_zn2(1),0.0,2.6494033154738464e-35
ACPS1_REV_g.26658.CDS.415-MONOMER_mod_mg2(1),0.0,1.3759644749416708e-05
ACPS1_FWD_g.26658.CDS.415-MONOMER_mod_mg2(1),0.0,-7.389564226190697e-09
ACPS1_REV_g.26658.CDS.415-MONOMER_mod_mn2(1),0.0,1.3767034313642899e-05
ACPS1_FWD_g.26658.CDS.415-MONOMER_mod_mn2(1),0.0,-7.264255868454457e-39
ACPS1_REV_g.26658.CDS.1267-MONOMER,0.0,5.597929013983817e-06
ACPS1_FWD_g.26658.CDS.1267-MONOMER,0.0,-8.169105299659082e-06
ACTNDH_REV_CPLX_ACTNDH-0,0.0,-4.8356248049031545e-06
ACTNDH_FWD_CPLX_ACTNDH-0,0.0,3.2354778025008014e-38
ACYP_REV_g.26658.CDS.1101-MONOMER,0.0,9.839532231252248e-06
ACYP_FWD_g.26658.CDS.1101-MONOMER,0.0,-1.0106844715036796e-05
ACYP_2_REV_g.26658.CDS.1101-MONOMER,0.0,1.1008953306815312e-05
ACYP_2_FWD_g.26658.CDS.1101-MONOMER,0.0,-1.127626579059986e-05
ACt2r_REV_CPLX_dummy,6.179348910856347,1.3020850332286452e-39
ACt2r_FWD_CPLX_dummy,0.0,-1.724037607809463e-06
ADA_REV_g.26658.CDS.1503-MONOMER,0.0,1.0986174679553805e-05
ADA_FWD_g.26658.CDS.1503-MONOMER,0.0,-1.220517601891439e-05
ADAD_REV_CPLX_dummy,0.0,-1.724037607809463e-06
ADAD_FWD_CPLX_dummy,0.007561210599925029,1.4114926618823298e-39
ADEt2r_REV_CPLX_dummy,1.0691028389637927,5.008019358571712e-40
ADEt2r_FWD_CPLX_dummy,0.0,-1.724037607809463e-06
ADK1_REV_420889.6.peg.177-MONOMER,0.0,-1.8522831814520872e-06
ADK1_FWD_420889.6.peg.177-MONOMER,1.2115389532875018,1.0292091511670049e-35
ADK10_REV_420889.6.peg.177-MONOMER,0.0,-1.3126515699530746e-06
ADK10_FWD_420889.6.peg.177-MONOMER,0.0,-5.396316114990125e-07
ADK11_REV_420889.6.peg.177-MONOMER,0.0,-1.8522831814520872e-06
ADK11_FWD_420889.6.peg.177-MONOMER,0.0,1.0300932182486221e-35
ADK2_REV_g.26658.CDS.907-MONOMER_mod_mg2(1),0.0,-1.8277789809482552e-06
ADK2_FWD_g.26658.CDS.907-MONOMER_mod_mg2(1),0.0,-4.25039185591672e-39
ADK3_REV_420889.6.peg.177-MONOMER,0.0,-1.3126515699530746e-06
ADK3_FWD_420889.6.peg.177-MONOMER,0.0,-5.396316114990125e-07
ADK5_REV_420889.6.peg.177-MONOMER,0.0,-1.3126515699530746e-06
ADK5_FWD_420889.6.peg.177-MONOMER,0.0,-5.396316114990125e-07
ADK7_REV_420889.6.peg.177-MONOMER,0.0,-1.7880607321066151e-06
ADK7_FWD_420889.6.peg.177-MONOMER,0.0,-6.422244934547205e-08
ADK8_REV_420889.6.peg.177-MONOMER,0.0,-1.3126515699530746e-06
ADK8_FWD_420889.6.peg.177-MONOMER,0.0,-5.396316114990125e-07
ADK9_REV_420889.6.peg.177-MONOMER,0.0,-1.3126515699530746e-06
ADK9_FWD_420889.6.peg.177-MONOMER,0.0,-5.396316114990125e-07
ADNK1_REV_g.26658.CDS.222-MONOMER,0.0,1.2710980326909923e-05
ADNK1_FWD_g.26658.CDS.222-MONOMER,0.0,-1.3582742607887651e-05
ADOCBIK_REV_CPLX_dummy,0.0,-1.724037607809463e-06
ADOCBIK_FWD_CPLX_dummy,0.0,1.4114926618823298e-39
ADOCBLS_REV_CPLX_dummy,0.0,-1.724037607809463e-06
ADOCBLS_FWD_CPLX_dummy,0.0,-4.835028676245076e-39
ADOCBLabc_REV_CPLX_ADOCBLabc-0,0.0,-2.5017388424117688e-06
ADOCBLabc_FWD_CPLX_ADOCBLabc-0,0.0016015359431828021,8.223987217384024e-39
ADPRDP_REV_g.26658.CDS.1902-MONOMER,0.0,-1.0525694585033725e-06
ADPRDP_FWD_g.26658.CDS.1902-MONOMER,0.0,1.7814971533475252e-39
ADPT_REV_g.26658.CDS.894-MONOMER_mod_mn2(1),0.0,1.8388067725686188e-05
ADPT_FWD_g.26658.CDS.894-MONOMER_mod_mn2(1),0.0,-2.0105114413832505e-05
ADPT_REV_g.26658.CDS.894-MONOMER_mod_mg2(1),0.0,1.83773332877369e-05
ADPT_FWD_g.26658.CDS.894-MONOMER_mod_mg2(1),0.0,-2.0115848851781796e-05
ADSL1r_REV_420889.6.peg.545-MONOMER,0.0,-1.2038428260432153e-06
ADSL1r_FWD_420889.6.peg.545-MONOMER,0.09694032582075163,-8.900509303637279e-40
ADSL2r_REV_420889.6.peg.545-MONOMER,0.0,-1.2038428260432153e-06
ADSL2r_FWD_420889.6.peg.545-MONOMER,0.0,-1.867893538674636e-40
ADSS_REV_420889.6.peg.1649-MONOMER_mod_mg2(1),0.0,-3.790012346305755e-06
ADSS_FWD_420889.6.peg.1649-MONOMER_mod_mg2(1),0.09694032582075163,9.979793300176267e-34
AGDC_REV_g.26658.CDS.1685-MONOMER,0.0,-2.7865549396773564e-06
AGDC_FWD_g.26658.CDS.1685-MONOMER,0.9737694808591336,-5.377220172674453e-39
AGDC_REV_g.26658.CDS.1055-MONOMER_mod_zn2(1),0.0,-0.052838020900389866
AGDC_FWD_g.26658.CDS.1055-MONOMER_mod_zn2(1),0.0,-0.05283523434545019
AGPAT120_REV_g.26658.CDS.888-MONOMER,0.0,-4.669984679899722e-07
AGPAT120_FWD_g.26658.CDS.888-MONOMER,0.0,-1.3293937303024326e-38
AGPAT140_REV_g.26658.CDS.888-MONOMER,0.0,-4.669984679899722e-07
AGPAT140_FWD_g.26658.CDS.888-MONOMER,0.0,-1.3293937303024326e-38
AGPAT141_REV_g.26658.CDS.888-MONOMER,0.0,-4.669984679899722e-07
AGPAT141_FWD_g.26658.CDS.888-MONOMER,0.0,1.6526460846965807e-39
AGPAT160_REV_g.26658.CDS.888-MONOMER,0.0,7.241437255641079e-07
AGPAT160_FWD_g.26658.CDS.888-MONOMER,0.0,-1.19114219355408e-06
AGPAT161_REV_g.26658.CDS.888-MONOMER,0.0,-4.669984679899722e-07
AGPAT161_FWD_g.26658.CDS.888-MONOMER,0.0,2.227479505460609e-39
AGPAT180_REV_g.26658.CDS.888-MONOMER,0.0,-4.669984679899722e-07
AGPAT180_FWD_g.26658.CDS.888-MONOMER,0.006928498204065666,1.8661442505184382e-38
AGPAT181_REV_g.26658.CDS.888-MONOMER,0.0,-4.669984679899722e-07
AGPAT181_FWD_g.26658.CDS.888-MONOMER,0.0,-2.371187860651616e-39
AHCYSNS_r_REV_g.26658.CDS.1305-MONOMER,0.0,-2.4436817022721728e-06
AHCYSNS_r_FWD_g.26658.CDS.1305-MONOMER,0.0,-1.541884220587558e-40
AHEXASE3_REV_g.26658.CDS.1587-MONOMER,0.0,-1.0569101410017115e-06
AHEXASE3_FWD_g.26658.CDS.1587-MONOMER,0.0,-4.20763691853416e-39
AHEXASE3_REV_g.26658.CDS.798-MONOMER,0.0,-1.2447068171509652e-06
AHEXASE3_FWD_g.26658.CDS.798-MONOMER,0.0,-1.877966761492537e-07
AICART_REV_420889.6.peg.1162-MONOMER,0.0,-2.612860789611993e-06
AICART_FWD_420889.6.peg.1162-MONOMER,-2.200402142746006e-56,8.174160269901594e-34
AIHDUDPMG_REV_CPLX_dummy,0.0,-1.724037607809463e-06
AIHDUDPMG_FWD_CPLX_dummy,0.0014572510633814675,1.0497753409647326e-38
AIHDUPDG_REV_CPLX_dummy,0.0,-1.724037607809463e-06
AIHDUPDG_FWD_CPLX_dummy,0.0014572510633814675,-5.708872001342656e-38
AIHPDCOATA_REV_g.26658.CDS.414-MONOMER,0.0,-2.38228438710816e-06
AIHPDCOATA_FWD_g.26658.CDS.414-MONOMER,0.016771498534894267,9.811805638326336e-39
AIPDCOATA_REV_g.26658.CDS.414-MONOMER,0.0,-9.569538832441735e-39
AIPDCOATA_FWD_g.26658.CDS.414-MONOMER,0.0,-2.38228438710816e-06
AIRC4_REV_420889.6.peg.1154-MONOMER,0.0,-1.7707531137371426e-06
AIRC4_FWD_420889.6.peg.1154-MONOMER,0.0,-6.752599401479157e-40
AIRC4_REV_420889.6.peg.1155-MONOMER,0.0,-2.131077531699259e-06
AIRC4_FWD_420889.6.peg.1155-MONOMER,0.0,-3.603244179621162e-07
ALAALA_REV_CPLX_dummy,0.0,-1.724037607809463e-06
ALAALA_FWD_CPLX_dummy,0.0,-1.3947477571911297e-39
ALAASP1c_REV_g.26658.CDS.1534-MONOMER,0.0,-1.6255715239190584e-06
ALAASP1c_FWD_g.26658.CDS.1534-MONOMER,0.0,-1.7317711006435504e-07
ALAASP1c_REV_g.26658.CDS.1555-MONOMER_mod_fe2(2),0.0,-1.6354767702860556e-06
ALAASP1c_FWD_g.26658.CDS.1555-MONOMER_mod_fe2(2),0.0,-1.8308235643135218e-07
ALAASP1c_REV_g.26658.CDS.553-MONOMER,0.0,-1.979001595820004e-06
ALAASP1c_FWD_g.26658.CDS.553-MONOMER,0.0,-5.266071819653008e-07
ALAASPabc_REV_g.26658.CDS.582-MONOMER,0.0,-1.9060998477972027e-06
ALAASPabc_FWD_g.26658.CDS.582-MONOMER,0.0,-4.4932888360620357e-07
ALAASPabc_REV_g.26658.CDS.462-MONOMER,0.0,-1.456770964190999e-06
ALAASPabc_FWD_g.26658.CDS.462-MONOMER,9.858120330313558e-25,3.1525910387476244e-39
ALAASPabc_REV_g.26658.CDS.811-MONOMER,0.0,-2.2136491700413646e-06
ALAASPabc_FWD_g.26658.CDS.811-MONOMER,0.0,-7.568782058503657e-07
ALAASPabc_REV_g.26658.CDS.196-MONOMER,0.0,-1.5045880948158526e-06
ALAASPabc_FWD_g.26658.CDS.196-MONOMER,0.0,-4.7817130624853623e-08
ALAD_R_REV_g.26658.CDS.1807-MONOMER,0.0,-8.062898679626633e-07
ALAD_R_FWD_g.26658.CDS.1807-MONOMER,0.0,-2.2941244669449087e-06
ALAD_R_REV_g.26658.CDS.49-MONOMER,0.0,-8.399475614572155e-07
ALAD_R_FWD_g.26658.CDS.49-MONOMER,0.0,-2.327782160439461e-06
ALAD_R_REV_g.26658.CDS.614-MONOMER,0.0,-5.884488686810977e-07
ALAD_R_FWD_g.26658.CDS.614-MONOMER,0.0,-2.0762834676633435e-06
ALAD_R_REV_g.26658.CDS.1193-MONOMER,0.08933524908536082,3.5654642672198433e-35
ALAD_R_FWD_g.26658.CDS.1193-MONOMER,0.0,-1.4878345989822456e-06
ALAGLN1c_REV_g.26658.CDS.1534-MONOMER,0.0,-1.6255715239190584e-06
ALAGLN1c_FWD_g.26658.CDS.1534-MONOMER,0.0,-1.7317711006435504e-07
ALAGLN1c_REV_g.26658.CDS.1555-MONOMER_mod_fe2(2),0.0,-1.6354767702860556e-06
ALAGLN1c_FWD_g.26658.CDS.1555-MONOMER_mod_fe2(2),0.0,-1.8308235643135218e-07
ALAGLN1c_REV_g.26658.CDS.553-MONOMER,0.0,-1.979001595820004e-06
ALAGLN1c_FWD_g.26658.CDS.553-MONOMER,0.0,-5.266071819653008e-07
ALAGLNabc_REV_g.26658.CDS.582-MONOMER,0.0,-1.9060998477972027e-06
ALAGLNabc_FWD_g.26658.CDS.582-MONOMER,0.0,-4.4932888360620357e-07
ALAGLNabc_REV_g.26658.CDS.462-MONOMER,0.0,-1.456770964190999e-06
ALAGLNabc_FWD_g.26658.CDS.462-MONOMER,-2.6730449128579686e-57,3.1525910387476244e-39
ALAGLNabc_REV_g.26658.CDS.811-MONOMER,0.0,-2.2136491700413646e-06
ALAGLNabc_FWD_g.26658.CDS.811-MONOMER,0.0,-7.568782058503657e-07
ALAGLNabc_REV_g.26658.CDS.196-MONOMER,0.0,-1.5045880948158526e-06
ALAGLNabc_FWD_g.26658.CDS.196-MONOMER,0.0,-4.7817130624853623e-08
ALAGLU1c_REV_g.26658.CDS.1534-MONOMER,0.0,-1.6255715239190584e-06
ALAGLU1c_FWD_g.26658.CDS.1534-MONOMER,0.0,-1.7317711006435504e-07
ALAGLU1c_REV_g.26658.CDS.1555-MONOMER_mod_fe2(2),0.0,-1.6354767702860556e-06
ALAGLU1c_FWD_g.26658.CDS.1555-MONOMER_mod_fe2(2),0.0,-1.8308235643135218e-07
ALAGLU1c_REV_g.26658.CDS.553-MONOMER,0.0,-1.979001595820004e-06
ALAGLU1c_FWD_g.26658.CDS.553-MONOMER,0.0,-5.266071819653008e-07
ALAGLUabc_REV_g.26658.CDS.582-MONOMER,0.0,-1.9060998477972027e-06
ALAGLUabc_FWD_g.26658.CDS.582-MONOMER,0.0,-4.4932888360620357e-07
ALAGLUabc_REV_g.26658.CDS.462-MONOMER,0.0,-1.456770964190999e-06
ALAGLUabc_FWD_g.26658.CDS.462-MONOMER,2.6730449128579686e-57,3.1525910387476244e-39
ALAGLUabc_REV_g.26658.CDS.811-MONOMER,0.0,-2.2136491700413646e-06
ALAGLUabc_FWD_g.26658.CDS.811-MONOMER,0.0,-7.568782058503657e-07
ALAGLUabc_REV_g.26658.CDS.196-MONOMER,0.0,-1.5045880948158526e-06
ALAGLUabc_FWD_g.26658.CDS.196-MONOMER,0.0,-4.7817130624853623e-08
ALAGLY1c_REV_g.26658.CDS.1534-MONOMER,0.0,-1.7987486339834135e-06
ALAGLY1c_FWD_g.26658.CDS.1534-MONOMER,3.738821364644618e-24,3.3928883856108603e-34
ALAGLY1c_REV_g.26658.CDS.1555-MONOMER_mod_fe2(2),0.0,-1.8086538803504105e-06
ALAGLY1c_FWD_g.26658.CDS.1555-MONOMER_mod_fe2(2),0.0,-9.905246366997145e-09
ALAGLY1c_REV_g.26658.CDS.553-MONOMER,0.0,-2.152178705884359e-06
ALAGLY1c_FWD_g.26658.CDS.553-MONOMER,0.0,-3.534300719009458e-07
ALAGLYabc_REV_g.26658.CDS.582-MONOMER,0.0,-1.9060998477972027e-06
ALAGLYabc_FWD_g.26658.CDS.582-MONOMER,0.0,-4.4932888360620357e-07
ALAGLYabc_REV_g.26658.CDS.462-MONOMER,0.0,-1.456770964190999e-06
ALAGLYabc_FWD_g.26658.CDS.462-MONOMER,3.738821364644618e-24,3.1525910387476244e-39
ALAGLYabc_REV_g.26658.CDS.811-MONOMER,0.0,-2.2136491700413646e-06
ALAGLYabc_FWD_g.26658.CDS.811-MONOMER,0.0,-7.568782058503657e-07
ALAGLYabc_REV_g.26658.CDS.196-MONOMER,0.0,-1.5045880948158526e-06
ALAGLYabc_FWD_g.26658.CDS.196-MONOMER,0.0,-4.7817130624853623e-08
ALAHIS1c_REV_g.26658.CDS.1534-MONOMER,0.0,-1.6255715239190584e-06
ALAHIS1c_FWD_g.26658.CDS.1534-MONOMER,0.0,-1.7317711006435504e-07
ALAHIS1c_REV_g.26658.CDS.1555-MONOMER_mod_fe2(2),0.0,-1.6354767702860556e-06
ALAHIS1c_FWD_g.26658.CDS.1555-MONOMER_mod_fe2(2),0.0,-1.8308235643135218e-07
ALAHIS1c_REV_g.26658.CDS.553-MONOMER,0.0,-1.979001595820004e-06
ALAHIS1c_FWD_g.26658.CDS.553-MONOMER,0.0,-5.266071819653008e-07
ALAHISabc_REV_g.26658.CDS.582-MONOMER,0.0,-1.9060998477972027e-06
ALAHISabc_FWD_g.26658.CDS.582-MONOMER,0.0,-4.4932888360620357e-07
ALAHISabc_REV_g.26658.CDS.462-MONOMER,0.0,-1.456770964190999e-06
ALAHISabc_FWD_g.26658.CDS.462-MONOMER,0.0,-2.4520152523592635e-39
ALAHISabc_REV_g.26658.CDS.811-MONOMER,0.0,-2.2136491700413646e-06
ALAHISabc_FWD_g.26658.CDS.811-MONOMER,0.0,-7.568782058503657e-07
ALAHISabc_REV_g.26658.CDS.196-MONOMER,0.0,-1.5045880948158526e-06
ALAHISabc_FWD_g.26658.CDS.196-MONOMER,0.0,-4.7817130624853623e-08
ALALEU1c_REV_g.26658.CDS.1534-MONOMER,0.0,-1.6255715239190584e-06
ALALEU1c_FWD_g.26658.CDS.1534-MONOMER,0.0,-1.7317711006435504e-07
ALALEU1c_REV_g.26658.CDS.1555-MONOMER_mod_fe2(2),0.0,-1.6354767702860556e-06
ALALEU1c_FWD_g.26658.CDS.1555-MONOMER_mod_fe2(2),0.0,-1.8308235643135218e-07
ALALEU1c_REV_g.26658.CDS.553-MONOMER,0.0,-1.979001595820004e-06
ALALEU1c_FWD_g.26658.CDS.553-MONOMER,0.0,-5.266071819653008e-07
ALALEUabc_REV_g.26658.CDS.582-MONOMER,0.0,-1.9060998477972027e-06
ALALEUabc_FWD_g.26658.CDS.582-MONOMER,0.0,-4.4932888360620357e-07
ALALEUabc_REV_g.26658.CDS.462-MONOMER,0.0,-1.456770964190999e-06
ALALEUabc_FWD_g.26658.CDS.462-MONOMER,0.0,3.1525910387476244e-39
ALALEUabc_REV_g.26658.CDS.811-MONOMER,0.0,-2.2136491700413646e-06
ALALEUabc_FWD_g.26658.CDS.811-MONOMER,0.0,-7.568782058503657e-07
ALALEUabc_REV_g.26658.CDS.196-MONOMER,0.0,-1.5045880948158526e-06
ALALEUabc_FWD_g.26658.CDS.196-MONOMER,0.0,-4.7817130624853623e-08
ALAPGPL_REV_CPLX_ALAPGPL-0,0.0,6.687604140472539e-06
ALAPGPL_FWD_CPLX_ALAPGPL-0,0.0,4.102767412824433e-37
ALAR_REV_420889.6.peg.560-MONOMER,0.0,-1.81985768108326e-06
ALAR_FWD_420889.6.peg.560-MONOMER,0.026230519140866413,7.552812609863971e-35
ALATHR1c_REV_g.26658.CDS.1534-MONOMER,0.0,-1.6255715239190584e-06
ALATHR1c_FWD_g.26658.CDS.1534-MONOMER,0.0,-1.7317711006435504e-07
ALATHR1c_REV_g.26658.CDS.1555-MONOMER_mod_fe2(2),0.0,-1.6354767702860556e-06
ALATHR1c_FWD_g.26658.CDS.1555-MONOMER_mod_fe2(2),0.0,-1.8308235643135218e-07
ALATHR1c_REV_g.26658.CDS.553-MONOMER,0.0,-1.979001595820004e-06
ALATHR1c_FWD_g.26658.CDS.553-MONOMER,0.0,-5.266071819653008e-07
ALATHRabc_REV_g.26658.CDS.582-MONOMER,0.0,-1.9060998477972027e-06
ALATHRabc_FWD_g.26658.CDS.582-MONOMER,0.0,-4.4932888360620357e-07
ALATHRabc_REV_g.26658.CDS.462-MONOMER,0.0,-1.456770964190999e-06
ALATHRabc_FWD_g.26658.CDS.462-MONOMER,0.0,-2.4520152523592635e-39
ALATHRabc_REV_g.26658.CDS.811-MONOMER,0.0,-2.2136491700413646e-06
ALATHRabc_FWD_g.26658.CDS.811-MONOMER,0.0,-7.568782058503657e-07
ALATHRabc_REV_g.26658.CDS.196-MONOMER,0.0,-1.5045880948158526e-06
ALATHRabc_FWD_g.26658.CDS.196-MONOMER,0.0,-4.7817130624853623e-08
ALAt2r_REV_CPLX_dummy,0.0,-6.377906821103032e-07
ALAt2r_FWD_CPLX_dummy,0.0,-1.0862469256991598e-06
ALCD19_REV_g.26658.CDS.991-MONOMER,0.0,-1.5829771349978605e-06
ALCD19_FWD_g.26658.CDS.991-MONOMER,0.0,-2.037174672660864e-07
ALCD19_REV_g.26658.CDS.1591-MONOMER,0.0,-2.0159106225228373e-06
ALCD19_FWD_g.26658.CDS.1591-MONOMER,0.0,-6.366509547910633e-07
ALCD19_REV_g.26658.CDS.1038-MONOMER,0.0,-1.7964845494744984e-06
ALCD19_FWD_g.26658.CDS.1038-MONOMER,0.0,-4.1722488174272417e-07
ALCD19_REV_g.26658.CDS.1419-MONOMER_mod_fe2(1),0.0,-5.731075226618894e-06
ALCD19_FWD_g.26658.CDS.1419-MONOMER_mod_fe2(1),0.0,-4.351815558887119e-06
ALCD19_REV_g.26658.CDS.536-MONOMER,0.0,-1.3792596677317742e-06
ALCD19_FWD_g.26658.CDS.536-MONOMER,0.29797157,1.22032042443106e-38
ALCD2x_REV_g.26658.CDS.991-MONOMER,0.0,-2.037174672660864e-07
ALCD2x_FWD_g.26658.CDS.991-MONOMER,0.0,-1.5829771349978605e-06
ALCD2x_REV_g.26658.CDS.1591-MONOMER,0.0,-6.366509547910633e-07
ALCD2x_FWD_g.26658.CDS.1591-MONOMER,0.0,-2.0159106225228373e-06
ALCD2x_REV_g.26658.CDS.1038-MONOMER,0.0,-4.1722488174272417e-07
ALCD2x_FWD_g.26658.CDS.1038-MONOMER,0.0,-1.7964845494744984e-06
ALCD2x_REV_g.26658.CDS.1419-MONOMER_mod_fe2(1),0.0,-4.351815558887119e-06
ALCD2x_FWD_g.26658.CDS.1419-MONOMER_mod_fe2(1),0.0,-5.731075226618894e-06
ALCD2x_REV_g.26658.CDS.536-MONOMER,3.2257691905973624,-1.5254005305388252e-38
ALCD2x_FWD_g.26658.CDS.536-MONOMER,0.0,-1.3792596677317742e-06
AMANAPEr_REV_g.26658.CDS.1117-MONOMER,0.0,-2.2812615857168617e-06
AMANAPEr_FWD_g.26658.CDS.1117-MONOMER,0.0,-3.0725644506154587e-40
AMANK_REV_g.26658.CDS.897-MONOMER,0.0,2.5897934296144648e-05
AMANK_FWD_g.26658.CDS.897-MONOMER,0.0,-1.1904558755420708e-05
AMANK_REV_g.26658.CDS.69-MONOMER,0.0,2.5955894175895157e-05
AMANK_FWD_g.26658.CDS.69-MONOMER,0.0,-1.1846598875670198e-05
AMMQLT8_REV_CPLX_dummy,0.0,-1.2209763734758887e-06
AMMQLT8_FWD_CPLX_dummy,0.0,-5.030612343335743e-07
AMMQT8r_REV_g.26658.CDS.774-MONOMER,0.0001394447232401506,1.8473731341122785e-39
AMMQT8r_FWD_g.26658.CDS.774-MONOMER,0.0,-1.2455872704345694e-06
AMMQT8r_REV_g.26658.CDS.1569-MONOMER,0.0,-1.898894573333723e-08
AMMQT8r_FWD_g.26658.CDS.1569-MONOMER,0.0,-1.2645762161679068e-06
AMPTASECG_REV_g.26658.CDS.1534-MONOMER,0.0,-1.7987486339834135e-06
AMPTASECG_FWD_g.26658.CDS.1534-MONOMER,0.0047178728958641725,2.892247415068448e-38
AMPTASECG_REV_g.26658.CDS.1555-MONOMER_mod_fe2(2),0.0,-1.8086538803504105e-06
AMPTASECG_FWD_g.26658.CDS.1555-MONOMER_mod_fe2(2),0.0,-9.905246366997145e-09
AMPTASECG_REV_g.26658.CDS.553-MONOMER,0.0,-2.152178705884359e-06
AMPTASECG_FWD_g.26658.CDS.553-MONOMER,0.0,-3.534300719009458e-07
AMPTASEGC_REV_g.26658.CDS.1534-MONOMER,0.0,-1.7987486339834135e-06
AMPTASEGC_FWD_g.26658.CDS.1534-MONOMER,0.0,2.5617048533463396e-38
AMPTASEGC_REV_g.26658.CDS.1555-MONOMER_mod_fe2(2),0.0,-1.8086538803504105e-06
AMPTASEGC_FWD_g.26658.CDS.1555-MONOMER_mod_fe2(2),0.0,-9.905246366997145e-09
AMPTASEGC_REV_g.26658.CDS.553-MONOMER,0.0,-2.152178705884359e-06
AMPTASEGC_FWD_g.26658.CDS.553-MONOMER,0.0,-3.534300719009458e-07
ARAI_REV_g.26658.CDS.740-MONOMER,0.0,-1.429784786119208e-06
ARAI_FWD_g.26658.CDS.740-MONOMER,0.0,-1.72043747455724e-39
ARBTpts_REV_CPLX_ARBTpts-0,0.0,-4.1200197405847225e-06
ARBTpts_FWD_CPLX_ARBTpts-0,0.0,1.6190255912505483e-39
ARBabc_REV_g.26658.CDS.702-MONOMER,0.0,-1.8816975865992034e-06
ARBabc_FWD_g.26658.CDS.702-MONOMER,0.0,1.5784031988495283e-39
ARGDA_REV_g.26658.CDS.646-MONOMER,0.0,-1.7594288249129986e-06
ARGDA_FWD_g.26658.CDS.646-MONOMER,0.10892030951723605,-1.1149136291705677e-34
ARGt2_REV_CPLX_dummy,0.0,-1.724037607809463e-06
ARGt2_FWD_CPLX_dummy,0.04107969048276395,-1.0025889277498256e-39
ARSENBabc_REV_CPLX_ARSENBabc-0,0.0,5.950248677139386e-06
ARSENBabc_FWD_CPLX_ARSENBabc-0,0.0,5.348658383677885e-40
ASNS2_REV_CPLX_dummy,0.0,1.3152649203158329e-05
ASNS2_FWD_CPLX_dummy,0.0,-1.4876686810967793e-05
ASNt2r_REV_CPLX_dummy,0.0,-1.724037607809463e-06
ASNt2r_FWD_CPLX_dummy,0.038602755420192085,5.5074105063692295e-40
ASPCT_REV_420889.6.peg.1236-MONOMER,0.0,4.370613790809105e-05
ASPCT_FWD_420889.6.peg.1236-MONOMER,0.0,-4.5794596631766326e-05
ASPTA_REV_420889.6.peg.94-MONOMER,0.0,-1.1962311611918745e-06
ASPTA_FWD_420889.6.peg.94-MONOMER,0.046255395718295844,-4.096769972386726e-40
ASPTA_REV_420889.6.peg.1453-MONOMER,0.0,-1.9902972048107586e-06
ASPTA_FWD_420889.6.peg.1453-MONOMER,0.0,-7.94066043618884e-07
ASPt2r_REV_CPLX_dummy,0.0,-1.724037607809463e-06
ASPt2r_FWD_CPLX_dummy,0.20337129212744393,-6.927113816872452e-40
ATPS4_REV_CPLX_dummy,0.0,1.4780445481223883e-05
ATPS4_FWD_CPLX_dummy,0.0,-1.6504483089033345e-05
BGLA_REV_g.26658.CDS.785-MONOMER,0.0,1.383288941466196e-06
BGLA_FWD_g.26658.CDS.785-MONOMER,0.0,-2.1500401149395978e-06
BGLA_REV_g.26658.CDS.28-MONOMER,0.0,1.1751133981554808e-06
BGLA_FWD_g.26658.CDS.28-MONOMER,0.0,-2.3582156582503126e-06
BGLA_REV_g.26658.CDS.654-MONOMER,0.0,1.4676628868952344e-06
BGLA_FWD_g.26658.CDS.654-MONOMER,0.0,-2.0656661695105592e-06
BGLA1_REV_g.26658.CDS.964-MONOMER,0.0,-1.0435458196229857e-06
BGLA1_FWD_g.26658.CDS.964-MONOMER,0.07449289,-5.883021530313192e-40
BGLA1_REV_g.26658.CDS.1236-MONOMER,0.0,-1.2321179203962458e-06
BGLA1_FWD_g.26658.CDS.1236-MONOMER,0.0,-1.8857210077326024e-07
BGLA1_REV_g.26658.CDS.1209-MONOMER,0.0,-1.1699737488263548e-06
BGLA1_FWD_g.26658.CDS.1209-MONOMER,0.0,-1.264279292033692e-07
BGLA1_REV_g.26658.CDS.28-MONOMER,0.0,-1.1133240398589088e-06
BGLA1_FWD_g.26658.CDS.28-MONOMER,0.0,-6.977822023592312e-08
BGLA1_REV_g.26658.CDS.286-MONOMER,0.0,-1.195857144869771e-06
BGLA1_FWD_g.26658.CDS.286-MONOMER,0.0,-1.523113252467853e-07
BGLAr_REV_g.26658.CDS.785-MONOMER,0.0,-6.823772280443632e-07
BGLAr_FWD_g.26658.CDS.785-MONOMER,0.0,-8.437394542903836e-08
BGLAr_REV_g.26658.CDS.28-MONOMER,0.0,-8.905527713550784e-07
BGLAr_FWD_g.26658.CDS.28-MONOMER,0.0,-2.9254948873975353e-07
BGLAr_REV_g.26658.CDS.654-MONOMER,0.0,-5.980032826153248e-07
BGLAr_FWD_g.26658.CDS.654-MONOMER,0.0,1.6352867170514773e-39
BPNT_REV_CPLX_dummy,0.0,5.0075427728702016e-05
BPNT_FWD_CPLX_dummy,0.0,-5.179946533651148e-05
BTNCLi_REV_CPLX_BTNCLi-0,0.0,-2.817613542066525e-06
BTNCLi_FWD_CPLX_BTNCLi-0,0.265858557965486,-3.135949696567307e-39
BTND1_REV_g.26658.CDS.955-MONOMER_mod_zn2(1),0.0,-0.17043909377256045
BTND1_FWD_g.26658.CDS.955-MONOMER_mod_zn2(1),0.0,-2.0107263918143455e-35
BTNabc_REV_g.26658.CDS.1456-MONOMER,0.0,-2.4810283242872957e-06
BTNabc_FWD_g.26658.CDS.1456-MONOMER,0.0,-2.4188375025115512e-39
CAt4i_REV_CPLX_dummy,0.0,-1.724037607809463e-06
CAt4i_FWD_CPLX_dummy,0.0,-1.1035705074059332e-39
CBIAT_REV_CPLX_dummy,0.0,6.581324255031947e-39
CBIAT_FWD_CPLX_dummy,0.0,-1.724037607809463e-06
CBL1abc_REV_CPLX_ADOCBLabc-0,0.0,-2.5017388424117688e-06
CBL1abc_FWD_CPLX_ADOCBLabc-0,0.0,-1.5229605958118563e-39
CBL2abc_REV_CPLX_ADOCBLabc-0,0.0,-2.5017388424117688e-06
CBL2abc_FWD_CPLX_ADOCBLabc-0,0.0,-1.5229605958118563e-39
CBMK_REV_g.26658.CDS.365-MONOMER,0.0,1.0401329821034178e-05
CBMK_FWD_g.26658.CDS.365-MONOMER,0.0,-1.317230631276609e-05
CBPS_REV_420889.6.peg.1325-MONOMER,0.0,2.4817277793407407e-05
CBPS_FWD_420889.6.peg.1325-MONOMER,0.0,-2.849815649080936e-05
CBPS_REV_420889.6.peg.1235-MONOMER,0.0,3.404303972461663e-05
CBPS_FWD_420889.6.peg.1235-MONOMER,0.0,-1.9272394559600142e-05
CD2abc1_REV_g.26658.CDS.813-MONOMER,0.0,-3.257730236031628e-06
CD2abc1_FWD_g.26658.CDS.813-MONOMER,-2.8459429003795365e-24,-1.0113666081183641e-35
CD2abc1_REV_g.26658.CDS.559-MONOMER,0.0,-3.3520348870683546e-06
CD2abc1_FWD_g.26658.CDS.559-MONOMER,0.0,-9.430465103672673e-08
CD2abc1_REV_g.26658.CDS.291-MONOMER,0.0,-3.5173806649481324e-06
CD2abc1_FWD_g.26658.CDS.291-MONOMER,0.0,-2.596504289165046e-07
CD2abc1_REV_g.26658.CDS.36-MONOMER,0.0,-3.2923605167528835e-06
CD2abc1_FWD_g.26658.CDS.36-MONOMER,0.0,-3.463028072125555e-08
CDPEAS_REV_g.26658.CDS.75-MONOMER,0.0,-2.0446087009601327e-06
CDPEAS_FWD_g.26658.CDS.75-MONOMER,0.0,2.0216923300645855e-39
CDPGLYCGPT_REV_g.26658.CDS.1603-MONOMER,0.0,-8.406720738379617e-07
CDPGLYCGPT_FWD_g.26658.CDS.1603-MONOMER,0.0,2.398285107345394e-37
CDPMEK_REV_CPLX_dummy,0.0,-1.724037607809463e-06
CDPMEK_FWD_CPLX_dummy,0.004007440424299035,6.430133237463947e-39
CELBpts_REV_CPLX_CELBpts-1,0.0,-1.688567061581193e-06
CELBpts_FWD_CPLX_CELBpts-1,0.0,-1.1777084304417502e-06
CELBpts_REV_CPLX_CELBpts-3,0.0,-1.49521671754625e-06
CELBpts_FWD_CPLX_CELBpts-3,0.0,-9.843580864068071e-07
CELBpts_REV_g.26658.CDS.347-MONOMER,0.0,-1.259091646768265e-06
CELBpts_FWD_g.26658.CDS.347-MONOMER,0.0,-7.482330156288221e-07
CELBpts_REV_CPLX_CELBpts-0,0.0,-5.108586311394427e-07
CELBpts_FWD_CPLX_CELBpts-0,0.07449289,-9.680373438552508e-40
CELBpts_REV_g.26658.CDS.91-MONOMER,0.0,-1.315429112017532e-06
CELBpts_FWD_g.26658.CDS.91-MONOMER,0.0,-8.045704808780893e-07
CELBpts_REV_CPLX_CELBpts-2,0.0,-1.3931316982558072e-06
CELBpts_FWD_CPLX_CELBpts-2,0.0,-8.822730671163644e-07
CELBpts_REV_g.26658.CDS.960-MONOMER,0.0,-1.106779302615192e-06
CELBpts_FWD_g.26658.CDS.960-MONOMER,0.0,-5.959206714757493e-07
CELBpts_REV_CPLX_CELBpts-4,0.0,-1.4034573739588551e-06
CELBpts_FWD_CPLX_CELBpts-4,0.0,-8.925987428194123e-07
CGLYabc_REV_g.26658.CDS.582-MONOMER,0.0,-1.9060998477972027e-06
CGLYabc_FWD_g.26658.CDS.582-MONOMER,0.0,-4.4932888360620357e-07
CGLYabc_REV_g.26658.CDS.462-MONOMER,0.0,-1.456770964190999e-06
CGLYabc_FWD_g.26658.CDS.462-MONOMER,0.0047178728958641725,-2.4520152523592635e-39
CGLYabc_REV_g.26658.CDS.811-MONOMER,0.0,-2.2136491700413646e-06
CGLYabc_FWD_g.26658.CDS.811-MONOMER,0.0,-7.568782058503657e-07
CGLYabc_REV_g.26658.CDS.196-MONOMER,0.0,-1.5045880948158526e-06
CGLYabc_FWD_g.26658.CDS.196-MONOMER,0.0,-4.7817130624853623e-08
CHOLD_REV_g.26658.CDS.991-MONOMER,0.0,-1.5829771349978605e-06
CHOLD_FWD_g.26658.CDS.991-MONOMER,0.0,-2.037174672660864e-07
CHOLD_REV_g.26658.CDS.1591-MONOMER,0.0,-2.0159106225228373e-06
CHOLD_FWD_g.26658.CDS.1591-MONOMER,0.0,-6.366509547910633e-07
CHOLD_REV_g.26658.CDS.1038-MONOMER,0.0,-1.7964845494744984e-06
CHOLD_FWD_g.26658.CDS.1038-MONOMER,0.0,-4.1722488174272417e-07
CHOLD_REV_g.26658.CDS.1419-MONOMER_mod_fe2(1),0.0,-5.731075226618894e-06
CHOLD_FWD_g.26658.CDS.1419-MONOMER_mod_fe2(1),0.0,-4.351815558887119e-06
CHOLD_REV_g.26658.CDS.536-MONOMER,0.0,-1.3792596677317742e-06
CHOLD_FWD_g.26658.CDS.536-MONOMER,0.0,-1.201252917799325e-38
CHOLK_REV_g.26658.CDS.119-MONOMER,0.0,-2.514673926376965e-06
CHOLK_FWD_g.26658.CDS.119-MONOMER,0.0,5.68591717992041e-39
CHORM_REV_g.26658.CDS.1360-MONOMER,0.0,9.83864445682962e-07
CHORM_FWD_g.26658.CDS.1360-MONOMER,0.0,-7.286644171488035e-40
CHORS_REV_420889.6.peg.441-MONOMER,0.0,6.636652718210493e-05
CHORS_FWD_420889.6.peg.441-MONOMER,0.0,-6.877796665501837e-05
CHORt_REV_CPLX_dummy,0.0,5.008019358571712e-40
CHORt_FWD_CPLX_dummy,0.0,-1.724037607809463e-06
CHTBSabc_REV_CPLX_dummy,0.0,-1.724037607809463e-06
CHTBSabc_FWD_CPLX_dummy,-1.1748265703916277e-57,4.98124198996832e-39
CITRH_REV_g.26658.CDS.893-MONOMER,0.0,-1.3458827105517686e-06
CITRH_FWD_g.26658.CDS.893-MONOMER,0.10892030951723605,-1.756953075676766e-39
CLPNS140_REV_g.26658.CDS.1359-MONOMER,0.0,-6.636677186076558e-08
CLPNS140_FWD_g.26658.CDS.1359-MONOMER,0.0,-1.0708371958113514e-06
CLPNS140_REV_g.26658.CDS.129-MONOMER,0.0,-2.083027841042192e-40
CLPNS140_FWD_g.26658.CDS.129-MONOMER,0.0,-1.004470423950586e-06
CLPNS160_REV_g.26658.CDS.1359-MONOMER,0.0,-6.636677186076558e-08
CLPNS160_FWD_g.26658.CDS.1359-MONOMER,0.0,-1.0708371958113514e-06
CLPNS160_REV_g.26658.CDS.129-MONOMER,0.0,-2.083027841042192e-40
CLPNS160_FWD_g.26658.CDS.129-MONOMER,0.0,-1.004470423950586e-06
CLPNS180_REV_g.26658.CDS.1359-MONOMER,0.0,-1.0708371958113514e-06
CLPNS180_FWD_g.26658.CDS.1359-MONOMER,0.0,-6.636677186076558e-08
CLPNS180_REV_g.26658.CDS.129-MONOMER,0.0,-1.004470423950586e-06
CLPNS180_FWD_g.26658.CDS.129-MONOMER,0.0017321245510164166,8.919101299990557e-38
CLPNSAI15_REV_g.26658.CDS.1359-MONOMER,0.0,-6.636677186076558e-08
CLPNSAI15_FWD_g.26658.CDS.1359-MONOMER,0.0,-1.0708371958113514e-06
CLPNSAI15_REV_g.26658.CDS.129-MONOMER,0.0,-2.083027841042192e-40
CLPNSAI15_FWD_g.26658.CDS.129-MONOMER,0.0,-1.004470423950586e-06
CLPNSAI17_REV_g.26658.CDS.1359-MONOMER,0.0,-1.0708371958113514e-06
CLPNSAI17_FWD_g.26658.CDS.1359-MONOMER,0.0,-6.636677186076558e-08
CLPNSAI17_REV_g.26658.CDS.129-MONOMER,0.0,-1.004470423950586e-06
CLPNSAI17_FWD_g.26658.CDS.129-MONOMER,0.0017321245510164166,8.919101299990557e-38
CLPNSI14_REV_g.26658.CDS.1359-MONOMER,0.0,-6.636677186076558e-08
CLPNSI14_FWD_g.26658.CDS.1359-MONOMER,0.0,-1.0708371958113514e-06
CLPNSI14_REV_g.26658.CDS.129-MONOMER,0.0,-2.083027841042192e-40
CLPNSI14_FWD_g.26658.CDS.129-MONOMER,0.0,-1.004470423950586e-06
CLPNSI15_REV_g.26658.CDS.1359-MONOMER,0.0,-6.636677186076558e-08
CLPNSI15_FWD_g.26658.CDS.1359-MONOMER,0.0,-1.0708371958113514e-06
CLPNSI15_REV_g.26658.CDS.129-MONOMER,0.0,-2.083027841042192e-40
CLPNSI15_FWD_g.26658.CDS.129-MONOMER,0.0,-1.004470423950586e-06
CLPNSI16_REV_g.26658.CDS.1359-MONOMER,0.0,-6.636677186076558e-08
CLPNSI16_FWD_g.26658.CDS.1359-MONOMER,0.0,-1.0708371958113514e-06
CLPNSI16_REV_g.26658.CDS.129-MONOMER,0.0,-2.083027841042192e-40
CLPNSI16_FWD_g.26658.CDS.129-MONOMER,0.0,-1.004470423950586e-06
CLPNSI17_REV_g.26658.CDS.1359-MONOMER,0.0,-1.0708371958113514e-06
CLPNSI17_FWD_g.26658.CDS.1359-MONOMER,0.0,-6.636677186076558e-08
CLPNSI17_REV_g.26658.CDS.129-MONOMER,0.0,-1.004470423950586e-06
CLPNSI17_FWD_g.26658.CDS.129-MONOMER,0.0017321245510164166,-2.0913384000580633e-38
CO2t_REV_CPLX_dummy,0.19952405232585152,-1.0016038717143425e-40
CO2t_FWD_CPLX_dummy,0.0,-1.724037607809463e-06
COBALTt5_REV_g.26658.CDS.1722-MONOMER,0.0016015363442831456,0.0
COBALTt5_FWD_g.26658.CDS.1722-MONOMER,0.0,-5.651283242401384e-07
CPC8MM_REV_g.26658.CDS.1162-MONOMER_mod_mg2(1),0.0,0.0
CPC8MM_FWD_g.26658.CDS.1162-MONOMER_mod_mg2(1),0.0,-2.389531361175368e-06
CPPPGO_REV_g.26658.CDS.1410-MONOMER,0.0,1.5556123168949813e-05
CPPPGO_FWD_g.26658.CDS.1410-MONOMER,0.0,-1.669600249701109e-38
CSND_REV_g.26658.CDS.1181-MONOMER,0.0,1.923854171296178e-05
CSND_FWD_g.26658.CDS.1181-MONOMER,0.0,-6.731197600220142e-06
CSNt6_REV_CPLX_dummy,0.0,-1.724037607809463e-06
CSNt6_FWD_CPLX_dummy,0.01271295685843082,-3.0048116151430273e-40
CTBTabc_REV_CPLX_ARSENBabc-0,0.0,5.950248677139386e-06
CTBTabc_FWD_CPLX_ARSENBabc-0,0.0,5.348658383677885e-40
CTPS1_REV_g.26658.CDS.745-MONOMER_mod_mg2(1),0.0,-1.3822446017406486e-06
CTPS1_FWD_g.26658.CDS.745-MONOMER_mod_mg2(1),0.0,-2.767935687474496e-06
CTPS2_REV_420889.6.peg.315-MONOMER,0.0,1.3734116949511296e-06
CTPS2_FWD_420889.6.peg.315-MONOMER,0.0,-3.460354606401644e-06
CYSDS_REV_g.26658.CDS.86-MONOMER_mod_pydx5p(1),0.0,-3.4755897414376443e-06
CYSDS_FWD_g.26658.CDS.86-MONOMER_mod_pydx5p(1),9.058800340991485e-32,1.284037040644905e-39
CYSS_REV_420889.6.peg.325-MONOMER_mod_pydx5p(2),0.0,-3.52913478441351e-06
CYSS_FWD_420889.6.peg.325-MONOMER_mod_pydx5p(2),0.0,-1.393969035966443e-38
CYSS3r_REV_420889.6.peg.325-MONOMER_mod_pydx5p(2),0.0,-3.962342286283653e-06
CYSS3r_FWD_420889.6.peg.325-MONOMER_mod_pydx5p(2),0.0,-1.186610235217977e-34
CYSTGL_REV_g.26658.CDS.86-MONOMER_mod_pydx5p(1),0.0,-3.4755897414376443e-06
CYSTGL_FWD_g.26658.CDS.86-MONOMER_mod_pydx5p(1),0.0,3.852111121934715e-39
CYSTS_REV_CPLX_dummy,0.0,4.9003355385340756e-05
CYSTS_FWD_CPLX_dummy,0.0,-5.072739299315022e-05
CYSt2r_REV_CPLX_dummy,0.0,-4.870361060357392e-07
CYSt2r_FWD_CPLX_dummy,0.0,-1.2370015017737237e-06
CYTBD_REV_CPLX_dummy,0.0,-1.724037607809463e-06
CYTBD_FWD_CPLX_dummy,0.0,-3.571067577608065e-39
CYTBD2_REV_CPLX_dummy,0.0,-1.724037607809463e-06
CYTBD2_FWD_CPLX_dummy,0.0,-3.571067577608065e-39
CYTD_REV_g.26658.CDS.1394-MONOMER,0.0,1.2178409036728324e-05
CYTD_FWD_g.26658.CDS.1394-MONOMER,0.0,-1.37913302764536e-05
CYTD_REV_g.26658.CDS.802-MONOMER,0.0,1.1567602330325942e-05
CYTD_FWD_g.26658.CDS.802-MONOMER,0.0,-1.4402136982855982e-05
CYTDK1_REV_g.26658.CDS.480-MONOMER_mod_mg2(1),0.0,-7.910741154762102e-07
CYTDK1_FWD_g.26658.CDS.480-MONOMER_mod_mg2(1),0.01271295685843082,-2.2172816934991527e-39
CYTDK2_REV_g.26658.CDS.480-MONOMER_mod_mg2(1),0.0,-2.514425039771977e-07
CYTDK2_FWD_g.26658.CDS.480-MONOMER_mod_mg2(1),0.0,-5.396316114990125e-07
CYTDK3_REV_g.26658.CDS.691-MONOMER_mod_mg2(1),0.0,-1.235066794788188e-06
CYTDK3_FWD_g.26658.CDS.691-MONOMER_mod_mg2(1),0.0,-4.4399267931197777e-07
CYTDK4_REV_g.26658.CDS.480-MONOMER_mod_mg2(1),0.0,8.272760905276704e-08
CYTDK4_FWD_g.26658.CDS.480-MONOMER_mod_mg2(1),0.0,-8.738017245289773e-07
CYTDt2r_REV_CPLX_dummy,0.0,-1.724037607809463e-06
CYTDt2r_FWD_CPLX_dummy,0.0,-2.7043304536287247e-39
CYTK1_REV_g.26658.CDS.691-MONOMER_mod_mg2(1),0.0,-1.6790594741001658e-06
CYTK1_FWD_g.26658.CDS.691-MONOMER_mod_mg2(1),0.15347647002943526,-3.043224193689474e-39
CYTK2_REV_g.26658.CDS.691-MONOMER_mod_mg2(1),0.0,-1.6790594741001658e-06
CYTK2_FWD_g.26658.CDS.691-MONOMER_mod_mg2(1),0.007561210599925029,-2.738901774320527e-39
Cuabc_REV_g.26658.CDS.813-MONOMER,0.0,-3.257730236031628e-06
Cuabc_FWD_g.26658.CDS.813-MONOMER,1.8986453742715996e-07,4.837600316785474e-39
Cuabc_REV_g.26658.CDS.559-MONOMER,0.0,-3.3520348870683546e-06
Cuabc_FWD_g.26658.CDS.559-MONOMER,0.0,-9.430465103672673e-08
Cuabc_REV_g.26658.CDS.291-MONOMER,0.0,-3.5173806649481324e-06
Cuabc_FWD_g.26658.CDS.291-MONOMER,0.0,-2.596504289165046e-07
Cuabc_REV_g.26658.CDS.36-MONOMER,0.0,-3.2923605167528835e-06
Cuabc_FWD_g.26658.CDS.36-MONOMER,0.0,-3.463028072125555e-08
Cut1_REV_g.26658.CDS.813-MONOMER,0.0,2.456968532698811e-05
Cut1_FWD_g.26658.CDS.813-MONOMER,0.0,-2.782741556301974e-05
Cut1_REV_g.26658.CDS.559-MONOMER,0.0,2.4475380675951385e-05
Cut1_FWD_g.26658.CDS.559-MONOMER,0.0,-2.7921720214056466e-05
Cut1_REV_g.26658.CDS.291-MONOMER,0.0,2.4310034898071608e-05
Cut1_FWD_g.26658.CDS.291-MONOMER,0.0,-2.8087065991936244e-05
Cut1_REV_g.26658.CDS.36-MONOMER,0.0,2.4535055046266856e-05
Cut1_FWD_g.26658.CDS.36-MONOMER,0.0,-2.7862045843740993e-05
DADA_REV_g.26658.CDS.1503-MONOMER,0.0,9.191409381687711e-06
DADA_FWD_g.26658.CDS.1503-MONOMER,0.0,-1.0410410721048294e-05
DADNK_REV_CPLX_DADNK-0,0.0,1.2928250205578238e-05
DADNK_FWD_CPLX_DADNK-0,0.0,-1.3365472729219336e-05
DADNK_REV_g.26658.CDS.1791-MONOMER,0.0,1.3016595937905857e-05
DADNK_FWD_g.26658.CDS.1791-MONOMER,0.0,-1.3277126996891717e-05
DADNK_REV_g.26658.CDS.1758-MONOMER,0.0,1.2907929192837584e-05
DADNK_FWD_g.26658.CDS.1758-MONOMER,0.0,-1.338579374195999e-05
DADNt2r_REV_CPLX_dummy,0.0,-1.724037607809463e-06
DADNt2r_FWD_CPLX_dummy,1.0,-4.3068966483716724e-39
DAGK120_REV_g.26658.CDS.835-MONOMER_mod_cd2(1)_mod_zn2(1)_mod_mg2(1)_mod_mn2(1)_mod_cobalt2(1),0.0,-0.24616927513922873
DAGK120_FWD_g.26658.CDS.835-MONOMER_mod_cd2(1)_mod_zn2(1)_mod_mg2(1)_mod_mn2(1)_mod_cobalt2(1),0.0,1.7191786672335178e-35
DAGK140_REV_g.26658.CDS.835-MONOMER_mod_cd2(1)_mod_zn2(1)_mod_mg2(1)_mod_mn2(1)_mod_cobalt2(1),0.0,-0.24616927513922873
DAGK140_FWD_g.26658.CDS.835-MONOMER_mod_cd2(1)_mod_zn2(1)_mod_mg2(1)_mod_mn2(1)_mod_cobalt2(1),0.0,1.7191786672335178e-35
DAGK141_REV_g.26658.CDS.835-MONOMER_mod_cd2(1)_mod_zn2(1)_mod_mg2(1)_mod_mn2(1)_mod_cobalt2(1),0.0,-0.24616927513922873
DAGK141_FWD_g.26658.CDS.835-MONOMER_mod_cd2(1)_mod_zn2(1)_mod_mg2(1)_mod_mn2(1)_mod_cobalt2(1),0.0,0.0
DAGK160_REV_g.26658.CDS.835-MONOMER_mod_cd2(1)_mod_zn2(1)_mod_mg2(1)_mod_mn2(1)_mod_cobalt2(1),0.0,-0.24616927513922873
DAGK160_FWD_g.26658.CDS.835-MONOMER_mod_cd2(1)_mod_zn2(1)_mod_mg2(1)_mod_mn2(1)_mod_cobalt2(1),0.0,1.7191786672335178e-35
DAGK161_REV_g.26658.CDS.835-MONOMER_mod_cd2(1)_mod_zn2(1)_mod_mg2(1)_mod_mn2(1)_mod_cobalt2(1),0.0,-0.24616927513922873
DAGK161_FWD_g.26658.CDS.835-MONOMER_mod_cd2(1)_mod_zn2(1)_mod_mg2(1)_mod_mn2(1)_mod_cobalt2(1),0.0,1.7191786672335178e-35
DAGK180_REV_g.26658.CDS.835-MONOMER_mod_cd2(1)_mod_zn2(1)_mod_mg2(1)_mod_mn2(1)_mod_cobalt2(1),0.0,-0.12341979528468114
DAGK180_FWD_g.26658.CDS.835-MONOMER_mod_cd2(1)_mod_zn2(1)_mod_mg2(1)_mod_mn2(1)_mod_cobalt2(1),0.0,-0.1227494798545476
DAGK181_REV_g.26658.CDS.835-MONOMER_mod_cd2(1)_mod_zn2(1)_mod_mg2(1)_mod_mn2(1)_mod_cobalt2(1),0.0,-0.24616927513922873
DAGK181_FWD_g.26658.CDS.835-MONOMER_mod_cd2(1)_mod_zn2(1)_mod_mg2(1)_mod_mn2(1)_mod_cobalt2(1),0.0,1.7191786672335178e-35
DALAt2r_REV_g.26658.CDS.761-MONOMER,0.0,-1.9111186984661346e-06
DALAt2r_FWD_g.26658.CDS.761-MONOMER,0.0,-5.397172609717312e-07
DALAt2r_REV_g.26658.CDS.1174-MONOMER,0.0,-1.8716512087908523e-06
DALAt2r_FWD_g.26658.CDS.1174-MONOMER,0.0,-5.002497712964488e-07
DAPE_REV_CPLX_dummy,0.0,9.040027250735438e-40
DAPE_FWD_CPLX_dummy,0.0,-1.724037607809463e-06
DAPabc_REV_CPLX_dummy,0.0,-1.724037607809463e-06
DAPabc_FWD_CPLX_dummy,0.0,-1.3947477571911297e-39
DASYN120_REV_g.26658.CDS.1895-MONOMER,0.0,-2.1662343029364464e-06
DASYN120_FWD_g.26658.CDS.1895-MONOMER,0.0,6.741687046773949e-40
DASYN140_REV_g.26658.CDS.1895-MONOMER,0.0,-2.1662343029364464e-06
DASYN140_FWD_g.26658.CDS.1895-MONOMER,0.0,6.741687046773949e-40
DASYN141_REV_g.26658.CDS.1895-MONOMER,0.0,-2.1662343029364464e-06
DASYN141_FWD_g.26658.CDS.1895-MONOMER,0.0,-2.921397720268711e-39
DASYN160_REV_g.26658.CDS.1895-MONOMER,0.0,-2.1662343029364464e-06
DASYN160_FWD_g.26658.CDS.1895-MONOMER,0.0,2.943870010424624e-38
DASYN161_REV_g.26658.CDS.1895-MONOMER,0.0,-2.1662343029364464e-06
DASYN161_FWD_g.26658.CDS.1895-MONOMER,0.0,-6.516964145214817e-39
DASYN180_REV_g.26658.CDS.1895-MONOMER,0.0,-2.1662343029364464e-06
DASYN180_FWD_g.26658.CDS.1895-MONOMER,0.006928498204065666,5.820323150381509e-38
DASYN181_REV_g.26658.CDS.1895-MONOMER,0.0,-2.1662343029364464e-06
DASYN181_FWD_g.26658.CDS.1895-MONOMER,0.0,-2.921397720268711e-39
DASYNAI15_REV_g.26658.CDS.1895-MONOMER,0.0,-2.1662343029364464e-06
DASYNAI15_FWD_g.26658.CDS.1895-MONOMER,0.0,6.741687046773949e-40
DASYNAI17_REV_g.26658.CDS.1895-MONOMER,0.0,-2.1662343029364464e-06
DASYNAI17_FWD_g.26658.CDS.1895-MONOMER,0.006928498204065666,2.943870010424624e-38
DASYNI14_REV_g.26658.CDS.1895-MONOMER,0.0,-2.1662343029364464e-06
DASYNI14_FWD_g.26658.CDS.1895-MONOMER,0.0,-2.921397720268711e-39
DASYNI15_REV_g.26658.CDS.1895-MONOMER,0.0,-2.1662343029364464e-06
DASYNI15_FWD_g.26658.CDS.1895-MONOMER,0.0,2.943870010424624e-38
DASYNI16_REV_g.26658.CDS.1895-MONOMER,0.0,-2.1662343029364464e-06
DASYNI16_FWD_g.26658.CDS.1895-MONOMER,0.0,6.741687046773949e-40
DASYNI17_REV_g.26658.CDS.1895-MONOMER,0.0,-2.1662343029364464e-06
DASYNI17_FWD_g.26658.CDS.1895-MONOMER,0.006928498204065666,5.820323150381509e-38
DCMPDA_REV_g.26658.CDS.232-MONOMER,0.0,-1.1325857436681612e-06
DCMPDA_FWD_g.26658.CDS.232-MONOMER,0.0,-4.2740182878944084e-07
DCTPAH_REV_g.26658.CDS.1394-MONOMER,0.0,1.5032672795393578e-05
DCTPAH_FWD_g.26658.CDS.1394-MONOMER,0.0,-1.6645594035118856e-05
DCYTD_REV_g.26658.CDS.1394-MONOMER,0.0,-1.6129212397252763e-06
DCYTD_FWD_g.26658.CDS.1394-MONOMER,0.11060779864053363,1.6652728140208462e-40
DCYTD_REV_g.26658.CDS.802-MONOMER,0.0,-2.2237279461276584e-06
DCYTD_FWD_g.26658.CDS.802-MONOMER,0.0,-6.108067064023821e-07
DCYTt2r_REV_CPLX_dummy,0.0,-1.724037607809463e-06
DCYTt2r_FWD_CPLX_dummy,0.11816900924045866,5.008019358571712e-40
DDPA_REV_g.26658.CDS.742-MONOMER_mod_fe2(2),0.0,-1.5266600048516631e-06
DDPA_FWD_g.26658.CDS.742-MONOMER_mod_fe2(2),0.0,1.8938777728755705e-39
DDPGA_REV_g.26658.CDS.768-MONOMER,0.0,-2.931446389215527e-06
DDPGA_FWD_g.26658.CDS.768-MONOMER,0.0,5.101215738656246e-40
DDPGALA_REV_g.26658.CDS.1442-MONOMER,0.0,-2.8334080783713527e-40
DDPGALA_FWD_g.26658.CDS.1442-MONOMER,0.0,-5.337402314452291e-07
DGK1_REV_g.26658.CDS.1207-MONOMER_mod_mg2(1),0.0,-7.647315631804824e-07
DGK1_FWD_g.26658.CDS.1207-MONOMER_mod_mg2(1),0.007561210599925029,-6.299553712818993e-40
DGSNt2r_REV_CPLX_dummy,0.0,-1.724037607809463e-06
DGSNt2r_FWD_CPLX_dummy,1.0,-1.1017642588857767e-39
DHFOR2_REV_g.26658.CDS.1018-MONOMER,176.3065512607974,-5.4530893597180585e-34
DHFOR2_FWD_g.26658.CDS.1018-MONOMER,176.3065512607974,3.377472708625949e-39
DHFOR2_REV_g.26658.CDS.981-MONOMER,0.0,-4.2506204121919044e-07
DHFOR2_FWD_g.26658.CDS.981-MONOMER,0.0,-4.2506204121919044e-07
DHFR_REV_420889.6.peg.800-MONOMER,0.0,-4.2506204121919044e-07
DHFR_FWD_420889.6.peg.800-MONOMER,0.0,-4.2506204121919044e-07
DHFR_REV_420889.6.peg.1026-MONOMER,999.9835314798158,-2.2193475872459227e-34
DHFR_FWD_420889.6.peg.1026-MONOMER,1000.0,-3.23370199861811e-34
DHFS_REV_420889.6.peg.1019-MONOMER,0.0,-1.8238919691081595e-06
DHFS_FWD_420889.6.peg.1019-MONOMER,0.004804607829548406,-4.2989845458182274e-39
DHNAOT_REV_CPLX_dummy,0.0,-1.724037607809463e-06
DHNAOT_FWD_CPLX_dummy,0.0,-5.195690842138711e-38
DHNAS_REV_CPLX_dummy,0.0,-1.724037607809463e-06
DHNAS_FWD_CPLX_dummy,0.0,-4.2733000928380225e-38
DHNPA_REV_g.26658.CDS.1442-MONOMER,0.0,-5.337402314452291e-07
DHNPA_FWD_g.26658.CDS.1442-MONOMER,0.004804607829548406,-6.659193543988248e-41
DHNPA2_REV_420889.6.peg.1023-MONOMER,0.0,-5.337402314452291e-07
DHNPA2_FWD_420889.6.peg.1023-MONOMER,0.0,-8.226645518133913e-39
DHORD2_REV_420889.6.peg.1319-MONOMER,0.0,5.424396401917724e-06
DHORD2_FWD_420889.6.peg.1319-MONOMER,0.0,-8.149291905164009e-06
DHORD2_REV_420889.6.peg.1320-MONOMER,0.0,1.3573688307081733e-05
DHORD2_FWD_420889.6.peg.1320-MONOMER,0.0,9.249746336197879e-40
DHORD2_REV_420889.6.peg.1480-MONOMER,0.0,5.907673084584228e-06
DHORD2_FWD_420889.6.peg.1480-MONOMER,0.0,-7.666015222497505e-06
DHORD5_REV_420889.6.peg.1319-MONOMER,0.0,5.424396401917724e-06
DHORD5_FWD_420889.6.peg.1319-MONOMER,0.0,-8.149291905164009e-06
DHORD5_REV_420889.6.peg.1320-MONOMER,0.0,1.3573688307081733e-05
DHORD5_FWD_420889.6.peg.1320-MONOMER,0.0,-2.7595005347835546e-39
DHORD5_REV_420889.6.peg.1480-MONOMER,0.0,5.907673084584228e-06
DHORD5_FWD_420889.6.peg.1480-MONOMER,0.0,-7.666015222497505e-06
DHORTS_REV_420889.6.peg.864-MONOMER,0.0,4.0976867959893036e-39
DHORTS_FWD_420889.6.peg.864-MONOMER,0.0,-2.7468258108345713e-06
DHPS_REV_g.26658.CDS.1474-MONOMER_mod_mg2(1),0.0,-1.6037523614233082e-06
DHPS_FWD_g.26658.CDS.1474-MONOMER_mod_mg2(1),0.004804607829548406,9.494339472411066e-40
DHPS2_REV_420889.6.peg.1021-MONOMER,0.0,-1.3566328554333557e-06
DHPS2_FWD_420889.6.peg.1021-MONOMER,0.0,-2.497170778701425e-39
DHQS_REV_g.26658.CDS.803-MONOMER_mod_cobalt2(1)_mod_nad(1),0.0,-1.3497954674946558e-06
DHQS_FWD_g.26658.CDS.803-MONOMER_mod_cobalt2(1)_mod_nad(1),0.0,3.914191280682681e-39
DHQTi_REV_g.26658.CDS.439-MONOMER,0.0,-1.339770386459459e-06
DHQTi_FWD_g.26658.CDS.439-MONOMER,0.0,2.528087160265405e-39
DMATT_REV_g.26658.CDS.756-MONOMER_mod_mn2(1),0.0,-2.0940181729272724e-06
DMATT_FWD_g.26658.CDS.756-MONOMER_mod_mn2(1),0.0003643127658453669,-6.371333318985527e-40
DMATT_REV_g.26658.CDS.756-MONOMER_mod_mg2(1),0.0,-2.106680128138859e-06
DMATT_FWD_g.26658.CDS.756-MONOMER_mod_mg2(1),0.0,-1.2661955211586893e-08
DMLARGAH_REV_g.26658.CDS.1846-MONOMER,0.0,-1.0774349384028842e-06
DMLARGAH_FWD_g.26658.CDS.1846-MONOMER,0.0,1.0233517447377353e-39
DMPPS_REV_CPLX_dummy,0.0,-1.724037607809463e-06
DMPPS_FWD_CPLX_dummy,0.004007440424299035,5.44468180999696e-40
DMQMT_REV_CPLX_dummy,0.0,-1.724037607809463e-06
DMQMT_FWD_CPLX_dummy,0.0,5.0007695811995455e-39
DNMPPA_REV_g.26658.CDS.1584-MONOMER,0.0,-5.814482052161799e-07
DNMPPA_FWD_g.26658.CDS.1584-MONOMER,0.004804607829548406,5.2657688795886104e-39
DNTPPA_REV_g.26658.CDS.1584-MONOMER,0.0,-5.814482052161799e-07
DNTPPA_FWD_g.26658.CDS.1584-MONOMER,0.004804607829548406,4.1214104233159996e-38
DPCOAK_REV_420889.6.peg.352-MONOMER,0.0,-8.717622809777284e-07
DPCOAK_FWD_420889.6.peg.352-MONOMER,0.0016015359431828021,5.336553030207516e-38
DPMVDc_REV_g.26658.CDS.733-MONOMER,0.0,-2.2787235082425267e-06
DPMVDc_FWD_g.26658.CDS.733-MONOMER,0.0,8.238786355771922e-40
DRBK_REV_g.26658.CDS.278-MONOMER_mod_k(1)_mod_mg2(1),0.0,-3.39962491614634e-06
DRBK_FWD_g.26658.CDS.278-MONOMER_mod_k(1)_mod_mg2(1),0.0,-1.0126815412404282e-39
DRIBabc_REV_g.26658.CDS.392-MONOMER,0.0,7.718299565611305e-06
DRIBabc_FWD_g.26658.CDS.392-MONOMER,0.0,-8.715060387638602e-06
DRPAr_REV_g.26658.CDS.1081-MONOMER,0.0,-2.6773563394596332e-06
DRPAr_FWD_g.26658.CDS.1081-MONOMER,2.1604855146498134,-4.417484134183439e-40
DSERt2r_REV_g.26658.CDS.761-MONOMER,0.0,-3.946748967528229e-08
DSERt2r_FWD_g.26658.CDS.761-MONOMER,0.0,-2.4113684697625835e-06
DSERt2r_REV_g.26658.CDS.1174-MONOMER,0.0,1.1081430206918735e-39
DSERt2r_FWD_g.26658.CDS.1174-MONOMER,0.0,-2.371900980087301e-06
DTMPK_REV_g.26658.CDS.314-MONOMER_mod_mg2(1),0.0,-9.656057595410209e-07
DTMPK_FWD_g.26658.CDS.314-MONOMER_mod_mg2(1),0.011663912354587774,7.63164550461511e-40
DURIK1_REV_g.26658.CDS.1869-MONOMER_mod_mg2(1),0.0,-8.163002829629071e-07
DURIK1_FWD_g.26658.CDS.1869-MONOMER_mod_mg2(1),0.011663912354587774,-4.9640974781665226e-39
DURIPP_REV_g.26658.CDS.379-MONOMER,0.0,-4.030053601966459e-06
DURIPP_FWD_g.26658.CDS.379-MONOMER,0.09894388628594586,-1.8790160399252535e-39
DURIPP_REV_g.26658.CDS.1407-MONOMER,0.0,-4.4016169759524434e-06
DURIPP_FWD_g.26658.CDS.1407-MONOMER,0.0,-3.7156337398598413e-07
DURIPP_REV_g.26658.CDS.197-MONOMER,0.0,-4.8206346669278825e-06
DURIPP_FWD_g.26658.CDS.197-MONOMER,0.0,-7.90581064961423e-07
DUTPDP_REV_g.26658.CDS.693-MONOMER_mod_zn2(1),0.0,-0.12835845556687242
DUTPDP_FWD_g.26658.CDS.693-MONOMER_mod_zn2(1),0.0,-0.12838731596335753
DUTPDP_REV_g.26658.CDS.327-MONOMER,0.0,1.367889871048356e-05
DUTPDP_FWD_g.26658.CDS.327-MONOMER,0.0,-1.5181497774628919e-05
DXPRIi_REV_CPLX_dummy,0.0,-1.724037607809463e-06
DXPRIi_FWD_CPLX_dummy,0.004007440424299035,-3.1564076252526006e-39
DXPS_REV_420889.6.peg.503-MONOMER,0.0,-2.7361119424470634e-06
DXPS_FWD_420889.6.peg.503-MONOMER,0.004007440424299035,2.1649855159917374e-40
E4PD_REV_420889.6.peg.1891-MONOMER,0.0,-8.650368802557999e-39
E4PD_FWD_420889.6.peg.1891-MONOMER,0.0,-5.855500984501942e-06
EAR100x_REV_g.26658.CDS.1654-MONOMER,0.0,-2.9817471413058157e-06
EAR100x_FWD_g.26658.CDS.1654-MONOMER,0.013856996408131332,1.5439545757974641e-38
EAR10M11x_REV_g.26658.CDS.1654-MONOMER,0.0,1.9745138123106195e-05
EAR10M11x_FWD_g.26658.CDS.1654-MONOMER,0.0,-2.272688526441201e-05
EAR10M12x_REV_g.26658.CDS.1654-MONOMER,0.0,-2.9817471413058157e-06
EAR10M12x_FWD_g.26658.CDS.1654-MONOMER,0.016771498534894267,-4.105515576552348e-38
EAR11M12x_REV_g.26658.CDS.1654-MONOMER,0.0,-2.9817471413058157e-06
EAR11M12x_FWD_g.26658.CDS.1654-MONOMER,0.016771498534894267,2.631740754200223e-38
EAR120x_REV_g.26658.CDS.1654-MONOMER,0.0,-2.9817471413058157e-06
EAR120x_FWD_g.26658.CDS.1654-MONOMER,0.013856996408131332,2.666830630922893e-38
EAR121x_REV_CPLX_dummy,0.0,1.8983669663154513e-05
EAR121x_FWD_CPLX_dummy,0.0,-2.0707707270963977e-05
EAR12M13x_REV_g.26658.CDS.1654-MONOMER,0.0,-2.9817471413058157e-06
EAR12M13x_FWD_g.26658.CDS.1654-MONOMER,0.0,1.0877861784027589e-38
EAR12M14x_REV_g.26658.CDS.1654-MONOMER,0.0,-2.9817471413058157e-06
EAR12M14x_FWD_g.26658.CDS.1654-MONOMER,0.016771498534894267,1.5088646990747946e-38
EAR13M14x_REV_g.26658.CDS.1654-MONOMER,0.0,-2.9817471413058157e-06
EAR13M14x_FWD_g.26658.CDS.1654-MONOMER,0.016771498534894267,1.5088646990747946e-38
EAR140x_REV_g.26658.CDS.1654-MONOMER,0.0,-2.9817471413058157e-06
EAR140x_FWD_g.26658.CDS.1654-MONOMER,0.013856996408131332,-1.8246735895788214e-38
EAR141x_REV_CPLX_dummy,0.0,-1.724037607809463e-06
EAR141x_FWD_CPLX_dummy,0.0,2.994574995498328e-39
EAR14M15x_REV_g.26658.CDS.1654-MONOMER,0.0,-2.9817471413058157e-06
EAR14M15x_FWD_g.26658.CDS.1654-MONOMER,0.0,-7.368874111760624e-39
EAR14M16x_REV_g.26658.CDS.1654-MONOMER,0.0,-2.9817471413058157e-06
EAR14M16x_FWD_g.26658.CDS.1654-MONOMER,0.016771498534894267,2.3640295577199596e-34
EAR15M16x_REV_g.26658.CDS.1654-MONOMER,0.0,-2.9817471413058157e-06
EAR15M16x_FWD_g.26658.CDS.1654-MONOMER,0.016771498534894267,2.172063369133251e-37
EAR160x_REV_g.26658.CDS.1654-MONOMER,0.0,-2.9817471413058157e-06
EAR160x_FWD_g.26658.CDS.1654-MONOMER,0.013856996408131332,2.666830630922893e-38
EAR161x_REV_CPLX_dummy,0.0,4.047880255790156e-05
EAR161x_FWD_CPLX_dummy,0.0,-4.2202840165711017e-05
EAR180x_REV_g.26658.CDS.1654-MONOMER,0.0,-2.9817471413058157e-06
EAR180x_FWD_g.26658.CDS.1654-MONOMER,0.013856996408131332,4.912582741173749e-38
EAR181x_REV_CPLX_dummy,0.0,1.6091785929734886e-05
EAR181x_FWD_CPLX_dummy,0.0,-1.7815823537544346e-05
EAR40x_REV_g.26658.CDS.1654-MONOMER,0.0,-2.9817471413058157e-06
EAR40x_FWD_g.26658.CDS.1654-MONOMER,0.013856996408131332,3.3667017311442112e-34
EAR4M5x_REV_g.26658.CDS.1654-MONOMER,0.0,1.9745138123106195e-05
EAR4M5x_FWD_g.26658.CDS.1654-MONOMER,0.0,-2.272688526441201e-05
EAR4M6x_REV_g.26658.CDS.1654-MONOMER,0.0,-2.9817471413058157e-06
EAR4M6x_FWD_g.26658.CDS.1654-MONOMER,0.016771498534894267,9.474266715120804e-39
EAR5M6x_REV_g.26658.CDS.1654-MONOMER,0.0,-2.9817471413058157e-06
EAR5M6x_FWD_g.26658.CDS.1654-MONOMER,0.016771498534894267,-2.421201493864205e-38
EAR60x_REV_g.26658.CDS.1654-MONOMER,0.0,-2.9817471413058157e-06
EAR60x_FWD_g.26658.CDS.1654-MONOMER,0.013856996408131332,9.8251654823475e-39
EAR6M7x_REV_g.26658.CDS.1654-MONOMER,0.0,1.9745138123106195e-05
EAR6M7x_FWD_g.26658.CDS.1654-MONOMER,0.0,-2.272688526441201e-05
EAR6M8x_REV_g.26658.CDS.1654-MONOMER,0.0,-2.9817471413058157e-06
EAR6M8x_FWD_g.26658.CDS.1654-MONOMER,0.016771498534894267,-6.351267686803205e-38
EAR7M8x_REV_g.26658.CDS.1654-MONOMER,0.0,-2.9817471413058157e-06
EAR7M8x_FWD_g.26658.CDS.1654-MONOMER,0.016771498534894267,-9.71989585217949e-38
EAR80x_REV_g.26658.CDS.1654-MONOMER,0.0,-2.9817471413058157e-06
EAR80x_FWD_g.26658.CDS.1654-MONOMER,0.013856996408131332,1.5439545757974641e-38
EAR8M10x_REV_g.26658.CDS.1654-MONOMER,0.0,-2.9817471413058157e-06
EAR8M10x_FWD_g.26658.CDS.1654-MONOMER,0.016771498534894267,-1.859763466301491e-38
EAR8M9x_REV_g.26658.CDS.1654-MONOMER,0.0,1.9745138123106195e-05
EAR8M9x_FWD_g.26658.CDS.1654-MONOMER,0.0,-2.272688526441201e-05
EAR9M10x_REV_g.26658.CDS.1654-MONOMER,0.0,-2.9817471413058157e-06
EAR9M10x_FWD_g.26658.CDS.1654-MONOMER,0.016771498534894267,3.8598864394936603e-39
EDA_R_REV_420889.6.peg.607-MONOMER,3.36944346649941e-18,8.747980176033489e-40
EDA_R_FWD_420889.6.peg.607-MONOMER,3.36944346649941e-18,8.747980176033489e-40
EHGLAT_REV_g.26658.CDS.1064-MONOMER,0.0,-1.768796117780274e-06
EHGLAT_FWD_g.26658.CDS.1064-MONOMER,0.0,-5.725649565883994e-07
EHGLAT_REV_g.26658.CDS.933-MONOMER,0.0,-1.1962311611918745e-06
EHGLAT_FWD_g.26658.CDS.933-MONOMER,0.0,1.5972138032782848e-39
ENO_REV_420889.6.peg.1464-MONOMER_mod_mg2(4),0.0,-3.5063521473021038e-06
ENO_FWD_420889.6.peg.1464-MONOMER_mod_mg2(4),5.711702289520308,-3.1319179684065954e-40
ETHAAL_REV_g.26658.CDS.993-MONOMER,0.0,1.5982282262019385e-05
ETHAAL_FWD_g.26658.CDS.993-MONOMER,0.0,0.0
ETOHt_REV_CPLX_dummy,3.2257691905973624,-1.0016038717143425e-40
ETOHt_FWD_CPLX_dummy,0.0,-1.724037607809463e-06
FACOAL140_REV_g.26658.CDS.361-MONOMER,0.0,-4.763023574325903e-39
FACOAL140_FWD_g.26658.CDS.361-MONOMER,0.0,-1.6999357929259907e-06
FACOAL160_REV_g.26658.CDS.361-MONOMER,0.0,2.1909908441899154e-38
FACOAL160_FWD_g.26658.CDS.361-MONOMER,0.0,-1.6999357929259907e-06
FACOAL161_REV_g.26658.CDS.361-MONOMER,0.0,-4.763023574325903e-39
FACOAL161_FWD_g.26658.CDS.361-MONOMER,0.0,-1.6999357929259907e-06
FACOAL180_REV_g.26658.CDS.361-MONOMER,0.0,-5.048804988785457e-38
FACOAL180_FWD_g.26658.CDS.361-MONOMER,0.0,-1.6999357929259907e-06
FACOAL181_REV_g.26658.CDS.361-MONOMER,0.0,-9.526047148651806e-40
FACOAL181_FWD_g.26658.CDS.361-MONOMER,0.0,-1.6999357929259907e-06
FACOALAI15_REV_g.26658.CDS.361-MONOMER,0.0,-1.6999357929259907e-06
FACOALAI15_FWD_g.26658.CDS.361-MONOMER,0.0,2.9530746160820597e-38
FACOALAI17_REV_g.26658.CDS.361-MONOMER,0.0,-1.6999357929259907e-06
FACOALAI17_FWD_g.26658.CDS.361-MONOMER,0.0,1.4289070722977708e-38
FACOALI14_REV_g.26658.CDS.361-MONOMER,0.0,-9.526047148651806e-40
FACOALI14_FWD_g.26658.CDS.361-MONOMER,0.0,-1.6999357929259907e-06
FACOALI15_REV_g.26658.CDS.361-MONOMER,0.0,2.1909908441899154e-38
FACOALI15_FWD_g.26658.CDS.361-MONOMER,0.0,-1.6999357929259907e-06
FACOALI16_REV_g.26658.CDS.361-MONOMER,0.0,-1.6999357929259907e-06
FACOALI16_FWD_g.26658.CDS.361-MONOMER,0.0,-1.619428015270807e-38
FACOALI17_REV_g.26658.CDS.361-MONOMER,0.0,2.1909908441899154e-38
FACOALI17_FWD_g.26658.CDS.361-MONOMER,0.0,-1.6999357929259907e-06
FBA_REV_420889.6.peg.1622-MONOMER,0.0,-2.652912688746499e-06
FBA_FWD_420889.6.peg.1622-MONOMER,0.0,-6.218697571439529e-40
FBA2_REV_g.26658.CDS.1389-MONOMER,0.0,-2.652912688746499e-06
FBA2_FWD_g.26658.CDS.1389-MONOMER,0.29797157,-4.7227980832966114e-40
FBA3_REV_g.26658.CDS.1389-MONOMER,0.0,-2.652912688746499e-06
FBA3_FWD_g.26658.CDS.1389-MONOMER,1.7007319197781834,1.3453334137066938e-38
FBP_REV_420889.6.peg.1444-MONOMER,0.0,1.2672232218760299e-05
FBP_FWD_420889.6.peg.1444-MONOMER,0.0,-1.3882021775023135e-05
FCLTc_REV_g.26658.CDS.1571-MONOMER,0.0,1.423981858555341e-05
FCLTc_FWD_g.26658.CDS.1571-MONOMER,0.0,-1.4742637094995303e-38
FE2DH_REV_g.26658.CDS.1606-MONOMER,0.0,-1.024723538487109e-06
FE2DH_FWD_g.26658.CDS.1606-MONOMER,0.0,1.244497415284443e-39
FE2abc_REV_g.26658.CDS.316-MONOMER,0.0,-2.6051546483227097e-06
FE2abc_FWD_g.26658.CDS.316-MONOMER,4.512442118129726e-09,1.7170691157875006e-38
FE3abc_REV_CPLX_dummy,0.0,1.6875625603637942e-06
FE3abc_FWD_CPLX_dummy,0.0,-3.4116001681732575e-06
FERO_REV_g.26658.CDS.1606-MONOMER,0.0,7.105096280744188e-05
FERO_FWD_g.26658.CDS.1606-MONOMER,0.0,-7.207568634592899e-05
FGLU_REV_g.26658.CDS.1636-MONOMER,0.0,-2.612860789611993e-06
FGLU_FWD_g.26658.CDS.1636-MONOMER,0.0,-1.17960161560087e-39
FK_REV_g.26658.CDS.880-MONOMER_mod_mg2(1),0.0,1.684935628278764e-05
FK_FWD_g.26658.CDS.880-MONOMER_mod_mg2(1),0.0,0.0
FLVRx_REV_g.26658.CDS.802-MONOMER,0.0,-2.8345346525300402e-06
FLVRx_FWD_g.26658.CDS.802-MONOMER,0.0,6.213168832336204e-39
FMNAT_REV_420889.6.peg.1267-MONOMER,0.0,-1.2324991730430377e-06
FMNAT_FWD_420889.6.peg.1267-MONOMER,0.0016015359431828021,-3.6905349670468207e-38
FOLD3_REV_g.26658.CDS.1474-MONOMER_mod_mg2(1),0.0,-1.6037523614233082e-06
FOLD3_FWD_g.26658.CDS.1474-MONOMER_mod_mg2(1),0.0,-5.433444833215881e-39
FOMETR_REV_g.26658.CDS.1329-MONOMER,0.0,-1.2250614783938256e-06
FOMETR_FWD_g.26658.CDS.1329-MONOMER,0.0,-2.0593653205636827e-39
FORt2r_REV_CPLX_dummy,6.606330339330055,-3.1727425886216217e-40
FORt2r_FWD_CPLX_dummy,0.0,-1.724037607809463e-06
FPGS_REV_420889.6.peg.1019-MONOMER,0.0,-1.8238919691081595e-06
FPGS_FWD_420889.6.peg.1019-MONOMER,0.0,-4.2989845458182274e-39
FPGS7_REV_g.26658.CDS.1208-MONOMER,0.0,-1.8238919691081595e-06
FPGS7_FWD_g.26658.CDS.1208-MONOMER,0.004691675463831338,-9.322497592269021e-34
FPGS_tm_REV_g.26658.CDS.1208-MONOMER,0.0,9.474363468022889e-05
FPGS_tm_FWD_g.26658.CDS.1208-MONOMER,0.0,-9.656752664933705e-05
FRD2_REV_g.26658.CDS.1036-MONOMER,0.0,-2.705788812597905e-06
FRD2_FWD_g.26658.CDS.1036-MONOMER,0.0,-9.81751204788442e-07
FRD3_REV_g.26658.CDS.1036-MONOMER,0.0,-3.687540017386347e-06
FRD3_FWD_g.26658.CDS.1036-MONOMER,0.0,-1.0990412768404629e-39
FRD7_REV_CPLX_dummy,0.0,-1.724037607809463e-06
FRD7_FWD_CPLX_dummy,0.09694032582075163,-1.488523644441202e-39
FRTT_REV_g.26658.CDS.756-MONOMER_mod_mn2(1),0.0,-1.8002513198669849e-06
FRTT_FWD_g.26658.CDS.756-MONOMER_mod_mn2(1),0.0,-2.9376685306028745e-07
FRTT_REV_g.26658.CDS.630-MONOMER_mod_mg2(1),0.0,-1.6022977754737845e-06
FRTT_FWD_g.26658.CDS.630-MONOMER_mod_mg2(1),0.0,-9.581330866708702e-08
FRTT_REV_g.26658.CDS.1520-MONOMER,0.0,-1.5064844668066975e-06
FRTT_FWD_g.26658.CDS.1520-MONOMER,0.0,6.383476702756057e-39
FRTT_REV_g.26658.CDS.1683-MONOMER,0.0,-1.6303527189673185e-06
FRTT_FWD_g.26658.CDS.1683-MONOMER,0.0,-1.2386825216062095e-07
FRTT_REV_g.26658.CDS.756-MONOMER_mod_mg2(1),0.0,-1.8129132750785719e-06
FRTT_FWD_g.26658.CDS.756-MONOMER_mod_mg2(1),0.0,-3.064288082718743e-07
FRUK_REV_420889.6.peg.421-MONOMER,0.0,-3.950227959232141e-07
FRUK_FWD_420889.6.peg.421-MONOMER,0.0,-1.7215469955993443e-06
FRUpts_REV_CPLX_FRUpts-1,0.0,-4.209387306153478e-06
FRUpts_FWD_CPLX_FRUpts-1,0.0,-2.6940617574003243e-07
FRUpts_REV_CPLX_FRUpts-2,0.0,-3.939981130413446e-06
FRUpts_FWD_CPLX_FRUpts-2,0.14898579,2.8931765639822222e-39
FRUpts_REV_CPLX_FRUpts-0,0.0,-4.42272705032016e-06
FRUpts_FWD_CPLX_FRUpts-0,0.0,-4.827459199067144e-07
FT_REV_g.26658.CDS.1506-MONOMER_mod_mg2(1),0.0,-1.3723149269742968e-06
FT_FWD_g.26658.CDS.1506-MONOMER_mod_mg2(1),0.0,-1.9655859913839469e-38
FTHFCL_REV_g.26658.CDS.476-MONOMER,0.0,1.826068334371203e-05
FTHFCL_FWD_g.26658.CDS.476-MONOMER,0.0,-5.083940504882255e-06
FTHFL_REV_g.26658.CDS.872-MONOMER,0.0,-1.791163045626779e-06
FTHFL_FWD_g.26658.CDS.872-MONOMER,0.0,-1.598145115158357e-06
G16BPS_REV_g.26658.CDS.1322-MONOMER_mod_mg2(1),0.0,-4.563294188494442e-06
G16BPS_FWD_g.26658.CDS.1322-MONOMER_mod_mg2(1),0.0,2.5902436802902254e-39
G1PACT_REV_420889.6.peg.1593-MONOMER,0.0,9.738374491695311e-06
G1PACT_FWD_420889.6.peg.1593-MONOMER,0.0,-1.2462386081329628e-05
G1PTT_REV_g.26658.CDS.575-MONOMER_mod_mg2(1),0.0,1.407403191297124e-05
G1PTT_FWD_g.26658.CDS.575-MONOMER_mod_mg2(1),0.0,-3.965287651342597e-39
G3PAT120_REV_CPLX_G3PAT120-0,0.0,-3.030558515971968e-06
G3PAT120_FWD_CPLX_G3PAT120-0,0.0,5.925610742794751e-39
G3PAT140_REV_CPLX_G3PAT120-0,0.0,-3.030558515971968e-06
G3PAT140_FWD_CPLX_G3PAT120-0,0.0,-1.4390768946787255e-38
G3PAT141_REV_CPLX_G3PAT120-0,0.0,-3.030558515971968e-06
G3PAT141_FWD_CPLX_G3PAT120-0,0.0,-2.6800677517746353e-39
G3PAT160_REV_CPLX_G3PAT120-0,0.0,-3.030558515971968e-06
G3PAT160_FWD_CPLX_G3PAT120-0,0.0,1.2697737305988755e-38
G3PAT161_REV_CPLX_G3PAT120-0,0.0,-3.030558515971968e-06
G3PAT161_FWD_CPLX_G3PAT120-0,0.0,-1.3400338758873178e-38
G3PAT180_REV_CPLX_G3PAT120-0,0.0,-3.030558515971968e-06
G3PAT180_FWD_CPLX_G3PAT120-0,0.006928498204065666,-9.565628770511529e-38
G3PAT181_REV_CPLX_G3PAT120-0,0.0,-3.030558515971968e-06
G3PAT181_FWD_CPLX_G3PAT120-0,0.0,2.1927827059974288e-39
G3PATAI15_REV_CPLX_G3PAT120-0,0.0,-3.030558515971968e-06
G3PATAI15_FWD_CPLX_G3PAT120-0,0.0,-1.1562111726143473e-38
G3PATAI17_REV_CPLX_G3PAT120-0,0.0,-3.030558515971968e-06
G3PATAI17_FWD_CPLX_G3PAT120-0,0.008385749267447134,6.182116617230248e-38
G3PATI14_REV_CPLX_G3PAT120-0,0.0,-3.030558515971968e-06
G3PATI14_FWD_CPLX_G3PAT120-0,0.0,-7.013084161759156e-39
G3PATI15_REV_CPLX_G3PAT120-0,0.0,-3.030558515971968e-06
G3PATI15_FWD_CPLX_G3PAT120-0,0.0,-1.914382433345067e-38
G3PATI16_REV_CPLX_G3PAT120-0,0.0,-3.030558515971968e-06
G3PATI16_FWD_CPLX_G3PAT120-0,0.0,-1.914382433345067e-38
G3PATI17_REV_CPLX_G3PAT120-0,0.0,-3.030558515971968e-06
G3PATI17_FWD_CPLX_G3PAT120-0,0.008385749267447134,5.087129172111976e-38
G3PCT_REV_g.26658.CDS.1723-MONOMER,0.0,-4.61087611751461e-08
G3PCT_FWD_g.26658.CDS.1723-MONOMER,0.10492207656346565,-1.428070195457144e-34
G3PD1_REV_g.26658.CDS.1905-MONOMER,0.14421119426157333,-3.24180432280888e-38
G3PD1_FWD_g.26658.CDS.1905-MONOMER,0.0,-2.8238651925761214e-06
G3PD2_REV_g.26658.CDS.1905-MONOMER,0.0,-2.2792861301697516e-06
G3PD2_FWD_g.26658.CDS.1905-MONOMER,0.0,-5.445790624063699e-07
G3PD5_REV_g.26658.CDS.911-MONOMER_mod_fad(1),0.0,2.3218197703045775e-05
G3PD5_FWD_g.26658.CDS.911-MONOMER_mod_fad(1),0.0,-2.5990446263889683e-05
G3PD6_REV_g.26658.CDS.911-MONOMER_mod_fad(1),0.0,2.3218197703045775e-05
G3PD6_FWD_g.26658.CDS.911-MONOMER_mod_fad(1),0.0,-2.5990446263889683e-05
G3PD7_REV_g.26658.CDS.911-MONOMER_mod_fad(1),0.0,2.4199948907834215e-05
G3PD7_FWD_g.26658.CDS.911-MONOMER_mod_fad(1),0.0,-2.6972197468678123e-05
G3PD8i_REV_g.26658.CDS.911-MONOMER_mod_fad(1),0.0,2.0512408890447867e-05
G3PD8i_FWD_g.26658.CDS.911-MONOMER_mod_fad(1),0.0,-2.3284657451291778e-05
G5SADs_REV_CPLX_dummy,0.0,-1.724037607809463e-06
G5SADs_FWD_CPLX_dummy,0.0,-1.0448823841672758e-39
G5SDr_REV_420889.6.peg.948-MONOMER,0.0,-3.339777959563231e-06
G5SDr_FWD_420889.6.peg.948-MONOMER,0.0,2.6593132312603114e-39
G6PBDH_REV_420889.6.peg.1874-MONOMER,0.0,-1.1107529515644381e-06
G6PBDH_FWD_420889.6.peg.1874-MONOMER,0.0,-2.1246124546616615e-07
G6PDA_REV_g.26658.CDS.1348-MONOMER,0.0,-3.0766196487019354e-06
G6PDA_FWD_g.26658.CDS.1348-MONOMER,1.2887485852993386,2.7173261867757088e-40
G6PDH2r_REV_420889.6.peg.1874-MONOMER,0.0,-1.3232141970306042e-06
G6PDH2r_FWD_420889.6.peg.1874-MONOMER,0.0,1.4334428520279836e-39
G6PI_REV_g.26658.CDS.1126-MONOMER,0.0,-1.3353642899056503e-06
G6PI_FWD_g.26658.CDS.1126-MONOMER,0.0,-9.104417989733179e-07
G6PI3_REV_g.26658.CDS.1126-MONOMER,0.0,-2.245806088878968e-06
G6PI3_FWD_g.26658.CDS.1126-MONOMER,0.0,-3.937055631495872e-40
GALCTD_REV_g.26658.CDS.815-MONOMER_mod_nad(1),0.0,-1.0978936655633412e-06
GALCTD_FWD_g.26658.CDS.815-MONOMER_mod_nad(1),0.0,-1.4984777781264887e-40
GALK_REV_g.26658.CDS.1376-MONOMER_mod_mg2(1),0.0,-2.443471694362316e-06
GALK_FWD_g.26658.CDS.1376-MONOMER_mod_mg2(1),0.0,1.7562074735701645e-39
GALM1r_REV_g.26658.CDS.1568-MONOMER,0.0,0.0
GALM1r_FWD_g.26658.CDS.1568-MONOMER,0.0,-2.0656661695105592e-06
GALT_REV_g.26658.CDS.1527-MONOMER,0.0,-7.076326399962196e-07
GALT_FWD_g.26658.CDS.1527-MONOMER,0.0,-3.145182391625439e-07
GALT_REV_g.26658.CDS.1681-MONOMER,0.0,-3.9311440083367574e-07
GALT_FWD_g.26658.CDS.1681-MONOMER,0.0,-2.8773394447707667e-39
GALTpts_REV_CPLX_GALTpts-0,0.0,-3.0605308964200966e-06
GALTpts_FWD_CPLX_GALTpts-0,0.0,-1.950851449501043e-40
GALU_REV_g.26658.CDS.1104-MONOMER,0.0,-1.920866452976313e-06
GALU_FWD_g.26658.CDS.1104-MONOMER,0.034974025521155215,-4.6971074386878614e-39
GALabc_REV_CPLX_dummy,0.0,1.0764496561297928e-05
GALabc_FWD_CPLX_dummy,0.0,-1.248853416910739e-05
GAMpts_REV_CPLX_GALTpts-0,0.0,-3.0605308964200966e-06
GAMpts_FWD_CPLX_GALTpts-0,0.31497910444020494,-1.8341456632375422e-34
GAPD_REV_420889.6.peg.1891-MONOMER,0.0,-5.855500984501942e-06
GAPD_FWD_420889.6.peg.1891-MONOMER,5.711702289520308,9.616935381833451e-35
GARFTi_REV_420889.6.peg.1163-MONOMER,0.0,-1.2250614783938256e-06
GARFTi_FWD_420889.6.peg.1163-MONOMER,0.0,-3.5778199822297013e-39
GBBTNabc_REV_CPLX_ARSENBabc-0,0.0,5.950248677139386e-06
GBBTNabc_FWD_CPLX_ARSENBabc-0,0.0,5.348658383677885e-40
GCALDt_REV_CPLX_dummy,0.004804607829548406,-1.0016038717143425e-40
GCALDt_FWD_CPLX_dummy,0.0,-1.724037607809463e-06
GCCb_REV_g.26658.CDS.1329-MONOMER,0.0,-1.2250614783938256e-06
GCCb_FWD_g.26658.CDS.1329-MONOMER,0.0,-1.279753474211175e-38
GF6PTA_REV_420889.6.peg.1017-MONOMER,0.0,1.6775443091955246e-06
GF6PTA_FWD_420889.6.peg.1017-MONOMER,0.0,-4.8471505551253366e-06
GGTT_REV_g.26658.CDS.756-MONOMER_mod_mn2(1),0.0,-1.8002513198669849e-06
GGTT_FWD_g.26658.CDS.756-MONOMER_mod_mn2(1),0.0,-2.9376685306028745e-07
GGTT_REV_g.26658.CDS.630-MONOMER_mod_mg2(1),0.0,-1.6022977754737845e-06
GGTT_FWD_g.26658.CDS.630-MONOMER_mod_mg2(1),0.0,-9.581330866708702e-08
GGTT_REV_g.26658.CDS.1520-MONOMER,0.0,-1.5064844668066975e-06
GGTT_FWD_g.26658.CDS.1520-MONOMER,0.0,-1.611659514132045e-38
GGTT_REV_g.26658.CDS.1683-MONOMER,0.0,-1.6303527189673185e-06
GGTT_FWD_g.26658.CDS.1683-MONOMER,0.0,-1.2386825216062095e-07
GGTT_REV_g.26658.CDS.756-MONOMER_mod_mg2(1),0.0,-1.8129132750785719e-06
GGTT_FWD_g.26658.CDS.756-MONOMER_mod_mg2(1),0.0,-3.064288082718743e-07
GHMT2r_REV_420889.6.peg.1500-MONOMER,0.0,-3.381155462039217e-06
GHMT2r_FWD_420889.6.peg.1500-MONOMER,0.019558659704784716,-1.4436035374741276e-34
GK1_REV_g.26658.CDS.1207-MONOMER_mod_mg2(1),0.0,-7.647315631804824e-07
GK1_FWD_g.26658.CDS.1207-MONOMER_mod_mg2(1),0.023140756625221876,-3.979441579840827e-39
GK2_REV_g.26658.CDS.1207-MONOMER_mod_mg2(1),0.0,-7.005091138350103e-07
GK2_FWD_g.26658.CDS.1207-MONOMER_mod_mg2(1),0.0,-6.422244934547205e-08
GLCNt2r_REV_g.26658.CDS.1190-MONOMER,0.0,-3.7275237137591205e-06
GLCNt2r_FWD_g.26658.CDS.1190-MONOMER,0.0,7.498378620910017e-40
GLCP_REV_g.26658.CDS.1523-MONOMER_mod_pydx5p(1),0.0,-1.878754964695214e-06
GLCP_FWD_g.26658.CDS.1523-MONOMER_mod_pydx5p(1),-1.4772179929920634e-51,3.157041691989394e-39
GLCS1_REV_g.26658.CDS.1424-MONOMER,0.0,-1.2129144067483193e-06
GLCS1_FWD_g.26658.CDS.1424-MONOMER,0.0,-2.3801780570181702e-07
GLCabc_REV_g.26658.CDS.702-MONOMER,0.0,1.0731516323423315e-05
GLCabc_FWD_g.26658.CDS.702-MONOMER,0.0,-1.2613213910022517e-05
GLCpts_REV_CPLX_GALTpts-0,0.0,-3.0605308964200966e-06
GLCpts_FWD_CPLX_GALTpts-0,0.14898579,9.746697444979033e-40
GLCpts_REV_g.26658.CDS.145-MONOMER,0.0,-3.1812450398483706e-06
GLCpts_FWD_g.26658.CDS.145-MONOMER,0.0,-1.2071414342827362e-07
GLGC_REV_CPLX_GLGC-0,0.0,7.909094287046568e-06
GLGC_FWD_CPLX_GLGC-0,0.0,-5.257864557285947e-39
GLNS_REV_420889.6.peg.1857-MONOMER_mod_mn2(1),0.0,7.901230994251506e-06
GLNS_FWD_420889.6.peg.1857-MONOMER_mod_mn2(1),0.0,-1.322037911711768e-05
GLNSP1_REV_g.26658.CDS.1682-MONOMER,0.0,-1.8698312569814458e-06
GLNSP1_FWD_g.26658.CDS.1682-MONOMER,0.0,0.0
GLNSP2_REV_g.26658.CDS.1682-MONOMER,0.0,-1.8698312569814458e-06
GLNSP2_FWD_g.26658.CDS.1682-MONOMER,0.0,0.0
GLNSP3_REV_g.26658.CDS.1682-MONOMER,0.0,-1.8698312569814458e-06
GLNSP3_FWD_g.26658.CDS.1682-MONOMER,0.0,-2.658707101782062e-38
GLNt2r_REV_CPLX_dummy,0.0,-1.724037607809463e-06
GLNt2r_FWD_CPLX_dummy,0.027752694927405824,1.1362144892948213e-40
GLU5K_REV_420889.6.peg.947-MONOMER_mod_mg2(1),0.0,-2.8696818544013084e-06
GLU5K_FWD_420889.6.peg.947-MONOMER_mod_mg2(1),0.0,-6.640111243267317e-40
GLUCYS_REV_g.26658.CDS.125-MONOMER_mod_mg2(1),0.0,-1.4277719842779671e-06
GLUCYS_FWD_g.26658.CDS.125-MONOMER_mod_mg2(1),0.0016015359431828021,5.180643604173101e-39
GLUFORT_REV_g.26658.CDS.1091-MONOMER_mod_mg2(1)_mod_k(1),0.0,-2.2427008867179246e-06
GLUFORT_FWD_g.26658.CDS.1091-MONOMER_mod_mg2(1)_mod_k(1),0.0,5.128573659186501e-39
GLUPRT_REV_420889.6.peg.1165-MONOMER,0.0,-2.5139313220762424e-06
GLUPRT_FWD_420889.6.peg.1165-MONOMER,0.0,-7.057367605844726e-39
GLUR_REV_420889.6.peg.1038-MONOMER,0.0,-2.4078761389951717e-06
GLUR_FWD_420889.6.peg.1038-MONOMER,0.0,3.5522876564988396e-40
GLUTRS_REV_g.26658.CDS.64-MONOMER_mod_mg2(1)_mod_zn2(1),0.0,-0.2409896271259633
GLUTRS_FWD_g.26658.CDS.64-MONOMER_mod_mg2(1)_mod_zn2(1),0.0,0.0
GLUt2r_REV_CPLX_dummy,0.0,-1.724037607809463e-06
GLUt2r_FWD_CPLX_dummy,0.11006321763719541,-5.515441319711796e-40
GLYASN1c_REV_g.26658.CDS.1534-MONOMER,0.0,-1.7987486339834135e-06
GLYASN1c_FWD_g.26658.CDS.1534-MONOMER,3.904350755497873e-24,4.387769665354766e-40
GLYASN1c_REV_g.26658.CDS.1555-MONOMER_mod_fe2(2),0.0,-1.8086538803504105e-06
GLYASN1c_FWD_g.26658.CDS.1555-MONOMER_mod_fe2(2),0.0,-9.905246366997145e-09
GLYASN1c_REV_g.26658.CDS.553-MONOMER,0.0,-2.152178705884359e-06
GLYASN1c_FWD_g.26658.CDS.553-MONOMER,0.0,-3.534300719009458e-07
GLYASNabc_REV_g.26658.CDS.582-MONOMER,0.0,-1.9060998477972027e-06
GLYASNabc_FWD_g.26658.CDS.582-MONOMER,0.0,-4.4932888360620357e-07
GLYASNabc_REV_g.26658.CDS.462-MONOMER,0.0,-1.456770964190999e-06
GLYASNabc_FWD_g.26658.CDS.462-MONOMER,3.904350755497873e-24,8.757197329854512e-39
GLYASNabc_REV_g.26658.CDS.811-MONOMER,0.0,-2.2136491700413646e-06
GLYASNabc_FWD_g.26658.CDS.811-MONOMER,0.0,-7.568782058503657e-07
GLYASNabc_REV_g.26658.CDS.196-MONOMER,0.0,-1.5045880948158526e-06
GLYASNabc_FWD_g.26658.CDS.196-MONOMER,0.0,-4.7817130624853623e-08
GLYASP1c_REV_g.26658.CDS.1534-MONOMER,0.0,-1.7987486339834135e-06
GLYASP1c_FWD_g.26658.CDS.1534-MONOMER,3.738821364644618e-24,-2.0637680825065176e-39
GLYASP1c_REV_g.26658.CDS.1555-MONOMER_mod_fe2(2),0.0,-1.8086538803504105e-06
GLYASP1c_FWD_g.26658.CDS.1555-MONOMER_mod_fe2(2),0.0,-9.905246366997145e-09
GLYASP1c_REV_g.26658.CDS.553-MONOMER,0.0,-2.152178705884359e-06
GLYASP1c_FWD_g.26658.CDS.553-MONOMER,0.0,-3.534300719009458e-07
GLYASPabc_REV_g.26658.CDS.582-MONOMER,0.0,-1.9060998477972027e-06
GLYASPabc_FWD_g.26658.CDS.582-MONOMER,0.0,-4.4932888360620357e-07
GLYASPabc_REV_g.26658.CDS.462-MONOMER,0.0,-1.456770964190999e-06
GLYASPabc_FWD_g.26658.CDS.462-MONOMER,4.7246333976759734e-24,1.4451792580722985e-34
GLYASPabc_REV_g.26658.CDS.811-MONOMER,0.0,-2.2136491700413646e-06
GLYASPabc_FWD_g.26658.CDS.811-MONOMER,0.0,-7.568782058503657e-07
GLYASPabc_REV_g.26658.CDS.196-MONOMER,0.0,-1.5045880948158526e-06
GLYASPabc_FWD_g.26658.CDS.196-MONOMER,0.0,-4.7817130624853623e-08
GLYAT_REV_420889.6.peg.1778-MONOMER_mod_pydx5p(1),0.0,1.927852259856844e-39
GLYAT_FWD_420889.6.peg.1778-MONOMER_mod_pydx5p(1),0.0,-3.5503510217178897e-06
GLYBabc_REV_g.26658.CDS.78-MONOMER,0.0,1.5282467095852367e-05
GLYBabc_FWD_g.26658.CDS.78-MONOMER,0.0,1.3851620737586506e-39
GLYBabc_REV_CPLX_ARSENBabc-0,0.0,1.0616357886495876e-05
GLYBabc_FWD_CPLX_ARSENBabc-0,0.0,-4.6661092093564915e-06
GLYBabc_REV_g.26658.CDS.1331-MONOMER,0.0,6.502610398782789e-06
GLYBabc_FWD_g.26658.CDS.1331-MONOMER,0.0,-8.779856697069579e-06
GLYBabc_REV_g.26658.CDS.1420-MONOMER,0.0,6.8916766833089475e-06
GLYBabc_FWD_g.26658.CDS.1420-MONOMER,0.0,-8.390790412543421e-06
GLYCK2_REV_g.26658.CDS.351-MONOMER_mod_mg2(1),0.0,1.9509497422560206e-05
GLYCK2_FWD_g.26658.CDS.351-MONOMER_mod_mg2(1),-8.473967340294069e-57,0.0
GLYCK2_REV_g.26658.CDS.351-MONOMER_mod_zn2(1),0.0,-0.06624239339949411
GLYCK2_FWD_g.26658.CDS.351-MONOMER_mod_zn2(1),0.0,-0.06626190289691668
GLYCL_REV_g.26658.CDS.1329-MONOMER,0.0,4.551359320418456e-06
GLYCL_FWD_g.26658.CDS.1329-MONOMER,0.0,-5.7764207988122814e-06
GLYCYSabc_REV_g.26658.CDS.582-MONOMER,0.0,-1.9060998477972027e-06
GLYCYSabc_FWD_g.26658.CDS.582-MONOMER,0.0,-4.4932888360620357e-07
GLYCYSabc_REV_g.26658.CDS.462-MONOMER,0.0,-1.456770964190999e-06
GLYCYSabc_FWD_g.26658.CDS.462-MONOMER,0.0,-2.4520152523592635e-39
GLYCYSabc_REV_g.26658.CDS.811-MONOMER,0.0,-2.2136491700413646e-06
GLYCYSabc_FWD_g.26658.CDS.811-MONOMER,0.0,-7.568782058503657e-07
GLYCYSabc_REV_g.26658.CDS.196-MONOMER,0.0,-1.5045880948158526e-06
GLYCYSabc_FWD_g.26658.CDS.196-MONOMER,0.0,-4.7817130624853623e-08
GLYCt_REV_g.26658.CDS.515-MONOMER,0.0,-3.6997846653264167e-06
GLYCt_FWD_g.26658.CDS.515-MONOMER,0.0,-7.342751247876578e-07
GLYCt_REV_g.26658.CDS.764-MONOMER,0.0,-2.965509540538759e-06
GLYCt_FWD_g.26658.CDS.764-MONOMER,0.3031679436530493,-2.6707630154390395e-40
GLYGLN1c_REV_g.26658.CDS.1534-MONOMER,0.0,-1.7987486339834135e-06
GLYGLN1c_FWD_g.26658.CDS.1534-MONOMER,3.984606683648969e-24,1.6972974857122465e-39
GLYGLN1c_REV_g.26658.CDS.1555-MONOMER_mod_fe2(2),0.0,-1.8086538803504105e-06
GLYGLN1c_FWD_g.26658.CDS.1555-MONOMER_mod_fe2(2),0.0,-9.905246366997145e-09
GLYGLN1c_REV_g.26658.CDS.553-MONOMER,0.0,-2.152178705884359e-06
GLYGLN1c_FWD_g.26658.CDS.553-MONOMER,0.0,-3.534300719009458e-07
GLYGLNabc_REV_g.26658.CDS.582-MONOMER,0.0,-1.9060998477972027e-06
GLYGLNabc_FWD_g.26658.CDS.582-MONOMER,0.0,-4.4932888360620357e-07
GLYGLNabc_REV_g.26658.CDS.462-MONOMER,0.0,-1.456770964190999e-06
GLYGLNabc_FWD_g.26658.CDS.462-MONOMER,3.984606683648969e-24,8.757197329854512e-39
GLYGLNabc_REV_g.26658.CDS.811-MONOMER,0.0,-2.2136491700413646e-06
GLYGLNabc_FWD_g.26658.CDS.811-MONOMER,0.0,-7.568782058503657e-07
GLYGLNabc_REV_g.26658.CDS.196-MONOMER,0.0,-1.5045880948158526e-06
GLYGLNabc_FWD_g.26658.CDS.196-MONOMER,0.0,-4.7817130624853623e-08
GLYGLU1c_REV_g.26658.CDS.1534-MONOMER,0.0,-1.7987486339834135e-06
GLYGLU1c_FWD_g.26658.CDS.1534-MONOMER,3.738821364644618e-24,1.2382608495039106e-39
GLYGLU1c_REV_g.26658.CDS.1555-MONOMER_mod_fe2(2),0.0,-1.8086538803504105e-06
GLYGLU1c_FWD_g.26658.CDS.1555-MONOMER_mod_fe2(2),0.0,-9.905246366997145e-09
GLYGLU1c_REV_g.26658.CDS.553-MONOMER,0.0,-2.152178705884359e-06
GLYGLU1c_FWD_g.26658.CDS.553-MONOMER,0.0,-3.534300719009458e-07
GLYGLUabc_REV_g.26658.CDS.582-MONOMER,0.0,-1.9060998477972027e-06
GLYGLUabc_FWD_g.26658.CDS.582-MONOMER,0.0,-4.4932888360620357e-07
GLYGLUabc_REV_g.26658.CDS.462-MONOMER,0.0,-1.456770964190999e-06
GLYGLUabc_FWD_g.26658.CDS.462-MONOMER,3.738821364644618e-24,8.757197329854512e-39
GLYGLUabc_REV_g.26658.CDS.811-MONOMER,0.0,-2.2136491700413646e-06
GLYGLUabc_FWD_g.26658.CDS.811-MONOMER,0.0,-7.568782058503657e-07
GLYGLUabc_REV_g.26658.CDS.196-MONOMER,0.0,-1.5045880948158526e-06
GLYGLUabc_FWD_g.26658.CDS.196-MONOMER,0.0,-4.7817130624853623e-08
GLYK_REV_g.26658.CDS.1862-MONOMER,0.0,-6.012009688556726e-09
GLYK_FWD_g.26658.CDS.1862-MONOMER,0.0,-2.4468588989742374e-06
GLYK_REV_g.26658.CDS.176-MONOMER_mod_mg2(1),0.0,-3.1865944319275745e-07
GLYK_FWD_g.26658.CDS.176-MONOMER_mod_mg2(1),0.0,-2.7595063324784378e-06
GLYK_REV_g.26658.CDS.176-MONOMER_mod_mn2(1),0.0,-3.157640602573282e-07
GLYK_FWD_g.26658.CDS.176-MONOMER_mod_mn2(1),0.0,-2.7566109495430085e-06
GLYLEUHYDROc_REV_g.26658.CDS.1534-MONOMER,0.0,-1.7987486339834135e-06
GLYLEUHYDROc_FWD_g.26658.CDS.1534-MONOMER,0.0,2.1127796759823837e-39
GLYLEUHYDROc_REV_g.26658.CDS.1555-MONOMER_mod_fe2(2),0.0,-1.8086538803504105e-06
GLYLEUHYDROc_FWD_g.26658.CDS.1555-MONOMER_mod_fe2(2),0.0,-9.905246366997145e-09
GLYLEUHYDROc_REV_g.26658.CDS.553-MONOMER,0.0,-2.152178705884359e-06
GLYLEUHYDROc_FWD_g.26658.CDS.553-MONOMER,0.0,-3.534300719009458e-07
GLYLEUPEPT1tc_REV_g.26658.CDS.582-MONOMER,0.0,-1.9060998477972027e-06
GLYLEUPEPT1tc_FWD_g.26658.CDS.582-MONOMER,0.0,-4.4932888360620357e-07
GLYLEUPEPT1tc_REV_g.26658.CDS.462-MONOMER,0.0,-1.456770964190999e-06
GLYLEUPEPT1tc_FWD_g.26658.CDS.462-MONOMER,0.0,4.036115517193444e-40
GLYLEUPEPT1tc_REV_g.26658.CDS.811-MONOMER,0.0,-2.2136491700413646e-06
GLYLEUPEPT1tc_FWD_g.26658.CDS.811-MONOMER,0.0,-7.568782058503657e-07
GLYLEUPEPT1tc_REV_g.26658.CDS.196-MONOMER,0.0,-1.5045880948158526e-06
GLYLEUPEPT1tc_FWD_g.26658.CDS.196-MONOMER,0.0,-4.7817130624853623e-08
GLYMET1c_REV_g.26658.CDS.1534-MONOMER,0.0,-1.7987486339834135e-06
GLYMET1c_FWD_g.26658.CDS.1534-MONOMER,4.643330263593274e-24,-1.8319734870846457e-39
GLYMET1c_REV_g.26658.CDS.1555-MONOMER_mod_fe2(2),0.0,-1.8086538803504105e-06
GLYMET1c_FWD_g.26658.CDS.1555-MONOMER_mod_fe2(2),0.0,-9.905246366997145e-09
GLYMET1c_REV_g.26658.CDS.553-MONOMER,0.0,-2.152178705884359e-06
GLYMET1c_FWD_g.26658.CDS.553-MONOMER,0.0,-3.534300719009458e-07
GLYMETabc_REV_g.26658.CDS.582-MONOMER,0.0,-1.9060998477972027e-06
GLYMETabc_FWD_g.26658.CDS.582-MONOMER,0.0,-4.4932888360620357e-07
GLYMETabc_REV_g.26658.CDS.462-MONOMER,0.0,-1.456770964190999e-06
GLYMETabc_FWD_g.26658.CDS.462-MONOMER,4.643330263593274e-24,3.1525910387476244e-39
GLYMETabc_REV_g.26658.CDS.811-MONOMER,0.0,-2.2136491700413646e-06
GLYMETabc_FWD_g.26658.CDS.811-MONOMER,0.0,-7.568782058503657e-07
GLYMETabc_REV_g.26658.CDS.196-MONOMER,0.0,-1.5045880948158526e-06
GLYMETabc_FWD_g.26658.CDS.196-MONOMER,0.0,-4.7817130624853623e-08
GLYOX_REV_g.26658.CDS.407-MONOMER,0.0,1.3150333312283267e-05
GLYOX_FWD_g.26658.CDS.407-MONOMER,0.0,3.0701056250689635e-39
GLYPHEHYc_REV_g.26658.CDS.1534-MONOMER,0.0,-1.7987486339834135e-06
GLYPHEHYc_FWD_g.26658.CDS.1534-MONOMER,3.9095580224424534e-24,1.7585958388843617e-39
GLYPHEHYc_REV_g.26658.CDS.1555-MONOMER_mod_fe2(2),0.0,-1.8086538803504105e-06
GLYPHEHYc_FWD_g.26658.CDS.1555-MONOMER_mod_fe2(2),0.0,-9.905246366997145e-09
GLYPHEHYc_REV_g.26658.CDS.553-MONOMER,0.0,-2.152178705884359e-06
GLYPHEHYc_FWD_g.26658.CDS.553-MONOMER,0.0,-3.534300719009458e-07
GLYPHEabc_REV_g.26658.CDS.582-MONOMER,0.0,-1.9060998477972027e-06
GLYPHEabc_FWD_g.26658.CDS.582-MONOMER,0.0,-4.4932888360620357e-07
GLYPHEabc_REV_g.26658.CDS.462-MONOMER,0.0,-1.456770964190999e-06
GLYPHEabc_FWD_g.26658.CDS.462-MONOMER,3.9095580224424534e-24,8.757197329854512e-39
GLYPHEabc_REV_g.26658.CDS.811-MONOMER,0.0,-2.2136491700413646e-06
GLYPHEabc_FWD_g.26658.CDS.811-MONOMER,0.0,-7.568782058503657e-07
GLYPHEabc_REV_g.26658.CDS.196-MONOMER,0.0,-1.5045880948158526e-06
GLYPHEabc_FWD_g.26658.CDS.196-MONOMER,0.0,-4.7817130624853623e-08
GLYPROPRO1c_REV_g.26658.CDS.1534-MONOMER,0.0,-1.7987486339834135e-06
GLYPROPRO1c_FWD_g.26658.CDS.1534-MONOMER,4.299119245716159e-24,-4.0023206221264195e-39
GLYPROPRO1c_REV_g.26658.CDS.1555-MONOMER_mod_fe2(2),0.0,-1.8086538803504105e-06
GLYPROPRO1c_FWD_g.26658.CDS.1555-MONOMER_mod_fe2(2),0.0,-9.905246366997145e-09
GLYPROPRO1c_REV_g.26658.CDS.553-MONOMER,0.0,-2.152178705884359e-06
GLYPROPRO1c_FWD_g.26658.CDS.553-MONOMER,0.0,-3.534300719009458e-07
GLYPROabc_REV_g.26658.CDS.582-MONOMER,0.0,-1.9060998477972027e-06
GLYPROabc_FWD_g.26658.CDS.582-MONOMER,0.0,-4.4932888360620357e-07
GLYPROabc_REV_g.26658.CDS.462-MONOMER,0.0,-1.456770964190999e-06
GLYPROabc_FWD_g.26658.CDS.462-MONOMER,4.299119245716159e-24,3.1525910387476244e-39
GLYPROabc_REV_g.26658.CDS.811-MONOMER,0.0,-2.2136491700413646e-06
GLYPROabc_FWD_g.26658.CDS.811-MONOMER,0.0,-7.568782058503657e-07
GLYPROabc_REV_g.26658.CDS.196-MONOMER,0.0,-1.5045880948158526e-06
GLYPROabc_FWD_g.26658.CDS.196-MONOMER,0.0,-4.7817130624853623e-08
GLYTYR1c_REV_g.26658.CDS.1534-MONOMER,0.0,-1.7987486339834135e-06
GLYTYR1c_FWD_g.26658.CDS.1534-MONOMER,4.1078748516270075e-24,-1.1891230827565456e-39
GLYTYR1c_REV_g.26658.CDS.1555-MONOMER_mod_fe2(2),0.0,-1.8086538803504105e-06
GLYTYR1c_FWD_g.26658.CDS.1555-MONOMER_mod_fe2(2),0.0,-9.905246366997145e-09
GLYTYR1c_REV_g.26658.CDS.553-MONOMER,0.0,-2.152178705884359e-06
GLYTYR1c_FWD_g.26658.CDS.553-MONOMER,0.0,-3.534300719009458e-07
GLYTYRabc_REV_g.26658.CDS.582-MONOMER,0.0,-1.9060998477972027e-06
GLYTYRabc_FWD_g.26658.CDS.582-MONOMER,0.0,-4.4932888360620357e-07
GLYTYRabc_REV_g.26658.CDS.462-MONOMER,0.0,-1.456770964190999e-06
GLYTYRabc_FWD_g.26658.CDS.462-MONOMER,4.1078748516270075e-24,3.1525910387476244e-39
GLYTYRabc_REV_g.26658.CDS.811-MONOMER,0.0,-2.2136491700413646e-06
GLYTYRabc_FWD_g.26658.CDS.811-MONOMER,0.0,-7.568782058503657e-07
GLYTYRabc_REV_g.26658.CDS.196-MONOMER,0.0,-1.5045880948158526e-06
GLYTYRabc_FWD_g.26658.CDS.196-MONOMER,0.0,-4.7817130624853623e-08
GLYt2r_REV_g.26658.CDS.761-MONOMER,0.0,-2.4113684697625835e-06
GLYt2r_FWD_g.26658.CDS.761-MONOMER,0.0,-3.946748967528229e-08
GLYt2r_REV_g.26658.CDS.1174-MONOMER,0.0,-2.371900980087301e-06
GLYt2r_FWD_g.26658.CDS.1174-MONOMER,0.03650972190429532,-7.744520929416723e-40
GMPR_REV_g.26658.CDS.504-MONOMER,0.0,-3.021247375461327e-06
GMPR_FWD_g.26658.CDS.504-MONOMER,0.09694032582075163,5.113633569915095e-39
GMPS2_REV_420889.6.peg.1148-MONOMER,0.0,1.5533720977225945e-05
GMPS2_FWD_420889.6.peg.1148-MONOMER,0.0,-1.7713944326659168e-05
GND_REV_420889.6.peg.1485-MONOMER,0.0,3.191508824639284e-06
GND_FWD_420889.6.peg.1485-MONOMER,0.0,-5.398944276959544e-06
GND_REV_420889.6.peg.1242-MONOMER,0.0,3.1206598264093505e-06
GND_FWD_420889.6.peg.1242-MONOMER,0.0,-5.469793275189476e-06
GND2_REV_g.26658.CDS.1432-MONOMER,0.0,5.399945956579102e-06
GND2_FWD_g.26658.CDS.1432-MONOMER,0.0,-7.749079405359229e-06
GND2_REV_g.26658.CDS.1633-MONOMER,0.0,4.7488835296955515e-06
GND2_FWD_g.26658.CDS.1633-MONOMER,0.0,-8.40014183224278e-06
GNK_REV_g.26658.CDS.1105-MONOMER_mod_mg2(1),0.0,-2.6429348269599298e-06
GNK_FWD_g.26658.CDS.1105-MONOMER_mod_mg2(1),0.0,3.847791501056442e-39
GPDDA1_REV_g.26658.CDS.678-MONOMER_mod_mg2(1),0.0,1.4167703779423343e-05
GPDDA1_FWD_g.26658.CDS.678-MONOMER_mod_mg2(1),0.0,1.146877681767396e-39
GPDDA1_REV_g.26658.CDS.1597-MONOMER,0.0,6.434183848370347e-06
GPDDA1_FWD_g.26658.CDS.1597-MONOMER,0.0,-7.733519931052995e-06
GPDDA2_REV_g.26658.CDS.678-MONOMER_mod_mg2(1),0.0,1.4167703779423343e-05
GPDDA2_FWD_g.26658.CDS.678-MONOMER_mod_mg2(1),0.0,1.146877681767396e-39
GPDDA2_REV_g.26658.CDS.1597-MONOMER,0.0,6.434183848370347e-06
GPDDA2_FWD_g.26658.CDS.1597-MONOMER,0.0,-7.733519931052995e-06
GPDDA4_REV_g.26658.CDS.678-MONOMER_mod_mg2(1),0.0,1.4167703779423343e-05
GPDDA4_FWD_g.26658.CDS.678-MONOMER_mod_mg2(1),0.0,1.146877681767396e-39
GPDDA4_REV_g.26658.CDS.1597-MONOMER,0.0,6.434183848370347e-06
GPDDA4_FWD_g.26658.CDS.1597-MONOMER,0.0,-7.733519931052995e-06
GRTT_REV_g.26658.CDS.756-MONOMER_mod_mn2(1),0.0,-2.0940181729272724e-06
GRTT_FWD_g.26658.CDS.756-MONOMER_mod_mn2(1),0.0003643127658453669,7.964520455243472e-39
GRTT_REV_g.26658.CDS.756-MONOMER_mod_mg2(1),0.0,-2.106680128138859e-06
GRTT_FWD_g.26658.CDS.756-MONOMER_mod_mg2(1),0.0,-1.2661955211586893e-08
GTHP_REV_g.26658.CDS.22-MONOMER,0.0,8.003377000154527e-05
GTHP_FWD_g.26658.CDS.22-MONOMER,0.0,-8.082960504207138e-05
GTHS_REV_g.26658.CDS.125-MONOMER_mod_mg2(1),0.0,-1.4277719842779671e-06
GTHS_FWD_g.26658.CDS.125-MONOMER_mod_mg2(1),0.0016015359431828021,-3.4623619236798617e-39
GTPCI_REV_420889.6.peg.1022-MONOMER,0.0,-1.1336328540211263e-06
GTPCI_FWD_420889.6.peg.1022-MONOMER,0.004804607829548406,-8.14416666994035e-40
GTPDPK_REV_g.26658.CDS.88-MONOMER_mod_mn2(1),0.0,6.143241233233231e-06
GTPDPK_FWD_g.26658.CDS.88-MONOMER_mod_mn2(1),0.0,-7.848765702911925e-06
GTPDPK_REV_g.26658.CDS.381-MONOMER,0.0,6.749501968828086e-06
GTPDPK_FWD_g.26658.CDS.381-MONOMER,0.0,-7.24250496731707e-06
GTPDPK_REV_g.26658.CDS.908-MONOMER,0.0,1.3992006936145158e-05
GTPDPK_FWD_g.26658.CDS.908-MONOMER,0.0,-1.748272549944409e-39
GUAD_REV_g.26658.CDS.1503-MONOMER,0.0,-1.219001339360584e-06
GUAD_FWD_g.26658.CDS.1503-MONOMER,0.0,-1.740434989586417e-39
GUAPRT_REV_g.26658.CDS.384-MONOMER,0.0,-1.4484112404197242e-06
GUAPRT_FWD_g.26658.CDS.384-MONOMER,0.11092310335604741,-6.562961423182407e-39
GUAt_REV_CPLX_dummy,0.8815156860440275,-1.0016038717143425e-40
GUAt_FWD_CPLX_dummy,0.0,-1.724037607809463e-06
GUAt2_REV_CPLX_dummy,0.0,6.981826737155667e-06
GUAt2_FWD_CPLX_dummy,0.0,-8.70586434496513e-06
H2CO3D_REV_CPLX_dummy,0.0,-1.724037607809463e-06
H2CO3D_FWD_CPLX_dummy,0.265858557965486,-3.194061144419255e-40
H2Ot_REV_CPLX_dummy,0.0,-1.724037607809463e-06
H2Ot_FWD_CPLX_dummy,8.363395685473876,0.0
HDG3PACT_REV_CPLX_G3PAT120-0,0.0,-3.030558515971968e-06
HDG3PACT_FWD_CPLX_G3PAT120-0,0.0,2.1671626517965814e-38
HEMEti_REV_CPLX_dummy,0.0,-1.724037607809463e-06
HEMEti_FWD_CPLX_dummy,0.0016015359431828021,1.7932471163885954e-39
HETT_REV_g.26658.CDS.756-MONOMER_mod_mn2(1),0.0,-2.0940181729272724e-06
HETT_FWD_g.26658.CDS.756-MONOMER_mod_mn2(1),0.0,1.3589828712822646e-39
HETT_REV_g.26658.CDS.756-MONOMER_mod_mg2(1),0.0,-2.106680128138859e-06
HETT_FWD_g.26658.CDS.756-MONOMER_mod_mg2(1),0.0,-1.2661955211586893e-08
HEX1_REV_420889.6.peg.1707-MONOMER,0.0,-1.5777804327180792e-07
HEX1_FWD_420889.6.peg.1707-MONOMER,0.0,-3.4585270741919175e-06
HEX4_REV_CPLX_dummy,0.0,-1.724037607809463e-06
HEX4_FWD_CPLX_dummy,0.0,3.293482877725436e-39
HEX7_REV_CPLX_dummy,0.0,5.75894466089157e-07
HEX7_FWD_CPLX_dummy,0.0,-2.29993207389862e-06
HEXTT_REV_g.26658.CDS.756-MONOMER_mod_mn2(1),0.0,3.506988098416785e-07
HEXTT_FWD_g.26658.CDS.756-MONOMER_mod_mn2(1),0.0,-2.444716982768951e-06
HEXTT_REV_CPLX_HEXTT-0,0.0,4.797019811147636e-07
HEXTT_FWD_CPLX_HEXTT-0,0.0,-2.3157138114958657e-06
HEXTT_REV_CPLX_HEXTT-1,0.0,4.5301830383262407e-07
HEXTT_FWD_CPLX_HEXTT-1,0.0,-2.3423974887780053e-06
HEXTT_REV_g.26658.CDS.756-MONOMER_mod_mg2(1),0.0,3.380368546300916e-07
HEXTT_FWD_g.26658.CDS.756-MONOMER_mod_mg2(1),0.0,-2.4573789379805377e-06
HEXb_REV_g.26658.CDS.1849-MONOMER,0.0,6.625937960173056e-07
HEXb_FWD_g.26658.CDS.1849-MONOMER,0.0,-4.278898913481031e-06
HG2abc_REV_g.26658.CDS.813-MONOMER,0.0,-3.257730236031628e-06
HG2abc_FWD_g.26658.CDS.813-MONOMER,0.0,-5.4389504602489776e-39
HG2abc_REV_g.26658.CDS.559-MONOMER,0.0,-3.3520348870683546e-06
HG2abc_FWD_g.26658.CDS.559-MONOMER,0.0,-9.430465103672673e-08
HG2abc_REV_g.26658.CDS.291-MONOMER,0.0,-3.5173806649481324e-06
HG2abc_FWD_g.26658.CDS.291-MONOMER,0.0,-2.596504289165046e-07
HG2abc_REV_g.26658.CDS.36-MONOMER,0.0,-3.2923605167528835e-06
HG2abc_FWD_g.26658.CDS.36-MONOMER,0.0,-3.463028072125555e-08
HISt2r_REV_CPLX_dummy,0.0,-1.724037607809463e-06
HISt2r_FWD_CPLX_dummy,0.02636269243232492,1.1267006885510738e-39
HMGCOARxi_REV_g.26658.CDS.1885-MONOMER,0.0,1.2063027621370173e-05
HMGCOARxi_FWD_g.26658.CDS.1885-MONOMER,0.0,-1.443939196762944e-05
HMGCOAS_REV_g.26658.CDS.1470-MONOMER,0.0,1.2019272964954005e-40
HMGCOAS_FWD_g.26658.CDS.1470-MONOMER,0.0,-2.053057762066514e-06
HPPK2_REV_CPLX_dummy,0.0,1.4753127057972817e-05
HPPK2_FWD_CPLX_dummy,0.0,-1.647716466578228e-05
HXPRT_REV_g.26658.CDS.384-MONOMER,0.0,-1.4484112404197242e-06
HXPRT_FWD_g.26658.CDS.384-MONOMER,0.0,-2.74668492628574e-39
HYD1_REV_g.26658.CDS.1655-MONOMER,0.0,1.6189443950948727e-05
HYD1_FWD_g.26658.CDS.1655-MONOMER,0.0,0.0
HYPSUCORNS_REV_CPLX_dummy,0.0,-1.724037607809463e-06
HYPSUCORNS_FWD_CPLX_dummy,0.0,-1.0448823841672758e-39
HYXNti_REV_g.26658.CDS.37-MONOMER,0.0,7.095366395309267e-06
HYXNti_FWD_g.26658.CDS.37-MONOMER,0.0,-1.0782416099617276e-05
IAHDGK_REV_g.26658.CDS.835-MONOMER_mod_cd2(1)_mod_zn2(1)_mod_mg2(1)_mod_mn2(1)_mod_cobalt2(1),0.0,-0.12307149070814696
IAHDGK_FWD_g.26658.CDS.835-MONOMER_mod_cd2(1)_mod_zn2(1)_mod_mg2(1)_mod_mn2(1)_mod_cobalt2(1),0.0,-0.12309778443108177
IAPDGK_REV_g.26658.CDS.835-MONOMER_mod_cd2(1)_mod_zn2(1)_mod_mg2(1)_mod_mn2(1)_mod_cobalt2(1),0.0,-0.24616927513922873
IAPDGK_FWD_g.26658.CDS.835-MONOMER_mod_cd2(1)_mod_zn2(1)_mod_mg2(1)_mod_mn2(1)_mod_cobalt2(1),0.0,0.0
IBCOATA_REV_g.26658.CDS.414-MONOMER,0.0,7.571979742769562e-39
IBCOATA_FWD_g.26658.CDS.414-MONOMER,0.0,-2.38228438710816e-06
ICHORS_REV_CPLX_dummy,0.0,-1.724037607809463e-06
ICHORS_FWD_CPLX_dummy,0.0,-9.133289298952194e-41
IHDCOATA_REV_g.26658.CDS.414-MONOMER,0.0,1.5626208979556759e-38
IHDCOATA_FWD_g.26658.CDS.414-MONOMER,0.0,-2.38228438710816e-06
IHDGK_REV_g.26658.CDS.835-MONOMER_mod_cd2(1)_mod_zn2(1)_mod_mg2(1)_mod_mn2(1)_mod_cobalt2(1),0.0,-0.12307149070814696
IHDGK_FWD_g.26658.CDS.835-MONOMER_mod_cd2(1)_mod_zn2(1)_mod_mg2(1)_mod_mn2(1)_mod_cobalt2(1),0.0,-0.12309778443108177
IHDUDPG_REV_CPLX_dummy,0.0,-1.724037607809463e-06
IHDUDPG_FWD_CPLX_dummy,0.0014572510633814675,-5.708872001342656e-38
IHDUDPMG_REV_CPLX_dummy,0.0,-1.724037607809463e-06
IHDUDPMG_FWD_CPLX_dummy,0.0014572510633814675,7.940608348322977e-38
IHPDCOATA_REV_g.26658.CDS.414-MONOMER,0.0,-2.38228438710816e-06
IHPDCOATA_FWD_g.26658.CDS.414-MONOMER,0.016771498534894267,-1.5383942173672158e-38
IHXDGK_REV_g.26658.CDS.835-MONOMER_mod_cd2(1)_mod_zn2(1)_mod_mg2(1)_mod_mn2(1)_mod_cobalt2(1),0.0,-0.24616927513922873
IHXDGK_FWD_g.26658.CDS.835-MONOMER_mod_cd2(1)_mod_zn2(1)_mod_mg2(1)_mod_mn2(1)_mod_cobalt2(1),0.0,1.7191786672335178e-35
ILETA_REV_420889.6.peg.1040-MONOMER,0.06302689425319011,5.2346406034893375e-34
ILETA_FWD_420889.6.peg.1040-MONOMER,0.0,-2.192155239833824e-06
IMPC_REV_420889.6.peg.1162-MONOMER,0.0,3.326764714800694e-40
IMPC_FWD_420889.6.peg.1162-MONOMER,0.0,-2.612860789611993e-06
IMPD_REV_420889.6.peg.133-MONOMER,0.0,3.0030724752266557e-06
IMPD_FWD_420889.6.peg.133-MONOMER,0.0,-6.254568302053039e-06
IPDCOATA_REV_g.26658.CDS.414-MONOMER,0.0,-1.5383942173672158e-38
IPDCOATA_FWD_g.26658.CDS.414-MONOMER,0.0,-2.38228438710816e-06
IPDDI_REV_g.26658.CDS.546-MONOMER,0.0036431276584536687,-7.884389648685266e-40
IPDDI_FWD_g.26658.CDS.546-MONOMER,0.0,-2.0067567260998782e-06
IPDGK_REV_g.26658.CDS.835-MONOMER_mod_cd2(1)_mod_zn2(1)_mod_mg2(1)_mod_mn2(1)_mod_cobalt2(1),0.0,-0.24616927513922873
IPDGK_FWD_g.26658.CDS.835-MONOMER_mod_cd2(1)_mod_zn2(1)_mod_mg2(1)_mod_mn2(1)_mod_cobalt2(1),0.0,1.7191786672335178e-35
ITDCOATA_REV_g.26658.CDS.414-MONOMER,0.0,3.997402297095915e-39
ITDCOATA_FWD_g.26658.CDS.414-MONOMER,0.0,-2.38228438710816e-06
ITDGK_REV_g.26658.CDS.835-MONOMER_mod_cd2(1)_mod_zn2(1)_mod_mg2(1)_mod_mn2(1)_mod_cobalt2(1),0.0,-0.24616927513922873
ITDGK_FWD_g.26658.CDS.835-MONOMER_mod_cd2(1)_mod_zn2(1)_mod_mg2(1)_mod_mn2(1)_mod_cobalt2(1),0.0,0.0
IVCOATA_REV_g.26658.CDS.414-MONOMER,0.0,-2.38228438710816e-06
IVCOATA_FWD_g.26658.CDS.414-MONOMER,0.016771498534894267,-1.0817113918242231e-39
KAS14_REV_CPLX_3OAS100-0,0.0,-4.50468406120918e-06
KAS14_FWD_CPLX_3OAS100-0,0.013856996408131332,-7.841653191373544e-40
KAS_HP_REV_CPLX_dummy,0.0,-1.724037607809463e-06
KAS_HP_FWD_CPLX_dummy,0.013856996408131332,1.7855337888040325e-39
KDOCT2_REV_g.26658.CDS.1895-MONOMER,0.0,-2.1662343029364464e-06
KDOCT2_FWD_g.26658.CDS.1895-MONOMER,0.0,-1.8083126155095493e-40
KHK_REV_g.26658.CDS.1678-MONOMER_mod_mg2(1),0.0,-4.352663264836754e-07
KHK_FWD_g.26658.CDS.1678-MONOMER_mod_mg2(1),0.14898578,2.1510837274591586e-39
Kt1r_REV_g.26658.CDS.1094-MONOMER,0.0,-1.302334778535131e-06
Kt1r_FWD_g.26658.CDS.1094-MONOMER,7.988942915905445e-07,0.0
Kt3_REV_g.26658.CDS.1827-MONOMER,0.0,6.553536077787133e-06
Kt3_FWD_g.26658.CDS.1827-MONOMER,0.0,-8.712452175059332e-06
Kt3_REV_g.26658.CDS.705-MONOMER,0.0,6.413734086584753e-06
Kt3_FWD_g.26658.CDS.705-MONOMER,0.0,-8.852254166261713e-06
Kt3_REV_g.26658.CDS.437-MONOMER,0.0,1.421306185875818e-05
Kt3_FWD_g.26658.CDS.437-MONOMER,0.0,-1.0529263940882858e-06
L2A6ODs_REV_CPLX_dummy,0.0,-1.724037607809463e-06
L2A6ODs_FWD_CPLX_dummy,0.0,1.741470640278793e-39
LACLi_REV_g.26658.CDS.1081-MONOMER,0.0,-2.6773563394596332e-06
LACLi_FWD_g.26658.CDS.1081-MONOMER,1.0652836759475488,1.6795847108759814e-40
LACZ_REV_CPLX_dummy,0.0,-1.724037607809463e-06
LACZ_FWD_CPLX_dummy,0.0,-1.7414706402787928e-40
LARGNAT_REV_420889.6.peg.94-MONOMER,0.0,-1.1962311611918745e-06
LARGNAT_FWD_420889.6.peg.94-MONOMER,0.0,1.775266988034248e-39
LARGNAT_REV_420889.6.peg.1453-MONOMER,0.0,-1.9902972048107586e-06
LARGNAT_FWD_420889.6.peg.1453-MONOMER,0.0,-7.94066043618884e-07
LCTSabc_REV_CPLX_dummy,0.0,9.949073480081472e-06
LCTSabc_FWD_CPLX_dummy,0.0,-1.1673111087890934e-05
LDH_L_REV_g.26658.CDS.947-MONOMER,0.0,-1.5121915276266348e-07
LDH_L_FWD_g.26658.CDS.947-MONOMER,0.0,-2.628692213320544e-06
LDH_L_REV_g.26658.CDS.1641-MONOMER,1.0652836759475488,-4.445810633407542e-39
LDH_L_FWD_g.26658.CDS.1641-MONOMER,0.0,-2.47747306055788e-06
LDH_L_REV_g.26658.CDS.84-MONOMER,0.0,-9.794027774772023e-08
LDH_L_FWD_g.26658.CDS.84-MONOMER,0.0,-2.5754133383056004e-06
LEUTA_REV_420889.6.peg.1040-MONOMER,0.0,-2.192155239833824e-06
LEUTA_FWD_420889.6.peg.1040-MONOMER,0.016771498534894267,4.508349069808936e-39
LEUt2r_REV_CPLX_dummy,0.0,-1.724037607809463e-06
LEUt2r_FWD_CPLX_dummy,0.0953292311873576,9.546855268472398e-40
LGTHL_REV_g.26658.CDS.1716-MONOMER_mod_ni2(1),0.0,8.764812774238082e-08
LGTHL_FWD_g.26658.CDS.1716-MONOMER_mod_ni2(1),0.0,-1.941404767022541e-39
LPLIPAL1A120_REV_g.26658.CDS.132-MONOMER,0.0,1.7613868466796662e-05
LPLIPAL1A120_FWD_g.26658.CDS.132-MONOMER,0.0,-1.861813888672982e-05
LPLIPAL1A140_REV_g.26658.CDS.132-MONOMER,0.0,1.5901881766428935e-05
LPLIPAL1A140_FWD_g.26658.CDS.132-MONOMER,0.0,-1.690615218636209e-05
LPLIPAL1A141_REV_g.26658.CDS.132-MONOMER,0.0,-1.0042704199331576e-06
LPLIPAL1A141_FWD_g.26658.CDS.132-MONOMER,0.0,1.0147068097603367e-39
LPLIPAL1A160_REV_g.26658.CDS.132-MONOMER,0.0,1.7093023959983015e-05
LPLIPAL1A160_FWD_g.26658.CDS.132-MONOMER,0.0,-1.809729437991617e-05
LPLIPAL1A161_REV_g.26658.CDS.132-MONOMER,0.0,-1.0042704199331576e-06
LPLIPAL1A161_FWD_g.26658.CDS.132-MONOMER,0.0,-1.150001051061715e-39
LPLIPAL1A180_REV_g.26658.CDS.132-MONOMER,0.0,1.4710739572874853e-05
LPLIPAL1A180_FWD_g.26658.CDS.132-MONOMER,0.0,-1.571500999280801e-05
LPLIPAL1A181_REV_g.26658.CDS.132-MONOMER,0.0,-1.0042704199331576e-06
LPLIPAL1A181_FWD_g.26658.CDS.132-MONOMER,0.0,-4.735298445548238e-40
LPLIPAL1E120_REV_g.26658.CDS.132-MONOMER,0.0,-1.0042704199331576e-06
LPLIPAL1E120_FWD_g.26658.CDS.132-MONOMER,0.0,2.0970607401713626e-39
LPLIPAL1E140_REV_g.26658.CDS.132-MONOMER,0.0,-1.0042704199331576e-06
LPLIPAL1E140_FWD_g.26658.CDS.132-MONOMER,0.0,-1.4138248215994025e-38
LPLIPAL1E141_REV_g.26658.CDS.132-MONOMER,0.0,-1.0042704199331576e-06
LPLIPAL1E141_FWD_g.26658.CDS.132-MONOMER,0.0,-1.150001051061715e-39
LPLIPAL1E160_REV_g.26658.CDS.132-MONOMER,0.0,-1.0042704199331576e-06
LPLIPAL1E160_FWD_g.26658.CDS.132-MONOMER,0.0,2.0497077557158803e-38
LPLIPAL1E161_REV_g.26658.CDS.132-MONOMER,0.0,-1.0042704199331576e-06
LPLIPAL1E161_FWD_g.26658.CDS.132-MONOMER,0.0,-1.150001051061715e-39
LPLIPAL1E180_REV_g.26658.CDS.132-MONOMER,0.0,-1.0042704199331576e-06
LPLIPAL1E180_FWD_g.26658.CDS.132-MONOMER,0.0,-1.4138248215994025e-38
LPLIPAL1E181_REV_g.26658.CDS.132-MONOMER,0.0,-1.0042704199331576e-06
LPLIPAL1E181_FWD_g.26658.CDS.132-MONOMER,0.0,6.088240858562021e-40
LPLIPAL1G120_REV_g.26658.CDS.132-MONOMER,0.0,-1.0042704199331576e-06
LPLIPAL1G120_FWD_g.26658.CDS.132-MONOMER,0.0,1.0147068097603367e-39
LPLIPAL1G140_REV_g.26658.CDS.132-MONOMER,0.0,-1.0042704199331576e-06
LPLIPAL1G140_FWD_g.26658.CDS.132-MONOMER,0.0,-1.4138248215994025e-38
LPLIPAL1G141_REV_g.26658.CDS.132-MONOMER,0.0,-1.0042704199331576e-06
LPLIPAL1G141_FWD_g.26658.CDS.132-MONOMER,0.0,-1.150001051061715e-39
LPLIPAL1G160_REV_g.26658.CDS.132-MONOMER,0.0,-1.0042704199331576e-06
LPLIPAL1G160_FWD_g.26658.CDS.132-MONOMER,0.0,3.179414670582388e-39
LPLIPAL1G161_REV_g.26658.CDS.132-MONOMER,0.0,-1.0042704199331576e-06
LPLIPAL1G161_FWD_g.26658.CDS.132-MONOMER,0.0,-1.150001051061715e-39
LPLIPAL1G180_REV_g.26658.CDS.132-MONOMER,0.0,-1.0042704199331576e-06
LPLIPAL1G180_FWD_g.26658.CDS.132-MONOMER,0.0,-1.4138248215994025e-38
LPLIPAL1G181_REV_g.26658.CDS.132-MONOMER,0.0,-1.0042704199331576e-06
LPLIPAL1G181_FWD_g.26658.CDS.132-MONOMER,0.0,-4.735298445548238e-40
LPLIPAL2A120_REV_g.26658.CDS.132-MONOMER,0.0,-1.0042704199331576e-06
LPLIPAL2A120_FWD_g.26658.CDS.132-MONOMER,0.0,3.0604546629819595e-38
LPLIPAL2A140_REV_g.26658.CDS.132-MONOMER,0.0,-1.0042704199331576e-06
LPLIPAL2A140_FWD_g.26658.CDS.132-MONOMER,0.0,2.228149712142673e-38
LPLIPAL2A141_REV_g.26658.CDS.132-MONOMER,0.0,-1.0042704199331576e-06
LPLIPAL2A141_FWD_g.26658.CDS.132-MONOMER,0.0,2.8610482685100475e-39
LPLIPAL2A160_REV_g.26658.CDS.132-MONOMER,0.0,-1.0042704199331576e-06
LPLIPAL2A160_FWD_g.26658.CDS.132-MONOMER,0.0,8.669843237909234e-41
LPLIPAL2A161_REV_g.26658.CDS.132-MONOMER,0.0,-1.0042704199331576e-06
LPLIPAL2A161_FWD_g.26658.CDS.132-MONOMER,0.0,2.8610482685100475e-39
LPLIPAL2A180_REV_g.26658.CDS.132-MONOMER,0.0,-1.0042704199331576e-06
LPLIPAL2A180_FWD_g.26658.CDS.132-MONOMER,0.0,8.669843237909234e-41
LPLIPAL2A181_REV_g.26658.CDS.132-MONOMER,0.0,-1.0042704199331576e-06
LPLIPAL2A181_FWD_g.26658.CDS.132-MONOMER,0.0,-4.334921618954617e-40
LPLIPAL2E120_REV_g.26658.CDS.132-MONOMER,0.0,-1.0042704199331576e-06
LPLIPAL2E120_FWD_g.26658.CDS.132-MONOMER,0.0,2.0970607401713626e-39
LPLIPAL2E140_REV_g.26658.CDS.132-MONOMER,0.0,-1.0042704199331576e-06
LPLIPAL2E140_FWD_g.26658.CDS.132-MONOMER,0.0,-1.4138248215994025e-38
LPLIPAL2E141_REV_g.26658.CDS.132-MONOMER,0.0,-1.0042704199331576e-06
LPLIPAL2E141_FWD_g.26658.CDS.132-MONOMER,0.0,-1.150001051061715e-39
LPLIPAL2E160_REV_g.26658.CDS.132-MONOMER,0.0,-1.0042704199331576e-06
LPLIPAL2E160_FWD_g.26658.CDS.132-MONOMER,0.0,2.0497077557158803e-38
LPLIPAL2E161_REV_g.26658.CDS.132-MONOMER,0.0,-1.0042704199331576e-06
LPLIPAL2E161_FWD_g.26658.CDS.132-MONOMER,0.0,-1.150001051061715e-39
LPLIPAL2E180_REV_g.26658.CDS.132-MONOMER,0.0,-1.0042704199331576e-06
LPLIPAL2E180_FWD_g.26658.CDS.132-MONOMER,0.0,-1.4138248215994025e-38
LPLIPAL2E181_REV_g.26658.CDS.132-MONOMER,0.0,-1.0042704199331576e-06
LPLIPAL2E181_FWD_g.26658.CDS.132-MONOMER,0.0,6.088240858562021e-40
LPLIPAL2G120_REV_g.26658.CDS.132-MONOMER,0.0,-1.0042704199331576e-06
LPLIPAL2G120_FWD_g.26658.CDS.132-MONOMER,0.0,1.0147068097603367e-39
LPLIPAL2G140_REV_g.26658.CDS.132-MONOMER,0.0,-1.0042704199331576e-06
LPLIPAL2G140_FWD_g.26658.CDS.132-MONOMER,0.0,-1.4138248215994025e-38
LPLIPAL2G141_REV_g.26658.CDS.132-MONOMER,0.0,-1.0042704199331576e-06
LPLIPAL2G141_FWD_g.26658.CDS.132-MONOMER,0.0,-1.150001051061715e-39
LPLIPAL2G160_REV_g.26658.CDS.132-MONOMER,0.0,-1.0042704199331576e-06
LPLIPAL2G160_FWD_g.26658.CDS.132-MONOMER,0.0,3.179414670582388e-39
LPLIPAL2G161_REV_g.26658.CDS.132-MONOMER,0.0,-1.0042704199331576e-06
LPLIPAL2G161_FWD_g.26658.CDS.132-MONOMER,0.0,-1.150001051061715e-39
LPLIPAL2G180_REV_g.26658.CDS.132-MONOMER,0.0,-1.0042704199331576e-06
LPLIPAL2G180_FWD_g.26658.CDS.132-MONOMER,0.0,-1.4138248215994025e-38
LPLIPAL2G181_REV_g.26658.CDS.132-MONOMER,0.0,-1.0042704199331576e-06
LPLIPAL2G181_FWD_g.26658.CDS.132-MONOMER,0.0,-4.735298445548238e-40
LYSt2r_REV_g.26658.CDS.1576-MONOMER,0.0,-2.937227042146968e-06
LYSt2r_FWD_g.26658.CDS.1576-MONOMER,0.0,-5.94690816314509e-08
LYSt2r_REV_g.26658.CDS.875-MONOMER,0.0,-2.8777579605155167e-06
LYSt2r_FWD_g.26658.CDS.875-MONOMER,0.0817025323157344,1.9632671452903298e-39
L_LACD2_REV_g.26658.CDS.947-MONOMER,0.0,2.3041170234417002e-05
L_LACD2_FWD_g.26658.CDS.947-MONOMER,0.0,-2.582108160050021e-05
L_LACD2_REV_g.26658.CDS.1641-MONOMER,0.0,2.3192389387179666e-05
L_LACD2_FWD_g.26658.CDS.1641-MONOMER,0.0,-2.5669862447737546e-05
L_LACD2_REV_g.26658.CDS.84-MONOMER,0.0,2.309444910943195e-05
L_LACD2_FWD_g.26658.CDS.84-MONOMER,0.0,-2.5767802725485267e-05
L_LACD3_REV_g.26658.CDS.947-MONOMER,0.0,2.3041170234417002e-05
L_LACD3_FWD_g.26658.CDS.947-MONOMER,0.0,-2.582108160050021e-05
L_LACD3_REV_g.26658.CDS.1641-MONOMER,0.0,2.3192389387179666e-05
L_LACD3_FWD_g.26658.CDS.1641-MONOMER,0.0,-2.5669862447737546e-05
L_LACD3_REV_g.26658.CDS.84-MONOMER,0.0,2.309444910943195e-05
L_LACD3_FWD_g.26658.CDS.84-MONOMER,0.0,-2.5767802725485267e-05
L_LACDr_REV_g.26658.CDS.947-MONOMER,0.0,-1.5121915276266348e-07
L_LACDr_FWD_g.26658.CDS.947-MONOMER,0.0,-2.628692213320544e-06
L_LACDr_REV_g.26658.CDS.1641-MONOMER,0.0,-1.5621033085109818e-39
L_LACDr_FWD_g.26658.CDS.1641-MONOMER,0.0,-2.47747306055788e-06
L_LACDr_REV_g.26658.CDS.84-MONOMER,0.0,-9.794027774772023e-08
L_LACDr_FWD_g.26658.CDS.84-MONOMER,0.0,-2.5754133383056004e-06
L_LACNa1t_REV_g.26658.CDS.1740-MONOMER,0.0,-1.2869292708598356e-39
L_LACNa1t_FWD_g.26658.CDS.1740-MONOMER,0.0,-3.335185505010171e-06
L_LACt2_REV_CPLX_dummy,0.0,8.736290329204223e-07
L_LACt2_FWD_CPLX_dummy,0.0,-2.5976666407298856e-06
M1PD_REV_g.26658.CDS.658-MONOMER,5.094081620726107e-23,5.585843018234704e-38
M1PD_FWD_g.26658.CDS.658-MONOMER,0.0,-1.580859479172427e-06
MACCOAT_REV_g.26658.CDS.901-MONOMER,0.0,-3.160639914391319e-08
MACCOAT_FWD_g.26658.CDS.901-MONOMER,0.0,-1.1170182875213355e-39
MACCOAT_REV_g.26658.CDS.1624-MONOMER,0.0,-3.160639914391319e-08
MACCOAT_FWD_g.26658.CDS.1624-MONOMER,0.0,-1.1170182875213355e-39
MACCOAT_REV_g.26658.CDS.1440-MONOMER,0.0,-3.160639914391319e-08
MACCOAT_FWD_g.26658.CDS.1440-MONOMER,0.0,-1.1170182875213355e-39
MACCOAT_REV_g.26658.CDS.1002-MONOMER,0.0,-3.160639914391319e-08
MACCOAT_FWD_g.26658.CDS.1002-MONOMER,0.0,-1.1170182875213355e-39
MACCOAT_REV_g.26658.CDS.1563-MONOMER,0.0,-3.160639914391319e-08
MACCOAT_FWD_g.26658.CDS.1563-MONOMER,0.0,-1.1170182875213355e-39
MACCOAT_REV_g.26658.CDS.3-MONOMER,0.0,-3.160639914391319e-08
MACCOAT_FWD_g.26658.CDS.3-MONOMER,0.0,-1.1170182875213355e-39
MACCOAT_REV_g.26658.CDS.116-MONOMER,0.0,-3.160639914391319e-08
MACCOAT_FWD_g.26658.CDS.116-MONOMER,0.0,-1.1170182875213355e-39
MACCOAT_REV_g.26658.CDS.1225-MONOMER,0.0,-3.160639914391319e-08
MACCOAT_FWD_g.26658.CDS.1225-MONOMER,0.0,-1.1170182875213355e-39
MACCOAT_REV_g.26658.CDS.396-MONOMER,0.0,-3.160639914391319e-08
MACCOAT_FWD_g.26658.CDS.396-MONOMER,0.0,-1.1170182875213355e-39
MACCOAT_REV_g.26658.CDS.1135-MONOMER,0.0,-1.5802936547724009e-06
MACCOAT_FWD_g.26658.CDS.1135-MONOMER,0.0,-1.5486872556284878e-06
MACCOAT_REV_g.26658.CDS.452-MONOMER,0.0,-3.160639914391319e-08
MACCOAT_FWD_g.26658.CDS.452-MONOMER,0.0,-1.1170182875213355e-39
MACCOAT_REV_g.26658.CDS.1413-MONOMER,0.0,-3.160639914391319e-08
MACCOAT_FWD_g.26658.CDS.1413-MONOMER,0.0,-1.1170182875213355e-39
MACCOAT_REV_g.26658.CDS.1612-MONOMER,0.0,-3.160639914391319e-08
MACCOAT_FWD_g.26658.CDS.1612-MONOMER,0.0,-1.1170182875213355e-39
MADGBG_REV_g.26658.CDS.785-MONOMER,0.0,-6.823772280443632e-07
MADGBG_FWD_g.26658.CDS.785-MONOMER,0.0,-8.437394542903836e-08
MADGBG_REV_g.26658.CDS.28-MONOMER,0.0,-8.905527713550784e-07
MADGBG_FWD_g.26658.CDS.28-MONOMER,0.0,-2.9254948873975353e-07
MADGBG_REV_g.26658.CDS.654-MONOMER,0.0,-5.980032826153248e-07
MADGBG_FWD_g.26658.CDS.654-MONOMER,0.0,1.5427233179730917e-40
MALCOAPYRCT_REV_g.26658.CDS.1226-MONOMER,0.046255395718295844,-2.3738806735990777e-34
MALCOAPYRCT_FWD_g.26658.CDS.1226-MONOMER,0.0,-1.4898912876589764e-06
MALLACDt_REV_g.26658.CDS.1740-MONOMER,0.0,4.596175967356556e-39
MALLACDt_FWD_g.26658.CDS.1740-MONOMER,0.0,-3.335185505010171e-06
MALNAt_REV_g.26658.CDS.1740-MONOMER,0.0,-3.335185505010171e-06
MALNAt_FWD_g.26658.CDS.1740-MONOMER,0.0,1.65462334824836e-39
MALT_REV_g.26658.CDS.694-MONOMER,0.0,8.341263552508947e-06
MALT_FWD_g.26658.CDS.694-MONOMER,0.0,-9.211518200988225e-06
MALT_REV_g.26658.CDS.395-MONOMER,0.0,8.10521026116946e-06
MALT_FWD_g.26658.CDS.395-MONOMER,0.0,-9.447571492327712e-06
MALT_REV_g.26658.CDS.419-MONOMER,0.0,8.248156724476997e-06
MALT_FWD_g.26658.CDS.419-MONOMER,0.0,-9.304625029020176e-06
MALT_REV_g.26658.CDS.66-MONOMER,0.0,8.081094611469837e-06
MALT_FWD_g.26658.CDS.66-MONOMER,0.0,-9.471687142027336e-06
MALTATr_REV_g.26658.CDS.759-MONOMER,0.0,-2.1312529969935167e-06
MALTATr_FWD_g.26658.CDS.759-MONOMER,0.0,0.0
MALTHXabc_REV_g.26658.CDS.963-MONOMER,0.0,-2.438188352546741e-06
MALTHXabc_FWD_g.26658.CDS.963-MONOMER,0.0,-8.121290041478312e-07
MALTHXabc_REV_g.26658.CDS.110-MONOMER,0.0,-1.7990541056596878e-06
MALTHXabc_FWD_g.26658.CDS.110-MONOMER,0.0,-1.7299475726077785e-07
MALTHXabc_REV_g.26658.CDS.904-MONOMER,0.0,-1.62605934839891e-06
MALTHXabc_FWD_g.26658.CDS.904-MONOMER,0.0,3.718117472430819e-39
MALTTRabc_REV_CPLX_MALTTRabc-0,0.0,-3.0428909751006543e-06
MALTTRabc_FWD_CPLX_MALTTRabc-0,0.0,8.124667447827664e-40
MALTabc_REV_CPLX_MALTTRabc-0,0.0,-2.2298962749519666e-06
MALTabc_FWD_CPLX_MALTTRabc-0,0.0,-8.129947001486876e-07
MALTabc_REV_g.26658.CDS.702-MONOMER,0.0,-1.6492995807012412e-06
MALTabc_FWD_g.26658.CDS.702-MONOMER,0.0,-2.3239800589796213e-07
MALTpts_REV_CPLX_MALTpts-0,0.0,-3.784303286439714e-06
MALTpts_FWD_CPLX_MALTpts-0,0.0,9.601884088932644e-40
MAN6PI_REV_g.26658.CDS.740-MONOMER,0.0,-1.429784786119208e-06
MAN6PI_FWD_g.26658.CDS.740-MONOMER,0.14898579,3.0446428349154777e-40
MANabc_REV_CPLX_dummy,0.0,1.3915373912145032e-05
MANabc_FWD_CPLX_dummy,0.0,-1.5639411519954497e-05
MANpts_REV_g.26658.CDS.525-MONOMER,0.0,-2.2704145357900986e-06
MANpts_FWD_g.26658.CDS.525-MONOMER,0.0,-3.951521992941258e-07
MANpts_REV_g.26658.CDS.1188-MONOMER,0.0,-1.875262336495973e-06
MANpts_FWD_g.26658.CDS.1188-MONOMER,0.14898579,1.0769530248132e-39
MANpts_REV_CPLX_MANpts-0,0.0,-3.0842174251763553e-06
MANpts_FWD_CPLX_MANpts-0,0.0,-1.2089550886803823e-06
MANpts_REV_CPLX_MANpts-1,0.0,-2.987831044991168e-06
MANpts_FWD_CPLX_MANpts-1,0.0,-1.1125687084951949e-06
MBDGBG_REV_g.26658.CDS.785-MONOMER,0.0,-6.823772280443632e-07
MBDGBG_FWD_g.26658.CDS.785-MONOMER,0.0,-8.437394542903836e-08
MBDGBG_REV_g.26658.CDS.28-MONOMER,0.0,-8.905527713550784e-07
MBDGBG_FWD_g.26658.CDS.28-MONOMER,0.0,-2.9254948873975353e-07
MBDGBG_REV_g.26658.CDS.654-MONOMER,0.0,-5.980032826153248e-07
MBDGBG_FWD_g.26658.CDS.654-MONOMER,0.0,1.5427233179730917e-40
MCLOR_REV_g.26658.CDS.947-MONOMER,0.0,-1.5121915276266348e-07
MCLOR_FWD_g.26658.CDS.947-MONOMER,0.0,-2.628692213320544e-06
MCLOR_REV_g.26658.CDS.1641-MONOMER,0.0,-7.303831754883819e-39
MCLOR_FWD_g.26658.CDS.1641-MONOMER,0.0,-2.47747306055788e-06
MCLOR_REV_g.26658.CDS.84-MONOMER,0.0,-9.794027774772023e-08
MCLOR_FWD_g.26658.CDS.84-MONOMER,0.0,-2.5754133383056004e-06
MCOATA_REV_g.26658.CDS.414-MONOMER,0.0,-2.38228438710816e-06
MCOATA_FWD_g.26658.CDS.414-MONOMER,0.31211395368378186,1.2113340294230045e-40
MCSNAH1r_REV_g.26658.CDS.1181-MONOMER,0.0,1.2507344112741642e-05
MCSNAH1r_FWD_g.26658.CDS.1181-MONOMER,0.0,1.2679242208957582e-39
ME1_REV_g.26658.CDS.1486-MONOMER_mod_mg2(1),0.0,2.1866480172202388e-05
ME1_FWD_g.26658.CDS.1486-MONOMER_mod_mg2(1),0.0,-1.5476321329925769e-09
ME1_REV_g.26658.CDS.1486-MONOMER_mod_mn2(1),0.0,2.186802780433538e-05
ME1_FWD_g.26658.CDS.1486-MONOMER_mod_mn2(1),0.0,-8.250437315356238e-39
MECDPDH2_REV_CPLX_dummy,0.0,-1.724037607809463e-06
MECDPDH2_FWD_CPLX_dummy,0.004007440424299035,1.0344895438994224e-38
MECDPS_REV_CPLX_dummy,0.0,-1.724037607809463e-06
MECDPS_FWD_CPLX_dummy,0.004007440424299035,9.668411960274675e-40
MEPCT_REV_CPLX_dummy,0.0,-1.724037607809463e-06
MEPCT_FWD_CPLX_dummy,0.004007440424299035,-1.8994998777711413e-39
METALA1c_REV_g.26658.CDS.1534-MONOMER,0.0,-1.6255715239190584e-06
METALA1c_FWD_g.26658.CDS.1534-MONOMER,0.0,-1.7317711006435504e-07
METALA1c_REV_g.26658.CDS.1555-MONOMER_mod_fe2(2),0.0,-1.6354767702860556e-06
METALA1c_FWD_g.26658.CDS.1555-MONOMER_mod_fe2(2),0.0,-1.8308235643135218e-07
METALA1c_REV_g.26658.CDS.553-MONOMER,0.0,-1.979001595820004e-06
METALA1c_FWD_g.26658.CDS.553-MONOMER,0.0,-5.266071819653008e-07
METALAabc_REV_g.26658.CDS.582-MONOMER,0.0,-1.9060998477972027e-06
METALAabc_FWD_g.26658.CDS.582-MONOMER,0.0,-4.4932888360620357e-07
METALAabc_REV_g.26658.CDS.462-MONOMER,0.0,-1.456770964190999e-06
METALAabc_FWD_g.26658.CDS.462-MONOMER,0.0,3.502878931941805e-40
METALAabc_REV_g.26658.CDS.811-MONOMER,0.0,-2.2136491700413646e-06
METALAabc_FWD_g.26658.CDS.811-MONOMER,0.0,-7.568782058503657e-07
METALAabc_REV_g.26658.CDS.196-MONOMER,0.0,-1.5045880948158526e-06
METALAabc_FWD_g.26658.CDS.196-MONOMER,0.0,-4.7817130624853623e-08
METAT_REV_g.26658.CDS.1393-MONOMER_mod_cs(4)_mod_cd2(1),0.0,-4.05129231296321e-06
METAT_FWD_g.26658.CDS.1393-MONOMER_mod_cs(4)_mod_cd2(1),0.0,-4.012125139141122e-39
METAT_REV_g.26658.CDS.1393-MONOMER_mod_na1(4)_mod_ca2(1),0.0,-4.061036774571536e-06
METAT_FWD_g.26658.CDS.1393-MONOMER_mod_na1(4)_mod_ca2(1),0.0,-9.744461608325789e-09
METAT_REV_g.26658.CDS.1393-MONOMER_mod_tl(4)_mod_mg2(1),0.0,-4.055349956567675e-06
METAT_FWD_g.26658.CDS.1393-MONOMER_mod_tl(4)_mod_mg2(1),0.0,-4.057643604465251e-09
METAT_REV_g.26658.CDS.1393-MONOMER_mod_cs(4)_mod_ca2(1),0.0,-4.053500007504621e-06
METAT_FWD_g.26658.CDS.1393-MONOMER_mod_cs(4)_mod_ca2(1),0.0,-2.207694541410566e-09
METAT_REV_g.26658.CDS.1393-MONOMER_mod_k(4)_mod_mg2(1),0.0,-4.055347029520495e-06
METAT_FWD_g.26658.CDS.1393-MONOMER_mod_k(4)_mod_mg2(1),0.0,-4.054716557285444e-09
METAT_REV_g.26658.CDS.1393-MONOMER_mod_k(4)_mod_ca2(1),0.0,-4.053498366649848e-06
METAT_FWD_g.26658.CDS.1393-MONOMER_mod_k(4)_mod_ca2(1),0.0,-2.206053686638179e-09
METAT_REV_g.26658.CDS.1393-MONOMER_mod_na1(4)_mod_cobalt2(1),0.0,-4.058829472517091e-06
METAT_FWD_g.26658.CDS.1393-MONOMER_mod_na1(4)_mod_cobalt2(1),0.0,-7.537159553881107e-09
METAT_REV_g.26658.CDS.1393-MONOMER_mod_nh4(4)_mod_ca2(1),0.0,-4.063364463816355e-06
METAT_FWD_g.26658.CDS.1393-MONOMER_mod_nh4(4)_mod_ca2(1),0.0,-1.2072150853145129e-08
METAT_REV_g.26658.CDS.1393-MONOMER_mod_na1(4)_mod_zn2(1),0.0,-0.051488569973121255
METAT_FWD_g.26658.CDS.1393-MONOMER_mod_na1(4)_mod_zn2(1),0.0,-0.05148451868080829
METAT_REV_g.26658.CDS.1393-MONOMER_mod_na1(4)_mod_mg2(1),0.0,-4.062886482842069e-06
METAT_FWD_g.26658.CDS.1393-MONOMER_mod_na1(4)_mod_mg2(1),0.0,-1.1594169878858876e-08
METAT_REV_g.26658.CDS.1393-MONOMER_mod_nh4(4)_mod_zn2(1),0.0,-0.051492994881388074
METAT_FWD_g.26658.CDS.1393-MONOMER_mod_nh4(4)_mod_zn2(1),0.0,-0.05148894358907511
METAT_REV_g.26658.CDS.1393-MONOMER_mod_nh4(4)_mod_cd2(1),0.0,-4.061154432266332e-06
METAT_FWD_g.26658.CDS.1393-MONOMER_mod_nh4(4)_mod_cd2(1),0.0,-9.862119303122196e-09
METAT_REV_g.26658.CDS.1393-MONOMER_mod_tl(4)_mod_ni2(1),0.0,-4.058198546324723e-06
METAT_FWD_g.26658.CDS.1393-MONOMER_mod_tl(4)_mod_ni2(1),0.0,-6.906233361513128e-09
METAT_REV_g.26658.CDS.1393-MONOMER_mod_tl(4)_mod_zn2(1),0.0,-0.05150910472863669
METAT_FWD_g.26658.CDS.1393-MONOMER_mod_tl(4)_mod_zn2(1),0.0,-0.05150505343632373
METAT_REV_g.26658.CDS.1393-MONOMER_mod_tl(4)_mod_mn2(1),0.0,-4.051762488578999e-06
METAT_FWD_g.26658.CDS.1393-MONOMER_mod_tl(4)_mod_mn2(1),0.0,-4.701756157890652e-10
METAT_REV_g.26658.CDS.1393-MONOMER_mod_tl(4)_mod_ca2(1),0.0,-4.053500007504621e-06
METAT_FWD_g.26658.CDS.1393-MONOMER_mod_tl(4)_mod_ca2(1),0.0,-2.207694541410566e-09
METAT_REV_g.26658.CDS.1393-MONOMER_mod_na1(4)_mod_ni2(1),0.0,-4.06573470225915e-06
METAT_FWD_g.26658.CDS.1393-MONOMER_mod_na1(4)_mod_ni2(1),0.0,-1.4442389295940626e-08
METAT_REV_g.26658.CDS.1393-MONOMER_mod_na1(4)_mod_cd2(1),0.0,-4.058827681127521e-06
METAT_FWD_g.26658.CDS.1393-MONOMER_mod_na1(4)_mod_cd2(1),0.0,-7.535368164310916e-09
METAT_REV_g.26658.CDS.1393-MONOMER_mod_tl(4)_mod_cd2(1),0.0,-4.05129231296321e-06
METAT_FWD_g.26658.CDS.1393-MONOMER_mod_tl(4)_mod_cd2(1),0.0,-4.012125139141122e-39
METAT_REV_g.26658.CDS.1393-MONOMER_mod_tl(4)_mod_cobalt2(1),0.0,-4.051292419218368e-06
METAT_FWD_g.26658.CDS.1393-MONOMER_mod_tl(4)_mod_cobalt2(1),0.0,-1.0625515821860311e-13
METAT_REV_g.26658.CDS.1393-MONOMER_mod_nh4(4)_mod_cobalt2(1),0.0,-4.061156777005951e-06
METAT_FWD_g.26658.CDS.1393-MONOMER_mod_nh4(4)_mod_cobalt2(1),0.0,-9.864464042741204e-09
METAT_REV_g.26658.CDS.1393-MONOMER_mod_k(4)_mod_mn2(1),0.0,-4.051762055623852e-06
METAT_FWD_g.26658.CDS.1393-MONOMER_mod_k(4)_mod_mn2(1),0.0,-4.697426606420742e-10
METAT_REV_g.26658.CDS.1393-MONOMER_mod_cs(4)_mod_cobalt2(1),0.0,-4.051292419218368e-06
METAT_FWD_g.26658.CDS.1393-MONOMER_mod_cs(4)_mod_cobalt2(1),0.0,-1.0625515821860311e-13
METAT_REV_g.26658.CDS.1393-MONOMER_mod_cs(4)_mod_ni2(1),0.0,-4.058198546324723e-06
METAT_FWD_g.26658.CDS.1393-MONOMER_mod_cs(4)_mod_ni2(1),0.0,-6.906233361513128e-09
METAT_REV_g.26658.CDS.1393-MONOMER_mod_cs(4)_mod_zn2(1),0.0,-0.05150910472863669
METAT_FWD_g.26658.CDS.1393-MONOMER_mod_cs(4)_mod_zn2(1),0.0,-0.05150505343632373
METAT_REV_g.26658.CDS.1393-MONOMER_mod_cs(4)_mod_mg2(1),0.0,-4.055349956567675e-06
METAT_FWD_g.26658.CDS.1393-MONOMER_mod_cs(4)_mod_mg2(1),0.0,-4.057643604465251e-09
METAT_REV_g.26658.CDS.1393-MONOMER_mod_k(4)_mod_ni2(1),0.0,-4.058193638273799e-06
METAT_FWD_g.26658.CDS.1393-MONOMER_mod_k(4)_mod_ni2(1),0.0,-6.901325310589185e-09
METAT_REV_g.26658.CDS.1393-MONOMER_mod_nh4(4)_mod_mg2(1),0.0,-4.065214494286024e-06
METAT_FWD_g.26658.CDS.1393-MONOMER_mod_nh4(4)_mod_mg2(1),0.0,-1.3922181322814375e-08
METAT_REV_g.26658.CDS.1393-MONOMER_mod_cs(4)_mod_mn2(1),0.0,-4.051762488578999e-06
METAT_FWD_g.26658.CDS.1393-MONOMER_mod_cs(4)_mod_mn2(1),0.0,-4.701756157890652e-10
METAT_REV_g.26658.CDS.1393-MONOMER_mod_nh4(4)_mod_mn2(1),0.0,-4.061626866518829e-06
METAT_FWD_g.26658.CDS.1393-MONOMER_mod_nh4(4)_mod_mn2(1),0.0,-1.0334553555619235e-08
METAT_REV_g.26658.CDS.1393-MONOMER_mod_nh4(4)_mod_ni2(1),0.0,-4.06806321012078e-06
METAT_FWD_g.26658.CDS.1393-MONOMER_mod_nh4(4)_mod_ni2(1),0.0,-1.677089715757026e-08
METAT_REV_g.26658.CDS.1393-MONOMER_mod_na1(4)_mod_mn2(1),0.0,-4.059299480313632e-06
METAT_FWD_g.26658.CDS.1393-MONOMER_mod_na1(4)_mod_mn2(1),0.0,-8.007167350421541e-09
METAT_REV_g.26658.CDS.1393-MONOMER_mod_k(4)_mod_cobalt2(1),0.0,-4.05129231296321e-06
METAT_FWD_g.26658.CDS.1393-MONOMER_mod_k(4)_mod_cobalt2(1),0.0016015359431827908,9.664634484288683e-39
METAT_REV_g.26658.CDS.1393-MONOMER_mod_k(4)_mod_zn2(1),0.0,-0.05147418019699259
METAT_FWD_g.26658.CDS.1393-MONOMER_mod_k(4)_mod_zn2(1),0.0,-0.05147012890467963
METAT_REV_g.26658.CDS.1393-MONOMER_mod_k(4)_mod_cd2(1),0.0,-4.05129231296321e-06
METAT_FWD_g.26658.CDS.1393-MONOMER_mod_k(4)_mod_cd2(1),1.1366238796514263e-17,5.27098783569647e-39
METDabc_REV_CPLX_METDabc-0,0.0,-2.458847041641057e-06
METDabc_FWD_CPLX_METDabc-0,0.0,-2.2761138372047483e-39
METFR_REV_CPLX_dummy,0.0016015359431828021,-1.2498736521628227e-38
METFR_FWD_CPLX_dummy,0.0,-1.724037607809463e-06
METSOX1abc_REV_CPLX_METDabc-0,0.0,-2.829375268631716e-07
METSOX1abc_FWD_CPLX_METDabc-0,0.0,-2.175909514777885e-06
METSOX2abc_REV_CPLX_METDabc-0,0.0,-2.458847041641057e-06
METSOX2abc_FWD_CPLX_METDabc-0,0.0,-2.2761138372047483e-39
METSOXR1r_REV_g.26658.CDS.1588-MONOMER,1.3106256620196645e-23,1.523853765166807e-35
METSOXR1r_FWD_g.26658.CDS.1588-MONOMER,0.0,-5.863575263285427e-07
METSOXR1r_REV_g.26658.CDS.618-MONOMER,0.0,-1.6230154498096099e-07
METSOXR1r_FWD_g.26658.CDS.618-MONOMER,0.0,-7.486590713095037e-07
METabc_REV_CPLX_METDabc-0,0.0,3.211573601613128e-06
METabc_FWD_CPLX_METDabc-0,0.0,-5.670420643254185e-06
METt2r_REV_CPLX_dummy,0.0,-1.724037607809463e-06
METt2r_FWD_CPLX_dummy,0.02931044133746606,-6.131850301881688e-40
MEVK1c_REV_g.26658.CDS.119-MONOMER,0.0,-2.514673926376965e-06
MEVK1c_FWD_g.26658.CDS.119-MONOMER,0.0,3.664257738170931e-39
MG2abc_REV_CPLX_dummy,0.0,1.1140259697469255e-05
MG2abc_FWD_CPLX_dummy,0.0,-1.2864297305278718e-05
MGt5_REV_g.26658.CDS.1722-MONOMER,0.0014126904366408579,-3.5992677310834966e-41
MGt5_FWD_g.26658.CDS.1722-MONOMER,0.0,-5.651283242401384e-07
MI1PP_REV_g.26658.CDS.612-MONOMER_mod_mg2(1),0.0,1.4279027615054032e-05
MI1PP_FWD_g.26658.CDS.612-MONOMER_mod_mg2(1),1.5814916576603153e-29,7.464835861762583e-40
MI3PP_REV_g.26658.CDS.612-MONOMER_mod_mg2(1),0.0,1.4279027615054032e-05
MI3PP_FWD_g.26658.CDS.612-MONOMER_mod_mg2(1),0.0,7.464835861762583e-40
MI4PP_REV_g.26658.CDS.612-MONOMER_mod_mg2(1),0.0,1.4279027615054032e-05
MI4PP_FWD_g.26658.CDS.612-MONOMER_mod_mg2(1),0.0,7.464835861762583e-40
MK8t_REV_CPLX_dummy,0.0017409806664229527,0.0
MK8t_FWD_CPLX_dummy,0.0,-1.724037607809463e-06
MLTP4_REV_g.26658.CDS.382-MONOMER,0.0,-1.3960342698258086e-06
MLTP4_FWD_g.26658.CDS.382-MONOMER,-7.33610279656158e-36,-1.958885374726841e-39
MNLpts_REV_CPLX_MNLpts-0,0.0,-1.898500621102759e-06
MNLpts_FWD_CPLX_MNLpts-0,0.0,-2.226364037605412e-06
MNabc_REV_CPLX_MNabc-0,0.0,2.9176206920910814e-06
MNabc_FWD_CPLX_MNabc-0,0.0,-5.101986883458961e-06
MNt2_REV_g.26658.CDS.773-MONOMER,0.0,-2.5864242771267333e-06
MNt2_FWD_g.26658.CDS.773-MONOMER,2.3082197373238433e-06,-6.752585049200719e-40
MOHMT_REV_g.26658.CDS.1636-MONOMER,0.0,-2.612860789611993e-06
MOHMT_FWD_g.26658.CDS.1636-MONOMER,0.0,8.896766447241025e-34
MTAN_REV_g.26658.CDS.1305-MONOMER,0.0,-2.4436817022721728e-06
MTAN_FWD_g.26658.CDS.1305-MONOMER,0.0,3.060595479635007e-40
MTHFC_REV_g.26658.CDS.872-MONOMER,0.0,-3.1119214066575883e-06
MTHFC_FWD_g.26658.CDS.872-MONOMER,0.0,-2.7738675412754776e-07
MTHFC_REV_g.26658.CDS.802-MONOMER,0.0,-2.8345346525300402e-06
MTHFC_FWD_g.26658.CDS.802-MONOMER,0.00629321140701414,3.690655347419651e-34
MTHFD_REV_g.26658.CDS.802-MONOMER,0.0,-2.8345346525300402e-06
MTHFD_FWD_g.26658.CDS.802-MONOMER,0.5118984577521336,2.8391217527761944e-40
MTHFD2_REV_CPLX_dummy,0.5056052463451195,-2.177872723998784e-39
MTHFD2_FWD_CPLX_dummy,0.0,-1.724037607809463e-06
NACASPAH_REV_g.26658.CDS.1673-MONOMER,0.0,-1.3366950763003504e-06
NACASPAH_FWD_g.26658.CDS.1673-MONOMER,0.0,-4.6093984459269744e-40
NACt2r_REV_CPLX_dummy,0.0,-1.724037607809463e-06
NACt2r_FWD_CPLX_dummy,0.2225799465004241,-1.1017642588857767e-39
NADH10_REV_g.26658.CDS.1752-MONOMER,0.0,2.2778199499455893e-05
NADH10_FWD_g.26658.CDS.1752-MONOMER,0.0,-2.360657927490344e-05
NADH10_REV_g.26658.CDS.1431-MONOMER,0.0,2.1837052888728635e-05
NADH10_FWD_g.26658.CDS.1431-MONOMER,0.0,-2.4547725885630698e-05
NADH10_REV_g.26658.CDS.585-MONOMER_mod_mg2(1)_mod_cu(1)_mod_fad(1),0.0,4.638477877435933e-05
NADH10_FWD_g.26658.CDS.585-MONOMER_mod_mg2(1)_mod_cu(1)_mod_fad(1),0.0,-5.113461180374934e-39
NADH5_REV_g.26658.CDS.1752-MONOMER,0.0,2.2778199499455893e-05
NADH5_FWD_g.26658.CDS.1752-MONOMER,0.0,-2.360657927490344e-05
NADH5_REV_g.26658.CDS.1431-MONOMER,0.0,2.1837052888728635e-05
NADH5_FWD_g.26658.CDS.1431-MONOMER,0.0,-2.4547725885630698e-05
NADH5_REV_g.26658.CDS.585-MONOMER_mod_mg2(1)_mod_cu(1)_mod_fad(1),0.0,4.638477877435933e-05
NADH5_FWD_g.26658.CDS.585-MONOMER_mod_mg2(1)_mod_cu(1)_mod_fad(1),6.603678130941018e-55,-5.113461180374934e-39
NADH6_REV_g.26658.CDS.461-MONOMER,0.0,-2.488008385730338e-06
NADH6_FWD_g.26658.CDS.461-MONOMER,0.09694032582075163,-4.8784761057038834e-39
NADH7_REV_g.26658.CDS.461-MONOMER,0.0,7.984731720003164e-06
NADH7_FWD_g.26658.CDS.461-MONOMER,0.0,-1.0472740105733502e-05
NADH8_REV_g.26658.CDS.461-MONOMER,0.0,3.381021535067072e-06
NADH8_FWD_g.26658.CDS.461-MONOMER,0.0,-5.8690299207974105e-06
NADH9_REV_g.26658.CDS.1752-MONOMER,0.0,2.3759950704244337e-05
NADH9_FWD_g.26658.CDS.1752-MONOMER,0.0,-2.4588330479691883e-05
NADH9_REV_g.26658.CDS.1431-MONOMER,0.0,2.281880409351708e-05
NADH9_FWD_g.26658.CDS.1431-MONOMER,0.0,-2.5529477090419138e-05
NADH9_REV_g.26658.CDS.585-MONOMER_mod_mg2(1)_mod_cu(1)_mod_fad(1),0.0,4.736652997914777e-05
NADH9_FWD_g.26658.CDS.585-MONOMER_mod_mg2(1)_mod_cu(1)_mod_fad(1),0.0,-9.81751204788442e-07
NADK_REV_g.26658.CDS.800-MONOMER_mod_mg2(1),0.0,2.185897302942411e-05
NADK_FWD_g.26658.CDS.800-MONOMER_mod_mg2(1),0.0,2.0824722326638868e-38
NADK2_REV_g.26658.CDS.800-MONOMER_mod_mg2(1),0.0,2.2398604640923123e-05
NADK2_FWD_g.26658.CDS.800-MONOMER_mod_mg2(1),0.0,-5.396316114990125e-07
NADN_REV_CPLX_dummy,0.0,2.415378514303537e-05
NADN_FWD_CPLX_dummy,0.0,-2.5877822750844833e-05
NADS1_REV_420889.6.peg.808-MONOMER_mod_mg2(1),0.0,2.4597707359420134e-05
NADS1_FWD_420889.6.peg.808-MONOMER_mod_mg2(1),0.0,-2.6693555207062793e-05
NADS1_REV_420889.6.peg.808-MONOMER_mod_mn2(1),0.0,2.4605271434664153e-05
NADS1_FWD_420889.6.peg.808-MONOMER_mod_mn2(1),0.0,-2.6685991131818774e-05
NADS2_REV_CPLX_dummy,0.0,2.6507650087146196e-05
NADS2_FWD_CPLX_dummy,0.0,-2.8231687694955656e-05
NAPRT_REV_g.26658.CDS.980-MONOMER,0.0,-1.4873408857136211e-06
NAPRT_FWD_g.26658.CDS.980-MONOMER,0.0,2.040797485814833e-39
NAt3_1_REV_g.26658.CDS.139-MONOMER,0.0,-1.9571820964755204e-06
NAt3_1_FWD_g.26658.CDS.139-MONOMER,0.0,-4.618870115517746e-08
NAt3_1_REV_g.26658.CDS.1887-MONOMER,0.0,-2.473348963894899e-06
NAt3_1_FWD_g.26658.CDS.1887-MONOMER,0.0,-5.623555685745562e-07
NAt3_1_REV_g.26658.CDS.143-MONOMER,0.0,-2.0010090278552037e-06
NAt3_1_FWD_g.26658.CDS.143-MONOMER,0.0,-9.001563253486073e-08
NAt3_1_REV_g.26658.CDS.53-MONOMER,0.0,-1.9109933953203426e-06
NAt3_1_FWD_g.26658.CDS.53-MONOMER,0.0,4.9445745453317774e-40
NDPK1_REV_g.26658.CDS.465-MONOMER,0.0,-1.079263222998025e-06
NDPK1_FWD_g.26658.CDS.465-MONOMER,2.049071230057351,-1.666086969111265e-35
NDPK2_REV_420889.6.peg.914-MONOMER_mod_mg2(1),0.0,-1.7549867926908173e-06
NDPK2_FWD_420889.6.peg.914-MONOMER_mod_mg2(1),0.0,-7.383343632862747e-09
NDPK2_REV_420889.6.peg.914-MONOMER_mod_ca2(1),0.0,-1.7511788099611617e-06
NDPK2_FWD_420889.6.peg.914-MONOMER_mod_ca2(1),0.0,-3.5753609032072305e-09
NDPK2_REV_420889.6.peg.914-MONOMER_mod_mn2(1),0.0,-1.7476034490579545e-06
NDPK2_FWD_420889.6.peg.914-MONOMER_mod_mn2(1),0.08929568666296463,2.7596236569513038e-39
NDPK3_REV_g.26658.CDS.465-MONOMER,0.0,-1.079263222998025e-06
NDPK3_FWD_g.26658.CDS.465-MONOMER,0.15347647002943526,-2.8794672395508115e-38
NDPK4_REV_g.26658.CDS.465-MONOMER,0.0,-1.079263222998025e-06
NDPK4_FWD_g.26658.CDS.465-MONOMER,0.011663912354587774,4.189525082949218e-39
NDPK5_REV_g.26658.CDS.465-MONOMER,0.0,-1.079263222998025e-06
NDPK5_FWD_g.26658.CDS.465-MONOMER,0.007561210599925029,4.189525082949218e-39
NDPK6_REV_g.26658.CDS.465-MONOMER,0.0,-5.396316114990125e-07
NDPK6_FWD_g.26658.CDS.465-MONOMER,0.0,-5.396316114990125e-07
NDPK7_REV_g.26658.CDS.465-MONOMER,0.0,-1.079263222998025e-06
NDPK7_FWD_g.26658.CDS.465-MONOMER,0.007561210599925029,-6.650039814205108e-41
NDPK8_REV_g.26658.CDS.465-MONOMER,0.0,-6.038540608444846e-07
NDPK8_FWD_g.26658.CDS.465-MONOMER,0.0,-4.754091621535404e-07
NDPK9_REV_g.26658.CDS.465-MONOMER,0.0,-5.396316114990125e-07
NDPK9_FWD_g.26658.CDS.465-MONOMER,0.0,-5.396316114990125e-07
NEU23_REV_g.26658.CDS.785-MONOMER,0.0,-6.823772280443632e-07
NEU23_FWD_g.26658.CDS.785-MONOMER,0.0,-8.437394542903836e-08
NEU23_REV_g.26658.CDS.28-MONOMER,0.0,-8.905527713550784e-07
NEU23_FWD_g.26658.CDS.28-MONOMER,0.0,-2.9254948873975353e-07
NEU23_REV_g.26658.CDS.654-MONOMER,0.0,-5.980032826153248e-07
NEU23_FWD_g.26658.CDS.654-MONOMER,0.0,3.0854466359461834e-41
NH4tb_REV_CPLX_dummy,2.779601086517891,0.0
NH4tb_FWD_CPLX_dummy,0.0,-1.724037607809463e-06
NMNAT_REV_g.26658.CDS.1341-MONOMER_mod_zn2(1),0.0,-0.17530449478030627
NMNAT_FWD_g.26658.CDS.1341-MONOMER_mod_zn2(1),0.0,-0.17530379545553762
NMNAT_REV_g.26658.CDS.1341-MONOMER_mod_ca2(1),0.0,-8.547079274525957e-07
NMNAT_FWD_g.26658.CDS.1341-MONOMER_mod_ca2(1),0.0,-1.5538315878812583e-07
NMNAT_REV_g.26658.CDS.1341-MONOMER_mod_cobalt2(1),0.0,-8.475464460714905e-07
NMNAT_FWD_g.26658.CDS.1341-MONOMER_mod_cobalt2(1),0.0,-1.482216774070207e-07
NMNAT_REV_g.26658.CDS.1341-MONOMER_mod_mn2(1),0.0,-8.490713358579e-07
NMNAT_FWD_g.26658.CDS.1341-MONOMER_mod_mn2(1),0.0,-1.4974656719343015e-07
NMNAT_REV_g.26658.CDS.406-MONOMER_mod_mg2(1),0.0,-6.993247686644698e-07
NMNAT_FWD_g.26658.CDS.406-MONOMER_mod_mg2(1),0.0016015359431828021,8.284356610289274e-39
NMNAT_REV_g.26658.CDS.1341-MONOMER_mod_ni2(1),0.0,-8.699670542740868e-07
NMNAT_FWD_g.26658.CDS.1341-MONOMER_mod_ni2(1),0.0,-1.7064228560961692e-07
NMNAT_REV_g.26658.CDS.1341-MONOMER_mod_cu2(1),0.0,-8.458056465207288e-07
NMNAT_FWD_g.26658.CDS.1341-MONOMER_mod_cu2(1),0.0,-1.4648087785625897e-07
NMNAT_REV_g.26658.CDS.1341-MONOMER_mod_cd2(1),0.0,-8.485534339030469e-07
NMNAT_FWD_g.26658.CDS.1341-MONOMER_mod_cd2(1),0.0,-1.4922866523857704e-07
NMNAT_REV_g.26658.CDS.1639-MONOMER,0.0,-8.035942936112732e-07
NMNAT_FWD_g.26658.CDS.1639-MONOMER,0.0,-1.0426952494680328e-07
NMNAT_REV_g.26658.CDS.1341-MONOMER_mod_mg2(1),0.0,-8.607134192080984e-07
NMNAT_FWD_g.26658.CDS.1341-MONOMER_mod_mg2(1),0.0,-1.6138865054362857e-07
NMNP_REV_g.26658.CDS.275-MONOMER,0.0,-1.4755472292250291e-06
NMNP_FWD_g.26658.CDS.275-MONOMER,0.2241814824436069,0.0
NMNPH_REV_g.26658.CDS.1341-MONOMER_mod_zn2(1),0.0,-0.17530464126118414
NMNPH_FWD_g.26658.CDS.1341-MONOMER_mod_zn2(1),0.0,-0.17530364897465975
NMNPH_REV_g.26658.CDS.1341-MONOMER_mod_ca2(1),0.0,-1.0011888053088547e-06
NMNPH_FWD_g.26658.CDS.1341-MONOMER_mod_ca2(1),0.0,-8.902280931866853e-09
NMNPH_REV_g.26658.CDS.1341-MONOMER_mod_cobalt2(1),0.0,-9.940273239277495e-07
NMNPH_FWD_g.26658.CDS.1341-MONOMER_mod_cobalt2(1),0.0,-1.7407995507617437e-09
NMNPH_REV_g.26658.CDS.1341-MONOMER_mod_mn2(1),0.0,-9.95552213714159e-07
NMNPH_FWD_g.26658.CDS.1341-MONOMER_mod_mn2(1),0.0,-3.2656893371711714e-09
NMNPH_REV_g.26658.CDS.1341-MONOMER_mod_ni2(1),0.0,-1.0164479321303458e-06
NMNPH_FWD_g.26658.CDS.1341-MONOMER_mod_ni2(1),0.0,-2.4161407753357944e-08
NMNPH_REV_g.26658.CDS.1906-MONOMER,0.0,-1.1123928487100127e-06
NMNPH_FWD_g.26658.CDS.1906-MONOMER,0.0,-1.2010632433302494e-07
NMNPH_REV_g.26658.CDS.1341-MONOMER_mod_cu2(1),0.0,-9.922865243769877e-07
NMNPH_FWD_g.26658.CDS.1341-MONOMER_mod_cu2(1),0.2225799465004241,-2.4288454724993036e-35
NMNPH_REV_g.26658.CDS.1341-MONOMER_mod_cd2(1),0.0,-9.950343117593058e-07
NMNPH_FWD_g.26658.CDS.1341-MONOMER_mod_cd2(1),0.0,-2.7477873823180603e-09
NMNPH_REV_g.26658.CDS.1341-MONOMER_mod_mg2(1),0.0,-1.0071942970643574e-06
NMNPH_FWD_g.26658.CDS.1341-MONOMER_mod_mg2(1),0.0,-1.4907772687369613e-08
NNAM_REV_g.26658.CDS.1673-MONOMER,0.0,-1.3366950763003504e-06
NNAM_FWD_g.26658.CDS.1673-MONOMER,0.2225799465004241,-1.0753696273719482e-40
NNATr_REV_420889.6.peg.1822-MONOMER,0.0,-9.078638185580764e-07
NNATr_FWD_420889.6.peg.1822-MONOMER,0.0,1.62606235128677e-39
NNDMBRT_REV_CPLX_dummy,0.0,-1.724037607809463e-06
NNDMBRT_FWD_CPLX_dummy,0.0,5.681533725454681e-39
NNDPR_REV_g.26658.CDS.1586-MONOMER,0.0,-1.9325887642097197e-06
NNDPR_FWD_g.26658.CDS.1586-MONOMER,0.0,0.0
NP1_r_REV_g.26658.CDS.379-MONOMER,0.0,-4.3843707598255915e-39
NP1_r_FWD_g.26658.CDS.379-MONOMER,0.0,-4.030053601966459e-06
NP1_r_REV_g.26658.CDS.197-MONOMER,0.0,-7.90581064961423e-07
NP1_r_FWD_g.26658.CDS.197-MONOMER,0.0,-4.8206346669278825e-06
NPHS_REV_g.26658.CDS.976-MONOMER_mod_hco3(1),0.0,-2.989162723852899e-06
NPHS_FWD_g.26658.CDS.976-MONOMER_mod_hco3(1),0.0,-1.2282115516477348e-38
NTD1_REV_CPLX_dummy,0.0,1.1830974001070778e-05
NTD1_FWD_CPLX_dummy,0.0,-1.355501160888024e-05
NTD10_REV_CPLX_dummy,0.0,1.4563059537639658e-05
NTD10_FWD_CPLX_dummy,0.0,-1.628709714544912e-05
NTD11_REV_CPLX_dummy,0.0,2.004152438002584e-05
NTD11_FWD_CPLX_dummy,0.0,-2.1765561987835306e-05
NTD2_REV_CPLX_dummy,0.0,1.181836091732743e-05
NTD2_FWD_CPLX_dummy,0.0,-1.3542398525136892e-05
NTD4_REV_CPLX_dummy,0.0,1.181836091732743e-05
NTD4_FWD_CPLX_dummy,0.0,-1.3542398525136892e-05
NTD5_REV_CPLX_dummy,0.0,9.3889630390668e-06
NTD5_FWD_CPLX_dummy,0.0,-1.1113000646876262e-05
NTD6_REV_CPLX_dummy,0.0,-1.724037607809463e-06
NTD6_FWD_CPLX_dummy,0.06910283896379268,6.163638250451673e-40
NTD7_REV_CPLX_dummy,0.0,-1.724037607809463e-06
NTD7_FWD_CPLX_dummy,1.8213766662511156e-23,3.903637558619393e-39
NTD8_REV_CPLX_dummy,0.0,1.1553089389082253e-05
NTD8_FWD_CPLX_dummy,0.0,-1.3277126996891717e-05
NTD9_REV_CPLX_dummy,0.0,2.004152438002584e-05
NTD9_FWD_CPLX_dummy,0.0,-2.1765561987835306e-05
NTPP7_REV_CPLX_dummy,0.0,1.4972979711511272e-05
NTPP7_FWD_CPLX_dummy,0.0,-1.6697017319320734e-05
NTPTP1_REV_g.26658.CDS.995-MONOMER,0.0,1.544478144943589e-05
NTPTP1_FWD_g.26658.CDS.995-MONOMER,0.0,-1.6260368243517605e-05
NTRARy_REV_g.26658.CDS.504-MONOMER,0.0,-3.021247375461327e-06
NTRARy_FWD_g.26658.CDS.504-MONOMER,0.0,-1.6917769981276157e-40
O2t_REV_CPLX_dummy,0.0,-3.5755354088332497e-39
O2t_FWD_CPLX_dummy,0.0,-1.724037607809463e-06
OAACLi_REV_g.26658.CDS.1822-MONOMER_mod_fmn(1),0.0,1.5393160066428865e-05
OAACLi_FWD_g.26658.CDS.1822-MONOMER_mod_fmn(1),0.0,-1.956930300780599e-05
OAACLi_REV_g.26658.CDS.1822-MONOMER_mod_mg2(1),0.0,1.5353987661773042e-05
OAACLi_FWD_g.26658.CDS.1822-MONOMER_mod_mg2(1),0.0,-1.9608475412461815e-05
OAADC_REV_g.26658.CDS.733-MONOMER,0.0,1.3773707366097202e-05
OAADC_FWD_g.26658.CDS.733-MONOMER,0.0,-1.605243087433973e-05
OBTFL_REV_g.26658.CDS.887-MONOMER_mod_glycyl(1),0.0,-1.033203430247675e-06
OBTFL_FWD_g.26658.CDS.887-MONOMER_mod_glycyl(1),0.0,-2.824759557186605e-40
OCBT_REV_g.26658.CDS.376-MONOMER,0.0,-1.5152414035227697e-39
OCBT_FWD_g.26658.CDS.376-MONOMER,0.0,-2.341931903739611e-06
OCDCEAtr_REV_CPLX_dummy,0.0,-1.724037607809463e-06
OCDCEAtr_FWD_CPLX_dummy,0.0,0.0
OIVD1r_REV_CPLX_dummy,0.0,-1.724037607809463e-06
OIVD1r_FWD_CPLX_dummy,0.016771498534894267,7.078086352996047e-39
OIVD2_REV_CPLX_dummy,0.0,-1.724037607809463e-06
OIVD2_FWD_CPLX_dummy,0.0,-1.6334045429990878e-39
OIVD3_REV_CPLX_dummy,0.0,-1.724037607809463e-06
OIVD3_FWD_CPLX_dummy,0.016771498534894267,-1.6334045429990878e-39
OMBZLM_REV_CPLX_dummy,0.0,-1.724037607809463e-06
OMBZLM_FWD_CPLX_dummy,0.0,3.5970447864768664e-39
OMMBLHX3_REV_CPLX_dummy,0.0,-1.724037607809463e-06
OMMBLHX3_FWD_CPLX_dummy,0.0,-1.9056386334989358e-39
OMPDC_REV_420889.6.peg.1318-MONOMER,0.0,-2.076881069539713e-06
OMPDC_FWD_420889.6.peg.1318-MONOMER,0.0,-8.030543166752849e-40
OMPHHX3_REV_CPLX_dummy,0.0,-1.724037607809463e-06
OMPHHX3_FWD_CPLX_dummy,0.0,-1.9056386334989358e-39
OPHHX3_REV_CPLX_dummy,0.0,-1.724037607809463e-06
OPHHX3_FWD_CPLX_dummy,0.0,-1.9056386334989358e-39
ORNTA_REV_CPLX_dummy,0.0,1.97485218554729e-05
ORNTA_FWD_CPLX_dummy,0.0,-2.1472559463282363e-05
ORNTAC_REV_420889.6.peg.703-MONOMER,0.0,-1.9981952322889702e-06
ORNTAC_FWD_420889.6.peg.703-MONOMER,0.0,7.132923956356974e-36
ORNTAC_REV_420889.6.peg.837-MONOMER,0.0,-2.4039299273958924e-06
ORNTAC_FWD_420889.6.peg.837-MONOMER,0.0,-4.0573469510692214e-07
OROTPT_REV_420889.6.peg.863-MONOMER,0.0,-1.86805286108345e-06
OROTPT_FWD_420889.6.peg.863-MONOMER,0.0,-8.042949339553096e-40
P5CD_REV_CPLX_dummy,0.0,1.7668858700646075e-05
P5CD_FWD_CPLX_dummy,0.0,-1.939289630845554e-05
P5CRyr_REV_420889.6.peg.1594-MONOMER,0.0,-1.865768420374086e-06
P5CRyr_FWD_420889.6.peg.1594-MONOMER,0.0,-6.450671536953029e-07
PAAI17P_REV_CPLX_dummy,0.0,-1.724037607809463e-06
PAAI17P_FWD_CPLX_dummy,0.0014572510633814675,-5.958183642103284e-39
PAI17P_REV_CPLX_dummy,0.0,-1.724037607809463e-06
PAI17P_FWD_CPLX_dummy,0.0014572510633814675,-3.225637351069709e-38
PAPA180_REV_CPLX_dummy,0.0,0.00034658053892635643
PAPA180_FWD_CPLX_dummy,0.0,-0.00034830457653416586
PAPPT2_REV_g.26658.CDS.75-MONOMER,0.0,-2.0446087009601327e-06
PAPPT2_FWD_g.26658.CDS.75-MONOMER,0.0,3.644332299107259e-38
PAPPT3_REV_g.26658.CDS.75-MONOMER,0.0,-2.0446087009601327e-06
PAPPT3_FWD_g.26658.CDS.75-MONOMER,0.0,8.342447431691316e-39
PBt_REV_g.26658.CDS.813-MONOMER,0.0,-3.257730236031628e-06
PBt_FWD_g.26658.CDS.813-MONOMER,0.0,-5.4389504602489776e-39
PBt_REV_g.26658.CDS.559-MONOMER,0.0,-3.3520348870683546e-06
PBt_FWD_g.26658.CDS.559-MONOMER,0.0,-9.430465103672673e-08
PBt_REV_g.26658.CDS.291-MONOMER,0.0,-3.5173806649481324e-06
PBt_FWD_g.26658.CDS.291-MONOMER,0.0,-2.596504289165046e-07
PBt_REV_g.26658.CDS.36-MONOMER,0.0,-3.2923605167528835e-06
PBt_FWD_g.26658.CDS.36-MONOMER,0.0,-3.463028072125555e-08
PC8XM_REV_g.26658.CDS.1162-MONOMER_mod_mg2(1),0.0,-2.389531361175368e-06
PC8XM_FWD_g.26658.CDS.1162-MONOMER_mod_mg2(1),1.4366905057646686e-28,-2.1750364312258775e-40
PDHa_REV_CPLX_dummy,0.0,-1.724037607809463e-06
PDHa_FWD_CPLX_dummy,0.0,-6.312815250505201e-40
PDHbr_REV_g.26658.CDS.359-MONOMER,0.0,-4.819753941077069e-06
PDHbr_FWD_g.26658.CDS.359-MONOMER,0.0,0.0
PDHc_REV_g.26658.CDS.360-MONOMER,0.0,6.613241984455732e-06
PDHc_FWD_g.26658.CDS.360-MONOMER,0.0,-1.0391294790599162e-05
PDHc_REV_g.26658.CDS.819-MONOMER,0.0,7.238556874794246e-06
PDHc_FWD_g.26658.CDS.819-MONOMER,0.0,-9.765979900260649e-06
PEPCK_REV_g.26658.CDS.1822-MONOMER_mod_fmn(1),0.0,1.5932791677927878e-05
PEPCK_FWD_g.26658.CDS.1822-MONOMER_mod_fmn(1),0.0,-2.0108934619305e-05
PEPCK_REV_g.26658.CDS.1822-MONOMER_mod_mg2(1),0.0,1.5893619273272055e-05
PEPCK_FWD_g.26658.CDS.1822-MONOMER_mod_mg2(1),0.0,-2.0148107023960828e-05
PEPGLY_REV_g.26658.CDS.966-MONOMER,0.0,-3.422468497427592e-06
PEPGLY_FWD_g.26658.CDS.966-MONOMER,0.0,-1.0667299896670711e-07
PEPGLY_REV_g.26658.CDS.865-MONOMER,0.0,-3.315795498460885e-06
PEPGLY_FWD_g.26658.CDS.865-MONOMER,0.0,4.0533233267085526e-38
PEPGLY_REV_g.26658.CDS.20-MONOMER,0.0,-3.4167855985042757e-06
PEPGLY_FWD_g.26658.CDS.20-MONOMER,0.0,-1.0099010004339052e-07
PEPGLY_REV_g.26658.CDS.1847-MONOMER,0.0,-3.820497360598687e-06
PEPGLY_FWD_g.26658.CDS.1847-MONOMER,0.0,-5.047018621378022e-07
PETHCT_REV_g.26658.CDS.406-MONOMER_mod_mg2(1),0.0,-6.993247686644698e-07
PETHCT_FWD_g.26658.CDS.406-MONOMER_mod_mg2(1),0.0,1.7254967436836399e-40
PETHCT_REV_g.26658.CDS.1639-MONOMER,0.0,-8.035942936112732e-07
PETHCT_FWD_g.26658.CDS.1639-MONOMER,0.0,-1.0426952494680328e-07
PFK_REV_420889.6.peg.1299-MONOMER,0.0,-2.6079615268138507e-06
PFK_FWD_420889.6.peg.1299-MONOMER,0.0,-6.23392860018528e-07
PFK_2_REV_CPLX_PFK_2-1,0.0,1.592455088541803e-05
PFK_2_FWD_CPLX_PFK_2-1,0.0,-9.24805397369609e-07
PFK_2_REV_g.26658.CDS.880-MONOMER_mod_mg2(1),0.0,1.684935628278764e-05
PFK_2_FWD_g.26658.CDS.880-MONOMER_mod_mg2(1),0.0,2.9845355159024136e-39
PFK_2_REV_g.26658.CDS.1791-MONOMER,0.0,8.29441261190089e-06
PFK_2_FWD_g.26658.CDS.1791-MONOMER,0.0,-8.55494367088675e-06
PFK_2_REV_g.26658.CDS.1376-MONOMER_mod_mg2(1),0.0,7.2029422942126624e-06
PFK_2_FWD_g.26658.CDS.1376-MONOMER_mod_mg2(1),0.0,-9.646413988574977e-06
PFK_2_REV_g.26658.CDS.1322-MONOMER_mod_mg2(1),0.0,6.143031047146599e-06
PFK_2_FWD_g.26658.CDS.1322-MONOMER_mod_mg2(1),0.0,-1.070632523564104e-05
PFK_2_REV_CPLX_PFK_2-0,0.0,1.6540562696510864e-05
PFK_2_FWD_CPLX_PFK_2-0,0.0,-3.0879358627677515e-07
PFK_2_REV_g.26658.CDS.1758-MONOMER,0.0,8.185745866832617e-06
PFK_2_FWD_g.26658.CDS.1758-MONOMER,0.0,-8.663610415955023e-06
PFK_3_REV_g.26658.CDS.1758-MONOMER,0.0,-3.69197804054132e-07
PFK_3_FWD_g.26658.CDS.1758-MONOMER,0.0,-1.086667450682726e-07
PFK_3_REV_g.26658.CDS.1791-MONOMER,0.0,-2.6053105898585936e-07
PFK_3_FWD_g.26658.CDS.1791-MONOMER,1.7007319197781834,-7.587599335103049e-40
PFK_3_REV_g.26658.CDS.1322-MONOMER_mod_mg2(1),0.0,-2.4119126237401504e-06
PFK_3_FWD_g.26658.CDS.1322-MONOMER_mod_mg2(1),0.0,-2.151381564754291e-06
PFL_REV_g.26658.CDS.887-MONOMER_mod_glycyl(1),0.0,-1.033203430247675e-06
PFL_FWD_g.26658.CDS.887-MONOMER_mod_glycyl(1),0.0,1.9773316900306235e-39
PFL_REV_g.26658.CDS.736-MONOMER,0.0,-1.033203430247675e-06
PFL_FWD_g.26658.CDS.736-MONOMER,5.531550380089127,5.8263566568360334e-39
PGAMT_REV_420889.6.peg.302-MONOMER,0.0,-1.7971093313750055e-39
PGAMT_FWD_420889.6.peg.302-MONOMER,0.0,-2.972040204397186e-06
PGI_REV_420889.6.peg.1834-MONOMER,0.0,-2.6707285798113006e-06
PGI_FWD_420889.6.peg.1834-MONOMER,0.2629975444788448,6.916095329448877e-39
PGK_REV_420889.6.peg.1792-MONOMER,5.711702289520308,1.0043029802899978e-39
PGK_FWD_420889.6.peg.1792-MONOMER,0.0,-4.623308380699066e-06
PGL_REV_420889.6.peg.1829-MONOMER,0.0,1.6218694282285868e-06
PGL_FWD_420889.6.peg.1829-MONOMER,0.0,-3.7684725791006954e-06
PGM_REV_420889.6.peg.205-MONOMER,5.711702289520308,6.743351507208617e-39
PGM_FWD_420889.6.peg.205-MONOMER,0.0,-1.1373281052655208e-06
PGMT_REV_g.26658.CDS.1162-MONOMER_mod_mg2(1),0.034974025521155215,-6.059756732819547e-40
PGMT_FWD_g.26658.CDS.1162-MONOMER_mod_mg2(1),0.0,-2.389531361175368e-06
PGMT_REV_g.26658.CDS.574-MONOMER,0.0,-1.777557012509921e-07
PGMT_FWD_g.26658.CDS.574-MONOMER,0.0,-2.56728706242636e-06
PGMT2_REV_g.26658.CDS.574-MONOMER,0.0,-2.745042763677352e-06
PGMT2_FWD_g.26658.CDS.574-MONOMER,0.0,-1.6093036098581042e-40
PGPGT_REV_CPLX_dummy,0.0,-1.2135249051633988e-37
PGPGT_FWD_CPLX_dummy,0.0,-1.724037607809463e-06
PGPP180_REV_CPLX_dummy,0.0,-1.724037607809463e-06
PGPP180_FWD_CPLX_dummy,0.00519637365304925,2.0340006226490522e-38
PGPPAI17_REV_CPLX_dummy,0.0,-1.724037607809463e-06
PGPPAI17_FWD_CPLX_dummy,0.00519637365304925,2.0340006226490522e-38
PGPPI17_REV_CPLX_dummy,0.0,-1.724037607809463e-06
PGPPI17_FWD_CPLX_dummy,0.00519637365304925,2.0340006226490522e-38
PGSA120_REV_g.26658.CDS.1337-MONOMER_mod_mg2(1),0.0,-1.6342528408990685e-06
PGSA120_FWD_g.26658.CDS.1337-MONOMER_mod_mg2(1),0.0,8.394264997043677e-39
PGSA140_REV_g.26658.CDS.1337-MONOMER_mod_mg2(1),0.0,-1.6342528408990685e-06
PGSA140_FWD_g.26658.CDS.1337-MONOMER_mod_mg2(1),0.0,8.394264997043677e-39
PGSA141_REV_g.26658.CDS.1337-MONOMER_mod_mg2(1),0.0,-1.6342528408990685e-06
PGSA141_FWD_g.26658.CDS.1337-MONOMER_mod_mg2(1),0.0,4.6634805539131534e-39
PGSA160_REV_g.26658.CDS.1337-MONOMER_mod_mg2(1),0.0,-1.6342528408990685e-06
PGSA160_FWD_g.26658.CDS.1337-MONOMER_mod_mg2(1),0.0,-3.1400769063015233e-38
PGSA161_REV_g.26658.CDS.1337-MONOMER_mod_mg2(1),0.0,-1.6342528408990685e-06
PGSA161_FWD_g.26658.CDS.1337-MONOMER_mod_mg2(1),0.0,-1.5544935179710512e-39
PGSA180_REV_g.26658.CDS.1337-MONOMER_mod_mg2(1),0.0,-1.6342528408990685e-06
PGSA180_FWD_g.26658.CDS.1337-MONOMER_mod_mg2(1),0.00519637365304925,4.818929905710259e-38
PGSA181_REV_g.26658.CDS.1337-MONOMER_mod_mg2(1),0.0,-1.6342528408990685e-06
PGSA181_FWD_g.26658.CDS.1337-MONOMER_mod_mg2(1),0.0,-1.5544935179710512e-39
PGSAAI15_REV_g.26658.CDS.1337-MONOMER_mod_mg2(1),0.0,-1.6342528408990685e-06
PGSAAI15_FWD_g.26658.CDS.1337-MONOMER_mod_mg2(1),0.0,8.394264997043677e-39
PGSAAI17_REV_g.26658.CDS.1337-MONOMER_mod_mg2(1),0.0,-1.6342528408990685e-06
PGSAAI17_FWD_g.26658.CDS.1337-MONOMER_mod_mg2(1),0.00519637365304925,4.818929905710259e-38
PGSAI14_REV_g.26658.CDS.1337-MONOMER_mod_mg2(1),0.0,-1.6342528408990685e-06
PGSAI14_FWD_g.26658.CDS.1337-MONOMER_mod_mg2(1),0.0,4.6634805539131534e-39
PGSAI15_REV_g.26658.CDS.1337-MONOMER_mod_mg2(1),0.0,-1.6342528408990685e-06
PGSAI15_FWD_g.26658.CDS.1337-MONOMER_mod_mg2(1),0.0,8.394264997043677e-39
PGSAI16_REV_g.26658.CDS.1337-MONOMER_mod_mg2(1),0.0,-1.6342528408990685e-06
PGSAI16_FWD_g.26658.CDS.1337-MONOMER_mod_mg2(1),0.0,8.394264997043677e-39
PGSAI17_REV_g.26658.CDS.1337-MONOMER_mod_mg2(1),0.0,-1.6342528408990685e-06
PGSAI17_FWD_g.26658.CDS.1337-MONOMER_mod_mg2(1),0.00519637365304925,4.818929905710259e-38
PHEt2r_REV_CPLX_dummy,0.0,-1.724037607809463e-06
PHEt2r_FWD_CPLX_dummy,0.04623238241472171,-4.414684424300039e-40
PHYQS_REV_g.26658.CDS.774-MONOMER,0.0,5.246539700878871e-39
PHYQS_FWD_g.26658.CDS.774-MONOMER,0.0,-1.2455872704345694e-06
PHYQS_REV_g.26658.CDS.1569-MONOMER,0.0,-1.898894573333723e-08
PHYQS_FWD_g.26658.CDS.1569-MONOMER,0.0,-1.2645762161679068e-06
PIabc_REV_CPLX_PIabc-3,0.0,2.9553896917302432e-05
PIabc_FWD_CPLX_PIabc-3,0.0,-3.311880287988409e-05
PIabc_REV_CPLX_PIabc-1,0.0,2.939824049788422e-05
PIabc_FWD_CPLX_PIabc-1,0.0,-3.32744592993023e-05
PIabc_REV_CPLX_PIabc-2,0.0,2.9634673106219835e-05
PIabc_FWD_CPLX_PIabc-2,0.0,-3.303802669096669e-05
PIabc_REV_CPLX_PIabc-0,0.0,2.9480705811557016e-05
PIabc_FWD_CPLX_PIabc-0,0.0,-3.3191993985629504e-05
PIt7ir_REV_g.26658.CDS.714-MONOMER,0.0,4.191233971188571e-05
PIt7ir_FWD_g.26658.CDS.714-MONOMER,0.0,-4.381461536720773e-05
PMEVKc_REV_g.26658.CDS.780-MONOMER,0.0,-1.957194582841769e-06
PMEVKc_FWD_g.26658.CDS.780-MONOMER,0.0,-2.1062912558249676e-39
PMTCOATA_REV_g.26658.CDS.414-MONOMER,0.0,1.5626208979556759e-38
PMTCOATA_FWD_g.26658.CDS.414-MONOMER,0.0,-2.38228438710816e-06
PNP_REV_g.26658.CDS.379-MONOMER,0.0,-4.030053601966459e-06
PNP_FWD_g.26658.CDS.379-MONOMER,0.2225799465004241,1.8790160399252535e-39
PNP_REV_g.26658.CDS.197-MONOMER,0.0,-4.8206346669278825e-06
PNP_FWD_g.26658.CDS.197-MONOMER,0.0,-7.90581064961423e-07
PNTK_REV_420889.6.peg.1147-MONOMER,0.0,-3.7455839280424463e-07
PNTK_FWD_420889.6.peg.1147-MONOMER,0.0016015359431828021,3.1480307453283993e-40
PNTOabc_REV_CPLX_dummy,0.0,-1.724037607809463e-06
PNTOabc_FWD_CPLX_dummy,0.0016015359431828021,1.992496795987328e-40
POR4_REV_g.26658.CDS.829-MONOMER_mod_thmpp(1),0.0,-3.066976360573893e-06
POR4_FWD_g.26658.CDS.829-MONOMER_mod_thmpp(1),0.0,4.2489099934150544e-39
PPA_REV_g.26658.CDS.610-MONOMER,0.0,8.644529253336376e-06
PPA_FWD_g.26658.CDS.610-MONOMER,0.0,-1.0869713352346882e-05
PPA2_REV_CPLX_dummy,0.0,1.1435075959841239e-05
PPA2_FWD_CPLX_dummy,0.0,-1.3159113567650703e-05
PPAKr_REV_g.26658.CDS.1439-MONOMER_mod_mg2(1),0.0,-2.4453982727973528e-06
PPAKr_FWD_g.26658.CDS.1439-MONOMER_mod_mg2(1),0.0,-1.6093204322441296e-07
PPAKr_REV_g.26658.CDS.1521-MONOMER,0.0,-2.28446622957294e-06
PPAKr_FWD_g.26658.CDS.1521-MONOMER,0.0,-7.241475505742243e-40
PPAt2_REV_CPLX_dummy,0.0,-1.724037607809463e-06
PPAt2_FWD_CPLX_dummy,0.0,-1.0016038717143425e-40
PPCDC_REV_420889.6.peg.1542-MONOMER,0.0,-2.1369964795583714e-06
PPCDC_FWD_420889.6.peg.1542-MONOMER,0.0016015359431828021,1.7663858137460502e-38
PPDK_REV_g.26658.CDS.1267-MONOMER,0.0,4.736437225439801e-06
PPDK_FWD_g.26658.CDS.1267-MONOMER,0.0,-7.307613511115065e-06
PPIACPT_REV_g.26658.CDS.365-MONOMER,0.0,-2.7709764917319108e-06
PPIACPT_FWD_g.26658.CDS.365-MONOMER,1.4371687502802608,1.1061728855446774e-38
PPM_REV_g.26658.CDS.574-MONOMER,0.0,-2.745042763677352e-06
PPM_FWD_g.26658.CDS.574-MONOMER,0.11092310335604741,-1.3696532690576886e-34
PPM_REV_g.26658.CDS.334-MONOMER_mod_mn2(1),0.0,-2.756963308933441e-06
PPM_FWD_g.26658.CDS.334-MONOMER_mod_mn2(1),0.0,-1.192054525608884e-08
PPNCL3_REV_420889.6.peg.1541-MONOMER,0.0,-1.6655299344626673e-06
PPNCL3_FWD_420889.6.peg.1541-MONOMER,0.0016015359431828021,-3.184106303524248e-38
PPTT_REV_g.26658.CDS.756-MONOMER_mod_mn2(1),0.0,-1.8002513198669849e-06
PPTT_FWD_g.26658.CDS.756-MONOMER_mod_mn2(1),0.0,-2.9376685306028745e-07
PPTT_REV_g.26658.CDS.630-MONOMER_mod_mg2(1),0.0,-1.6022977754737845e-06
PPTT_FWD_g.26658.CDS.630-MONOMER_mod_mg2(1),0.0,-9.581330866708702e-08
PPTT_REV_g.26658.CDS.1520-MONOMER,0.0,-1.5064844668066975e-06
PPTT_FWD_g.26658.CDS.1520-MONOMER,0.0,1.1573662282693208e-38
PPTT_REV_g.26658.CDS.1683-MONOMER,0.0,-1.6303527189673185e-06
PPTT_FWD_g.26658.CDS.1683-MONOMER,0.0,-1.2386825216062095e-07
PPTT_REV_g.26658.CDS.756-MONOMER_mod_mg2(1),0.0,-1.8129132750785719e-06
PPTT_FWD_g.26658.CDS.756-MONOMER_mod_mg2(1),0.0,-3.064288082718743e-07
PRAGS_REV_420889.6.peg.1156-MONOMER,0.0,-2.6930407190508545e-06
PRAGS_FWD_420889.6.peg.1156-MONOMER,0.0,2.873756043803615e-39
PRAIS_REV_420889.6.peg.1164-MONOMER,0.0,-2.506871610486327e-06
PRAIS_FWD_420889.6.peg.1164-MONOMER,0.0,3.750152619604583e-39
PRASCSi_REV_420889.6.peg.1169-MONOMER,0.0,-6.975187926205927e-07
PRASCSi_FWD_420889.6.peg.1169-MONOMER,-1.9399901845075937e-30,1.0524844760177385e-38
PREN_REV_CPLX_dummy,0.0,-1.724037607809463e-06
PREN_FWD_CPLX_dummy,0.0,3.045970295512624e-40
PRFGS_REV_420889.6.peg.1166-MONOMER,0.0,9.83155860833931e-05
PRFGS_FWD_420889.6.peg.1166-MONOMER,0.0,-0.00010177599677791895
PRFGS_REV_420889.6.peg.1168-MONOMER,0.0,9.991014057362137e-05
PRFGS_FWD_420889.6.peg.1168-MONOMER,0.0,-0.00010018144228769067
PRFGS_REV_420889.6.peg.1167-MONOMER,0.0,0.00010654354356509539
PRFGS_FWD_420889.6.peg.1167-MONOMER,0.0,-9.354803929621665e-05
PRKIN_REV_g.26658.CDS.1341-MONOMER_mod_zn2(1),0.0,-0.17530464126118414
PRKIN_FWD_g.26658.CDS.1341-MONOMER_mod_zn2(1),0.0,-0.17530364897465975
PRKIN_REV_g.26658.CDS.1341-MONOMER_mod_ca2(1),0.0,-1.0011888053088547e-06
PRKIN_FWD_g.26658.CDS.1341-MONOMER_mod_ca2(1),0.0,-8.902280931866853e-09
PRKIN_REV_g.26658.CDS.1341-MONOMER_mod_cobalt2(1),0.0,-9.940273239277495e-07
PRKIN_FWD_g.26658.CDS.1341-MONOMER_mod_cobalt2(1),0.0,-1.7407995507617437e-09
PRKIN_REV_g.26658.CDS.1341-MONOMER_mod_mn2(1),0.0,-9.95552213714159e-07
PRKIN_FWD_g.26658.CDS.1341-MONOMER_mod_mn2(1),0.0,-3.2656893371711714e-09
PRKIN_REV_g.26658.CDS.1341-MONOMER_mod_ni2(1),0.0,-1.0164479321303458e-06
PRKIN_FWD_g.26658.CDS.1341-MONOMER_mod_ni2(1),0.0,-2.4161407753357944e-08
PRKIN_REV_g.26658.CDS.1341-MONOMER_mod_cu2(1),0.0,-9.922865243769877e-07
PRKIN_FWD_g.26658.CDS.1341-MONOMER_mod_cu2(1),0.0,4.765338681353968e-40
PRKIN_REV_g.26658.CDS.1341-MONOMER_mod_cd2(1),0.0,-9.950343117593058e-07
PRKIN_FWD_g.26658.CDS.1341-MONOMER_mod_cd2(1),0.0,-2.7477873823180603e-09
PRKIN_REV_g.26658.CDS.1341-MONOMER_mod_mg2(1),0.0,-1.0071942970643574e-06
PRKIN_FWD_g.26658.CDS.1341-MONOMER_mod_mg2(1),0.0,-1.4907772687369613e-08
PRO1x_REV_g.26658.CDS.1764-MONOMER,0.0,-5.635481048500673e-07
PRO1x_FWD_g.26658.CDS.1764-MONOMER,0.0,-3.901419098510788e-06
PROabc_REV_g.26658.CDS.1420-MONOMER,0.0,3.6914402578164192e-06
PROabc_FWD_g.26658.CDS.1420-MONOMER,0.0,-5.190553987050893e-06
PROabc_REV_g.26658.CDS.1331-MONOMER,0.0,3.3023739732902607e-06
PROabc_FWD_g.26658.CDS.1331-MONOMER,0.0,-5.579620271577052e-06
PROt2r_REV_CPLX_dummy,0.0,-1.724037607809463e-06
PROt2r_FWD_CPLX_dummy,0.03560742924172098,2.5928285064235003e-40
PRPPS_REV_g.26658.CDS.1595-MONOMER,0.0,-2.106167532052562e-06
PRPPS_FWD_g.26658.CDS.1595-MONOMER,0.11092310335604741,1.4822617650688658e-34
PRPPS_REV_g.26658.CDS.696-MONOMER_mod_mn2(1)_mod_pi(1),0.0,-2.1308208784786563e-06
PRPPS_FWD_g.26658.CDS.696-MONOMER_mod_mn2(1)_mod_pi(1),0.0,-2.4653346426094376e-08
PRPPS_REV_g.26658.CDS.696-MONOMER_mod_mg2(1)_mod_pi(1),0.0,-2.1422847088602003e-06
PRPPS_FWD_g.26658.CDS.696-MONOMER_mod_mg2(1)_mod_pi(1),0.0,-3.6117176807638313e-08
PSCVT_REV_420889.6.peg.449-MONOMER,0.0,-3.1590081608407235e-06
PSCVT_FWD_420889.6.peg.449-MONOMER,0.0,0.0
PSD120_REV_CPLX_dummy,0.0,-1.724037607809463e-06
PSD120_FWD_CPLX_dummy,0.0,5.028394854908437e-40
PSD140_REV_CPLX_dummy,0.0,-1.724037607809463e-06
PSD140_FWD_CPLX_dummy,0.0,5.028394854908437e-40
PSD160_REV_CPLX_dummy,0.0,-1.724037607809463e-06
PSD160_FWD_CPLX_dummy,0.0,5.028394854908437e-40
PSD180_REV_CPLX_dummy,0.0,-1.724037607809463e-06
PSD180_FWD_CPLX_dummy,0.0017321245510164166,5.816176715510758e-38
PSD181_REV_CPLX_dummy,0.0,-1.724037607809463e-06
PSD181_FWD_CPLX_dummy,0.0,-8.38065809151406e-40
PSDAI17_REV_CPLX_dummy,0.0,-1.724037607809463e-06
PSDAI17_FWD_CPLX_dummy,0.0017321245510164166,-2.76561717019964e-38
PSDI17_REV_CPLX_dummy,0.0,-1.724037607809463e-06
PSDI17_FWD_CPLX_dummy,0.0017321245510164166,1.525279772655559e-38
PSSA120_REV_CPLX_dummy,0.0,0.00022652000316490393
PSSA120_FWD_CPLX_dummy,0.0,-0.00022824404077271342
PSSA140_REV_CPLX_dummy,0.0,0.00026665839284855037
PSSA140_FWD_CPLX_dummy,0.0,-0.00026838243045635985
PSSA160_REV_CPLX_dummy,0.0,0.0003012049983343441
PSSA160_FWD_CPLX_dummy,0.0,-0.00030292903594215356
PSSA180_REV_CPLX_dummy,0.0,-1.724037607809463e-06
PSSA180_FWD_CPLX_dummy,0.0017321245510164166,6.84795426364346e-38
PSSA181_REV_CPLX_dummy,0.0,-1.724037607809463e-06
PSSA181_FWD_CPLX_dummy,0.0,-3.930130273047551e-39
PSSAAI17_REV_CPLX_dummy,0.0,-1.724037607809463e-06
PSSAAI17_FWD_CPLX_dummy,0.0017321245510164166,3.7991259306126325e-38
PSSAI17_REV_CPLX_dummy,0.0,-1.724037607809463e-06
PSSAI17_FWD_CPLX_dummy,0.0017321245510164166,1.2945610929705114e-37
PTA2_REV_g.26658.CDS.367-MONOMER,0.0,-3.0741698142752443e-06
PTA2_FWD_g.26658.CDS.367-MONOMER,0.0,1.5446111504367787e-39
PTAr_REV_g.26658.CDS.367-MONOMER,0.0,-3.0741698142752443e-06
PTAr_FWD_g.26658.CDS.367-MONOMER,5.205579429997213,-8.663106098339717e-36
PTPAT_REV_420889.6.peg.1832-MONOMER_mod_mg2(1),0.0,-1.0667970851773363e-06
PTPAT_FWD_420889.6.peg.1832-MONOMER_mod_mg2(1),0.0016015359431828021,-2.4197174297452955e-39
PTRCabc_REV_CPLX_PTRCabc-0,0.0,-2.2972608447760074e-06
PTRCabc_FWD_CPLX_PTRCabc-0,0.0016015359431828021,4.254046263155927e-39
PUNP1_REV_g.26658.CDS.379-MONOMER,0.0,-2.235288304100364e-06
PUNP1_FWD_g.26658.CDS.379-MONOMER,0.0,-1.7947652978660954e-06
PUNP1_REV_g.26658.CDS.197-MONOMER,0.0,-3.0258693690617867e-06
PUNP1_FWD_g.26658.CDS.197-MONOMER,0.0,-2.5853463628275185e-06
PUNP2_REV_g.26658.CDS.379-MONOMER,0.0,-4.030053601966459e-06
PUNP2_FWD_g.26658.CDS.379-MONOMER,1.0691028389637927,-1.8790160399252535e-39
PUNP2_REV_g.26658.CDS.197-MONOMER,0.0,-4.8206346669278825e-06
PUNP2_FWD_g.26658.CDS.197-MONOMER,0.0,-7.90581064961423e-07
PUNP3_REV_g.26658.CDS.379-MONOMER,0.0,-4.030053601966459e-06
PUNP3_FWD_g.26658.CDS.379-MONOMER,0.0,-1.8790160399252535e-39
PUNP3_REV_g.26658.CDS.197-MONOMER,0.0,-4.8206346669278825e-06
PUNP3_FWD_g.26658.CDS.197-MONOMER,0.0,-7.90581064961423e-07
PUNP4_REV_g.26658.CDS.379-MONOMER,0.0,-4.030053601966459e-06
PUNP4_FWD_g.26658.CDS.379-MONOMER,0.992438789400075,-4.3843707598255915e-39
PUNP4_REV_g.26658.CDS.197-MONOMER,0.0,-4.8206346669278825e-06
PUNP4_FWD_g.26658.CDS.197-MONOMER,0.0,-7.90581064961423e-07
PUNP5_REV_g.26658.CDS.379-MONOMER,0.0,-4.030053601966459e-06
PUNP5_FWD_g.26658.CDS.379-MONOMER,0.0,-3.1316933998754225e-39
PUNP5_REV_g.26658.CDS.197-MONOMER,0.0,-4.8206346669278825e-06
PUNP5_FWD_g.26658.CDS.197-MONOMER,0.0,-7.90581064961423e-07
PUNP6_REV_g.26658.CDS.379-MONOMER,0.0,-4.030053601966459e-06
PUNP6_FWD_g.26658.CDS.379-MONOMER,0.0,-4.3843707598255915e-39
PUNP6_REV_g.26658.CDS.197-MONOMER,0.0,-4.8206346669278825e-06
PUNP6_FWD_g.26658.CDS.197-MONOMER,0.0,-7.90581064961423e-07
PUNP7_REV_g.26658.CDS.379-MONOMER,0.0,6.263386799750844e-40
PUNP7_FWD_g.26658.CDS.379-MONOMER,0.0,-4.030053601966459e-06
PUNP7_REV_g.26658.CDS.197-MONOMER,0.0,-7.90581064961423e-07
PUNP7_FWD_g.26658.CDS.197-MONOMER,0.0,-4.8206346669278825e-06
PYDAMK_REV_g.26658.CDS.351-MONOMER_mod_mg2(1),0.0,1.9509497422560206e-05
PYDAMK_FWD_g.26658.CDS.351-MONOMER_mod_mg2(1),0.0,-3.5358560479170175e-39
PYDAMK_REV_g.26658.CDS.351-MONOMER_mod_zn2(1),0.0,-0.06624239339949411
PYDAMK_FWD_g.26658.CDS.351-MONOMER_mod_zn2(1),0.0,-0.06626190289691668
PYDAMabc_REV_CPLX_dummy,0.0,-1.724037607809463e-06
PYDAMabc_FWD_CPLX_dummy,0.0,1.7932471163885954e-39
PYDXK_REV_420889.6.peg.312-MONOMER,0.0,-2.0648349715093976e-06
PYDXK_FWD_420889.6.peg.312-MONOMER,0.0016015359431828021,7.683674157987851e-38
PYDXNK_REV_g.26658.CDS.351-MONOMER_mod_mg2(1),0.0,1.9509497422560206e-05
PYDXNK_FWD_g.26658.CDS.351-MONOMER_mod_mg2(1),0.0,-3.5358560479170175e-39
PYDXNK_REV_g.26658.CDS.351-MONOMER_mod_zn2(1),0.0,-0.06624239339949411
PYDXNK_FWD_g.26658.CDS.351-MONOMER_mod_zn2(1),0.0,-0.06626190289691668
PYDXNabc_REV_CPLX_dummy,0.0,-1.724037607809463e-06
PYDXNabc_FWD_CPLX_dummy,0.0,1.7932471163885954e-39
PYDXabc_REV_CPLX_dummy,0.0,-1.724037607809463e-06
PYDXabc_FWD_CPLX_dummy,0.0016015359431828021,-2.988745193980992e-39
PYK_REV_g.26658.CDS.1251-MONOMER_mod_mn2(1)_mod_k(1),0.0,-5.136324833797927e-06
PYK_FWD_g.26658.CDS.1251-MONOMER_mod_mn2(1)_mod_k(1),3.800780035080103,-3.223634109905525e-39
PYK_REV_g.26658.CDS.1251-MONOMER_mod_mg2(1)_mod_k(1),0.0,-5.139355406835064e-06
PYK_FWD_g.26658.CDS.1251-MONOMER_mod_mg2(1)_mod_k(1),0.0,-3.0305730371364824e-09
PYNP1r_REV_g.26658.CDS.1407-MONOMER,0.0,-4.773180349938428e-06
PYNP1r_FWD_g.26658.CDS.1407-MONOMER,0.01271295685843082,2.2638612649111052e-39
PYNP2r_REV_g.26658.CDS.1407-MONOMER,0.09894388628594586,-4.204313777692053e-39
PYNP2r_FWD_g.26658.CDS.1407-MONOMER,0.0,-4.773180349938428e-06
PYRCT_REV_g.26658.CDS.1226-MONOMER,0.0,5.348313332921253e-39
PYRCT_FWD_g.26658.CDS.1226-MONOMER,0.0,-1.4898912876589764e-06
PYROX_REV_g.26658.CDS.258-MONOMER_mod_mg2(1)_mod_thmpp(1)_mod_fad(1),0.0,-3.4084567500519643e-06
PYROX_FWD_g.26658.CDS.258-MONOMER_mod_mg2(1)_mod_thmpp(1)_mod_fad(1),0.0,-2.728426558146667e-38
Q8abc_REV_CPLX_dummy,0.0,-1.724037607809463e-06
Q8abc_FWD_CPLX_dummy,0.0,1.992496795987328e-40
RB5PE_REV_CPLX_dummy,0.0,1.481265320283903e-40
RB5PE_FWD_CPLX_dummy,0.0,-1.724037607809463e-06
RBFK_REV_420889.6.peg.1267-MONOMER,0.0,-1.2324991730430377e-06
RBFK_FWD_420889.6.peg.1267-MONOMER,0.0016015359431828021,-2.340339247395545e-39
RBK_REV_g.26658.CDS.278-MONOMER_mod_k(1)_mod_mg2(1),0.0,-3.39962491614634e-06
RBK_FWD_g.26658.CDS.278-MONOMER_mod_k(1)_mod_mg2(1),1.5617319193743648e-23,-3.038044623721285e-39
RDH1_REV_g.26658.CDS.991-MONOMER,0.0,-2.037174672660864e-07
RDH1_FWD_g.26658.CDS.991-MONOMER,0.0,-1.5829771349978605e-06
RDH1_REV_g.26658.CDS.1591-MONOMER,0.0,-6.366509547910633e-07
RDH1_FWD_g.26658.CDS.1591-MONOMER,0.0,-2.0159106225228373e-06
RDH1_REV_g.26658.CDS.1038-MONOMER,0.0,-4.1722488174272417e-07
RDH1_FWD_g.26658.CDS.1038-MONOMER,0.0,-1.7964845494744984e-06
RDH1_REV_g.26658.CDS.1419-MONOMER_mod_fe2(1),0.0,-4.351815558887119e-06
RDH1_FWD_g.26658.CDS.1419-MONOMER_mod_fe2(1),0.0,-5.731075226618894e-06
RDH1_REV_g.26658.CDS.536-MONOMER,0.0,5.3389018568858885e-39
RDH1_FWD_g.26658.CDS.536-MONOMER,0.0,-1.3792596677317742e-06
RE1944C_REV_g.26658.CDS.752-MONOMER,0.0,-1.5277615452603163e-06
RE1944C_FWD_g.26658.CDS.752-MONOMER,0.0,8.371722242443217e-40
RHC_REV_CPLX_dummy,0.0,-1.724037607809463e-06
RHC_FWD_CPLX_dummy,1.5617319193743648e-23,-5.572706048892137e-39
RHCCE_REV_g.26658.CDS.1652-MONOMER,0.0,-6.72929524868301e-09
RHCCE_FWD_g.26658.CDS.1652-MONOMER,0.0,-1.322486214299101e-06
RIBABCte_REV_g.26658.CDS.392-MONOMER,0.0,1.4168378319815078e-05
RIBABCte_FWD_g.26658.CDS.392-MONOMER,0.0,-1.5165139141842375e-05
RIBFLVt2r_REV_g.26658.CDS.451-MONOMER,0.0,-1.4049612557060192e-06
RIBFLVt2r_FWD_g.26658.CDS.451-MONOMER,0.0032030718863656042,7.036529628649186e-40
RIBabc_REV_g.26658.CDS.503-MONOMER,0.0,8.4072264790195e-06
RIBabc_FWD_g.26658.CDS.503-MONOMER,0.0,-1.1398626713299268e-05
RIBabc_REV_g.26658.CDS.392-MONOMER,0.0,9.404546185145734e-06
RIBabc_FWD_g.26658.CDS.392-MONOMER,0.0,-1.0401307007173031e-05
RNDR1_REV_CPLX_RNDR1-0,0.0,-2.481724121048204e-06
RNDR1_FWD_CPLX_RNDR1-0,0.06910283896379268,-4.452975229017003e-34
RNDR2_REV_CPLX_RNDR1-0,0.0,2.3719144908291177e-06
RNDR2_FWD_CPLX_RNDR1-0,0.0,-4.853638611877321e-06
RNDR3_REV_CPLX_RNDR1-0,0.0,1.1609945006124946e-05
RNDR3_FWD_CPLX_RNDR1-0,0.0,-1.409166912717315e-05
RNDR4_REV_CPLX_RNDR1-0,0.0,5.530813336688148e-07
RNDR4_FWD_CPLX_RNDR1-0,0.0,-3.0348054547170187e-06
RNTR1_REV_g.26658.CDS.1149-MONOMER,0.0,-2.610169019739148e-06
RNTR1_FWD_g.26658.CDS.1149-MONOMER,0.011663912354587774,1.9215978723834194e-37
RNTR2_REV_g.26658.CDS.1149-MONOMER,0.0,2.3076920414836454e-06
RNTR2_FWD_g.26658.CDS.1149-MONOMER,0.0,-4.9178610612227934e-06
RNTR3_REV_g.26658.CDS.1149-MONOMER,0.0,1.1545722556779475e-05
RNTR3_FWD_g.26658.CDS.1149-MONOMER,0.0,-1.4155891576518623e-05
RNTR4_REV_g.26658.CDS.1149-MONOMER,0.0,1.3626606088523198e-06
RNTR4_FWD_g.26658.CDS.1149-MONOMER,0.0,-3.972829628591468e-06
RPE_REV_g.26658.CDS.224-MONOMER,8.497654283026526e-22,-7.891447803807114e-39
RPE_FWD_g.26658.CDS.224-MONOMER,0.0,-1.2080988904476405e-06
RPE_REV_g.26658.CDS.1049-MONOMER,0.0,-5.131769559338402e-07
RPE_FWD_g.26658.CDS.1049-MONOMER,0.0,-1.7212758463814808e-06
RPI_REV_CPLX_dummy,1.0109260771037337e-21,-2.629258108934804e-34
RPI_FWD_CPLX_dummy,0.0,-1.724037607809463e-06
RZ5PP_REV_CPLX_dummy,0.0,-1.724037607809463e-06
RZ5PP_FWD_CPLX_dummy,0.0,-5.958183642103284e-39
SADH_REV_g.26658.CDS.646-MONOMER,0.0,-1.7594288249129986e-06
SADH_FWD_g.26658.CDS.646-MONOMER,0.0,7.290327960638641e-40
SALCpts_REV_CPLX_ARBTpts-0,0.0,-4.1200197405847225e-06
SALCpts_FWD_CPLX_ARBTpts-0,0.0,1.2952204730004386e-39
SBTpts_REV_CPLX_GALTpts-0,0.0,-3.0605308964200966e-06
SBTpts_FWD_CPLX_GALTpts-0,0.0,-1.950851449501043e-40
SEPHCHS_REV_CPLX_dummy,0.0,-1.724037607809463e-06
SEPHCHS_FWD_CPLX_dummy,0.0,-5.681533725454681e-39
SERATi_REV_420889.6.peg.1567-MONOMER,0.0,1.7757238064066676e-05
SERATi_FWD_420889.6.peg.1567-MONOMER,0.0,-4.8777681820190795e-06
SERt2r_REV_g.26658.CDS.761-MONOMER,0.0,-2.4113684697625835e-06
SERt2r_FWD_g.26658.CDS.761-MONOMER,0.0,-3.946748967528229e-08
SERt2r_REV_g.26658.CDS.1174-MONOMER,0.0,-2.371900980087301e-06
SERt2r_FWD_g.26658.CDS.1174-MONOMER,1.0,0.0
SGAT_REV_CPLX_G3PAT120-0,0.0,-1.8394163224178878e-06
SGAT_FWD_CPLX_G3PAT120-0,0.0,-1.19114219355408e-06
SHCHCS3_REV_CPLX_dummy,0.0,-1.724037607809463e-06
SHCHCS3_FWD_CPLX_dummy,0.0,-8.571203772218e-40
SHEMEabc_REV_CPLX_dummy,0.0,-1.724037607809463e-06
SHEMEabc_FWD_CPLX_dummy,0.0016015359431828021,-2.988745193980992e-39
SHK3Dr_REV_g.26658.CDS.290-MONOMER,0.0,-2.002153168079522e-06
SHK3Dr_FWD_g.26658.CDS.290-MONOMER,0.0,3.399383497412667e-39
SHKK_REV_420889.6.peg.450-MONOMER_mod_cobalt2(1),0.0,-6.395703816975544e-07
SHKK_FWD_420889.6.peg.450-MONOMER_mod_cobalt2(1),0.0,2.8007609684320812e-39
SHKK_REV_420889.6.peg.450-MONOMER_mod_k(1),0.0,-6.511146176797557e-07
SHKK_FWD_420889.6.peg.450-MONOMER_mod_k(1),0.0,-1.1544235982201277e-08
SHKK_REV_420889.6.peg.450-MONOMER_mod_ca2(1),0.0,-6.505350979328312e-07
SHKK_FWD_420889.6.peg.450-MONOMER_mod_ca2(1),0.0,-1.096471623527684e-08
SHKK_REV_420889.6.peg.450-MONOMER_mod_fe2(1),0.0,-6.413839990382104e-07
SHKK_FWD_420889.6.peg.450-MONOMER_mod_fe2(1),0.0,-1.813617340656008e-09
SHKK_REV_420889.6.peg.450-MONOMER_mod_mn2(1),0.0,-6.419045800248177e-07
SHKK_FWD_420889.6.peg.450-MONOMER_mod_mn2(1),0.0,-2.334198327263274e-09
SHKK_REV_420889.6.peg.450-MONOMER_mod_mg2(1),0.0,-6.597355791939104e-07
SHKK_FWD_420889.6.peg.450-MONOMER_mod_mg2(1),0.0,-2.0165197496356025e-08
SO4t2_REV_g.26658.CDS.1579-MONOMER,0.0,-2.741884116685027e-06
SO4t2_FWD_g.26658.CDS.1579-MONOMER,0.0,0.0
SPMDAT1_REV_g.26658.CDS.1199-MONOMER,0.0,1.826342743774733e-05
SPMDAT1_FWD_g.26658.CDS.1199-MONOMER,0.0,0.0
SPMDAT2_REV_g.26658.CDS.1199-MONOMER,0.0,1.826342743774733e-05
SPMDAT2_FWD_g.26658.CDS.1199-MONOMER,0.0,0.0
SPMDabc_REV_CPLX_PTRCabc-0,0.0,-2.2972608447760074e-06
SPMDabc_FWD_CPLX_PTRCabc-0,0.0016015359431828021,-1.751666108358323e-39
SPODM_REV_g.26658.CDS.388-MONOMER_mod_mn2(1),0.0,1.5737420162042835e-05
SPODM_FWD_g.26658.CDS.388-MONOMER_mod_mn2(1),0.0,-2.0742014427647838e-38
STCOATA_REV_g.26658.CDS.414-MONOMER,0.0,-2.38228438710816e-06
STCOATA_FWD_g.26658.CDS.414-MONOMER,0.0,1.5626208979556759e-38
SUCBZL_REV_CPLX_dummy,0.0,-1.724037607809463e-06
SUCBZL_FWD_CPLX_dummy,0.0,2.591200016840191e-38
SUCBZS_REV_CPLX_dummy,0.0,0.0002734216105129698
SUCBZS_FWD_CPLX_dummy,0.0,-0.0002751456481207793
SUCCITRDSs_REV_CPLX_dummy,0.0,-1.724037607809463e-06
SUCCITRDSs_FWD_CPLX_dummy,0.0,1.741470640278793e-39
SUCCt2r_REV_CPLX_dummy,0.09694032582075163,5.008019358571712e-40
SUCCt2r_FWD_CPLX_dummy,0.0,-1.724037607809463e-06
SUCD1_REV_g.26658.CDS.1036-MONOMER,0.0,-3.687540017386347e-06
SUCD1_FWD_g.26658.CDS.1036-MONOMER,0.0,1.7063212811404106e-38
SUCDi_REV_g.26658.CDS.1036-MONOMER,0.0,-9.81751204788442e-07
SUCDi_FWD_g.26658.CDS.1036-MONOMER,0.0,-2.705788812597905e-06
SUCORNTC_REV_CPLX_dummy,0.0,2.0329847557745372e-06
SUCORNTC_FWD_CPLX_dummy,0.0,-3.757022363584e-06
SUCR_REV_g.26658.CDS.395-MONOMER,0.0,-1.1994147678507154e-06
SUCR_FWD_g.26658.CDS.395-MONOMER,0.0,-1.4294646330753514e-07
SUCR_REV_g.26658.CDS.419-MONOMER,0.0,-1.0564683045431804e-06
SUCR_FWD_g.26658.CDS.419-MONOMER,0.0,-4.1876706312994075e-40
SUCR_REV_g.26658.CDS.66-MONOMER,0.0,-1.2235304175503393e-06
SUCR_FWD_g.26658.CDS.66-MONOMER,0.0,-1.6706211300715886e-07
SUCpts_REV_CPLX_SUCpts-0,0.0,-4.315436504499321e-06
SUCpts_FWD_CPLX_SUCpts-0,0.0,0.0
SUDPDGT_REV_CPLX_dummy,0.0,-1.724037607809463e-06
SUDPDGT_FWD_CPLX_dummy,0.0014572510633814675,-1.0771456606306897e-39
SUDPMGT_REV_CPLX_dummy,0.0,-1.724037607809463e-06
SUDPMGT_FWD_CPLX_dummy,0.0014572510633814675,1.88421215044952e-39
TALA_REV_CPLX_dummy,1.7007319197781834,-1.1722460616330602e-39
TALA_FWD_CPLX_dummy,0.0,-1.724037607809463e-06
TDCOATA_REV_g.26658.CDS.414-MONOMER,0.0,-1.19114219355408e-06
TDCOATA_FWD_g.26658.CDS.414-MONOMER,0.0,-1.19114219355408e-06
TDG3PACT_REV_CPLX_G3PAT120-0,0.0,-3.030558515971968e-06
TDG3PACT_FWD_CPLX_G3PAT120-0,0.0,2.1671626517965814e-38
TDPDRE_REV_g.26658.CDS.224-MONOMER,0.0,-1.2080988904476405e-06
TDPDRE_FWD_g.26658.CDS.224-MONOMER,0.0,1.942991547396284e-39
TDPDRRr_REV_g.26658.CDS.94-MONOMER,0.0,0.0
TDPDRRr_FWD_g.26658.CDS.94-MONOMER,0.0,-1.2018607107886085e-06
TDPDRRr_REV_g.26658.CDS.205-MONOMER,0.0,-2.817447471436785e-07
TDPDRRr_FWD_g.26658.CDS.205-MONOMER,0.0,-1.483605457932287e-06
TDPGDH_REV_g.26658.CDS.815-MONOMER_mod_nad(1),0.0,-1.0978936655633412e-06
TDPGDH_FWD_g.26658.CDS.815-MONOMER_mod_nad(1),0.0,4.495433334379466e-40
TECA1S180_REV_CPLX_dummy,0.0,-1.724037607809463e-06
TECA1S180_FWD_CPLX_dummy,0.0014572510633814675,-8.190258757636193e-39
TECA1SAI17_REV_CPLX_dummy,0.0,-1.724037607809463e-06
TECA1SAI17_FWD_CPLX_dummy,0.0014572510633814675,-2.0031596720483702e-38
TECA1SI17_REV_CPLX_dummy,0.0,-1.724037607809463e-06
TECA1SI17_FWD_CPLX_dummy,0.0014572510633814675,-4.529311770789172e-38
TECA2S180_REV_CPLX_dummy,0.0,-1.724037607809463e-06
TECA2S180_FWD_CPLX_dummy,0.0003643127658453669,-2.503101648054504e-38
TECA2SAI17_REV_CPLX_dummy,0.0,-1.724037607809463e-06
TECA2SAI17_FWD_CPLX_dummy,0.0003643127658453669,-2.503101648054504e-38
TECA2SI17_REV_CPLX_dummy,0.0,-1.724037607809463e-06
TECA2SI17_FWD_CPLX_dummy,0.0003643127658453669,-2.503101648054504e-38
TECA3S140_REV_g.26658.CDS.19-MONOMER,0.0,-1.131997082889524e-06
TECA3S140_FWD_g.26658.CDS.19-MONOMER,0.0,1.8975054648948043e-37
TECA3S160_REV_g.26658.CDS.19-MONOMER,0.0,-1.131997082889524e-06
TECA3S160_FWD_g.26658.CDS.19-MONOMER,0.0,3.3933065396078758e-37
TECA3S180_REV_g.26658.CDS.19-MONOMER,0.0,-1.131997082889524e-06
TECA3S180_FWD_g.26658.CDS.19-MONOMER,0.0003643127658453669,7.756546588600009e-38
TECA3SAI15_REV_g.26658.CDS.19-MONOMER,0.0,-1.131997082889524e-06
TECA3SAI15_FWD_g.26658.CDS.19-MONOMER,0.0,-1.0940966845313383e-37
TECA3SAI17_REV_g.26658.CDS.19-MONOMER,0.0,-1.131997082889524e-06
TECA3SAI17_FWD_g.26658.CDS.19-MONOMER,0.0003643127658453669,-1.0940966845313383e-37
TECA3SI14_REV_g.26658.CDS.19-MONOMER,0.0,-1.131997082889524e-06
TECA3SI14_FWD_g.26658.CDS.19-MONOMER,0.0,3.3933065396078758e-37
TECA3SI15_REV_g.26658.CDS.19-MONOMER,0.0,-1.131997082889524e-06
TECA3SI15_FWD_g.26658.CDS.19-MONOMER,0.0,3.3933065396078758e-37
TECA3SI16_REV_g.26658.CDS.19-MONOMER,0.0,-1.131997082889524e-06
TECA3SI16_FWD_g.26658.CDS.19-MONOMER,0.0,3.3933065396078758e-37
TECA3SI17_REV_g.26658.CDS.19-MONOMER,0.0,-1.131997082889524e-06
TECA3SI17_FWD_g.26658.CDS.19-MONOMER,0.0003643127658453669,4.01704390181733e-38
TECA4S_REV_CPLX_dummy,0.0,2.526789329503117e-32
TECA4S_FWD_CPLX_dummy,0.0,-1.724037607809463e-06
TECA5S140_REV_g.26658.CDS.974-MONOMER_mod_mg2(1),0.0,1.3410884844646909e-38
TECA5S140_FWD_g.26658.CDS.974-MONOMER_mod_mg2(1),0.0,-2.167270990573272e-06
TECA5S160_REV_g.26658.CDS.974-MONOMER_mod_mg2(1),0.0,-2.167270990573272e-06
TECA5S160_FWD_g.26658.CDS.974-MONOMER_mod_mg2(1),0.0,-5.457300664504831e-38
TECA5S180_REV_g.26658.CDS.974-MONOMER_mod_mg2(1),0.0,-2.167270990573272e-06
TECA5S180_FWD_g.26658.CDS.974-MONOMER_mod_mg2(1),0.0003643127658453669,-2.0581060900200702e-38
TECA5SAI15_REV_g.26658.CDS.974-MONOMER_mod_mg2(1),0.0,-2.167270990573272e-06
TECA5SAI15_FWD_g.26658.CDS.974-MONOMER_mod_mg2(1),0.0,-5.457300664504831e-38
TECA5SAI17_REV_g.26658.CDS.974-MONOMER_mod_mg2(1),0.0,-2.167270990573272e-06
TECA5SAI17_FWD_g.26658.CDS.974-MONOMER_mod_mg2(1),0.0003643127658453669,1.3410884844646909e-38
TECA5SI14_REV_g.26658.CDS.974-MONOMER_mod_mg2(1),0.0,-2.167270990573272e-06
TECA5SI14_FWD_g.26658.CDS.974-MONOMER_mod_mg2(1),0.0,-5.457300664504831e-38
TECA5SI15_REV_g.26658.CDS.974-MONOMER_mod_mg2(1),0.0,-2.167270990573272e-06
TECA5SI15_FWD_g.26658.CDS.974-MONOMER_mod_mg2(1),0.0,-5.457300664504831e-38
TECA5SI16_REV_g.26658.CDS.974-MONOMER_mod_mg2(1),0.0,-2.167270990573272e-06
TECA5SI16_FWD_g.26658.CDS.974-MONOMER_mod_mg2(1),0.0,-5.457300664504831e-38
TECA5SI17_REV_g.26658.CDS.974-MONOMER_mod_mg2(1),0.0,-2.167270990573272e-06
TECA5SI17_FWD_g.26658.CDS.974-MONOMER_mod_mg2(1),0.0003643127658453669,-5.457300664504831e-38
TECAAE_REV_CPLX_TECAAE-0,0.0,-1.778914329724137e-06
TECAAE_FWD_CPLX_TECAAE-0,0.0,-7.342852485894449e-38
TECAGE_REV_CPLX_TECAAE-0,0.0,1.011665670171416e-37
TECAGE_FWD_CPLX_TECAAE-0,0.0,-1.778914329724137e-06
TECAUE_REV_CPLX_TECAAE-0,0.0,5.839090753945999e-38
TECAUE_FWD_CPLX_TECAAE-0,0.0,-1.778914329724137e-06
TGBPA_REV_g.26658.CDS.1735-MONOMER,0.0,-2.3914016096734504e-06
TGBPA_FWD_g.26658.CDS.1735-MONOMER,0.0,2.098039567258501e-40
THIORDXi_REV_g.26658.CDS.115-MONOMER,0.0,8.071252865551433e-05
THIORDXi_FWD_g.26658.CDS.115-MONOMER,0.0,-8.20739212703494e-05
THMDt2r_REV_CPLX_dummy,4.883504030435802e-23,5.008019358571712e-40
THMDt2r_FWD_CPLX_dummy,0.0,-1.724037607809463e-06
THMt3_REV_CPLX_dummy,0.0,-1.724037607809463e-06
THMt3_FWD_CPLX_dummy,0.0016015359431828021,5.008019358571712e-40
THRD_REV_420889.6.peg.1777-MONOMER,0.0,-1.6336371586191445e-06
THRD_FWD_420889.6.peg.1777-MONOMER,0.0,-2.67099396954234e-07
THRD_L_REV_420889.6.peg.1779-MONOMER_mod_pydx5p(1),0.0,-1.0274690763040223e-06
THRD_L_FWD_420889.6.peg.1779-MONOMER_mod_pydx5p(1),0.0,-2.7515066841134854e-06
THRt2r_REV_CPLX_dummy,0.0,-1.724037607809463e-06
THRt2r_FWD_CPLX_dummy,0.0553123912209772,-2.2301369155098014e-40
THZPSN_REV_CPLX_THZPSN-1,0.0,8.27734620974605e-06
THZPSN_FWD_CPLX_THZPSN-1,0.0,1.2219448544890102e-38
THZPSN_REV_CPLX_THZPSN-0,0.0,8.148768520052561e-06
THZPSN_FWD_CPLX_THZPSN-0,0.0,-1.2857768969348852e-07
TKT1_REV_420889.6.peg.638-MONOMER_mod_thmpp(1)_mod_mn2(1)_mod_mg2(1),0.0,-3.1227769678712005e-06
TKT1_FWD_420889.6.peg.638-MONOMER_mod_thmpp(1)_mod_mn2(1)_mod_mg2(1),0.0,-1.0908017228839724e-06
TKT2_REV_420889.6.peg.638-MONOMER_mod_thmpp(1)_mod_mn2(1)_mod_mg2(1),8.591631494334911e-24,-1.3696585621182198e-34
TKT2_FWD_420889.6.peg.638-MONOMER_mod_thmpp(1)_mod_mn2(1)_mod_mg2(1),0.0,-4.213578690755172e-06
TMDK1_REV_g.26658.CDS.1869-MONOMER_mod_mg2(1),0.0,1.6257106790410716e-06
TMDK1_FWD_g.26658.CDS.1869-MONOMER_mod_mg2(1),0.0,-2.4420109620039788e-06
TMDK2_REV_CPLX_dummy,0.0,1.711473628116806e-06
TMDK2_FWD_CPLX_dummy,0.0,-3.4355112359262692e-06
TMDPK_REV_g.26658.CDS.1808-MONOMER,0.0,-1.2077928040916507e-06
TMDPK_FWD_g.26658.CDS.1808-MONOMER,0.0016015359431828021,3.6869690891671237e-38
TMDS_REV_g.26658.CDS.1877-MONOMER_mod_mg2(1),0.0,-5.197915425252555e-07
TMDS_FWD_g.26658.CDS.1877-MONOMER_mod_mg2(1),0.011663912354587774,3.769540216836354e-39
TMN_REV_g.26658.CDS.1348-MONOMER,0.0,-3.0766196487019354e-06
TMN_FWD_g.26658.CDS.1348-MONOMER,0.0,3.416165341162396e-40
TMPK_REV_g.26658.CDS.780-MONOMER,0.0,-1.957194582841769e-06
TMPK_FWD_g.26658.CDS.780-MONOMER,0.0,1.903554908659974e-38
TPI_REV_420889.6.peg.1266-MONOMER,0.0,-2.5589282144538977e-06
TPI_FWD_420889.6.peg.1266-MONOMER,1.85449229551661,-4.195865633101393e-40
TRDOXOX_REV_g.26658.CDS.1881-MONOMER,0.0,-1.4130979518665977e-06
TRDOXOX_FWD_g.26658.CDS.1881-MONOMER,0.0,1.7313264583342785e-35
TRDRr_REV_g.26658.CDS.521-MONOMER,0.0,-2.2567492732619414e-06
TRDRr_FWD_g.26658.CDS.521-MONOMER,0.08076668169598211,6.534357327584848e-35
TRDRr_REV_g.26658.CDS.954-MONOMER,0.0,-2.4943220449536447e-06
TRDRr_FWD_g.26658.CDS.954-MONOMER,0.0,-2.3757277169170333e-07
TRE6PH_REV_g.26658.CDS.1485-MONOMER,0.0,-1.0880129162574525e-06
TRE6PH_FWD_g.26658.CDS.1485-MONOMER,0.07449289,1.5101613452315728e-39
TREGLUDR2_REV_g.26658.CDS.382-MONOMER,0.0,4.5205047109080944e-40
TREGLUDR2_FWD_g.26658.CDS.382-MONOMER,0.0,-1.3960342698258086e-06
TREpts_REV_CPLX_TREpts-0,0.0,-3.7906453552333513e-06
TREpts_FWD_CPLX_TREpts-0,0.07449289,3.32692306542719e-40
TRIOK_REV_g.26658.CDS.886-MONOMER_mod_mn2(1),0.0,-8.91846041977632e-07
TRIOK_FWD_g.26658.CDS.886-MONOMER_mod_mn2(1),0.0,-2.2183702416537622e-06
TRIOK_REV_g.26658.CDS.886-MONOMER_mod_fe2(1),0.0,-8.915133021577289e-07
TRIOK_FWD_g.26658.CDS.886-MONOMER_mod_fe2(1),0.0,-2.2180375018338592e-06
TRIOK_REV_g.26658.CDS.886-MONOMER_mod_mg2(1),0.0,-9.032268604715346e-07
TRIOK_FWD_g.26658.CDS.886-MONOMER_mod_mg2(1),0.0,-2.2297510601476647e-06
TRIOK_REV_g.26658.CDS.886-MONOMER_mod_cobalt2(1),0.0,-8.903556873712035e-07
TRIOK_FWD_g.26658.CDS.886-MONOMER_mod_cobalt2(1),0.0,-2.2168798870473334e-06
TRIOK_REV_g.26658.CDS.886-MONOMER_mod_ca2(1),0.0,-8.973568138537213e-07
TRIOK_FWD_g.26658.CDS.886-MONOMER_mod_ca2(1),0.0,-2.2238810135298513e-06
TRPt2r_REV_CPLX_dummy,0.0,-1.724037607809463e-06
TRPt2r_FWD_CPLX_dummy,0.012955038788497636,6.2168342699911144e-40
TRSARr_REV_g.26658.CDS.1263-MONOMER,0.0,-4.089774145723709e-06
TRSARr_FWD_g.26658.CDS.1263-MONOMER,0.0,-7.584670267207708e-39
TRSARry_REV_g.26658.CDS.1263-MONOMER,0.0,-1.8104880155539571e-06
TRSARry_FWD_g.26658.CDS.1263-MONOMER,0.0,-2.2792861301697516e-06
TSULST_REV_g.26658.CDS.1535-MONOMER,0.0,-2.406728748058646e-06
TSULST_FWD_g.26658.CDS.1535-MONOMER,0.0,-5.044636391354861e-08
TSULST_REV_g.26658.CDS.417-MONOMER_mod_pydx5p(2),0.0,-2.3562823841450974e-06
TSULST_FWD_g.26658.CDS.417-MONOMER_mod_pydx5p(2),0.0,-5.2337088883456416e-39
TYRTA_REV_g.26658.CDS.1064-MONOMER,0.0,-1.768796117780274e-06
TYRTA_FWD_g.26658.CDS.1064-MONOMER,0.0,-5.725649565883994e-07
TYRTA_REV_g.26658.CDS.933-MONOMER,0.0,-1.1962311611918745e-06
TYRTA_FWD_g.26658.CDS.933-MONOMER,0.0,1.0373479786388153e-39
TYRt2r_REV_CPLX_dummy,0.0,-1.724037607809463e-06
TYRt2r_FWD_CPLX_dummy,0.047564608128459,-5.9702212821693844e-40
UAAGDS_REV_CPLX_dummy,0.0,-1.724037607809463e-06
UAAGDS_FWD_CPLX_dummy,0.0,4.98124198996832e-39
UACMAMAT_REV_CPLX_dummy,0.0,-1.724037607809463e-06
UACMAMAT_FWD_CPLX_dummy,0.0,4.770467916142042e-38
UAG2E_REV_g.26658.CDS.1332-MONOMER_mod_nad(1),0.0,0.0
UAG2E_FWD_g.26658.CDS.1332-MONOMER_mod_nad(1),0.0,-1.3443954753262678e-06
UAG2EMA_REV_g.26658.CDS.1332-MONOMER_mod_nad(1),0.0,3.95800075122203e-39
UAG2EMA_FWD_g.26658.CDS.1332-MONOMER_mod_nad(1),0.0,-1.3443954753262678e-06
UAG4E_REV_g.26658.CDS.1172-MONOMER_mod_nad(1),0.0,0.0
UAG4E_FWD_g.26658.CDS.1172-MONOMER_mod_nad(1),0.0,-1.9353294695046283e-06
UAGCVT_r_REV_g.26658.CDS.237-MONOMER,0.0,-3.265986715873347e-06
UAGCVT_r_FWD_g.26658.CDS.237-MONOMER,0.0,-2.896316753235817e-07
UAGCVT_r_REV_g.26658.CDS.1763-MONOMER,0.0,-2.9763550405497654e-06
UAGCVT_r_FWD_g.26658.CDS.1763-MONOMER,0.0,-3.9779629264068007e-39
UAGDP_REV_420889.6.peg.1593-MONOMER,0.0,-2.7240115896343155e-06
UAGDP_FWD_420889.6.peg.1593-MONOMER,0.026230519140866413,1.273639471748289e-39
UAGPT2_REV_g.26658.CDS.566-MONOMER,0.0,1.4477687817257218e-05
UAGPT2_FWD_g.26658.CDS.566-MONOMER,0.0,2.7079583503925842e-39
UAGPT3_REV_g.26658.CDS.566-MONOMER,0.0,1.4477687817257218e-05
UAGPT3_FWD_g.26658.CDS.566-MONOMER,0.0,-2.2566319586604868e-38
UAMAGS_REV_g.26658.CDS.919-MONOMER_mod_k(1)_mod_mg2(1),0.0,1.539928720682854e-05
UAMAGS_FWD_g.26658.CDS.919-MONOMER_mod_k(1)_mod_mg2(1),0.0,-9.850509104199387e-39
UAMAS_REV_g.26658.CDS.1900-MONOMER_mod_mg2(1),0.0,-1.7521017822406317e-06
UAMAS_FWD_g.26658.CDS.1900-MONOMER_mod_mg2(1),0.0,5.8210414900300085e-34
UAPGR_REV_g.26658.CDS.34-MONOMER_mod_fad(1),0.0,1.4289662760607857e-05
UAPGR_FWD_g.26658.CDS.34-MONOMER_mod_fad(1),0.0,-6.135554539435129e-39
UDCPDP_REV_g.26658.CDS.327-MONOMER,0.0,-1.5025990641453591e-06
UDCPDP_FWD_g.26658.CDS.327-MONOMER,0.0,9.986145769879446e-39
UDCPDPS_REV_g.26658.CDS.1506-MONOMER_mod_mg2(1),0.0,-1.3723149269742968e-06
UDCPDPS_FWD_g.26658.CDS.1506-MONOMER_mod_mg2(1),0.0003643127658453669,2.3758358198512326e-38
UDPG4E_REV_g.26658.CDS.1172-MONOMER_mod_nad(1),0.0,-5.857692984814712e-40
UDPG4E_FWD_g.26658.CDS.1172-MONOMER_mod_nad(1),0.0,-1.9353294695046283e-06
UDPGALM_REV_g.26658.CDS.814-MONOMER_mod_fad(1),0.0,1.5090882652274545e-05
UDPGALM_FWD_g.26658.CDS.814-MONOMER_mod_fad(1),0.0,1.1755097956343303e-39
UGLT_REV_CPLX_dummy,0.0,-9.814277783341298e-08
UGLT_FWD_CPLX_dummy,0.0,-1.6258948299760502e-06
UGMDDS_REV_g.26658.CDS.672-MONOMER,0.0,-2.0634332688631062e-06
UGMDDS_FWD_g.26658.CDS.672-MONOMER,0.0,9.46043550163964e-39
UMPK_REV_420889.6.peg.1700-MONOMER,0.0,-3.796464319967898e-06
UMPK_FWD_420889.6.peg.1700-MONOMER,0.028091142000943,8.944603273561823e-36
UPPRT_REV_CPLX_UPPRT-0,0.0,2.2620064413978184e-06
UPPRT_FWD_CPLX_UPPRT-0,0.0,-3.932675291674396e-06
UPPRT_REV_g.26658.CDS.1111-MONOMER,0.0,2.642804249904626e-06
UPPRT_FWD_g.26658.CDS.1111-MONOMER,0.0,-3.551877483167588e-06
URAt2_REV_g.26658.CDS.1339-MONOMER,0.0,1.552817557092284e-05
URAt2_FWD_g.26658.CDS.1339-MONOMER,0.0,-1.923310439314203e-05
URFGTT_REV_g.26658.CDS.774-MONOMER,0.0,-1.2455872704345694e-06
URFGTT_FWD_g.26658.CDS.774-MONOMER,0.0,-6.576648357439711e-39
URFGTT_REV_g.26658.CDS.1569-MONOMER,0.0,-1.2645762161679068e-06
URFGTT_FWD_g.26658.CDS.1569-MONOMER,0.0,-1.898894573333723e-08
URIDK3_REV_g.26658.CDS.1023-MONOMER,0.0,-7.683363525228468e-07
URIDK3_FWD_g.26658.CDS.1023-MONOMER,0.0,-1.5330679157033293e-06
URIDK3_REV_g.26658.CDS.1207-MONOMER_mod_mg2(1),0.0,1.1487421476316988e-39
URIDK3_FWD_g.26658.CDS.1207-MONOMER_mod_mg2(1),0.0,-7.647315631804824e-07
URIK1_REV_g.26658.CDS.480-MONOMER_mod_mg2(1),0.0,-7.910741154762102e-07
URIK1_FWD_g.26658.CDS.480-MONOMER_mod_mg2(1),0.011604717840024086,-7.722256932531532e-39
URIK10_REV_g.26658.CDS.480-MONOMER_mod_mg2(1),0.0,-2.514425039771977e-07
URIK10_FWD_g.26658.CDS.480-MONOMER_mod_mg2(1),0.0,-5.396316114990125e-07
URIK11_REV_g.26658.CDS.480-MONOMER_mod_mg2(1),0.0,-7.910741154762102e-07
URIK11_FWD_g.26658.CDS.480-MONOMER_mod_mg2(1),0.0,1.3827670714903093e-38
URIK12_REV_g.26658.CDS.480-MONOMER_mod_mg2(1),0.0,-7.268516661307381e-07
URIK12_FWD_g.26658.CDS.480-MONOMER_mod_mg2(1),0.0,-6.422244934547205e-08
URIK13_REV_g.26658.CDS.480-MONOMER_mod_mg2(1),0.0,-2.514425039771977e-07
URIK13_FWD_g.26658.CDS.480-MONOMER_mod_mg2(1),0.0,-5.396316114990125e-07
URIK14_REV_g.26658.CDS.480-MONOMER_mod_mg2(1),0.0,-2.514425039771977e-07
URIK14_FWD_g.26658.CDS.480-MONOMER_mod_mg2(1),0.0,-5.396316114990125e-07
URIK2_REV_g.26658.CDS.480-MONOMER_mod_mg2(1),0.0,-2.514425039771977e-07
URIK2_FWD_g.26658.CDS.480-MONOMER_mod_mg2(1),0.0,-5.396316114990125e-07
URIK3_REV_g.26658.CDS.480-MONOMER_mod_mg2(1),0.0,-7.910741154762102e-07
URIK3_FWD_g.26658.CDS.480-MONOMER_mod_mg2(1),0.0,9.700071679335058e-40
URIK4_REV_g.26658.CDS.480-MONOMER_mod_mg2(1),0.0,8.272760905276704e-08
URIK4_FWD_g.26658.CDS.480-MONOMER_mod_mg2(1),0.0,-8.738017245289773e-07
URIK5_REV_g.26658.CDS.480-MONOMER_mod_mg2(1),0.0,-2.514425039771977e-07
URIK5_FWD_g.26658.CDS.480-MONOMER_mod_mg2(1),0.0,-5.396316114990125e-07
URIK6_REV_g.26658.CDS.480-MONOMER_mod_mg2(1),0.0,-7.910741154762102e-07
URIK6_FWD_g.26658.CDS.480-MONOMER_mod_mg2(1),0.0,9.700071679335058e-40
URIK7_REV_g.26658.CDS.480-MONOMER_mod_mg2(1),0.0,-7.268516661307381e-07
URIK7_FWD_g.26658.CDS.480-MONOMER_mod_mg2(1),0.0,-6.422244934547205e-08
URIK8_REV_g.26658.CDS.480-MONOMER_mod_mg2(1),0.0,-2.514425039771977e-07
URIK8_FWD_g.26658.CDS.480-MONOMER_mod_mg2(1),0.0,-5.396316114990125e-07
URIK9_REV_g.26658.CDS.480-MONOMER_mod_mg2(1),0.0,-2.514425039771977e-07
URIK9_FWD_g.26658.CDS.480-MONOMER_mod_mg2(1),0.0,-5.396316114990125e-07
URIt2r_REV_CPLX_dummy,0.08733916844592177,-7.392938337510733e-36
URIt2r_FWD_CPLX_dummy,0.0,-1.724037607809463e-06
UTPATPT_REV_420889.6.peg.177-MONOMER,0.0,-9.7848145692311e-07
UTPATPT_FWD_420889.6.peg.177-MONOMER,0.0,-8.738017245289773e-07
VALTA_REV_420889.6.peg.1040-MONOMER,0.0,-2.192155239833824e-06
VALTA_FWD_420889.6.peg.1040-MONOMER,0.0,-1.3280757894971316e-39
VALt2r_REV_CPLX_dummy,0.0,-1.724037607809463e-06
VALt2r_FWD_CPLX_dummy,0.06991957406769385,1.0416022256555104e-39
XPPTr_REV_g.26658.CDS.1586-MONOMER,0.0,-1.690500002314722e-06
XPPTr_FWD_g.26658.CDS.1586-MONOMER,0.0,-2.4208876189499775e-07
XPPTr_REV_g.26658.CDS.384-MONOMER,0.0,-1.4484112404197242e-06
XPPTr_FWD_g.26658.CDS.384-MONOMER,0.0,-3.5109334998886175e-39
XYLI1_REV_g.26658.CDS.1126-MONOMER,0.0,0.0
XYLI1_FWD_g.26658.CDS.1126-MONOMER,0.0,-2.245806088878968e-06
XYLI2_REV_g.26658.CDS.1126-MONOMER,0.0,-2.245806088878968e-06
XYLI2_FWD_g.26658.CDS.1126-MONOMER,0.14898578,3.327208528293941e-40
YUMPS_REV_CPLX_YUMPS-2,0.0,-1.8364709231524894e-06
YUMPS_FWD_CPLX_YUMPS-2,0.0,-2.484803471450621e-07
YUMPS_REV_CPLX_YUMPS-1,0.0,-1.8051132494534334e-06
YUMPS_FWD_CPLX_YUMPS-1,0.0,-2.1712267344600608e-07
YUMPS_REV_CPLX_YUMPS-0,0.0,-1.5879905760074274e-06
YUMPS_FWD_CPLX_YUMPS-0,0.0,-8.602361054983748e-40
ZNabc_REV_CPLX_ZNabc-0,0.0,-2.228046537774098e-06
ZNabc_FWD_CPLX_ZNabc-0,2.67679395578822e-07,8.622776641496723e-30
dreplication_REV_CPLX_dreplication-2,0.0,4.329323626044506e-06
dreplication_FWD_CPLX_dreplication-2,0.0,-2.988688750649346e-08
dreplication_REV_CPLX_dreplication-1,0.0,4.13677107357461e-06
dreplication_FWD_CPLX_dreplication-1,0.0,-2.2243943997639018e-07
dreplication_REV_CPLX_dreplication-3,0.0,4.359210513550999e-06
dreplication_FWD_CPLX_dreplication-3,0.0,-3.1786309446946948e-40
dreplication_REV_CPLX_dreplication-0,0.0,4.10748425147222e-06
dreplication_FWD_CPLX_dreplication-0,0.0,-2.5172626207877945e-07
pbiosynthesis_REV_CPLX_pbiosynthesis-1,0.0,-4.956273976996127e-06
pbiosynthesis_FWD_CPLX_pbiosynthesis-1,0.0,2.9445432642407427e-40
pbiosynthesis_REV_CPLX_pbiosynthesis-0,0.0,-5.113977393130212e-06
pbiosynthesis_FWD_CPLX_pbiosynthesis-0,0.0,-1.5770341613408547e-07
r0060_REV_CPLX_r0060-0,0.0,-3.580767562905324e-06
r0060_FWD_CPLX_r0060-0,0.9322190603077317,9.594344301428855e-31
r0120_REV_g.26658.CDS.1347-MONOMER_mod_zn2(1),0.0,-0.05454624798414022
r0120_FWD_g.26658.CDS.1347-MONOMER_mod_zn2(1),0.0,4.420446439282214e-36
r0127_REV_420889.6.peg.621-MONOMER,0.0,-1.436152206937827e-07
r0127_FWD_420889.6.peg.621-MONOMER,0.0,-3.5916904363127088e-06
r0191_REV_g.26658.CDS.1791-MONOMER,0.0,-2.487481383616137e-07
r0191_FWD_g.26658.CDS.1791-MONOMER,0.0,-1.1782920624245698e-08
r0191_REV_g.26658.CDS.1758-MONOMER,0.0,-3.5741488342988627e-07
r0191_FWD_g.26658.CDS.1758-MONOMER,0.0,-1.2044966569251828e-07
r0339_REV_g.26658.CDS.886-MONOMER_mod_mn2(1),0.0,8.768304622097166e-06
r0339_FWD_g.26658.CDS.886-MONOMER_mod_mn2(1),0.0,-1.187852090572856e-05
r0339_REV_g.26658.CDS.351-MONOMER_mod_zn2(1),0.0,-0.06624182473544149
r0339_FWD_g.26658.CDS.351-MONOMER_mod_zn2(1),0.0,-0.06626247156096932
r0339_REV_g.26658.CDS.351-MONOMER_mod_mg2(1),0.0,2.0078161475192968e-05
r0339_FWD_g.26658.CDS.351-MONOMER_mod_mg2(1),0.0,-5.686640526327604e-07
r0339_REV_g.26658.CDS.886-MONOMER_mod_fe2(1),0.0,8.76863736191707e-06
r0339_FWD_g.26658.CDS.886-MONOMER_mod_fe2(1),0.0,-1.1878188165908658e-05
r0339_REV_g.26658.CDS.886-MONOMER_mod_mg2(1),0.0,8.756923803603265e-06
r0339_FWD_g.26658.CDS.886-MONOMER_mod_mg2(1),0.0,-1.1889901724222464e-05
r0339_REV_g.26658.CDS.886-MONOMER_mod_cobalt2(1),0.0,8.769794976703595e-06
r0339_FWD_g.26658.CDS.886-MONOMER_mod_cobalt2(1),0.0,-1.1877030551122131e-05
r0339_REV_g.26658.CDS.886-MONOMER_mod_ca2(1),0.0,8.762793850221077e-06
r0339_FWD_g.26658.CDS.886-MONOMER_mod_ca2(1),0.0,-1.188403167760465e-05
r0345_REV_g.26658.CDS.907-MONOMER_mod_mg2(1),0.06910283896379268,-2.7323947645178914e-39
r0345_FWD_g.26658.CDS.907-MONOMER_mod_mg2(1),0.0,-1.8277789809482552e-06
r0456_REV_CPLX_DADNK-0,0.0,-3.488767913134792e-07
r0456_FWD_CPLX_DADNK-0,0.0,-8.834573232761985e-08
r0456_REV_g.26658.CDS.1791-MONOMER,0.0,-2.6053105898585936e-07
r0456_FWD_g.26658.CDS.1791-MONOMER,0.007561210599925029,-5.924785012729403e-39
r0456_REV_g.26658.CDS.1758-MONOMER,0.0,-3.69197804054132e-07
r0456_FWD_g.26658.CDS.1758-MONOMER,0.0,-1.086667450682726e-07
r0570_REV_g.26658.CDS.334-MONOMER_mod_mn2(1),0.0,-2.7688838541895295e-06
r0570_FWD_g.26658.CDS.334-MONOMER_mod_mn2(1),2.1604855146498134,0.0
r0578_REV_g.26658.CDS.1678-MONOMER_mod_mg2(1),0.0,-4.352663264836754e-07
r0578_FWD_g.26658.CDS.1678-MONOMER_mod_mg2(1),0.0,3.689415890267808e-37
r0671_REV_g.26658.CDS.1803-MONOMER,0.0,-1.2125101766396156e-06
r0671_FWD_g.26658.CDS.1803-MONOMER,0.0,-4.530197578230518e-07
r0679_REV_g.26658.CDS.1678-MONOMER_mod_mg2(1),0.0,2.1510837274591586e-39
r0679_FWD_g.26658.CDS.1678-MONOMER_mod_mg2(1),0.0,-4.352663264836754e-07
r0708_REV_g.26658.CDS.1347-MONOMER_mod_zn2(1),0.0,-0.05454624798414022
r0708_FWD_g.26658.CDS.1347-MONOMER_mod_zn2(1),0.0,0.0
r0739_REV_g.26658.CDS.991-MONOMER,0.0,-2.037174672660864e-07
r0739_FWD_g.26658.CDS.991-MONOMER,0.0,-1.5829771349978605e-06
r0739_REV_g.26658.CDS.1591-MONOMER,0.0,-6.366509547910633e-07
r0739_FWD_g.26658.CDS.1591-MONOMER,0.0,-2.0159106225228373e-06
r0739_REV_g.26658.CDS.1038-MONOMER,0.0,-4.1722488174272417e-07
r0739_FWD_g.26658.CDS.1038-MONOMER,0.0,-1.7964845494744984e-06
r0739_REV_g.26658.CDS.1419-MONOMER_mod_fe2(1),0.0,-4.351815558887119e-06
r0739_FWD_g.26658.CDS.1419-MONOMER_mod_fe2(1),0.0,-5.731075226618894e-06
r0739_REV_g.26658.CDS.536-MONOMER,0.0,5.3389018568858885e-39
r0739_FWD_g.26658.CDS.536-MONOMER,0.0,-1.3792596677317742e-06
r0775_REV_g.26658.CDS.1347-MONOMER_mod_zn2(1),0.0,-5.668164270105631e-07
r0775_FWD_g.26658.CDS.1347-MONOMER_mod_zn2(1),0.0,-0.0545456811677132
r0777_REV_g.26658.CDS.1347-MONOMER_mod_zn2(1),0.0,-0.05454624798414022
r0777_FWD_g.26658.CDS.1347-MONOMER_mod_zn2(1),0.0,4.637017958050622e-36
r1667_REV_g.26658.CDS.1324-MONOMER,0.0,-2.774059385890747e-06
r1667_FWD_g.26658.CDS.1324-MONOMER,0.10892030951723605,-3.422743001327193e-40
r1667_REV_g.26658.CDS.190-MONOMER,0.0,-2.9862486485672946e-06
r1667_FWD_g.26658.CDS.190-MONOMER,0.0,-2.121892626765476e-07
r1667_REV_g.26658.CDS.1158-MONOMER,0.0,-2.875730708902046e-06
r1667_FWD_g.26658.CDS.1158-MONOMER,0.0,-1.0167132301129904e-07
r2137_REV_g.26658.CDS.383-MONOMER,0.0,0.0
r2137_FWD_g.26658.CDS.383-MONOMER,0.0,-3.128108323150928e-06
rtranscription_REV_CPLX_rtranscription-0,0.0,-3.7403849778421445e-06
rtranscription_FWD_CPLX_rtranscription-0,0.0,0.0
sink_PGPm1[c]_REV_CPLX_dummy,0.0,-1.2478137118972962e-40
sink_PGPm1[c]_FWD_CPLX_dummy,0.0,-1.724037607809463e-06
dummy_reaction_REV_SPONT,0.0,1.0
dummy_reaction_FWD_SPONT,1.048295278526312e-07,0.0
GAM,0.20171240011370736,-0.0005068357537677742
ATPM,1.0,-1.2284842663494055e-05
DNA_replication,0.038450245909025606,0.1331222080959899
formation_ribosome,8.202630778832387e-06,-1.9721522630525295e-30
formation_RNAP_g26658CDS1421MONOMER,2.675996222980043e-07,0.0
formation_RNA_degradosome,2.2824503994638116e-10,-1.5283979799577104e-33
formation_rRNA_containing_excision_machinery,4.242493183704744e-11,0.0
formation_monocistronic_excision_machinery,1.1468544364507912e-10,0.0
CPLX_dummy_mod_2fe2s(1)_to_generic_2fe2s_transfer_complex,0.0,0.0
CPLX_dummy_2fe2s_unloading,0.0,0.0
CPLX_dummy_mod_4fe4s(1)_to_generic_4fe4s_transfer_complex,1.2190362999303785e-17,1.4835266313775632e-34
CPLX_dummy_4fe4s_unloading,3.103896542313974e-05,3.790353425612857e-34
translocation_g.26658.CDS.947_Membrane,0.0,-1.679927479244717e-34
translocation_g.26658.CDS.1419_Membrane,0.0,0.0
translocation_g.26658.CDS.974_Inner_Membrane,7.302041439076745e-10,-2.7703141231116968e-34
translocation_g.26658.CDS.542_Inner_Membrane,2.875433385554396e-07,-4.409191702105297e-34
translocation_g.26658.CDS.1439_Membrane,0.0,-2.160041309229812e-34
translocation_g.26658.CDS.1030_Inner_Membrane,8.086419343800004e-10,4.547058159143471e-34
translocation_g.26658.CDS.1178_Periplasm,8.086419343800004e-10,-1.6674032268480294e-34
translocation_420889.6.peg.1649_Membrane,7.567951612897591e-08,4.186325384136567e-34
translocation_g.26658.CDS.553_Periplasm,0.0,0.0
translocation_g.26658.CDS.582_Inner_Membrane,-1.536610504170431e-30,-2.1828643712802433e-34
translocation_g.26658.CDS.811_Periplasm,0.0,-2.8597956456625164e-34
translocation_g.26658.CDS.614_Inner_Membrane,0.0,0.0
translocation_g.26658.CDS.421_Inner_Membrane,0.0,0.0
translocation_g.26658.CDS.1098_Inner_Membrane,0.0,0.0
translocation_g.26658.CDS.506_Inner_Membrane,0.0,0.0
translocation_g.26658.CDS.36_Inner_Membrane,0.0,0.0
translocation_g.26658.CDS.559_Inner_Membrane,0.0,0.0
translocation_g.26658.CDS.75_Inner_Membrane,0.0,-2.1044175846769045e-34
translocation_g.26658.CDS.129_Inner_Membrane,3.0261295595197905e-09,0.0
translocation_g.26658.CDS.835_Inner_Membrane,-1.2312109604157332e-28,4.4589483090774146e-35
translocation_g.26658.CDS.1081_Membrane,3.5754853411668405e-06,1.3186188460822524e-34
translocation_g.26658.CDS.1407_Membrane,8.888213947464364e-08,0.0
translocation_g.26658.CDS.197_Membrane,0.0,2.0782994292749257e-34
translocation_g.26658.CDS.327_Inner_Membrane,0.0,1.0249669603335003e-34
translocation_420889.6.peg.1891_Membrane,6.525261437959399e-06,-3.2205591671006007e-34
translocation_g.26658.CDS.1654_Membrane,3.1635925928302e-07,1.5036583976855507e-34
translocation_420889.6.peg.1464_Membrane,4.509944901392591e-06,2.516239834962603e-34
translocation_g.26658.CDS.316_Inner_Membrane,2.053191620195387e-15,4.6439577582876235e-34
translocation_g.26658.CDS.874_Inner_Membrane,0.0,4.484307978159735e-34
translocation_g.26658.CDS.1234_Inner_Membrane,1.3260084750677116e-08,1.0561325931287268e-34
translocation_g.26658.CDS.911_Inner_Membrane,0.0,0.0
translocation_g.26658.CDS.1568_Periplasm,0.0,0.0
translocation_420889.6.peg.1500_Membrane,1.5963607111462823e-08,4.394896659205848e-34
translocation_g.26658.CDS.1190_Inner_Membrane,0.0,4.43583533747315e-34
translocation_g.26658.CDS.145_Inner_Membrane,0.0,0.0
translocation_420889.6.peg.1857_Membrane,0.0,3.0801152414295523e-34
translocation_g.26658.CDS.1331_Inner_Membrane,0.0,-2.5004385217232005e-34
translocation_g.26658.CDS.515_Inner_Membrane,0.0,-1.7778127711714425e-34
translocation_g.26658.CDS.22_Periplasm,0.0,-5.120697974583997e-35
translocation_g.26658.CDS.1655_Inner_Membrane,0.0,1.791953646981652e-33
translocation_g.26658.CDS.875_Inner_Membrane,4.947516162863129e-08,0.0
translocation_g.26658.CDS.110_Inner_Membrane,0.0,0.0
translocation_g.26658.CDS.904_Inner_Membrane,0.0,1.1879779751974821e-34
translocation_g.26658.CDS.963_Periplasm,0.0,4.43086615695188e-34
translocation_g.26658.CDS.525_Inner_Membrane,0.0,0.0
translocation_g.26658.CDS.818_Inner_Membrane,0.0,2.19686722003965e-34
translocation_g.26658.CDS.339_Inner_Membrane,-7.52646472974672e-30,0.0
translocation_g.26658.CDS.61_Inner_Membrane,-7.52646472974672e-30,-1.5591646385944119e-34
translocation_g.26658.CDS.552_Inner_Membrane,-1.3965943421149862e-29,4.425640017955909e-34
translocation_g.26658.CDS.1292_Periplasm,0.0,-1.7775186826370934e-34
translocation_g.26658.CDS.773_Inner_Membrane,1.3229460987939702e-12,0.0
translocation_g.26658.CDS.585_Inner_Membrane,0.0,-6.76191721853663e-34
translocation_g.26658.CDS.1887_Inner_Membrane,0.0,-4.279635146092623e-34
translocation_g.26658.CDS.1341_Inner_Membrane,1.8986453742715996e-07,1.7111248987190078e-34
translocation_g.26658.CDS.887_Membrane,0.0,-3.380414369884126e-34
translocation_g.26658.CDS.865_Inner_Membrane,0.0,6.493090391457272e-34
translocation_g.26658.CDS.966_Inner_Membrane,0.0,1.2003807041213417e-33
translocation_g.26658.CDS.1337_Inner_Membrane,1.924486569568147e-08,1.2110447169455515e-34
translocation_g.26658.CDS.757_Inner_Membrane,0.0,-2.3747806128954605e-34
translocation_g.26658.CDS.928_Inner_Membrane,0.0,0.0
translocation_g.26658.CDS.829_Inner_Membrane,0.0,0.0
translocation_g.26658.CDS.195_Periplasm,7.26086572918066e-10,9.780420184021484e-35
translocation_g.26658.CDS.438_Inner_Membrane,7.26086572918066e-10,0.0
translocation_g.26658.CDS.664_Inner_Membrane,7.26086572918066e-10,0.0
translocation_g.26658.CDS.1251_Membrane,3.1729823109802813e-06,-8.109372953787945e-34
translocation_g.26658.CDS.258_Inner_Membrane,0.0,0.0
translocation_g.26658.CDS.1579_Inner_Membrane,0.0,0.0
translocation_g.26658.CDS.115_Inner_Membrane,1.392448567158112e-07,5.432139232907942e-35
translocation_g.26658.CDS.566_Inner_Membrane,0.0,-1.4921521631937106e-33
translocation_g.26658.CDS.1070_Membrane,0.0,0.0
translocation_g.26658.CDS.1339_Inner_Membrane,0.0,0.0
translocation_g.26658.CDS.217_Inner_Membrane,1.1009063849093391e-13,0.0
translocation_g.26658.CDS.1122_Membrane,8.20278788920787e-06,0.0
translocation_g.26658.CDS.250_Membrane,1.4117245911655836e-07,2.442131690450226e-34
translocation_g.26658.CDS.59_Membrane,8.216028358966515e-08,-2.1833897036788693e-34
translocation_g.26658.CDS.749_Membrane,2.1774696568541883e-07,0.0
translocation_g.26658.CDS.990_Membrane,4.839643499294964e-08,-2.9751170801823e-34
translocation_420889.6.peg.621_Periplasm,0.0,1.6613385662735274e-34
translocation_g.26658.CDS.1324_Inner_Membrane,6.587808578987667e-08,2.430170036088917e-34
translocation_g.26658.CDS.1013_Membrane,8.202630778832387e-06,2.413523219909005e-34
translocation_g.26658.CDS.1215_Membrane,3.281581843600449e-11,0.0
translocation_g.26658.CDS.1314_Membrane,6.847351198391435e-10,-4.549143085060907e-34
translocation_g.26658.CDS.1328_Inner_Membrane,8.273611260879278e-07,3.230712318749248e-34
translocation_g.26658.CDS.1744_Membrane,4.0443124716410665e-09,3.856518177963118e-35
translocation_g.26658.CDS.1899_Membrane,8.273611260879278e-07,6.922470373906891e-34
translocation_g.26658.CDS.239_Inner_Membrane,2.2413381604896058e-07,0.0
translocation_g.26658.CDS.303_Inner_Membrane,1.4141643945682463e-11,-1.1120336829513072e-34
translocation_g.26658.CDS.418_Membrane,8.088624943282143e-09,0.0
translocation_g.26658.CDS.469_Inner_Membrane,1.6407909218002245e-11,0.0
translocation_g.26658.CDS.598_Inner_Membrane,-5.967295805519044e-33,1.6759187296240319e-34
translocation_g.26658.CDS.670_Membrane,2.7149308660145496e-10,0.0
translocation_g.26658.CDS.8_Membrane,8.202630778832387e-06,0.0
translocation_g.26658.CDS.938_Inner_Membrane,7.092731387875053e-10,0.0
biomass_constituent_demand,0.20171240011370736,0.1347307871018796
TS_4fe4s_c,-1.4141656136045462e-11,0.0
