,fluxes,reduced_costs
biomass_dilution,0.12711199065151468,-0.48920085382887896
protein_biomass_to_biomass,0.04620894563963428,-3.2221815493321145e-35
mRNA_biomass_to_biomass,0.0001527344138246925,-6.511553939525584e-35
tRNA_biomass_to_biomass,0.0008968717929935381,0.0
rRNA_biomass_to_biomass,0.0066895216592256865,5.823022767312041e-35
ncRNA_biomass_to_biomass,0.0,-6.053824410746407e-35
tmRNA_biomass_to_biomass,0.0,-6.053824410746407e-35
DNA_biomass_to_biomass,0.0075262541727334365,-6.053824410746407e-35
lipid_biomass_to_biomass,0.0,-6.053824410746407e-35
constituent_biomass_to_biomass,0.03962067723458643,-6.053824410746407e-35
prosthetic_group_biomass_to_biomass,2.445381622235163e-05,6.987609248674039e-35
peptidoglycan_biomass_to_biomass,0.0,-6.053824410746407e-35
DM_4HBA,0.0,-0.007053174475975672
DM_5MTR,0.0,0.0
DM_atp_c_,0.0,-0.014173218778148521
DM_dhptd(c),0.0,0.0
DM_hcys_L[c],0.0,-0.007093996389827402
EX_26dap_M(e),0.0,0.0
EX_2dmmq8(e),-0.001009231072175831,0.0
EX_2obut(e),6.829132898243778e-05,0.0
EX_3mop(e),-0.010568802729914579,0.0
EX_C02528(e),0.0,0.0
EX_ac(e),2.7201764074174744,0.0
EX_acald(e),0.0,-0.007083515527574672
EX_acgam(e),-0.01652954157473045,0.0
EX_ade(e),1.1227776107650353,0.0
EX_ala_D(e),-0.01652954157473045,0.0
EX_ala_L(e),-0.0431799668913816,0.0
EX_amp(e),-0.13852045033052263,0.0
EX_arbt(e),0.0,0.0
EX_arg_L(e),-0.15,-0.042515338837418704
EX_asn_L(e),-0.225,-0.014163359789176698
EX_biomass(e),0.0,0.0
EX_btn(e),0.0,0.0
EX_ca2(e),-5.53592854696627e-07,0.0
EX_cd2(e),0.0,-0.02486947272669757
EX_cellb(e),0.0,0.0
EX_cgly(e),-0.007869299604742164,0.0
EX_chol(e),0.0,0.0
EX_cholate(e),0.0,0.0
EX_chols(e),0.0,0.0
EX_cl(e),0.0,0.0
EX_co2(e),0.46344838839721136,0.0
EX_cobalt2(e),-0.0010092657510930524,0.0
EX_crn(e),0.0,0.0
EX_csn(e),0.0,0.0
EX_cu2(e),0.0,0.0
EX_cytd(e),0.0,-0.02834753191510701
EX_dad_2(e),-1.0,-0.03541927945688024
EX_dextrin(e),0.0,-0.19835198234788412
EX_dgchol(e),0.0,0.0
EX_dgsn(e),-1.0,-0.021245092185815405
EX_diact(e),0.0,0.0
EX_drib(e),-0.17878295,-0.007075803569741254
EX_etoh(e),0.903111362667184,0.0
EX_fe2(e),-2.4883592553864513e-08,0.0
EX_fe3(e),0.0,0.0
EX_fol(e),-0.003027693216527493,0.0
EX_fru(e),-0.14898579,-0.028334973766991553
EX_gal(e),-0.14898579,-0.007069320083307221
EX_galt(e),0.0,0.0
EX_gam(e),0.0,0.0
EX_gcald(e),0.0,-0.014166037164476165
EX_gchola(e),0.0,0.0
EX_glc_D(e),-0.14898579,-0.0354219585607719
EX_glcn(e),-0.14898579,-0.02125266233421459
EX_gln_L(e),-0.037482018343603735,0.0
EX_glu_L(e),-0.0792385499519945,0.0
EX_gly(e),0.16464446646733155,0.0
EX_glyc(e),-1.79965486,-0.0070821812372106555
EX_glyclt(e),0.0,0.0
EX_gsn(e),0.0,-0.028336352963252775
EX_gthrd(e),-0.001009231072175831,0.0
EX_gua(e),0.9888420264178608,0.0
EX_h(e),7.303460752521748,0.0
EX_h2o(e),-1.9113978280778536,0.0
EX_hg2(e),0.0,0.0
EX_hxan(e),0.0,0.0
EX_ile_L(e),-0.03638375621621827,0.0
EX_ins(e),0.0,-0.01415947009456851
EX_k(e),-6.825600059143469e-08,0.0
EX_lac_D(e),0.0,-2.0711286777085434e-09
EX_lac_L(e),6.479787115918072,0.0
EX_leu_L(e),-0.07020534663384446,0.0
EX_lys_L(e),-0.04560616154643794,0.0
EX_malt(e),-0.07449289,-0.07084241023303327
EX_man(e),0.0,0.0
EX_mantr(e),0.0,-0.0920833636084267
EX_met_D(e),0.0,0.0
EX_met_L(e),0.980120428642889,0.0
EX_metsox_R_L(e),0.0,0.0
EX_metsox_S_L(e),-1.0,-0.0070826736908386435
EX_mg2(e),-0.000953169151294523,0.0
EX_mn2(e),-1.0686592282330414e-06,0.0
EX_mnl(e),0.0,0.0
EX_mqn8(e),-0.001009231072175831,0.0
EX_na1(e),-6.771779352257273e-10,0.0
EX_nac(e),-0.0010092747622117444,0.0
EX_nh4(e),1.5220506781277785,0.0
EX_o2(e),0.0,-0.07086384566062678
EX_ocdcea(e),0.0,0.0
EX_orn(e),0.15,0.0
EX_pb(e),0.0,0.0
EX_phe_L(e),-0.024980283093350344,0.0
EX_pheme(e),-0.001009231072175831,0.0
EX_pi(e),0.0,0.0
EX_pnto_R(e),-0.0010094951637295755,0.0
EX_ppa(e),0.0,0.0
EX_pro_L(e),-0.030922718050173187,0.0
EX_ptrc(e),-0.001009231072175831,0.0
EX_pydam(e),0.0,0.0
EX_pydx(e),-0.0010093876357807898,0.0
EX_pydxn(e),0.0,0.0
EX_q8(e),0.0,0.0
EX_rib_D(e),-0.17878295,-0.014163844997869527
EX_ribflv(e),-0.002018462215024998,0.0
EX_salcn(e),0.0,0.0
EX_sbt_D(e),0.0,0.0
EX_ser_D(e),0.0,0.0
EX_ser_L(e),-1.0,-0.007078004795329292
EX_sheme(e),-0.001009231072175831,0.0
EX_so4(e),0.0,0.0
EX_spmd(e),-0.001009231072175831,0.0
EX_stys(e),0.0,-0.1416779695989805
EX_succ(e),0.0,-0.0070873124591837216
EX_sucr(e),-0.07449289,-0.07084231072265695
EX_taur(e),0.0,0.0
EX_tchola(e),0.0,0.0
EX_tdchola(e),0.0,0.0
EX_thm(e),-0.001009231072175831,0.0
EX_thr_L(e),-0.225,-0.007081080253351536
EX_thymd(e),-0.006506952563491712,0.0
EX_tre(e),0.0,0.0
EX_trp_L(e),-0.007051221552041801,0.0
EX_tyr_L(e),-0.029146046283565603,0.0
EX_ura(e),0.0,0.0
EX_uri(e),-0.019372121672109954,0.0
EX_val_L(e),-0.03891051440331579,0.0
EX_xan(e),0.0,0.0
EX_xyl_D(e),-0.17878295,-0.028337224830507608
EX_zn2(e),-1.724004020676208e-07,0.0
translation_g.24465.CDS.0,0.0,-4.543741981646681e-33
transcription_TU_g.24465.CDS.0,0.0,-1.836911189227181e-32
translation_g.24465.CDS.1,4.705092510221937e-09,-1.158028716190911e-34
transcription_TU_g.24465.CDS.1,1.1602706419758354e-10,-5.942791573005142e-33
translation_g.24465.CDS.6,3.1720011058547555e-08,-8.77626229026414e-32
transcription_TU_g.24465.CDS.6,7.822119865746391e-10,-1.3825115928945908e-32
translation_g.24465.CDS.8,0.0,-5.388894065594573e-33
transcription_TU_g.24465.CDS.8,0.0,4.189472786451647e-34
translation_g.24465.CDS.11,1.7230889648364584e-08,-1.5061222978047394e-32
transcription_TU_g.24465.CDS.11,4.2491184499961545e-10,7.800615642896675e-33
translation_g.24465.CDS.15,0.0,-2.5955517118838875e-32
transcription_TU_g.24465.CDS.15,0.0,3.10716986853325e-32
translation_g.24465.CDS.16,0.0,-2.3717683799626657e-33
transcription_TU_g.24465.CDS.16,0.0,-3.820078716968628
translation_1130798.3.peg.16,0.0,-5.0785871104806e-33
transcription_TU_1130798.3.peg.16,0.0,2.155824383677497e-32
translation_1130798.3.peg.17,0.0,-8.278846729112954e-33
transcription_TU_1130798.3.peg.17,0.0,-7.502601761581976
translation_g.24465.CDS.18,2.155773845698133e-06,1.4458316300775718e-32
transcription_TU_g.24465.CDS.18,5.316114610857894e-08,5.886300527187534e-32
translation_1130798.3.peg.19,1.0121996770679943e-09,-9.9426527941431e-33
transcription_TU_1130798.3.peg.19,2.4960732792563475e-11,1.9609269785455242e-32
translation_g.24465.CDS.22,4.552755265495852e-06,-2.9120989087680894e-32
transcription_TU_g.24465.CDS.22,1.1227044448498139e-07,4.305139021875533e-32
translation_g.24465.CDS.24,8.614868237128777e-11,-1.9596068046604833e-32
transcription_TU_g.24465.CDS.24,2.1244170392643676e-12,9.650582538797423e-33
translation_g.24465.CDS.27,4.965768067435476e-08,-5.902841604882744e-32
transcription_TU_g.24465.CDS.27,1.2245529478940445e-09,1.0185684043282726e-33
translation_g.24465.CDS.30,2.4731187382322325e-12,-8.745127200003268e-33
transcription_TU_g.24465.CDS.30,6.09868362812664e-14,-1.3051915480587538e-33
translation_1130798.3.peg.33,1.717730304020848e-08,-5.7918553110685344e-33
transcription_TU_1130798.3.peg.33,4.2359040513182294e-10,-2.180747539068884e-32
translation_g.24465.CDS.34,0.0,-8.381871859440142e-33
transcription_TU_g.24465.CDS.34,0.0,-8.009717531678216
translation_g.24465.CDS.46,0.0,-1.395433458871076e-32
transcription_TU_g.24465.CDS.46,0.0,-8.842655047664536
translation_g.24465.CDS.49,0.0,-1.2274353755859475e-32
transcription_TU_g.24465.CDS.49,0.0,-8.08161835224009
translation_g.24465.CDS.50,2.4731187382322325e-12,2.100807671852236e-33
transcription_TU_g.24465.CDS.50,6.09868362812664e-14,-5.649313212957106e-33
translation_1130798.3.peg.53,0.0,-4.930610441302557e-33
transcription_TU_1130798.3.peg.53,0.0,7.516290679165907e-32
translation_1130798.3.peg.54,0.0,8.370243026706786e-33
transcription_TU_1130798.3.peg.54,0.0,-7.942766977499567
translation_g.24465.CDS.60,0.0,2.0578184567833304e-32
transcription_TU_g.24465.CDS.60,0.0,7.605469575324179e-33
translation_g.24465.CDS.62,1.4826487269248295e-06,-7.711477903589165e-33
transcription_TU_g.24465.CDS.62,3.6561954658200384e-08,-2.066627883191508e-32
translation_g.24465.CDS.69,0.0,-8.300089670753364e-33
transcription_TU_g.24465.CDS.69,0.0,-5.041794389758154
translation_g.24465.CDS.78,0.0,3.635781032556464e-33
transcription_TU_g.24465.CDS.78,0.0,-7.315114266416041
translation_g.24465.CDS.79,0.0,-9.802419454528981e-33
transcription_TU_g.24465.CDS.79,0.0,4.844535732472639e-32
translation_g.24465.CDS.80,2.743832106603602e-10,-1.7720775922548582e-34
transcription_TU_g.24465.CDS.80,6.766259819305236e-12,1.299555270599607e-32
translation_g.24465.CDS.84,9.892474952928943e-12,2.3564644712901824e-32
transcription_TU_g.24465.CDS.84,2.439473451250659e-13,1.4553679494253726e-32
translation_g.24465.CDS.85,0.0,1.3361667252228038e-32
transcription_TU_g.24465.CDS.85,0.0,-7.0546712900536805
translation_g.24465.CDS.89,4.552810217043928e-06,1.2624666134639323e-33
transcription_TU_g.24465.CDS.89,1.1227179958411759e-07,-1.096436779049436e-32
translation_g.24465.CDS.93,0.0,-4.211689381001987e-32
transcription_TU_g.24465.CDS.93,0.0,-2.45085232999994e-32
translation_g.24465.CDS.98,1.2433116722884116e-09,-2.1197136629735788e-32
transcription_TU_g.24465.CDS.98,3.0659929194762614e-11,2.1342050850343674e-32
translation_g.24465.CDS.99,0.0,-1.0354178122005855e-32
transcription_TU_g.24465.CDS.99,0.0,-16.21972072699944
translation_g.24465.CDS.104,4.552810217043928e-06,-1.7535228765262003e-33
transcription_TU_g.24465.CDS.104,1.1227179958411759e-07,-6.132093682108842e-33
translation_g.24465.CDS.106,1.0990309615147014e-10,-6.064434290208439e-32
transcription_TU_g.24465.CDS.106,2.7101982723987566e-12,2.3435698967632116e-32
translation_g.24465.CDS.110,8.057060424757005e-09,-8.30821251601969e-33
transcription_TU_g.24465.CDS.110,1.9868622457818473e-10,-7.529666049104961e-34
translation_g.24465.CDS.111,3.073288130681161e-12,-2.79125892651805e-32
transcription_TU_g.24465.CDS.111,7.578694753855003e-14,5.662175540591425e-32
translation_g.24465.CDS.112,0.0,-1.267530127093043e-33
transcription_TU_g.24465.CDS.112,0.0,-4.377443989250115e-35
translation_g.24465.CDS.116,4.946237476464465e-12,8.440370429092497e-33
transcription_TU_g.24465.CDS.116,1.219736725625328e-13,5.165329545636326e-32
translation_g.24465.CDS.118,1.7210396509766372e-07,-9.781292962621493e-33
transcription_TU_g.24465.CDS.118,4.2440648645404395e-09,2.530321626378216e-33
translation_g.24465.CDS.128,4.758570139849557e-09,-2.665620757924375e-32
transcription_TU_g.24465.CDS.128,1.1734581666684067e-10,3.535608917068118e-32
translation_g.24465.CDS.129,6.826513317152089e-09,1.3233231941188462e-32
transcription_TU_g.24465.CDS.129,1.6834106814565124e-10,-1.085002055380166e-33
translation_g.24465.CDS.133,0.0,9.780270088222947e-33
transcription_TU_g.24465.CDS.133,0.0,-8.126141409354824
translation_1130798.3.peg.133,5.022195592369763e-10,2.2536609990336528e-32
transcription_TU_1130798.3.peg.133,1.238467913527212e-11,-3.771423943867046e-34
translation_1130798.3.peg.135,0.0,-1.4873674770214368e-32
transcription_TU_1130798.3.peg.135,0.0,-4.47420046705891e-33
translation_g.24465.CDS.136,5.706935570255605e-09,-3.348991268077698e-32
transcription_TU_g.24465.CDS.136,1.4073240395230534e-10,-4.0514642888006746e-32
translation_g.24465.CDS.137,1.158261072300746e-10,-1.5773009596388784e-32
transcription_TU_g.24465.CDS.137,2.8562590746395654e-12,1.5257429905949635e-32
translation_1130798.3.peg.137,0.0,1.0038133132019828e-32
transcription_TU_1130798.3.peg.137,0.0,-1.710788666257706e-32
translation_g.24465.CDS.146,5.326510996772242e-07,2.4760744057591334e-33
transcription_TU_g.24465.CDS.146,1.3135117578006471e-08,7.863296492742407e-33
translation_g.24465.CDS.147,0.0,-8.350989153278422e-34
transcription_TU_g.24465.CDS.147,0.0,-1.6475609432665883e-32
translation_g.24465.CDS.157,0.0,-1.6552670287366588e-32
transcription_TU_g.24465.CDS.157,0.0,-7.815792188292217
translation_g.24465.CDS.159,0.0,3.880441116072983e-32
transcription_TU_g.24465.CDS.159,0.0,-2.4299822524863766e-33
translation_g.24465.CDS.163,6.405710507583903e-07,-1.0914742002799952e-32
transcription_TU_g.24465.CDS.163,1.579641171092542e-08,7.126690126959821e-32
translation_g.24465.CDS.170,0.0,-1.1343282977163646e-32
transcription_TU_g.24465.CDS.170,0.0,-3.110265686914965e-32
translation_g.24465.CDS.172,1.1031448116965706e-07,1.504658126225453e-32
transcription_TU_g.24465.CDS.172,2.7203429817347365e-09,-1.7815000161833862e-33
translation_g.24465.CDS.177,0.0,4.818978289773483e-33
transcription_TU_g.24465.CDS.177,0.0,-4.8477416470780266e-32
translation_g.24465.CDS.179,0.0,8.314512533986842e-33
transcription_TU_g.24465.CDS.179,0.0,1.4038068973661878e-31
translation_g.24465.CDS.180,5.321279014023917e-07,-1.7593869005667883e-32
transcription_TU_g.24465.CDS.180,1.3122215566050242e-08,1.8142402393517813e-32
translation_g.24465.CDS.181,8.797429687373891e-07,2.8057287722476814e-32
transcription_TU_g.24465.CDS.181,2.169436492254028e-08,-5.625125000261349e-32
translation_g.24465.CDS.186,0.0,1.8851154856709622e-33
transcription_TU_g.24465.CDS.186,0.0,-6.816037277722572
translation_g.24465.CDS.193,2.640915537445583e-07,-5.239058175181142e-33
transcription_TU_g.24465.CDS.193,6.512468690847078e-09,-2.118915898332898e-35
translation_1130798.3.peg.193,1.2392687826682878e-08,-1.4046253403383376e-32
transcription_TU_1130798.3.peg.193,3.0560231981056665e-10,3.1266500842011063e-32
translation_g.24465.CDS.194,0.0,-1.6128441143120816e-32
transcription_TU_g.24465.CDS.194,0.0,2.3903260025582713e-32
translation_g.24465.CDS.200,0.0,5.65667712546594e-33
transcription_TU_g.24465.CDS.200,0.0,5.596149754774787e-33
translation_g.24465.CDS.201,0.0,2.9314730794679863e-33
transcription_TU_g.24465.CDS.201,0.0,-3.0225310250636593e-32
translation_g.24465.CDS.202,0.0,-6.138639716571697e-33
transcription_TU_g.24465.CDS.202,0.0,-1.5151784419608711
translation_g.24465.CDS.203,6.262544198355265e-07,-1.4229167004945054e-32
transcription_TU_g.24465.CDS.203,1.544336516581044e-08,2.0893970805265502e-32
translation_1130798.3.peg.203,0.0,7.67768307788123e-33
transcription_TU_1130798.3.peg.203,0.0,-2.2943752367802473e-33
translation_g.24465.CDS.212,1.638816545265322e-10,-4.595370443039431e-32
transcription_TU_g.24465.CDS.212,4.041303589514172e-12,-2.2064585848802007e-32
translation_g.24465.CDS.218,0.0,-1.8601277719660486e-32
transcription_TU_g.24465.CDS.218,0.0,-7.589858531308323
translation_g.24465.CDS.219,0.0,-1.8460453334450032e-32
transcription_TU_g.24465.CDS.219,0.0,3.9180935752749525e-32
translation_g.24465.CDS.223,0.0,2.7797477590412346e-33
transcription_TU_g.24465.CDS.223,0.0,-3.299710162548266
translation_1130798.3.peg.232,0.0,-6.6886830569132e-33
transcription_TU_1130798.3.peg.232,0.0,-3.4986305581135175
translation_1130798.3.peg.233,0.0,-6.637108836627873e-33
transcription_TU_1130798.3.peg.233,0.0,9.840099582453125e-32
translation_1130798.3.peg.234,4.196957743449967e-09,-2.051755687215174e-33
transcription_TU_1130798.3.peg.234,1.0349651669459842e-10,-6.867781599029977e-32
translation_g.24465.CDS.235,0.0,4.2574702695985736e-33
transcription_TU_g.24465.CDS.235,0.0,-4.845622017139885
translation_1130798.3.peg.235,0.0,-2.8984970074451705e-33
transcription_TU_1130798.3.peg.235,0.0,3.032289621345382e-32
translation_1130798.3.peg.236,0.0,9.220804573447711e-34
transcription_TU_1130798.3.peg.236,0.0,-1.5298121744524578
translation_1130798.3.peg.237,0.0,1.9066767511731043e-33
transcription_TU_1130798.3.peg.237,0.0,-5.039338081237887
translation_1130798.3.peg.238,0.0,-3.2168223884886315e-32
transcription_TU_1130798.3.peg.238,0.0,-6.258122699490007e-32
translation_g.24465.CDS.239,3.3024625535748174e-07,-4.811143491459382e-32
transcription_TU_g.24465.CDS.239,8.143836362011653e-09,-2.4541406240904228e-32
translation_1130798.3.peg.239,0.0,1.9272852616935294e-33
transcription_TU_1130798.3.peg.239,0.0,2.3095399386186902e-32
translation_1130798.3.peg.240,0.0,-7.068303617502021e-33
transcription_TU_1130798.3.peg.240,0.0,8.149183914490779e-34
translation_g.24465.CDS.241,6.650331664952284e-07,-2.3166851761219189e-32
transcription_TU_g.24465.CDS.241,1.6399644796532264e-08,7.886862571258994e-32
translation_1130798.3.peg.241,0.0,-2.132438939321588e-34
transcription_TU_1130798.3.peg.241,0.0,-5.068164648628501e-33
translation_1130798.3.peg.242,7.54231476685648e-09,1.622189026037592e-32
transcription_TU_1130798.3.peg.242,1.8599265322652718e-10,8.792497553276252e-33
translation_g.24465.CDS.243,0.0,6.786939337792333e-33
transcription_TU_g.24465.CDS.243,0.0,-3.842158010347745
translation_1130798.3.peg.243,0.0,3.9750648528126865e-33
transcription_TU_1130798.3.peg.243,0.0,2.516223592706019e-32
translation_g.24465.CDS.244,4.5490325733947137e-10,7.092023788821057e-33
transcription_TU_g.24465.CDS.244,1.121786433069029e-11,-3.461358734708077e-32
translation_g.24465.CDS.245,4.552810217043928e-06,-1.1967555403989582e-33
transcription_TU_g.24465.CDS.245,1.1227179958411759e-07,2.4708258102218024e-33
translation_1130798.3.peg.245,0.0,1.5169824937719321e-33
transcription_TU_1130798.3.peg.245,0.0,1.0823431271533816e-32
translation_g.24465.CDS.246,0.0,-1.5496098573807342e-32
transcription_TU_g.24465.CDS.246,0.0,-8.84832570124919
translation_1130798.3.peg.247,3.4465666979147075e-06,3.926576993861793e-33
transcription_TU_1130798.3.peg.247,8.49919559820388e-08,-2.8886609803553444e-33
translation_g.24465.CDS.252,4.6665293871243875e-07,-1.0105581584335361e-32
transcription_TU_g.24465.CDS.252,1.1507610182020668e-08,3.743690245604059e-33
translation_g.24465.CDS.254,3.4612395150626185e-06,1.7921620419422145e-32
transcription_TU_g.24465.CDS.254,8.535378604031745e-08,-4.311726777733847e-33
translation_g.24465.CDS.270,5.504892482467444e-08,-2.0110519931271493e-32
transcription_TU_g.24465.CDS.270,1.3575004361262117e-09,6.855433278672165e-32
translation_g.24465.CDS.271,4.946237476464465e-12,1.935928235827679e-33
transcription_TU_g.24465.CDS.271,1.219736725625328e-13,1.344393462964988e-32
translation_g.24465.CDS.273,5.391453762377764e-11,2.9133183667830134e-33
transcription_TU_g.24465.CDS.273,1.3295265724248237e-12,-1.2061202591254119e-32
translation_g.24465.CDS.275,0.0,2.056233448621169e-32
transcription_TU_g.24465.CDS.275,0.0,-6.281915170169134
translation_g.24465.CDS.279,0.0,9.75825934746067e-33
transcription_TU_g.24465.CDS.279,0.0,-7.435924270489382
translation_1130798.3.peg.280,6.565542861621512e-09,5.13351162540316e-34
transcription_TU_1130798.3.peg.280,1.6190556539374242e-10,-7.136119700309806e-32
translation_g.24465.CDS.282,0.0,-7.247236064757428e-32
transcription_TU_g.24465.CDS.282,0.0,-14.846075711372087
translation_g.24465.CDS.283,0.0,6.972277366369478e-32
transcription_TU_g.24465.CDS.283,0.0,-22.726649459635254
translation_g.24465.CDS.287,0.0029516783198667725,1.2091388957320876e-34
transcription_TU_g.24465.CDS.287,7.278806296916852e-05,-5.4711817152512515e-33
translation_g.24465.CDS.288,1.0607350229301514e-08,2.0158631817418932e-33
transcription_TU_g.24465.CDS.288,2.6157609087336856e-10,1.9017007690660808e-32
translation_1130798.3.peg.290,0.0,5.760080382773142e-33
transcription_TU_1130798.3.peg.290,0.0,4.5689914805806435e-32
translation_g.24465.CDS.293,0.0,-1.9306918285327408e-32
transcription_TU_g.24465.CDS.293,0.0,-1.500590031005489e-32
translation_g.24465.CDS.294,0.0,-1.0564030781691151e-32
transcription_TU_g.24465.CDS.294,0.0,1.5101068155586725e-33
translation_g.24465.CDS.296,0.0,2.557657371416419e-33
transcription_TU_g.24465.CDS.296,0.0,-2.606524580067854e-32
translation_g.24465.CDS.297,0.0,-1.4701495080560518e-32
transcription_TU_g.24465.CDS.297,0.0,2.717116425015044e-32
translation_g.24465.CDS.299,7.644390357857987e-11,1.1714406277103969e-33
transcription_TU_g.24465.CDS.299,1.8850982608219534e-12,3.8660284114931415e-32
translation_1130798.3.peg.300,0.0,1.681445828916587e-32
transcription_TU_1130798.3.peg.300,0.0,-4.4290163872133636e-32
translation_g.24465.CDS.302,4.552810217043928e-06,2.4223924101055412e-33
transcription_TU_g.24465.CDS.302,1.1227179958411759e-07,-1.410844835639988e-33
translation_g.24465.CDS.319,0.0,-1.494521029199098e-34
transcription_TU_g.24465.CDS.319,0.0,-12.948047361203962
translation_g.24465.CDS.320,0.0,-6.1412303238291535e-33
transcription_TU_g.24465.CDS.320,0.0,1.7387273987108425e-32
translation_g.24465.CDS.324,2.3792850699247755e-09,-1.6529700897201856e-32
transcription_TU_g.24465.CDS.324,5.867290833342026e-11,-2.7618768530655993e-33
translation_g.24465.CDS.327,0.0,-5.304595559785784e-33
transcription_TU_g.24465.CDS.327,0.0,-1.2545334808520377e-32
translation_g.24465.CDS.328,3.831247524538409e-09,-4.372540288043927e-34
transcription_TU_g.24465.CDS.328,9.447814288894455e-11,-1.1041644700980776e-32
translation_g.24465.CDS.330,8.122785655904659e-08,-1.8011100469720912e-32
transcription_TU_g.24465.CDS.330,2.003070015548759e-09,-5.434748455036055e-32
translation_g.24465.CDS.332,0.0,4.6891590605605276e-32
transcription_TU_g.24465.CDS.332,0.0,-29.96669611689802
translation_g.24465.CDS.334,0.0,-1.6117464303293544e-33
transcription_TU_g.24465.CDS.334,0.0,4.7570607006469095e-32
translation_g.24465.CDS.337,4.552755265495852e-06,-1.0957218218099088e-32
transcription_TU_g.24465.CDS.337,1.1227044448498139e-07,-2.0655480915670455e-32
translation_g.24465.CDS.338,0.0,9.511111750456599e-33
transcription_TU_g.24465.CDS.338,0.0,-5.396281318108118
translation_g.24465.CDS.347,0.0,-1.3238823384186222e-32
transcription_TU_g.24465.CDS.347,0.0,-12.495030720883582
translation_g.24465.CDS.353,0.0,-8.799663349581935e-33
transcription_TU_g.24465.CDS.353,0.0,-5.470870530599027e-32
translation_g.24465.CDS.361,0.0,-1.6174178825966242e-32
transcription_TU_g.24465.CDS.361,0.0,-7.616208796435181
translation_g.24465.CDS.364,6.838333392679565e-10,1.4751758072304268e-32
transcription_TU_g.24465.CDS.364,1.686325499090953e-11,3.846775211042687e-32
translation_g.24465.CDS.365,4.552810217043928e-06,5.285225646540868e-33
transcription_TU_g.24465.CDS.365,1.1227179958411759e-07,-1.496114284078357e-32
translation_g.24465.CDS.372,2.337428012935365e-10,-5.930599599731031e-33
transcription_TU_g.24465.CDS.372,5.7640717908283824e-12,-1.4510961289988183e-33
translation_g.24465.CDS.374,0.0,2.7484952064868552e-33
transcription_TU_g.24465.CDS.374,0.0,-9.421362785555801e-33
translation_g.24465.CDS.375,0.0,4.810930371634454e-33
transcription_TU_g.24465.CDS.375,0.0,-5.946036668422132
translation_g.24465.CDS.380,2.0634898082740547e-08,-2.3106889569445584e-32
transcription_TU_g.24465.CDS.380,5.08854318880076e-10,1.698689447272368e-32
translation_g.24465.CDS.381,2.090766998562389e-09,-1.3265382514390826e-31
transcription_TU_g.24465.CDS.381,5.155808440266878e-11,-5.402448126079e-32
translation_g.24465.CDS.384,0.0,9.63761924559289e-33
transcription_TU_g.24465.CDS.384,0.0,1.3886364141873115e-32
translation_g.24465.CDS.396,0.0,7.049024696915167e-33
transcription_TU_g.24465.CDS.396,0.0,-6.205667866682247
translation_g.24465.CDS.399,5.857204001041031e-09,2.2985126124879752e-33
transcription_TU_g.24465.CDS.399,1.4443800694050003e-10,1.5178763689941377e-32
translation_g.24465.CDS.400,0.0,2.264080274107666e-33
transcription_TU_g.24465.CDS.400,0.0,-10.143969918881858
translation_g.24465.CDS.402,2.7475774037867503e-11,-1.242581772455848e-32
transcription_TU_g.24465.CDS.402,6.775495680996883e-13,-4.497596655180176e-32
translation_g.24465.CDS.407,8.614868237128777e-11,-8.309240328275743e-33
transcription_TU_g.24465.CDS.407,2.1244170392643676e-12,-2.1834629628323487e-33
translation_g.24465.CDS.409,6.137593952388515e-08,-6.861671669105387e-33
transcription_TU_g.24465.CDS.409,1.5135239232499e-09,-9.760808058723485e-32
translation_g.24465.CDS.412,3.302462553574808e-07,1.801974876631563e-32
transcription_TU_g.24465.CDS.412,8.14383636201163e-09,9.333333781071222e-33
translation_g.24465.CDS.415,2.9822634747721865e-45,4.593816303866056e-33
transcription_TU_g.24465.CDS.415,1.3149310239398144e-46,4.784725295832664e-32
translation_g.24465.CDS.416,0.0,-2.797408047449291e-32
transcription_TU_g.24465.CDS.416,0.0,2.092026443102966e-32
translation_g.24465.CDS.417,1.718770933190833e-07,-1.3384504559324475e-32
transcription_TU_g.24465.CDS.417,4.23847023141457e-09,4.409894935609025e-32
translation_g.24465.CDS.427,4.552810217043928e-06,4.804600017595399e-33
transcription_TU_g.24465.CDS.427,1.1227179958411759e-07,-1.0370628993062101e-32
translation_g.24465.CDS.430,1.7210396509766372e-07,1.590883487095032e-32
transcription_TU_g.24465.CDS.430,4.2440648645404395e-09,-3.4443689559656266e-32
translation_g.24465.CDS.433,0.0,-6.278319850410737e-33
transcription_TU_g.24465.CDS.433,0.0,1.5127412375883752e-32
translation_g.24465.CDS.439,2.7475774037867503e-11,2.8344397711260536e-33
transcription_TU_g.24465.CDS.439,6.775495680996883e-13,2.2873934999728138e-32
translation_1130798.3.peg.440,0.0,-9.234512069410089e-33
transcription_TU_1130798.3.peg.440,0.0,-3.4149547077747995
translation_1130798.3.peg.441,0.0,-3.0604983099453786e-33
transcription_TU_1130798.3.peg.441,0.0,-1.7585750529197135
translation_g.24465.CDS.442,0.0,6.565901941555031e-33
transcription_TU_g.24465.CDS.442,0.0,-4.144013276362036
translation_g.24465.CDS.448,2.498320105652335e-29,-1.7624669188392006e-32
transcription_TU_g.24465.CDS.448,6.160829923213646e-31,2.7846450533442094e-32
translation_1130798.3.peg.451,0.0,9.714717644966308e-33
transcription_TU_1130798.3.peg.451,0.0,-6.101407941839534
translation_1130798.3.peg.452,0.0,-4.337826578191864e-34
transcription_TU_1130798.3.peg.452,0.0,5.536166057715405e-33
translation_g.24465.CDS.454,0.0,-1.3604414749798127e-32
transcription_TU_g.24465.CDS.454,0.0,1.8255977422375178e-32
translation_g.24465.CDS.456,0.0,3.8250501312743097e-32
transcription_TU_g.24465.CDS.456,0.0,6.953645940179893e-32
translation_g.24465.CDS.457,0.0,-3.3072561392710526e-33
transcription_TU_g.24465.CDS.457,0.0,-2.0632236074362695e-32
translation_g.24465.CDS.459,1.2294035768383323e-06,-4.824708472492492e-33
transcription_TU_g.24465.CDS.459,3.0316957089507165e-08,1.084438313652725e-33
translation_g.24465.CDS.465,0.0,-5.47893686151824e-32
transcription_TU_g.24465.CDS.465,0.0,1.1408367745676844e-32
translation_g.24465.CDS.467,0.0,-2.107394641033888e-32
transcription_TU_g.24465.CDS.467,0.0,-5.1791632366577245
translation_g.24465.CDS.468,0.0,8.709923883627913e-33
transcription_TU_g.24465.CDS.468,0.0,-6.503080116339097
translation_g.24465.CDS.469,0.0,2.9178061363046757e-32
transcription_TU_g.24465.CDS.469,0.0,-17.02386269139585
translation_g.24465.CDS.472,2.3104416830206495e-08,1.6546550497806687e-33
transcription_TU_g.24465.CDS.472,5.697523797846961e-10,4.975549390585488e-33
translation_g.24465.CDS.474,0.0,4.848241846254297e-33
transcription_TU_g.24465.CDS.474,0.0,-7.685814413358056
translation_1130798.3.peg.476,0.0,-1.673983593296731e-32
transcription_TU_1130798.3.peg.476,0.0,-2.2284906617874974e-32
translation_1130798.3.peg.487,8.480800316593075e-10,-9.336932786024911e-33
transcription_TU_1130798.3.peg.487,2.0913560374051317e-11,-3.461358734708077e-32
translation_g.24465.CDS.490,0.0,1.4427401796436505e-33
transcription_TU_g.24465.CDS.490,0.0,2.998818816096822e-34
translation_g.24465.CDS.493,0.0,-1.0268202357591208e-32
transcription_TU_g.24465.CDS.493,0.0,-5.594728187448477e-32
translation_g.24465.CDS.496,0.0,1.5374578948654184e-33
transcription_TU_g.24465.CDS.496,0.0,-5.590844280857227
translation_g.24465.CDS.498,4.552810217043928e-06,-1.5595041314919523e-33
transcription_TU_g.24465.CDS.498,1.1227179958411759e-07,1.3609380290742765e-33
translation_g.24465.CDS.500,2.6730263552140167e-08,-1.244067151185384e-31
transcription_TU_g.24465.CDS.500,6.591653614556032e-10,5.142733212676169e-32
translation_g.24465.CDS.502,0.0,-1.2830913518206478e-32
transcription_TU_g.24465.CDS.502,0.0,-1.2101589967650203e-32
translation_g.24465.CDS.505,0.0,-3.2984003631937984e-35
transcription_TU_g.24465.CDS.505,0.0,-3.912006122854766
translation_g.24465.CDS.506,0.0,1.5301034097030992e-32
transcription_TU_g.24465.CDS.506,0.0,-7.71863001380733
translation_g.24465.CDS.508,0.0,1.764060343203573e-33
transcription_TU_g.24465.CDS.508,0.0,-2.50362834826385
translation_g.24465.CDS.511,0.0,-2.5636589058651435e-32
transcription_TU_g.24465.CDS.511,0.0,-8.58953974641769
translation_g.24465.CDS.516,4.552810217043928e-06,-2.8055028390542534e-33
transcription_TU_g.24465.CDS.516,1.1227179958411759e-07,-1.0637237393029601e-33
translation_g.24465.CDS.530,0.0,-3.726204077541417e-33
transcription_TU_g.24465.CDS.530,0.0,-5.60505312629566
translation_1130798.3.peg.530,6.25879474801147e-08,-7.536376703987057e-33
transcription_TU_1130798.3.peg.530,1.5434119062470282e-09,-7.656165504665133e-32
translation_g.24465.CDS.532,7.841783294224869e-07,-8.69470842510073e-33
transcription_TU_g.24465.CDS.532,1.9337751419889708e-08,1.0045261937070844e-32
translation_g.24465.CDS.533,0.0,-2.1325353760180765e-33
transcription_TU_g.24465.CDS.533,0.0,-4.9908693383915763e-33
translation_g.24465.CDS.535,1.7229736474257554e-10,-1.8340311574586755e-32
transcription_TU_g.24465.CDS.535,4.248834078528735e-12,2.6168365258217226e-32
translation_g.24465.CDS.536,0.0,-3.010577442729088e-32
transcription_TU_g.24465.CDS.536,0.0,1.1679887359687116e-32
translation_g.24465.CDS.538,0.0,-3.140788176483864e-33
transcription_TU_g.24465.CDS.538,0.0,-6.648843712857653e-33
translation_1130798.3.peg.548,8.376702007761132e-08,-1.292218064704616e-33
transcription_TU_1130798.3.peg.548,2.0656855088544952e-09,1.084438313652725e-33
translation_g.24465.CDS.551,0.0,-4.423970802067875e-33
transcription_TU_g.24465.CDS.551,0.0,-6.5744945245113735
translation_g.24465.CDS.556,0.0,-6.404489734749388e-34
transcription_TU_g.24465.CDS.556,0.0,-8.25942812686109
translation_g.24465.CDS.558,0.0,-9.286748223153437e-33
transcription_TU_g.24465.CDS.558,0.0,-5.861033194401818
translation_g.24465.CDS.560,0.0,2.0128060728342192e-32
transcription_TU_g.24465.CDS.560,0.0,-4.1990113896055607e-32
translation_g.24465.CDS.562,0.0,2.0913682959706436e-32
transcription_TU_g.24465.CDS.562,0.0,-10.782031228488627
translation_g.24465.CDS.563,2.4342366180005104e-09,6.227795401614221e-33
transcription_TU_g.24465.CDS.563,6.002800746961964e-11,1.8051785140809697e-32
translation_g.24465.CDS.567,0.0,3.1386882483167954e-33
transcription_TU_g.24465.CDS.567,0.0,-5.068164648628501e-33
translation_1130798.3.peg.570,0.0,-2.1133691372219154e-33
transcription_TU_1130798.3.peg.570,0.0,-9.093815818802156e-33
translation_g.24465.CDS.572,8.614868237128777e-11,-8.664238494197733e-32
transcription_TU_g.24465.CDS.572,2.1244170392643676e-12,7.183160564649157e-32
translation_g.24465.CDS.573,0.0,-1.0752236598771686e-33
transcription_TU_g.24465.CDS.573,0.0,-2.351434729578007e-32
translation_g.24465.CDS.586,0.0,-2.001896237503159e-33
transcription_TU_g.24465.CDS.586,0.0,-1.9008013290803706e-32
translation_g.24465.CDS.592,0.0,-4.756775964650418e-33
transcription_TU_g.24465.CDS.592,0.0,7.250587707424498e-33
translation_g.24465.CDS.593,8.614868237128777e-11,2.91064809873436e-32
transcription_TU_g.24465.CDS.593,2.1244170392643676e-12,1.515611334206057e-32
translation_g.24465.CDS.594,0.0,2.5039407340842077e-33
transcription_TU_g.24465.CDS.594,0.0,-5.831536095525871
translation_g.24465.CDS.595,2.7475774037867503e-11,2.9574522917775092e-33
transcription_TU_g.24465.CDS.595,6.775495680996883e-13,-1.1134164346410858e-32
translation_g.24465.CDS.597,9.032673826952839e-09,1.4184957212955043e-32
transcription_TU_g.24465.CDS.597,2.227447438533476e-10,-2.395067226942853e-33
translation_g.24465.CDS.609,3.469813906166384e-08,-6.563459908525465e-32
transcription_TU_g.24465.CDS.609,8.556522958258371e-10,3.056457144742078e-32
translation_g.24465.CDS.612,0.0,-6.067670643251046e-33
transcription_TU_g.24465.CDS.612,0.0,-3.7358781294361494e-32
translation_1130798.3.peg.615,1.2672773417573123e-09,-6.400696183915596e-33
transcription_TU_1130798.3.peg.615,3.125091996996313e-11,-5.506808014792422e-33
translation_g.24465.CDS.627,4.552810217043928e-06,-3.934230759084774e-34
transcription_TU_g.24465.CDS.627,1.1227179958411759e-07,-2.342890375416099e-32
translation_g.24465.CDS.634,4.552810217043928e-06,7.918050281772884e-34
transcription_TU_g.24465.CDS.634,1.1227179958411759e-07,-3.908130917438041e-33
translation_g.24465.CDS.636,0.0,-2.644332329000549e-33
transcription_TU_g.24465.CDS.636,0.0,-8.230212637413833e-33
translation_g.24465.CDS.639,0.0,-1.059377380211971e-31
transcription_TU_g.24465.CDS.639,0.0,4.1888596986991354e-33
translation_1130798.3.peg.640,5.734690903380267e-09,4.285344196204594e-33
transcription_TU_1130798.3.peg.640,1.4141684741676098e-10,-3.0225310250636593e-32
translation_1130798.3.peg.641,0.0,1.732000834027745e-32
transcription_TU_1130798.3.peg.641,0.0,-2.9359568236244854e-32
translation_1130798.3.peg.642,6.985690355954957e-09,-8.945725307082589e-34
transcription_TU_1130798.3.peg.642,1.7226635642847194e-10,-4.1449309111276195e-32
translation_1130798.3.peg.643,0.0,-2.5327606182657366e-32
transcription_TU_1130798.3.peg.643,0.0,-8.37404617707191
translation_g.24465.CDS.644,0.0,-1.344583167923719e-32
transcription_TU_g.24465.CDS.644,0.0,-1.4657677525510328e-33
translation_1130798.3.peg.644,7.768567327172264e-09,-8.971347643384653e-34
transcription_TU_1130798.3.peg.644,1.9157201649804528e-10,-1.4628565847790667e-32
translation_1130798.3.peg.645,7.584396899028383e-09,-2.97934149325596e-32
transcription_TU_1130798.3.peg.645,1.8703039398092745e-10,-1.7569828081201656e-32
translation_g.24465.CDS.646,0.0,-2.839934738101788e-32
transcription_TU_g.24465.CDS.646,0.0,3.0997459334689434e-32
translation_1130798.3.peg.646,0.0,5.208550247087414e-33
transcription_TU_1130798.3.peg.646,0.0,-1.085002055380166e-33
translation_1130798.3.peg.649,1.1552208415103248e-08,8.041900094184332e-33
transcription_TU_1130798.3.peg.649,2.8487618989234807e-10,4.975549390585488e-33
translation_1130798.3.peg.650,4.9282271566979155e-09,3.548695064068112e-33
transcription_TU_1130798.3.peg.650,1.2152954005648058e-10,2.2350347576088787e-32
translation_1130798.3.peg.651,0.0,-1.7764443441248983e-32
transcription_TU_1130798.3.peg.651,0.0,-8.0410798149784
translation_g.24465.CDS.657,0.0,3.008540012561186e-32
transcription_TU_g.24465.CDS.657,0.0,-10.357741069510919
translation_g.24465.CDS.665,1.3652057711148377e-08,1.0124368421238641e-32
transcription_TU_g.24465.CDS.665,3.3665824275276813e-10,-1.3648615753410877e-32
translation_g.24465.CDS.666,0.0,-5.8843998207748295e-33
transcription_TU_g.24465.CDS.666,0.0,-5.003900328831241e-33
translation_g.24465.CDS.671,0.0,-3.376181146357348e-32
transcription_TU_g.24465.CDS.671,0.0,-2.4447449013769894e-32
translation_g.24465.CDS.672,8.275470404036488e-08,1.4769864808200726e-32
transcription_TU_g.24465.CDS.672,2.0407219066327198e-09,-1.6180831522522554e-33
translation_g.24465.CDS.673,8.614868237128777e-11,-2.7061991991793714e-32
transcription_TU_g.24465.CDS.673,2.1244170392643676e-12,-1.1141652277415136e-32
translation_g.24465.CDS.674,0.0,-1.692139684120576e-32
transcription_TU_g.24465.CDS.674,0.0,-5.584162091004623
translation_g.24465.CDS.684,0.0,-5.033340535449792e-33
transcription_TU_g.24465.CDS.684,0.0,-13.308441743816088
translation_g.24465.CDS.686,0.0,6.934463300205404e-33
transcription_TU_g.24465.CDS.686,0.0,-7.365597336712193e-33
translation_g.24465.CDS.692,3.359528416848749e-08,1.78622731895314e-32
transcription_TU_g.24465.CDS.692,8.284560153673353e-10,2.2856127803193754e-32
translation_g.24465.CDS.693,6.146576261362322e-12,-1.3877846522200027e-32
transcription_TU_g.24465.CDS.693,1.5157389507710005e-13,4.158515355167404e-32
translation_g.24465.CDS.696,0.0,-1.3997368279661526e-32
transcription_TU_g.24465.CDS.696,0.0,-9.75290643997778
translation_g.24465.CDS.697,4.9462374764644715e-12,3.232910109061266e-33
transcription_TU_g.24465.CDS.697,1.2197367256253295e-13,1.0689750813200429e-32
translation_g.24465.CDS.702,0.0,-2.462063709395596e-32
transcription_TU_g.24465.CDS.702,0.0,-7.617763286048393e-33
translation_g.24465.CDS.705,2.3792850699247755e-09,4.76755564729707e-33
transcription_TU_g.24465.CDS.705,5.867290833342026e-11,-2.3977407585429803e-32
translation_g.24465.CDS.708,6.590796163149612e-10,-6.923008629127427e-33
transcription_TU_g.24465.CDS.708,1.6252830903400796e-11,-3.842318494059378e-32
translation_1130798.3.peg.710,0.0,2.7622576803663785e-32
transcription_TU_1130798.3.peg.710,0.0,-6.470452810801596
translation_g.24465.CDS.714,0.0,-2.2140833197449808e-33
transcription_TU_g.24465.CDS.714,0.0,2.1270105906389895e-32
translation_g.24465.CDS.727,0.0,-7.971714250795172e-33
transcription_TU_g.24465.CDS.727,0.0,-6.384745370746429
translation_1130798.3.peg.728,0.0,1.685209428621758e-32
transcription_TU_1130798.3.peg.728,0.0,1.2841823695308413e-32
translation_g.24465.CDS.729,0.0,-2.7403179909561386e-33
transcription_TU_g.24465.CDS.729,0.0,-3.3904427631703444
translation_g.24465.CDS.730,0.0,1.7070560685687974e-33
transcription_TU_g.24465.CDS.730,0.0,4.3355938113156827e-32
translation_g.24465.CDS.737,2.4731187382322325e-12,-9.764505903528633e-33
transcription_TU_g.24465.CDS.737,6.09868362812664e-14,3.175035065804115e-32
translation_1130798.3.peg.740,0.0,-4.7395441063854375e-32
transcription_TU_1130798.3.peg.740,0.0,6.146491482351735e-33
translation_g.24465.CDS.741,0.0,-8.214399355076748e-33
transcription_TU_g.24465.CDS.741,0.0,-7.753900072228354e-32
translation_g.24465.CDS.742,0.0,-7.647060634896342e-33
transcription_TU_g.24465.CDS.742,0.0,7.418771442905994e-33
translation_g.24465.CDS.743,0.0,1.5831859720354522e-32
transcription_TU_g.24465.CDS.743,0.0,-5.582791353119122
translation_g.24465.CDS.747,2.4731187382322325e-12,1.3254155469153025e-33
transcription_TU_g.24465.CDS.747,6.09868362812664e-14,5.530578994416034e-32
translation_1130798.3.peg.748,0.0,1.397495762107686e-32
transcription_TU_1130798.3.peg.748,0.0,-2.8955416258646068e-33
translation_g.24465.CDS.749,0.0,8.647624882526827e-34
transcription_TU_g.24465.CDS.749,0.0,-6.091497188628425
translation_1130798.3.peg.749,0.0,4.906957584360694e-33
transcription_TU_1130798.3.peg.749,0.0,-3.885862275111786e-33
translation_g.24465.CDS.751,0.0,3.7837957524206726e-32
transcription_TU_g.24465.CDS.751,0.0,-8.285022870483193
translation_g.24465.CDS.757,1.8203706967500169e-09,-1.8917352368264527e-32
transcription_TU_g.24465.CDS.757,4.489014131738109e-11,-1.8477507369533342e-32
translation_g.24465.CDS.759,0.0,-9.831672958795359e-33
transcription_TU_g.24465.CDS.759,0.0,-6.852454717524447
translation_g.24465.CDS.762,0.0,4.094673815487056e-33
transcription_TU_g.24465.CDS.762,0.0,-6.893444557119556e-32
translation_g.24465.CDS.765,0.0,3.013262109298314e-32
transcription_TU_g.24465.CDS.765,0.0,1.8763981288554238e-32
translation_g.24465.CDS.769,7.419356214696693e-12,9.488270922806338e-33
transcription_TU_g.24465.CDS.769,1.8296050884379907e-13,5.3701666858464416e-33
translation_g.24465.CDS.773,0.0,-2.12482975632422e-33
transcription_TU_g.24465.CDS.773,0.0,-6.728778836404102
translation_g.24465.CDS.775,0.0,4.6541622337194434e-33
transcription_TU_g.24465.CDS.775,0.0,-1.863745620255176e-32
translation_g.24465.CDS.782,1.9819104026806174e-08,-1.497693589546465e-31
transcription_TU_g.24465.CDS.782,4.887369271190712e-10,5.405268439923608e-32
translation_g.24465.CDS.792,0.0,8.773471494187249e-33
transcription_TU_g.24465.CDS.792,0.0,2.5158909385687764e-32
translation_g.24465.CDS.793,0.0,6.393789823883387e-33
transcription_TU_g.24465.CDS.793,0.0,-5.726926568560922
translation_1130798.3.peg.794,0.0,3.527627467695539e-32
transcription_TU_1130798.3.peg.794,0.0,7.967681935462227e-32
translation_g.24465.CDS.811,0.0,-4.358336057812959e-32
transcription_TU_g.24465.CDS.811,0.0,2.005642685640415e-32
translation_g.24465.CDS.816,0.0,-3.2152388165484353e-32
transcription_TU_g.24465.CDS.816,0.0,5.535847806565629e-32
translation_g.24465.CDS.817,5.8470782911221856e-08,2.444910864059027e-32
transcription_TU_g.24465.CDS.817,1.4418830804674872e-09,4.993578467071196e-32
translation_g.24465.CDS.818,1.0672544281308646e-07,1.7509575170290647e-32
transcription_TU_g.24465.CDS.818,2.6318376903083276e-09,3.801675183526692e-32
translation_g.24465.CDS.819,0.0,9.98346633947688e-33
transcription_TU_g.24465.CDS.819,0.0,-3.268135450449319e-32
translation_g.24465.CDS.820,0.0,6.716834659919066e-33
transcription_TU_g.24465.CDS.820,0.0,5.882723857595339e-33
translation_g.24465.CDS.825,5.466245685056226e-09,9.29236031061208e-33
transcription_TU_g.24465.CDS.825,1.347970178358653e-10,2.6707838949425813e-32
translation_1130798.3.peg.825,0.0,-7.531400547580033e-32
transcription_TU_1130798.3.peg.825,0.0,5.47724339396214e-32
translation_g.24465.CDS.826,0.0,-4.5732214659921285e-33
transcription_TU_g.24465.CDS.826,0.0,-4.201798468265983
translation_1130798.3.peg.826,0.0,-1.3805153592411177e-32
transcription_TU_1130798.3.peg.826,0.0,-2.1759300186711317e-32
translation_g.24465.CDS.828,0.0,-3.5591778619834986e-32
transcription_TU_g.24465.CDS.828,0.0,-10.098162029959827
translation_g.24465.CDS.836,0.0,6.314984138684405e-33
transcription_TU_g.24465.CDS.836,0.0,-2.341887583262352e-32
translation_g.24465.CDS.837,2.3792850699247755e-09,-2.559159907359243e-32
transcription_TU_g.24465.CDS.837,5.867290833342026e-11,-4.6978834358901663e-33
translation_1130798.3.peg.842,0.0,2.436632603456125e-32
transcription_TU_1130798.3.peg.842,0.0,-1.1406450934301239e-32
translation_1130798.3.peg.846,0.0,-8.799663349581935e-33
transcription_TU_1130798.3.peg.846,0.0,-5.470870530599027e-32
translation_g.24465.CDS.847,0.0,-3.9823181360416324e-32
transcription_TU_g.24465.CDS.847,0.0,-6.206993925017667
translation_g.24465.CDS.850,0.0,-2.748202958733973e-32
transcription_TU_g.24465.CDS.850,0.0,1.2189494449018958e-32
translation_g.24465.CDS.861,0.0,2.852322982269308e-32
transcription_TU_g.24465.CDS.861,0.0,-9.068181578994968
translation_g.24465.CDS.863,0.0,-2.298534434678579e-33
transcription_TU_g.24465.CDS.863,0.0,-7.138794995580808
translation_g.24465.CDS.866,0.0,-1.4741920594490062e-32
transcription_TU_g.24465.CDS.866,0.0,-9.389315581052189e-33
translation_g.24465.CDS.872,3.6082906003613865e-09,-5.60482706595366e-32
transcription_TU_g.24465.CDS.872,8.898004964240754e-11,1.1264764748768103e-32
translation_g.24465.CDS.874,3.4521540863915864e-08,3.687501135974707e-32
transcription_TU_g.24465.CDS.874,8.512974036780703e-10,-3.883380365569379e-33
translation_g.24465.CDS.880,0.0,-1.5901479028585555e-32
transcription_TU_g.24465.CDS.880,0.0,-6.541935179033417
translation_g.24465.CDS.888,4.552810217043928e-06,-1.8665375954723017e-33
transcription_TU_g.24465.CDS.888,1.1227179958411759e-07,-9.920008070980383e-33
translation_g.24465.CDS.891,1.505949546627187e-08,-1.5775246726188003e-32
transcription_TU_g.24465.CDS.891,3.713655031122703e-10,-2.679827787265237e-32
translation_g.24465.CDS.895,5.466245685056226e-09,-2.6078098805552903e-32
transcription_TU_g.24465.CDS.895,1.347970178358653e-10,3.024491259178023e-32
translation_g.24465.CDS.901,7.715590932732964e-09,-3.962808419818501e-33
transcription_TU_g.24465.CDS.901,1.9026562443344477e-10,4.074392418468766e-32
translation_g.24465.CDS.904,7.789446560456652e-09,-3.1570738882825195e-32
transcription_TU_g.24465.CDS.904,1.9208689609614478e-10,-1.5787304366062754e-32
translation_g.24465.CDS.907,4.552810217043928e-06,5.611673678370791e-33
transcription_TU_g.24465.CDS.907,1.1227179958411759e-07,-1.1775928130513846e-34
translation_g.24465.CDS.908,4.552810217043928e-06,5.14682192636356e-33
transcription_TU_g.24465.CDS.908,1.1227179958411759e-07,-7.780988654335824e-33
translation_g.24465.CDS.920,1.6537442890217754e-09,-3.6195402194219963e-32
transcription_TU_g.24465.CDS.920,4.078115241556979e-11,-9.613191638907485e-33
translation_g.24465.CDS.924,2.5632397687540547e-10,-3.923929617045754e-33
transcription_TU_g.24465.CDS.924,6.320921098934936e-12,2.236882884253567e-32
translation_g.24465.CDS.928,0.0,1.2356047628091523e-32
transcription_TU_g.24465.CDS.928,0.0,-8.660473902428189
translation_1130798.3.peg.928,6.807465486684313e-10,-1.889371503187526e-32
transcription_TU_1130798.3.peg.928,1.6787135073973245e-11,2.7113290148922356e-32
translation_g.24465.CDS.929,0.0,7.16918459075149e-33
transcription_TU_g.24465.CDS.929,0.0,-6.357136582516609
translation_g.24465.CDS.931,0.0,-3.236150093124673e-33
transcription_TU_g.24465.CDS.931,0.0,-3.4986305581135175
translation_g.24465.CDS.932,0.0,-6.237901968728748e-33
transcription_TU_g.24465.CDS.932,0.0,1.5129160118262792e-32
translation_g.24465.CDS.935,0.0,-1.6187816557305125e-32
transcription_TU_g.24465.CDS.935,0.0,3.1817717502642316e-32
translation_1130798.3.peg.938,7.384201835355157e-10,4.76806763470791e-33
transcription_TU_1130798.3.peg.938,1.8209360571281385e-11,2.998818816096822e-34
translation_g.24465.CDS.943,0.0,3.874248183825177e-32
transcription_TU_g.24465.CDS.943,0.0,-13.141062988410923
translation_g.24465.CDS.944,6.146576261362322e-12,2.2172826377879296e-33
transcription_TU_g.24465.CDS.944,1.5157389507710005e-13,3.1747086054734174e-33
translation_g.24465.CDS.955,6.061165473245029e-08,5.156021561417559e-34
transcription_TU_g.24465.CDS.955,1.4946767442904227e-09,-2.9504433394337044e-32
translation_g.24465.CDS.965,0.0,2.689401435675789e-32
transcription_TU_g.24465.CDS.965,0.0,-7.985153260322705
translation_1130798.3.peg.967,0.0,-2.557854507214773e-32
transcription_TU_1130798.3.peg.967,0.0,-7.685814413358056
translation_g.24465.CDS.968,6.228914013227006e-09,-5.116975092204555e-32
transcription_TU_g.24465.CDS.968,1.5360433498890484e-10,4.370255614031864e-32
translation_1130798.3.peg.969,0.0,-5.174826114158001e-32
transcription_TU_1130798.3.peg.969,0.0,-8.245927416171467
translation_1130798.3.peg.970,0.0,-1.2786378008316348e-32
transcription_TU_1130798.3.peg.970,0.0,-3.7581254012647554
translation_1130798.3.peg.971,0.0,4.4673868166451384e-33
transcription_TU_1130798.3.peg.971,0.0,-3.299710162548266
translation_1130798.3.peg.972,0.0,1.8627224032363162e-33
transcription_TU_1130798.3.peg.972,0.0,-1.863745620255176e-32
translation_g.24465.CDS.977,0.0,-4.0403497937935146e-32
transcription_TU_g.24465.CDS.977,0.0,1.336679459753091e-32
translation_g.24465.CDS.979,0.0,-1.166492063630081e-32
transcription_TU_g.24465.CDS.979,0.0,-6.236666443359553
translation_g.24465.CDS.985,0.0,-1.4681419163363797e-32
transcription_TU_g.24465.CDS.985,0.0,-7.122514679996199e-32
translation_g.24465.CDS.990,0.0,-2.2675474687562583e-32
transcription_TU_g.24465.CDS.990,0.0,-5.956050077414561
translation_g.24465.CDS.991,0.0,7.605770607894713e-33
transcription_TU_g.24465.CDS.991,0.0,2.809536938701689e-32
translation_g.24465.CDS.995,2.4731187382322325e-12,1.1708718034870204e-33
transcription_TU_g.24465.CDS.995,6.09868362812664e-14,-1.2281346733419481e-32
translation_1130798.3.peg.995,8.65348694164465e-07,2.9570467232865414e-32
transcription_TU_1130798.3.peg.995,2.1339403693548092e-08,4.784725295832664e-32
translation_g.24465.CDS.997,0.0,-2.741453801729285e-33
transcription_TU_g.24465.CDS.997,0.0,-5.555414883310547e-32
translation_g.24465.CDS.998,5.4951548075735006e-11,1.384315935469775e-32
transcription_TU_g.24465.CDS.998,1.3550991361993767e-12,4.845939187498926e-33
translation_g.24465.CDS.1002,0.0,-3.187520308000905e-32
transcription_TU_g.24465.CDS.1002,0.0,-11.387949276648166
translation_g.24465.CDS.1003,0.0,8.295827276051732e-33
transcription_TU_g.24465.CDS.1003,0.0,-6.361410421964716
translation_g.24465.CDS.1004,0.0,-1.133080627937809e-33
transcription_TU_g.24465.CDS.1004,0.0,-2.3366272566624802e-32
translation_g.24465.CDS.1005,2.0728611764669425e-09,-2.518771274744729e-32
transcription_TU_g.24465.CDS.1005,5.111652879770132e-11,-4.567249909721549e-32
translation_g.24465.CDS.1006,0.0,-9.457232936326656e-33
transcription_TU_g.24465.CDS.1006,0.0,-2.067983440203242e-32
translation_g.24465.CDS.1009,4.552837692817965e-06,-1.1971518289888079e-32
transcription_TU_g.24465.CDS.1009,1.1227247713368569e-07,-2.640739218399926e-32
translation_g.24465.CDS.1011,5.487970986397433e-08,9.135549934998297e-35
transcription_TU_g.24465.CDS.1011,1.3533276137926041e-09,-3.8308204111995547e-32
translation_g.24465.CDS.1012,0.0,-2.554280820250854e-32
transcription_TU_g.24465.CDS.1012,0.0,-13.913054428492119
translation_g.24465.CDS.1017,0.0,-3.1425717314661016e-34
transcription_TU_g.24465.CDS.1017,0.0,-3.484954452082421
translation_1130798.3.peg.1018,1.2643758010112618e-08,-3.6895352951070625e-33
transcription_TU_1130798.3.peg.1018,3.1179368294053993e-10,-1.5791432476993295e-32
translation_1130798.3.peg.1019,1.766367723525051e-08,-8.182049512506674e-34
transcription_TU_1130798.3.peg.1019,4.355843393275031e-10,1.2330126487337107e-32
translation_1130798.3.peg.1020,0.0,8.117411909425483e-33
transcription_TU_1130798.3.peg.1020,0.0,-8.300308039929382
translation_g.24465.CDS.1021,0.0,5.581030756252767e-33
transcription_TU_g.24465.CDS.1021,0.0,-2.0682404801298463e-32
translation_1130798.3.peg.1021,1.3464324548387247e-08,-2.1979166263424624e-32
transcription_TU_1130798.3.peg.1021,3.320287635915447e-10,1.7353621182278033e-32
translation_g.24465.CDS.1025,0.0,1.887752759536347e-32
transcription_TU_g.24465.CDS.1025,0.0,-7.704509461523922
translation_g.24465.CDS.1026,0.0,-3.6185016518101226e-33
transcription_TU_g.24465.CDS.1026,0.0,-3.0977335466466522
translation_g.24465.CDS.1035,0.0,8.620850775931169e-33
transcription_TU_g.24465.CDS.1035,0.0,-5.355321885643098
translation_g.24465.CDS.1038,0.0,-4.1645895551499065e-33
transcription_TU_g.24465.CDS.1038,0.0,-3.933375063517551
translation_g.24465.CDS.1039,4.552810217043928e-06,-2.205350377772839e-34
transcription_TU_g.24465.CDS.1039,1.1227179958411759e-07,-4.993137613173577e-33
translation_g.24465.CDS.1044,0.0,5.759154429579436e-33
transcription_TU_g.24465.CDS.1044,0.0,-8.183770895486864
translation_1130798.3.peg.1046,0.0,1.502079054977813e-32
transcription_TU_1130798.3.peg.1046,0.0,-5.851942846518516
translation_g.24465.CDS.1048,5.985527706724846e-10,8.024429263373225e-33
transcription_TU_g.24465.CDS.1048,1.476024554194834e-11,3.3112425590501416e-33
translation_g.24465.CDS.1052,0.0,-1.1433405021535401e-32
transcription_TU_g.24465.CDS.1052,0.0,-6.208320667258411e-34
translation_1130798.3.peg.1053,0.0,1.1077753596045564e-33
transcription_TU_1130798.3.peg.1053,0.0,1.376582170125066e-32
translation_g.24465.CDS.1061,0.0,4.108143496398536e-33
transcription_TU_g.24465.CDS.1061,0.0,-3.64248969243709
translation_g.24465.CDS.1067,0.0,8.464106920696811e-33
transcription_TU_g.24465.CDS.1067,0.0,-6.782354738854117e-32
translation_g.24465.CDS.1070,1.1770795949065002e-09,-9.517149205118548e-32
transcription_TU_g.24465.CDS.1070,2.9026653445638636e-11,2.234204502745199e-32
translation_g.24465.CDS.1073,0.0,3.331842971643976e-33
transcription_TU_g.24465.CDS.1073,0.0,-5.9025145062593625
translation_g.24465.CDS.1074,0.0,-2.5658062337685772e-33
transcription_TU_g.24465.CDS.1074,0.0,-3.9271706185421906
translation_1130798.3.peg.1088,0.0,1.447850347406357e-32
transcription_TU_1130798.3.peg.1088,0.0,-4.7100939843934657e-32
translation_g.24465.CDS.1097,4.210237066887017e-08,-4.863511382635878e-33
transcription_TU_g.24465.CDS.1097,1.0382398335111658e-09,1.5166634656048545e-32
translation_g.24465.CDS.1105,2.3792850699247755e-09,-1.9977856035397722e-32
transcription_TU_g.24465.CDS.1105,5.867290833342026e-11,1.3715188698195161e-33
translation_g.24465.CDS.1108,4.552810217043928e-06,-3.5957775696846234e-33
transcription_TU_g.24465.CDS.1108,1.1227179958411759e-07,2.4799669980471706e-33
translation_g.24465.CDS.1115,8.614868237128777e-11,5.572746138722118e-33
transcription_TU_g.24465.CDS.1115,2.1244170392643676e-12,-2.641583385097645e-32
translation_g.24465.CDS.1116,0.0,-5.17782057778481e-32
transcription_TU_g.24465.CDS.1116,0.0,1.694318812025663e-32
translation_g.24465.CDS.1119,0.0,-3.5913114009677565e-33
transcription_TU_g.24465.CDS.1119,0.0,1.6320975298619184e-32
translation_1130798.3.peg.1119,0.0,-2.0757187443552846e-32
transcription_TU_1130798.3.peg.1119,0.0,-8.334013114613102
translation_g.24465.CDS.1120,0.0,-2.792058559159244e-33
transcription_TU_g.24465.CDS.1120,0.0,-5.749977619388137e-32
translation_g.24465.CDS.1127,0.0,3.363288758242279e-32
transcription_TU_g.24465.CDS.1127,0.0,-1.6481694608249525e-31
translation_1130798.3.peg.1127,8.559931703339591e-08,-2.76466054008089e-32
transcription_TU_1130798.3.peg.1127,2.110869750408936e-09,4.00858174367116e-32
translation_g.24465.CDS.1128,0.0,5.064620479510357e-33
transcription_TU_g.24465.CDS.1128,0.0,-1.9390961032810572e-32
translation_1130798.3.peg.1128,1.7722467053549017e-07,1.459465336231665e-33
transcription_TU_1130798.3.peg.1128,4.370340897855581e-09,6.647362783455792e-33
translation_g.24465.CDS.1134,0.0,-6.497406286404557e-33
transcription_TU_g.24465.CDS.1134,0.0,-5.716867572159915
translation_1130798.3.peg.1139,1.2533725563657107e-08,2.473339791268702e-32
transcription_TU_1130798.3.peg.1139,3.0908029490385954e-10,5.749169367081333e-34
translation_g.24465.CDS.1140,0.0,-2.2005736357517148e-32
transcription_TU_g.24465.CDS.1140,0.0,-6.992430765090105e-33
translation_g.24465.CDS.1141,4.552810217043928e-06,1.2251248468272898e-33
transcription_TU_g.24465.CDS.1141,1.1227179958411759e-07,-3.178435158131918e-33
translation_g.24465.CDS.1143,1.315935719167188e-07,-2.0014532959480727e-32
transcription_TU_g.24465.CDS.1143,3.24508302091817e-09,-9.144603857791728e-32
translation_g.24465.CDS.1144,1.5250054044840117e-06,-2.6807472138762027e-32
transcription_TU_g.24465.CDS.1144,3.760646567167752e-08,-4.0428208318010025e-32
translation_g.24465.CDS.1151,0.0,-1.2999618606909258e-33
transcription_TU_g.24465.CDS.1151,0.0,-5.710621606149197e-32
translation_g.24465.CDS.1152,4.4870389283854e-07,2.1996220876540614e-32
transcription_TU_g.24465.CDS.1152,1.1064988683427011e-08,-4.443196044183825e-32
translation_g.24465.CDS.1154,0.0,2.4977791227893353e-32
transcription_TU_g.24465.CDS.1154,0.0,-10.782425646738286
translation_g.24465.CDS.1156,4.552755265495852e-06,-3.3734667462627796e-33
transcription_TU_g.24465.CDS.1156,1.1227044448498139e-07,-7.963312112470301e-33
translation_g.24465.CDS.1162,0.0,1.0269801945445516e-32
transcription_TU_g.24465.CDS.1162,0.0,-1.0930097044466418e-32
translation_g.24465.CDS.1168,4.552755265495852e-06,-5.465914566938915e-32
transcription_TU_g.24465.CDS.1168,1.1227044448498139e-07,-5.92862375938109e-32
translation_g.24465.CDS.1171,7.79263287564649e-08,2.3479994717057972e-32
transcription_TU_g.24465.CDS.1171,1.921654702785401e-09,-3.1954848788647283e-32
translation_1130798.3.peg.1171,0.0,-3.047056504531849e-33
transcription_TU_1130798.3.peg.1171,0.0,-4.544319540518332
translation_g.24465.CDS.1172,8.614868237128777e-11,1.2779729019646991e-33
transcription_TU_g.24465.CDS.1172,2.1244170392643676e-12,2.131897968345484e-33
translation_g.24465.CDS.1173,0.0,1.3408825187257246e-32
transcription_TU_g.24465.CDS.1173,0.0,-2.573597442883831e-32
translation_g.24465.CDS.1174,0.0,9.92108979306271e-33
transcription_TU_g.24465.CDS.1174,0.0,3.6847992520150426e-32
translation_g.24465.CDS.1182,0.0,-5.071245056027647e-32
transcription_TU_g.24465.CDS.1182,0.0,2.633451798995447e-32
translation_g.24465.CDS.1185,0.0,3.0053864145522246e-32
transcription_TU_g.24465.CDS.1185,0.0,-7.033762822106789
translation_g.24465.CDS.1186,0.0,1.599963039092949e-33
transcription_TU_g.24465.CDS.1186,0.0,-2.569508858870276
translation_g.24465.CDS.1187,0.0,6.879897567239555e-33
transcription_TU_g.24465.CDS.1187,0.0,1.0357953601130311e-32
translation_1130798.3.peg.1187,1.6854296783366673e-07,7.921471185812582e-34
transcription_TU_1130798.3.peg.1187,4.156251063375092e-09,-4.287860745445379e-33
translation_g.24465.CDS.1189,0.0,1.0199368641265855e-32
transcription_TU_g.24465.CDS.1189,0.0,6.45121776034051e-32
translation_g.24465.CDS.1194,0.0,1.2930236616153003e-33
transcription_TU_g.24465.CDS.1194,0.0,1.3634107321921746e-32
translation_g.24465.CDS.1197,0.0,4.409306346752836e-33
transcription_TU_g.24465.CDS.1197,0.0,5.15763455476588e-33
translation_g.24465.CDS.1201,0.0,1.236219565972932e-34
transcription_TU_g.24465.CDS.1201,0.0,1.04852815462351e-31
translation_g.24465.CDS.1202,3.0985351374207055e-09,-1.3314490230442576e-32
transcription_TU_g.24465.CDS.1202,7.640953595002162e-11,3.341486582232654e-32
translation_g.24465.CDS.1211,4.552837692817965e-06,-2.2307667943286084e-32
transcription_TU_g.24465.CDS.1211,1.1227247713368569e-07,-5.1400428654654e-33
translation_g.24465.CDS.1215,0.0,5.8677006404916266e-33
transcription_TU_g.24465.CDS.1215,0.0,-3.3566317030080615e-33
translation_g.24465.CDS.1221,8.614868237128777e-11,5.5938999381957245e-33
transcription_TU_g.24465.CDS.1221,2.1244170392643676e-12,-1.0439937814217436e-31
translation_g.24465.CDS.1222,3.756320079456883e-07,-4.95727698489623e-32
transcription_TU_g.24465.CDS.1222,9.26304403279964e-09,1.1957831784555588e-32
translation_g.24465.CDS.1233,3.6966623485403246e-10,1.3788537726954585e-32
transcription_TU_g.24465.CDS.1233,9.115928724016663e-12,-8.911005016585588e-33
translation_1130798.3.peg.1237,0.0,7.642921995587245e-33
transcription_TU_1130798.3.peg.1237,0.0,-2.3692438605126548e-32
translation_g.24465.CDS.1238,0.0,2.914644145325181e-33
transcription_TU_g.24465.CDS.1238,0.0,2.3925823744455512e-33
translation_1130798.3.peg.1238,0.0,-1.5958693379432525e-32
transcription_TU_1130798.3.peg.1238,0.0,-1.8992721660289217e-32
translation_g.24465.CDS.1240,1.9795817360637297e-11,-9.059257552954521e-33
transcription_TU_g.24465.CDS.1240,4.881626804906246e-13,4.596256865151024e-33
translation_g.24465.CDS.1244,0.0,5.4190756467650635e-33
transcription_TU_g.24465.CDS.1244,0.0,-7.494455569021738
translation_g.24465.CDS.1245,0.0,4.3387862542515525e-32
transcription_TU_g.24465.CDS.1245,0.0,3.5892960410357547e-32
translation_g.24465.CDS.1247,0.0,-5.187400713713553e-32
transcription_TU_g.24465.CDS.1247,0.0,3.6685105196265394e-32
translation_g.24465.CDS.1249,9.10556548253978e-06,-1.3169864307015024e-33
transcription_TU_g.24465.CDS.1249,2.2454224406909897e-07,7.867220796960517e-33
translation_g.24465.CDS.1252,4.552810217043928e-06,3.076209619803024e-33
transcription_TU_g.24465.CDS.1252,1.1227179958411759e-07,-1.8083487656036327e-32
translation_1130798.3.peg.1257,2.193266709692594e-06,2.1126064281777657e-32
transcription_TU_1130798.3.peg.1257,5.408571601409848e-08,6.248618285946196e-32
translation_g.24465.CDS.1258,0.0,1.0256926360432927e-32
transcription_TU_g.24465.CDS.1258,0.0,3.3762304030348216e-33
translation_1130798.3.peg.1258,8.332572570894357e-07,3.118559955983972e-33
transcription_TU_1130798.3.peg.1258,2.0548032382227902e-08,6.699982615302597e-33
translation_1130798.3.peg.1259,2.3891573942404076e-06,1.9492948958205136e-33
transcription_TU_1130798.3.peg.1259,5.8916358766044214e-08,-6.944387274686233e-32
translation_1130798.3.peg.1260,2.7040820789118954e-06,-4.931126162336337e-34
transcription_TU_1130798.3.peg.1260,6.668236687882813e-08,-5.096897150727421e-32
translation_g.24465.CDS.1261,6.617775957571506e-08,1.466117295235167e-32
transcription_TU_g.24465.CDS.1261,1.6319362779928746e-09,-6.384649453004022e-32
translation_g.24465.CDS.1276,2.1191673527049672e-08,-7.826007691151755e-32
transcription_TU_g.24465.CDS.1276,5.225843401453636e-10,-4.102002696408356e-33
translation_1130798.3.peg.1276,0.0,-9.186292899759643e-32
transcription_TU_1130798.3.peg.1276,0.0,-1.8213538373278742e-31
translation_g.24465.CDS.1279,0.0,3.287597762366084e-32
transcription_TU_g.24465.CDS.1279,0.0,2.872204852219486e-32
translation_g.24465.CDS.1280,0.0,9.619798796980506e-33
transcription_TU_g.24465.CDS.1280,0.0,-1.9627727386224821e-32
translation_g.24465.CDS.1281,0.0,-1.4036933932223227e-32
transcription_TU_g.24465.CDS.1281,0.0,-5.101950713757929
translation_g.24465.CDS.1282,0.0,-1.1631483344560855e-32
transcription_TU_g.24465.CDS.1282,0.0,-7.253000264625218e-33
translation_g.24465.CDS.1291,4.552810217043928e-06,4.464060151959862e-32
transcription_TU_g.24465.CDS.1291,1.1227179958411759e-07,5.904729281822707e-33
translation_g.24465.CDS.1294,1.3871566888589828e-07,-1.304968154372647e-32
transcription_TU_g.24465.CDS.1294,3.4207131494372418e-09,7.693160087824996e-32
translation_g.24465.CDS.1297,0.0,-3.909030629913882e-32
transcription_TU_g.24465.CDS.1297,0.0,-4.376249358232776
translation_g.24465.CDS.1299,5.4951548075735006e-11,-4.0888638209100635e-32
transcription_TU_g.24465.CDS.1299,1.3550991361993767e-12,-1.06431807940403e-31
translation_g.24465.CDS.1301,0.0,-8.415143924566373e-33
transcription_TU_g.24465.CDS.1301,0.0,5.8533210917312985e-33
translation_1130798.3.peg.1303,0.0,1.7540757506649145e-32
transcription_TU_1130798.3.peg.1303,0.0,-6.287986073487427
translation_g.24465.CDS.1307,0.0,2.3763783055485433e-32
transcription_TU_g.24465.CDS.1307,0.0,-13.631885441403726
translation_1130798.3.peg.1307,0.0,-4.180311305243367e-33
transcription_TU_1130798.3.peg.1307,0.0,1.060492778686276e-32
translation_g.24465.CDS.1310,4.444169452536956e-09,6.4369687153515e-33
transcription_TU_g.24465.CDS.1310,1.0959273027133792e-10,1.515803191036195e-32
translation_g.24465.CDS.1316,2.992763853362423e-10,2.173443459242258e-32
transcription_TU_g.24465.CDS.1316,7.38012277097417e-12,-3.811653445004398e-32
translation_g.24465.CDS.1317,0.0,-2.0249493548893192e-32
transcription_TU_g.24465.CDS.1317,0.0,8.380312377906612e-32
translation_g.24465.CDS.1318,4.552810217043928e-06,4.638573458750731e-33
transcription_TU_g.24465.CDS.1318,1.1227179958411759e-07,-7.444508952532154e-33
translation_g.24465.CDS.1321,0.0,-2.731479781254836e-33
transcription_TU_g.24465.CDS.1321,0.0,-5.349205579535194
translation_g.24465.CDS.1323,2.9114700151811486e-10,2.8672506282298515e-32
transcription_TU_g.24465.CDS.1323,7.179653059464038e-12,9.548908538765316e-32
translation_g.24465.CDS.1326,5.908911505642875e-08,-4.93606327011638e-33
transcription_TU_g.24465.CDS.1326,1.4571310832116385e-09,9.535797113167404e-32
translation_g.24465.CDS.1334,4.552810217043928e-06,3.039510630502734e-34
transcription_TU_g.24465.CDS.1334,1.1227179958411759e-07,1.9400092902479425e-32
translation_g.24465.CDS.1337,3.9910126828253516e-07,-1.9862165560488884e-34
transcription_TU_g.24465.CDS.1337,9.841793413360636e-09,3.6659209933348294e-32
translation_g.24465.CDS.1338,0.0,2.0400617515648133e-32
transcription_TU_g.24465.CDS.1338,0.0,-8.397144036926369
translation_g.24465.CDS.1339,0.0,-8.425282597988471e-33
transcription_TU_g.24465.CDS.1339,0.0,-1.4311072476941564e-32
translation_g.24465.CDS.1344,0.0,-1.3982214119678078e-32
transcription_TU_g.24465.CDS.1344,0.0,1.323985851434772e-32
translation_g.24465.CDS.1348,5.4951548075735006e-11,1.7445576396435017e-33
transcription_TU_g.24465.CDS.1348,1.3550991361993767e-12,-1.3943498889260038e-32
translation_g.24465.CDS.1352,0.0,-3.593672691262644e-33
transcription_TU_g.24465.CDS.1352,0.0,-6.613813250158859
translation_g.24465.CDS.1354,2.3792850699247755e-09,2.9981253874585926e-32
transcription_TU_g.24465.CDS.1354,5.867290833342026e-11,-6.012734288766302e-32
translation_g.24465.CDS.1356,0.0,-1.919441916935672e-32
transcription_TU_g.24465.CDS.1356,0.0,-4.002478450123374
translation_1130798.3.peg.1358,0.0,-2.5410723842678924e-33
transcription_TU_1130798.3.peg.1358,0.0,-1.7061257364965792e-32
translation_g.24465.CDS.1362,0.0,1.3221442711380067e-32
transcription_TU_g.24465.CDS.1362,0.0,-3.4881528680297157e-32
translation_g.24465.CDS.1368,0.0,1.1583775714027976e-32
transcription_TU_g.24465.CDS.1368,0.0,-7.892064283386187
translation_g.24465.CDS.1370,0.0,-2.4366734230211978e-32
transcription_TU_g.24465.CDS.1370,0.0,-8.040475452405532
translation_1130798.3.peg.1371,0.0,8.24894841473761e-33
transcription_TU_1130798.3.peg.1371,0.0,-4.232514953929046
translation_1130798.3.peg.1377,5.754366824732657e-10,1.0193941424694654e-32
transcription_TU_1130798.3.peg.1377,1.4190205347486517e-11,-4.1774636655877986e-32
translation_g.24465.CDS.1383,0.0,-3.6808401839598926e-33
transcription_TU_g.24465.CDS.1383,0.0,-12.1837327573711
translation_g.24465.CDS.1386,2.738344820184199e-08,-1.9524949426258038e-32
transcription_TU_g.24465.CDS.1386,6.752728231301994e-10,-2.393815168353294e-32
translation_g.24465.CDS.1393,0.0,-1.3791553564930297e-32
transcription_TU_g.24465.CDS.1393,0.0,-5.851942846518516
translation_g.24465.CDS.1394,1.6698434365203087e-08,-2.6476131372040317e-32
transcription_TU_g.24465.CDS.1394,4.1178155623536596e-10,1.0529382056778862e-31
translation_g.24465.CDS.1397,3.2450335356644004e-08,-6.994675117668034e-32
transcription_TU_g.24465.CDS.1397,8.002217035007564e-10,7.400208454833944e-32
translation_g.24465.CDS.1398,0.0,2.499897390182845e-32
transcription_TU_g.24465.CDS.1398,0.0,1.6396964755522384e-32
translation_1130798.3.peg.1398,0.0,-2.3029635772208714e-32
transcription_TU_1130798.3.peg.1398,0.0,-1.1437475716420291e-31
translation_1130798.3.peg.1402,4.882120556454423e-10,1.5985631150475732e-32
transcription_TU_1130798.3.peg.1402,1.2039255636173666e-11,-1.2679765315834963e-33
translation_g.24465.CDS.1407,3.8183876367441355e-09,-7.299843995919391e-32
transcription_TU_g.24465.CDS.1407,9.416101946927996e-11,2.837745044925797e-33
translation_g.24465.CDS.1418,0.0,-7.624850213703512e-33
transcription_TU_g.24465.CDS.1418,0.0,-2.5863458969441715
translation_g.24465.CDS.1419,1.0046141760073455e-07,7.921471185812582e-34
transcription_TU_g.24465.CDS.1419,2.477367517007834e-09,-4.287860745445379e-33
translation_g.24465.CDS.1421,4.552810217043928e-06,4.4578550298736544e-33
transcription_TU_g.24465.CDS.1421,1.1227179958411759e-07,-2.1015966099804013e-33
translation_g.24465.CDS.1424,0.0,-9.150445639219514e-33
transcription_TU_g.24465.CDS.1424,0.0,-1.1194597407272454e-32
translation_g.24465.CDS.1425,3.9591634721274593e-11,-9.213647300082189e-32
transcription_TU_g.24465.CDS.1425,9.763253609812492e-13,-5.201765829642819e-32
translation_g.24465.CDS.1429,5.393926671753483e-07,8.048052994497838e-33
transcription_TU_g.24465.CDS.1429,1.3301363891590706e-08,1.658535231058562e-32
translation_g.24465.CDS.1433,4.552810217043928e-06,-3.8399825449990287e-32
transcription_TU_g.24465.CDS.1433,1.1227179958411759e-07,2.485051242942453e-32
translation_g.24465.CDS.1437,6.993023198412489e-07,2.1392387897389033e-32
transcription_TU_g.24465.CDS.1437,1.724471835175722e-08,-2.2355867796283744e-32
translation_1130798.3.peg.1440,0.0,-2.2627666401525145e-33
transcription_TU_1130798.3.peg.1440,0.0,5.6405539580829024e-33
translation_g.24465.CDS.1442,4.552810217043928e-06,-1.2272601861381867e-33
transcription_TU_g.24465.CDS.1442,1.1227179958411759e-07,2.8472503732906442e-33
translation_1130798.3.peg.1450,0.0,6.595296663652011e-33
transcription_TU_1130798.3.peg.1450,0.0,-8.055870441802606
translation_g.24465.CDS.1451,3.4443394913184444e-07,-7.125951026461396e-32
transcription_TU_g.24465.CDS.1451,8.493703331215197e-09,6.248618285946196e-32
translation_g.24465.CDS.1456,4.552810217043928e-06,9.691037070248267e-33
transcription_TU_g.24465.CDS.1456,1.1227179958411759e-07,-8.55185528200356e-33
translation_g.24465.CDS.1457,0.0,3.515422294385703e-32
transcription_TU_g.24465.CDS.1457,0.0,-8.077517190764896
translation_g.24465.CDS.1459,2.992763853362423e-10,1.7030751095652398e-32
transcription_TU_g.24465.CDS.1459,7.38012277097417e-12,1.651129555469379e-32
translation_g.24465.CDS.1461,4.552810217043928e-06,5.130006854770281e-33
transcription_TU_g.24465.CDS.1461,1.1227179958411759e-07,-1.0264161955618704e-32
translation_g.24465.CDS.1464,0.0,-2.4324048022631297e-32
transcription_TU_g.24465.CDS.1464,0.0,1.139904415812137e-31
translation_g.24465.CDS.1465,3.496851671707304e-07,2.077488257397116e-33
transcription_TU_g.24465.CDS.1465,8.623197790928718e-09,-2.105331133818053e-32
translation_1130798.3.peg.1465,3.7371048631962285e-07,1.0757344318128467e-32
transcription_TU_1130798.3.peg.1465,9.215659520682144e-09,-3.3566317030080615e-33
translation_g.24465.CDS.1468,0.0,-5.779161563481051e-33
transcription_TU_g.24465.CDS.1468,0.0,-3.455803007520617e-32
translation_g.24465.CDS.1473,0.0,-1.2384222899580292e-31
transcription_TU_g.24465.CDS.1473,0.0,-12.147573983741827
translation_g.24465.CDS.1476,4.552810217043928e-06,-4.178762424631139e-33
transcription_TU_g.24465.CDS.1476,1.1227179958411759e-07,1.3246058111416158e-33
translation_g.24465.CDS.1482,0.0,-8.861008599687615e-33
transcription_TU_g.24465.CDS.1482,0.0,3.0364272782276295e-32
translation_g.24465.CDS.1483,2.9114700151811486e-10,-6.81290051034106e-35
transcription_TU_g.24465.CDS.1483,7.179653059464038e-12,2.1593773627802926e-32
translation_g.24465.CDS.1496,4.552810217043928e-06,-2.812469494495139e-33
transcription_TU_g.24465.CDS.1496,1.1227179958411759e-07,-1.2608444679433533e-32
translation_g.24465.CDS.1499,1.37785973854363e-13,1.4572003873950672e-32
transcription_TU_g.24465.CDS.1499,3.397786972135995e-15,2.663137174972367e-32
translation_g.24465.CDS.1513,7.916459682530115e-08,-1.916693876256681e-32
transcription_TU_g.24465.CDS.1513,1.952190257273341e-09,2.299766652320351e-32
translation_g.24465.CDS.1516,1.72190113780035e-07,3.7989160367762645e-32
transcription_TU_g.24465.CDS.1516,4.246189281579704e-09,-1.3931800249952109e-31
translation_g.24465.CDS.1517,9.198538585972957e-14,-5.025539195301241e-32
transcription_TU_g.24465.CDS.1517,2.2683495058172417e-15,-7.333774534579931e-32
translation_g.24465.CDS.1518,2.3751236155155027e-09,-3.4259030321746183e-32
transcription_TU_g.24465.CDS.1518,5.857028732504454e-11,-7.373717309948725e-32
translation_g.24465.CDS.1521,1.3519793132964178e-08,3.965566517831288e-32
transcription_TU_g.24465.CDS.1521,3.3339661279103963e-10,3.0298509036097255e-32
translation_g.24465.CDS.1525,3.3024625535748174e-07,-4.3594270016844983e-32
transcription_TU_g.24465.CDS.1525,8.143836362011653e-09,4.221012416257656e-32
translation_g.24465.CDS.1526,0.0,3.230883201400807e-32
transcription_TU_g.24465.CDS.1526,0.0,-9.765814059678137e-34
translation_g.24465.CDS.1529,0.0,3.815453017350941e-33
transcription_TU_g.24465.CDS.1529,0.0,-4.7450235830649
translation_1130798.3.peg.1548,7.583924382417894e-08,-1.8532538208189224e-32
transcription_TU_1130798.3.peg.1548,1.8701874177324384e-09,-3.5531296075727816e-32
translation_g.24465.CDS.1552,0.0,5.329232578893939e-33
transcription_TU_g.24465.CDS.1552,0.0,-9.169617342557144
translation_g.24465.CDS.1555,0.0,-2.0753694893456639e-32
transcription_TU_g.24465.CDS.1555,0.0,-8.055870441802606
translation_g.24465.CDS.1562,0.0,-5.767436625152189e-33
transcription_TU_g.24465.CDS.1562,0.0,-3.5579173301090035
translation_g.24465.CDS.1566,0.0,7.144430567039596e-33
transcription_TU_g.24465.CDS.1566,0.0,4.485743366255059e-32
translation_g.24465.CDS.1570,1.72190113780035e-07,1.5937991530310528e-32
transcription_TU_g.24465.CDS.1570,4.246189281579704e-09,4.1835954639225995e-32
translation_1130798.3.peg.1574,0.0,-7.164395937720433e-33
transcription_TU_1130798.3.peg.1574,0.0,-5.515327330482548
translation_g.24465.CDS.1576,0.0,3.699406700007608e-33
transcription_TU_g.24465.CDS.1576,0.0,-4.991971912882208
translation_g.24465.CDS.1579,9.387873869046904e-08,-8.031610927420333e-32
transcription_TU_g.24465.CDS.1579,2.315039378537836e-09,9.062795293649409e-32
translation_g.24465.CDS.1588,8.614868237128777e-11,-2.950404493872432e-32
transcription_TU_g.24465.CDS.1588,2.1244170392643676e-12,-1.1339804900242426e-33
translation_g.24465.CDS.1597,5.4951548075735006e-11,-7.753095878817857e-33
transcription_TU_g.24465.CDS.1597,1.3550991361993767e-12,4.972944840349729e-32
translation_g.24465.CDS.1599,4.210237066887017e-08,-1.2809053122107199e-33
transcription_TU_g.24465.CDS.1599,1.0382398335111658e-09,-8.264974891793655e-32
translation_g.24465.CDS.1600,0.0,2.1017159102142308e-32
transcription_TU_g.24465.CDS.1600,0.0,-12.477967968600648
translation_g.24465.CDS.1603,6.747866091156529e-08,1.442703586857491e-32
transcription_TU_g.24465.CDS.1603,1.6640163619617865e-09,2.507845307209177e-32
translation_g.24465.CDS.1605,8.614868237128777e-11,-4.664534115263651e-32
transcription_TU_g.24465.CDS.1605,2.1244170392643676e-12,-9.925425846611739e-33
translation_g.24465.CDS.1608,0.0,2.0505410041687736e-33
transcription_TU_g.24465.CDS.1608,0.0,-1.801629351743366
translation_g.24465.CDS.1609,4.552810217043928e-06,8.377270706006205e-33
transcription_TU_g.24465.CDS.1609,1.1227179958411759e-07,6.578277093597391e-34
translation_g.24465.CDS.1610,0.00034420992096167904,-7.25801260711377e-32
transcription_TU_g.24465.CDS.1610,8.48817882116032e-06,-1.2679765315834963e-33
translation_g.24465.CDS.1625,4.552810217043928e-06,-5.433391757179546e-34
transcription_TU_g.24465.CDS.1625,1.1227179958411759e-07,7.640336787953306e-33
translation_g.24465.CDS.1628,1.3011794469944345e-07,8.913144163616445e-33
transcription_TU_g.24465.CDS.1628,3.2086942159162393e-09,-1.0924013281015531e-32
translation_g.24465.CDS.1633,0.0,9.24142493416626e-33
transcription_TU_g.24465.CDS.1633,0.0,-9.273290738185468
translation_g.24465.CDS.1638,0.0,-2.6968707812933655e-33
transcription_TU_g.24465.CDS.1638,0.0,-11.287249690341952
translation_g.24465.CDS.1642,4.552810217043928e-06,-8.199166235586145e-33
transcription_TU_g.24465.CDS.1642,1.1227179958411759e-07,1.2852796394671235e-32
translation_1130798.3.peg.1643,0.0,-7.648357126008213e-33
transcription_TU_1130798.3.peg.1643,0.0,-6.343953251432123
translation_g.24465.CDS.1650,4.161454409272878e-12,3.7477819383961736e-32
transcription_TU_g.24465.CDS.1650,1.0262100837571969e-13,-3.350809548898495e-32
translation_g.24465.CDS.1656,4.552810217043928e-06,-2.5039356225305455e-33
transcription_TU_g.24465.CDS.1656,1.1227179958411759e-07,8.088091263077612e-34
translation_g.24465.CDS.1657,4.552810217043928e-06,4.000996704212842e-34
transcription_TU_g.24465.CDS.1657,1.1227179958411759e-07,8.43806160524406e-33
translation_g.24465.CDS.1659,5.1675815314324625e-08,-5.667991973596628e-32
transcription_TU_g.24465.CDS.1659,1.2743199263163467e-09,-1.3078716571890385e-31
translation_g.24465.CDS.1667,0.0,1.2891560984796174e-32
transcription_TU_g.24465.CDS.1667,0.0,1.1351949512662435e-32
translation_1130798.3.peg.1670,0.0,3.358341374425348e-32
transcription_TU_1130798.3.peg.1670,0.0,2.1619402701289575e-32
translation_g.24465.CDS.1671,4.552810217043928e-06,8.170482686262979e-33
transcription_TU_g.24465.CDS.1671,1.1227179958411759e-07,-8.053482041124974e-33
translation_1130798.3.peg.1671,6.67821003222269e-08,2.4353585409580957e-32
transcription_TU_1130798.3.peg.1671,1.6468392543829046e-09,-1.9598411003965358e-32
translation_g.24465.CDS.1672,1.3452937853369836e-07,4.9555806216537846e-33
transcription_TU_g.24465.CDS.1672,3.3174796894384896e-09,-7.126379061742904e-32
translation_g.24465.CDS.1673,6.771779352257273e-10,1.8427152001021397e-32
transcription_TU_g.24465.CDS.1673,1.6699133458678026e-11,5.702104340469716e-32
translation_g.24465.CDS.1678,0.0,-8.014311637695376e-33
transcription_TU_g.24465.CDS.1678,0.0,3.6389423279492897e-32
translation_g.24465.CDS.1686,3.7976896092144214e-13,-5.079107259966433e-32
transcription_TU_g.24465.CDS.1686,9.365060838517563e-15,3.0693409435656407e-32
translation_g.24465.CDS.1689,4.552837692817965e-06,-7.680850101587598e-32
transcription_TU_g.24465.CDS.1689,1.1227247713368569e-07,2.58324405186178e-32
translation_g.24465.CDS.1700,0.0,-8.57099138079499e-33
transcription_TU_g.24465.CDS.1700,0.0,-6.201281860493225
translation_g.24465.CDS.1701,0.0,1.7808216884406088e-32
transcription_TU_g.24465.CDS.1701,0.0,-8.300308039929382
translation_g.24465.CDS.1704,3.348558796230691e-08,-1.973787030273829e-32
transcription_TU_g.24465.CDS.1704,8.257509189788809e-10,8.93617802601652e-33
translation_g.24465.CDS.1711,1.1831278505283413e-07,1.35021324732228e-32
transcription_TU_g.24465.CDS.1711,2.917580276455089e-09,-1.7899410758381048e-33
translation_g.24465.CDS.1714,4.552810217043928e-06,3.178499199231474e-33
transcription_TU_g.24465.CDS.1714,1.1227179958411759e-07,6.7251190492256585e-34
translation_g.24465.CDS.1722,0.0,7.698259168232357e-33
transcription_TU_g.24465.CDS.1722,0.0,-3.241983343912181e-32
translation_g.24465.CDS.1723,4.1976138719917306e-08,-2.889992183358576e-32
transcription_TU_g.24465.CDS.1723,1.0351269675232772e-09,-1.8449438990070537e-33
translation_g.24465.CDS.1724,2.2338960970784724e-10,1.4378815275974933e-32
transcription_TU_g.24465.CDS.1724,5.508763224173656e-12,-1.8083635086139123e-32
translation_g.24465.CDS.1725,2.992763853362423e-10,-2.3063818023004787e-32
transcription_TU_g.24465.CDS.1725,7.38012277097417e-12,3.201823832542708e-32
translation_g.24465.CDS.1726,4.552810217043928e-06,2.489410409812379e-33
transcription_TU_g.24465.CDS.1726,1.1227179958411759e-07,1.4336316366818807e-32
translation_1130798.3.peg.1726,0.0,-6.049190544199068e-32
transcription_TU_1130798.3.peg.1726,0.0,-3.5310203660400115e-33
translation_g.24465.CDS.1729,0.0,3.1586373879466247e-32
transcription_TU_g.24465.CDS.1729,0.0,-4.075065643569743
translation_g.24465.CDS.1732,0.0,1.7703205612027097e-32
transcription_TU_g.24465.CDS.1732,0.0,5.445364944983962e-32
translation_g.24465.CDS.1733,4.946237476464465e-12,-6.188783413380633e-33
transcription_TU_g.24465.CDS.1733,1.219736725625328e-13,-2.0166869516074566e-32
translation_g.24465.CDS.1739,0.0,9.60884049146001e-33
transcription_TU_g.24465.CDS.1739,0.0,-3.515465057230886
translation_g.24465.CDS.1749,4.552755265495852e-06,-1.2372992379458102e-31
transcription_TU_g.24465.CDS.1749,1.1227044448498139e-07,-9.551546656728725e-33
translation_g.24465.CDS.1750,0.0,-1.6749571205040602e-33
transcription_TU_g.24465.CDS.1750,0.0,1.8678097170424667e-32
translation_g.24465.CDS.1752,2.428204592801212e-08,7.294207533512357e-33
transcription_TU_g.24465.CDS.1752,5.987925839114351e-10,2.678731932369405e-32
translation_g.24465.CDS.1754,0.0,7.759538853355192e-33
transcription_TU_g.24465.CDS.1754,0.0,-5.77225203694318
translation_1130798.3.peg.1759,4.768449478357822e-08,-1.9197527261509202e-32
transcription_TU_1130798.3.peg.1759,1.1758944006868406e-09,-2.570482367477583e-32
translation_1130798.3.peg.1760,7.314907256886584e-08,1.6993492637195922e-32
transcription_TU_1130798.3.peg.1760,1.8038480902347134e-09,3.341486582232654e-32
translation_g.24465.CDS.1761,0.0,-1.1512375701838056e-32
transcription_TU_g.24465.CDS.1761,0.0,-13.514940680521507
translation_g.24465.CDS.1763,0.0,-2.373670865467764e-33
transcription_TU_g.24465.CDS.1763,0.0,-5.470776183026342
translation_g.24465.CDS.1768,0.0,-4.92066927401661e-33
transcription_TU_g.24465.CDS.1768,0.0,-6.400630171306498
translation_1130798.3.peg.1768,0.0,2.3200781665899384e-34
transcription_TU_1130798.3.peg.1768,0.0,-6.204606813159283
translation_1130798.3.peg.1771,5.177639184702923e-09,-1.9044717980347805e-32
transcription_TU_1130798.3.peg.1771,1.2768001325591647e-10,-1.5109671634859016e-32
translation_g.24465.CDS.1773,2.4731187382322325e-12,-4.1410757102713285e-32
transcription_TU_g.24465.CDS.1773,6.09868362812664e-14,-3.4307893301420554e-32
translation_1130798.3.peg.1773,0.0,8.539815731189663e-33
transcription_TU_1130798.3.peg.1773,0.0,5.082194958345155e-32
translation_g.24465.CDS.1774,0.0,4.550135584334943e-32
transcription_TU_g.24465.CDS.1774,0.0,1.3116554184525582e-31
translation_1130798.3.peg.1774,0.0,1.816879299873118e-32
transcription_TU_1130798.3.peg.1774,0.0,-2.758334901316023e-32
translation_1130798.3.peg.1775,0.0,-9.904146147666078e-35
transcription_TU_1130798.3.peg.1775,0.0,1.2701980046735675e-32
translation_g.24465.CDS.1779,4.552810217043928e-06,7.464572232917856e-33
transcription_TU_g.24465.CDS.1779,1.1227179958411759e-07,4.580072435316486e-33
translation_g.24465.CDS.1782,7.257118948874477e-09,1.7537205910979456e-32
transcription_TU_g.24465.CDS.1782,1.7895975569900987e-10,-1.5999501009101462e-32
translation_g.24465.CDS.1786,1.0934963040802339e-06,-1.8885369398102308e-32
transcription_TU_g.24465.CDS.1786,2.696549867992988e-08,1.4217381014539204e-32
translation_g.24465.CDS.1788,4.552810217043928e-06,1.2480617780905774e-34
transcription_TU_g.24465.CDS.1788,1.1227179958411759e-07,-2.304840561782322e-33
translation_g.24465.CDS.1792,0.0,2.0509771370171867e-33
transcription_TU_g.24465.CDS.1792,0.0,-6.866132060157881
translation_g.24465.CDS.1801,0.0,-2.52928343427251e-33
transcription_TU_g.24465.CDS.1801,0.0,-8.428730074593721
translation_g.24465.CDS.1807,0.0,7.148713645302756e-33
transcription_TU_g.24465.CDS.1807,0.0,-3.1376443042945225e-32
translation_g.24465.CDS.1812,4.552837692817965e-06,2.1082389796516274e-32
transcription_TU_g.24465.CDS.1812,1.1227247713368569e-07,-1.9413324817450222e-32
translation_1130798.3.peg.1813,9.725950641019788e-08,-7.142695020847135e-33
transcription_TU_1130798.3.peg.1813,2.3984087389493263e-09,9.543621149355012e-33
translation_g.24465.CDS.1817,4.552810217043928e-06,2.654781091176876e-33
transcription_TU_g.24465.CDS.1817,1.1227179958411759e-07,3.8249495809528437e-33
translation_g.24465.CDS.1818,4.4870389283854e-07,-3.2278656829516505e-32
transcription_TU_g.24465.CDS.1818,1.1064988683427011e-08,-2.1852937778389873e-32
translation_g.24465.CDS.1821,4.552810217043928e-06,2.5192604988936248e-33
transcription_TU_g.24465.CDS.1821,1.1227179958411759e-07,-1.9953766425908304e-33
translation_g.24465.CDS.1829,2.4731187382322325e-12,-3.4567646028353514e-32
transcription_TU_g.24465.CDS.1829,6.09868362812664e-14,6.499130923814591e-32
translation_g.24465.CDS.1831,0.0,1.5270532201765749e-33
transcription_TU_g.24465.CDS.1831,0.0,1.3909316836385416e-32
translation_g.24465.CDS.1832,0.0,-2.837654286737895e-32
transcription_TU_g.24465.CDS.1832,0.0,-1.0795297451559576e-32
translation_g.24465.CDS.1833,4.552810217043928e-06,-1.1823296445922737e-33
transcription_TU_g.24465.CDS.1833,1.1227179958411759e-07,-5.104380573450707e-33
translation_g.24465.CDS.1834,0.0,6.026444696079505e-34
transcription_TU_g.24465.CDS.1834,0.0,-6.6976135017735805
translation_g.24465.CDS.1835,0.0,-2.6395002805060943e-32
transcription_TU_g.24465.CDS.1835,0.0,-1.9328764793533074e-33
translation_g.24465.CDS.1836,4.552755265495852e-06,-4.2416097999391034e-32
transcription_TU_g.24465.CDS.1836,1.1227044448498139e-07,-3.300945358797897e-32
translation_g.24465.CDS.1838,1.1617453792210653e-07,-2.644013019729361e-32
transcription_TU_g.24465.CDS.1838,2.8648513372114425e-09,3.769805817160581e-32
translation_g.24465.CDS.1840,8.70230547321699e-09,1.350110912358046e-33
transcription_TU_g.24465.CDS.1840,2.1459789655874444e-10,-1.5572178445651926e-32
translation_g.24465.CDS.1846,0.0,3.297165864363484e-33
transcription_TU_g.24465.CDS.1846,0.0,7.85394581106584e-33
translation_g.24465.CDS.1849,8.821723549993238e-07,-9.976616653433587e-33
transcription_TU_g.24465.CDS.1849,2.1754273320762382e-08,-2.431273977081678e-32
translation_g.24465.CDS.1852,0.0,-6.195321771967014e-33
transcription_TU_g.24465.CDS.1852,0.0,-11.1903332900069
translation_1130798.3.peg.1852,0.0,4.24084914089398e-34
transcription_TU_1130798.3.peg.1852,0.0,-5.884057406837624
translation_g.24465.CDS.1857,0.0,-6.171884027594942e-32
transcription_TU_g.24465.CDS.1857,0.0,1.4677113018237896e-32
translation_1130798.3.peg.1857,8.969249518736619e-08,8.471226879052038e-33
transcription_TU_1130798.3.peg.1857,2.211807073832669e-09,1.2980565082962822e-32
translation_g.24465.CDS.1860,0.0,-3.127758662077449e-32
transcription_TU_g.24465.CDS.1860,0.0,-1.1469805556821072e-32
translation_g.24465.CDS.1865,1.72190113780035e-07,4.4065353539593857e-32
transcription_TU_g.24465.CDS.1865,4.246189281579704e-09,7.935140411501592e-32
translation_g.24465.CDS.1872,0.0,-3.736414162009579e-33
transcription_TU_g.24465.CDS.1872,0.0,-1.407715516258859e-32
translation_g.24465.CDS.1875,0.0,6.260503313020788e-33
transcription_TU_g.24465.CDS.1875,0.0,-4.961313194914256
translation_g.24465.CDS.1876,0.0,2.240943390264667e-33
transcription_TU_g.24465.CDS.1876,0.0,-2.037412287272614e-32
translation_g.24465.CDS.1881,0.0,-2.5813378124130425e-32
transcription_TU_g.24465.CDS.1881,0.0,-7.211327796188305
translation_g.24465.CDS.1883,0.0,-2.6742914899331797e-33
transcription_TU_g.24465.CDS.1883,0.0,-5.488995470281296
translation_g.24465.CDS.1886,7.702626090950674e-07,1.0573981752675476e-32
transcription_TU_g.24465.CDS.1886,1.8994591285997046e-08,-2.0364192450755963e-32
translation_g.24465.CDS.1887,1.691648821004374e-06,-1.6766731932076406e-32
transcription_TU_g.24465.CDS.1887,4.17158740084332e-08,-3.192216189694778e-33
translation_g.24465.CDS.1889,0.0,2.2794119089374526e-32
transcription_TU_g.24465.CDS.1889,0.0,-13.17705759708476
translation_g.24465.CDS.1896,6.624843564599299e-08,-2.69279465714164e-32
transcription_TU_g.24465.CDS.1896,1.6336791421184058e-09,-2.6259989314817927e-32
translation_g.24465.CDS.1901,1.3519793132964178e-08,3.4439534799467346e-32
transcription_TU_g.24465.CDS.1901,3.3339661279103963e-10,6.937051236429967e-32
translation_g.24465.CDS.1905,0.0,-7.987727868040855e-32
transcription_TU_g.24465.CDS.1905,0.0,-15.226272273660562
translation_g.24465.CDS.1906,4.552810217043928e-06,-5.219364489097166e-34
transcription_TU_g.24465.CDS.1906,1.1227179958411759e-07,4.089338974857962e-33
translation_g.24465.CDS.1909,0.0,1.4546362600984641e-33
transcription_TU_g.24465.CDS.1909,0.0,7.276740983731277e-33
translation_g.24465.CDS.1910,4.552810217043928e-06,8.541879561269817e-33
transcription_TU_g.24465.CDS.1910,1.1227179958411759e-07,9.2968231557827e-34
translation_g.24465.CDS.1933,8.940567870713031e-07,-1.116342276884714e-31
transcription_TU_g.24465.CDS.1933,2.204734210952087e-08,-9.236874449180412e-32
translation_g.24465.CDS.1936,4.552810217043928e-06,-3.4080403421619695e-33
transcription_TU_g.24465.CDS.1936,1.1227179958411759e-07,1.608871898024832e-32
translation_g.24465.CDS.1938,0.0,-6.39322746673341e-33
transcription_TU_g.24465.CDS.1938,0.0,-4.94357579712604
translation_g.24465.CDS.1947,8.190424345435122e-08,-2.6096419971278112e-33
transcription_TU_g.24465.CDS.1947,2.019749642049921e-09,-1.1098210476473455e-32
translation_g.24465.CDS.1948,1.1659815156647926e-07,2.5013284469234493e-34
transcription_TU_g.24465.CDS.1948,2.8752976031252e-09,-3.26797596985034e-32
translation_g.24465.CDS.1957,4.552810217043928e-06,5.136974708357963e-34
transcription_TU_g.24465.CDS.1957,1.1227179958411759e-07,5.7546279547376736e-33
translation_g.24465.CDS.1959,0.0,1.081127928220599e-32
transcription_TU_g.24465.CDS.1959,0.0,-4.481881488250424e-32
translation_g.24465.CDS.1962,0.0,7.772346639183216e-33
transcription_TU_g.24465.CDS.1962,0.0,7.078391687939061e-34
translation_g.24465.CDS.1963,0.0,-1.1538176523981724e-33
transcription_TU_g.24465.CDS.1963,0.0,-7.728883718333915
translation_g.24465.CDS.1967,8.73800718267034e-08,3.8565288196760626e-32
transcription_TU_g.24465.CDS.1967,2.154782967901337e-09,-8.260399197888744e-33
translation_g.24465.CDS.1973,0.0,8.627885885060071e-33
transcription_TU_g.24465.CDS.1973,0.0,-5.08496782732579
translation_g.24465.CDS.1982,0.0,-7.00979998300519e-33
transcription_TU_g.24465.CDS.1982,0.0,2.018484342575485e-32
translation_g.24465.CDS.1986,4.552837692817965e-06,-1.039636923141236e-32
transcription_TU_g.24465.CDS.1986,1.1227247713368569e-07,-1.864256771021729e-32
translation_g.24465.CDS.1989,0.0,2.6653994279936656e-32
transcription_TU_g.24465.CDS.1989,0.0,-1.6716249469938476e-32
translation_1130798.3.peg.1993,0.0,6.0724301352598725e-33
transcription_TU_1130798.3.peg.1993,0.0,-4.927005346921005
transcription_TU_LBLM1_RS01255,2.1892173823639085e-06,7.053162567823974e-35
transcription_TU_LBLM1_RS01380,2.3460570107907027e-06,1.730034177811594e-33
transcription_TU_LBLM1_RS01385,-1.4195464215987278e-39,-1.983526579640701e-34
transcription_TU_LBLM1_RS01405,4.3745699030415867e-07,3.444113358146828e-33
transcription_TU_LBLM1_RS01410,0.0,2.370730152275174e-33
transcription_TU_LBLM1_RS01415,1.8644435980042172e-06,-8.419061969190726e-34
transcription_TU_LBLM1_RS01420,0.0,1.4470361282786232e-33
transcription_TU_LBLM1_RS01425,0.0,2.370730152275174e-33
transcription_TU_LBLM1_RS01430,8.372212357043581e-07,3.444113358146828e-33
transcription_TU_LBLM1_RS01885,0.0,8.952301476029293e-32
transcription_TU_LBLM1_RS01890,0.0,-1.3024014921885789e-33
transcription_TU_LBLM1_RS01895,2.603477892921499e-06,1.257700965561571e-34
transcription_TU_LBLM1_RS01900,0.0,3.059753842854518e-31
transcription_TU_LBLM1_RS01905,0.0,1.3133235151726398e-32
transcription_TU_LBLM1_RS01910,1.922599280608405e-06,5.779402958933524e-34
transcription_TU_LBLM1_RS01915,0.0,3.378846780933037e-33
transcription_TU_LBLM1_RS01920,0.0,1.730034177811594e-33
transcription_TU_LBLM1_RS01925,1.506152493262771e-06,2.6582506986891e-34
transcription_TU_LBLM1_RS01930,0.0,3.6159835418312484e-33
transcription_TU_LBLM1_RS01935,4.251438977480205e-07,2.900729266467429e-34
transcription_TU_LBLM1_RS01940,6.332581206100895e-07,1.802828790775693e-34
transcription_TU_LBLM1_RS01945,4.177201947050377e-07,8.363479531045005e-34
transcription_TU_LBLM1_RS01950,0.0,1.6262862785539936e-33
transcription_TU_LBLM1_RS02040,0.0,1.092538850219557e-33
transcription_TU_LBLM1_RS02550,0.0,-6.519572162022231e-34
transcription_TU_LBLM1_RS02555,0.0,-6.519572162022231e-34
transcription_TU_LBLM1_RS02560,0.0,-6.519572162022231e-34
transcription_TU_LBLM1_RS02565,0.0,-6.519572162022231e-34
transcription_TU_LBLM1_RS02615,0.0,1.448498831327843e-33
transcription_TU_LBLM1_RS03405,0.0,1.1862343212299687e-33
transcription_TU_LBLM1_RS03830,0.0,-1.0347927720594117e-31
transcription_TU_LBLM1_RS03835,0.0,-1.3024014921885789e-33
transcription_TU_LBLM1_RS03840,0.0,1.257700965561571e-34
transcription_TU_LBLM1_RS03845,0.0,-9.846072371745888e-32
transcription_TU_LBLM1_RS03850,0.0,7.388630224120521e-35
transcription_TU_LBLM1_RS03855,0.0,1.730034177811594e-33
transcription_TU_LBLM1_RS03860,0.0,1.0968551165258518e-33
transcription_TU_LBLM1_RS04200,0.0,2.3622002375860547e-34
transcription_TU_LBLM1_RS06135,0.0,1.802828790775693e-34
transcription_TU_LBLM1_RS06140,0.0,3.6159835418312484e-33
transcription_TU_LBLM1_RS06145,0.0,-1.72324465382819e-33
transcription_TU_LBLM1_RS06150,0.0,1.7985169043508078e-33
transcription_TU_LBLM1_RS06155,0.0,2.0388738571100363e-33
transcription_TU_LBLM1_RS06160,0.0,2.3622002375860547e-34
transcription_TU_LBLM1_RS06165,0.0,2.370730152275174e-33
transcription_TU_LBLM1_RS06170,0.0,1.0968551165258518e-33
transcription_TU_LBLM1_RS06175,0.0,1.730034177811594e-33
transcription_TU_LBLM1_RS06180,0.0,3.378846780933037e-33
transcription_TU_LBLM1_RS06185,0.0,1.3133235151726398e-32
transcription_TU_LBLM1_RS06190,0.0,-1.5737092022126792e-32
transcription_TU_LBLM1_RS06195,0.0,-6.855480673483761e-32
transcription_TU_LBLM1_RS06265,1.4804046437384878e-06,-1.624881760468462e-33
transcription_TU_LBLM1_RS07350,0.0,-2.3151570591776664e-34
transcription_TU_LBLM1_RS07495,0.0,-1.72324465382819e-33
transcription_TU_LBLM1_RS07500,0.0,1.7985169043508078e-33
transcription_TU_LBLM1_RS07505,1.1421290372598261e-06,-3.336340941816504e-33
transcription_TU_LBLM1_RS07510,0.0,3.378846780933037e-33
transcription_TU_LBLM1_RS07515,0.0,-1.3024014921885789e-33
transcription_TU_LBLM1_RS07520,0.0,2.0388738571100363e-33
transcription_TU_LBLM1_RS07525,0.0,2.3622002375860547e-34
transcription_TU_LBLM1_RS07530,0.0,2.370730152275174e-33
transcription_TU_LBLM1_RS07535,0.0,1.4470361282786232e-33
transcription_TU_LBLM1_RS07540,2.749762027245179e-06,9.558783365226664e-34
transcription_TU_LBLM1_RS07545,0.0,1.0968551165258518e-33
transcription_TU_LBLM1_RS07550,0.0,1.730034177811594e-33
transcription_TU_LBLM1_RS07555,0.0,-0.02882775648773232
transcription_TU_LBLM1_RS07560,4.552755265495852e-06,1.0270895449782174e-31
transcription_TU_LBLM1_RS07565,0.0,-2.0006621811443287e-31
transcription_TU_LBLM1_RS08025,0.0,1.7985169043508078e-33
transcription_TU_LBLM1_RS08030,0.0,-3.336340941816504e-33
transcription_TU_LBLM1_RS08035,0.0,3.378846780933037e-33
transcription_TU_LBLM1_RS08040,0.0,3.378846780933037e-33
transcription_TU_LBLM1_RS08045,0.0,7.903334489640372e-35
transcription_TU_LBLM1_RS08050,0.0,-2.3797933841968005e-33
transcription_TU_LBLM1_RS08055,0.0,-5.485783985403619e-34
transcription_TU_LBLM1_RS08060,0.0,-1.72324465382819e-33
transcription_TU_LBLM1_RS08065,0.0,1.7985169043508078e-33
transcription_TU_LBLM1_RS08070,0.0,-3.336340941816504e-33
transcription_TU_LBLM1_RS08075,0.0,-1.8992075759975958e-33
transcription_TU_LBLM1_RS08080,2.1937095322154057e-06,3.0071660758443074e-33
transcription_TU_LBLM1_RS08085,0.0,2.4713559080118964e-34
transcription_TU_LBLM1_RS08090,0.0,2.3622002375860547e-34
transcription_TU_LBLM1_RS08095,0.0,2.370730152275174e-33
transcription_TU_LBLM1_RS08100,3.5957050188269845e-06,2.7836592822989804e-33
transcription_TU_LBLM1_RS08105,5.123383624614661e-07,-5.500411015895818e-34
transcription_TU_LBLM1_RS08110,0.0,1.3680141997537905e-33
transcription_TU_LBLM1_RS08115,0.0,9.558783365226664e-34
transcription_TU_LBLM1_RS08120,0.0,1.730034177811594e-33
transcription_TU_LBLM1_RS08125,4.552755265495852e-06,1.6398072364097696e-32
transcription_TU_LBLM1_RS08130,0.0,2.1310704735207677e-31
transcription_TU_LBLM1_RS08135,0.0,1.257700965561571e-34
transcription_TU_LBLM1_RS08140,0.0,-1.3024014921885789e-33
transcription_TU_LBLM1_RS08145,4.552755265495852e-06,1.7429449903371788e-31
transcription_TU_LBLM1_RS08715,1.6266696460118756e-06,2.7681835611951973e-33
transcription_TU_LBLM1_RS08720,2.689070929620892e-06,2.335467235835172e-33
transcription_TU_LBLM1_RS09120,0.0,2.648346362676394e-33
transcription_TU_LBLM1_RS09665,0.0,7.90135386866068e-34
transcription_TU_LBLM1_RS09720,0.0,1.0968551165258518e-33
transcription_TU_LBLM1_RS09725,1.7573215689629248e-06,1.6433591810728678e-33
transcription_TU_LBLM1_RS09800,0.0,-6.989669869989685e-34
transcription_TU_LBLM1_RS09805,0.0,-5.515020072232669e-33
transcription_TU_LBLM1_RS09810,0.0,-0.02882775648773232
transcription_TU_LBLM1_RS09815,0.0,1.1068138346108836e-33
transcription_TU_LBLM1_RS09820,0.0,1.231494684122995e-31
transcription_TU_LBLM1_RS10095,2.326507751840678e-06,2.141113608470887e-33
transcription_TU_LBLM1_RS10145,0.0,3.4349953865065496e-33
transcription_TU_LBLM1_RS10150,0.0,-9.635350574224404e-33
transcription_TU_LBLM1_RS10155,0.0,2.1786804234715928e-31
transcription_TU_LBLM1_RS10160,0.0,-6.976069628365513e-32
transcription_TU_LBLM1_RS10170,0.0,-0.02882775648773232
transcription_TU_LBLM1_RS10175,0.0,3.059753842854518e-31
transcription_TU_LBLM1_RS10180,0.0,1.5677592206430604e-31
transcription_TU_LBLM1_RS10745,0.0,2.741022395142693e-33
transcription_TU_LBLM1_RS10750,0.0,2.741022395142693e-33
transcription_TU_LBLM1_RS11195,1.6654198076701898e-06,1.1862343212299687e-33
charging_tRNA_LBLM1_RS01255_GAU,0.02270910219943593,1.566124580629916e-38
charging_tRNA_LBLM1_RS01255_GAC,0.013597960275130288,-2.8607111518343956e-38
charging_tRNA_LBLM1_RS01380_GUU,0.01725548321102132,1.100863216446796e-37
charging_tRNA_LBLM1_RS01380_GUC,0.007869584885770354,7.448463542851142e-38
charging_tRNA_LBLM1_RS01380_GUA,0.007028515285499262,1.7388955702496378e-37
charging_tRNA_LBLM1_RS01380_GUG,0.006754584964014064,-7.076151041943029e-38
charging_tRNA_LBLM1_RS01385_UUA,0.0,-3.749698201070178e-05
charging_tRNA_LBLM1_RS01385_UUG,0.0,-3.749698201070178e-05
charging_tRNA_LBLM1_RS01385_CUU,0.0,-3.749698201070178e-05
charging_tRNA_LBLM1_RS01385_CUC,0.0,-3.749698201070178e-05
charging_tRNA_LBLM1_RS01385_CUA,0.0,-3.749698201070178e-05
charging_tRNA_LBLM1_RS01385_CUG,0.0,-3.749698201070178e-05
charging_tRNA_LBLM1_RS01405_GGU,0.007255002817380626,-2.550625462784055e-37
charging_tRNA_LBLM1_RS01405_GGC,0.0,-3.507774484617302e-37
charging_tRNA_LBLM1_RS01405_GGA,0.0,-1.646430796518452e-37
charging_tRNA_LBLM1_RS01405_GGG,0.0,-1.3199943522808394e-37
charging_tRNA_LBLM1_RS01410_CGU,0.0,-2.1285636047147217e-06
charging_tRNA_LBLM1_RS01410_CGC,0.0,-2.1285636047147217e-06
charging_tRNA_LBLM1_RS01410_CGA,0.0,-2.1285636047147217e-06
charging_tRNA_LBLM1_RS01410_CGG,0.0,-2.1285636047147217e-06
charging_tRNA_LBLM1_RS01410_AGA,0.0,-2.1285636047147217e-06
charging_tRNA_LBLM1_RS01410_AGG,0.0,-2.1285636047147217e-06
charging_tRNA_LBLM1_RS01415_CCU,0.0026630111545838434,8.783761513652447e-38
charging_tRNA_LBLM1_RS01415_CCC,0.008187175307099594,-6.714352152934606e-38
charging_tRNA_LBLM1_RS01415_CCA,0.015701604024333987,7.846496188171767e-38
charging_tRNA_LBLM1_RS01415_CCG,0.004369063120557757,-9.20024171930597e-38
charging_tRNA_LBLM1_RS01420_GGU,0.0,-1.6338685396914358e-37
charging_tRNA_LBLM1_RS01420_GGC,0.0,-2.7830042924768423e-37
charging_tRNA_LBLM1_RS01420_GGA,0.0,-6.338511354764732e-38
charging_tRNA_LBLM1_RS01420_GGG,0.0,-2.866042783239743e-38
charging_tRNA_LBLM1_RS01425_CGU,0.0,-2.1285636047147217e-06
charging_tRNA_LBLM1_RS01425_CGC,0.0,-2.1285636047147217e-06
charging_tRNA_LBLM1_RS01425_CGA,0.0,-2.1285636047147217e-06
charging_tRNA_LBLM1_RS01425_CGG,0.0,-2.1285636047147217e-06
charging_tRNA_LBLM1_RS01425_AGA,0.0,-2.1285636047147217e-06
charging_tRNA_LBLM1_RS01425_AGG,0.0,-2.1285636047147217e-06
charging_tRNA_LBLM1_RS01430_GGU,0.0,-2.550625462784055e-37
charging_tRNA_LBLM1_RS01430_GGC,0.013884890534227829,-3.507774484617302e-37
charging_tRNA_LBLM1_RS01430_GGA,0.0,-1.646430796518452e-37
charging_tRNA_LBLM1_RS01430_GGG,0.0,-1.3199943522808394e-37
charging_tRNA_LBLM1_RS01890_AUU,0.0,-4.572421115285668e-06
charging_tRNA_LBLM1_RS01890_AUC,0.0,-4.572421115285668e-06
charging_tRNA_LBLM1_RS01890_AUA,0.0,-4.572421115285668e-06
charging_tRNA_LBLM1_RS01895_GCU,0.015623226577215816,-1.4451519738115776e-37
charging_tRNA_LBLM1_RS01895_GCC,0.009911338136126028,3.1026527892554725e-38
charging_tRNA_LBLM1_RS01895_GCA,0.009132616014738954,8.295388011739308e-38
charging_tRNA_LBLM1_RS01895_GCG,0.008510182685407881,-1.5560968367925627e-37
charging_tRNA_LBLM1_RS01910_UCU,0.0021436452123561136,-4.0759889042229937e-38
charging_tRNA_LBLM1_RS01910_UCC,0.005409249253053422,-1.8003122440933991e-37
charging_tRNA_LBLM1_RS01910_UCA,0.0039717920845844246,8.327394861077729e-38
charging_tRNA_LBLM1_RS01910_UCG,0.005734167863535828,-1.979750686607679e-38
charging_tRNA_LBLM1_RS01910_AGU,0.004385300472760696,-1.1857926506369409e-37
charging_tRNA_LBLM1_RS01910_AGC,0.010241181287694856,-2.6697263409107136e-38
charging_tRNA_LBLM1_RS01915_GAA,0.0,-2.427765471333914e-06
charging_tRNA_LBLM1_RS01915_GAG,0.0,-2.427765471333914e-06
charging_tRNA_LBLM1_RS01920_GUU,0.0,1.100863216446796e-37
charging_tRNA_LBLM1_RS01920_GUC,0.0,7.448463542851142e-38
charging_tRNA_LBLM1_RS01920_GUA,0.0,1.7388955702496378e-37
charging_tRNA_LBLM1_RS01920_GUG,0.0,-7.076151041943029e-38
charging_tRNA_LBLM1_RS01925_UUU,0.01788441540705596,-8.960909969372801e-38
charging_tRNA_LBLM1_RS01925_UUC,0.0070943615338011235,-7.192794304594943e-38
charging_tRNA_LBLM1_RS01930_UAU,0.0,-4.7171439758881204e-07
charging_tRNA_LBLM1_RS01930_UAC,0.0,-4.7171439758881204e-07
charging_tRNA_LBLM1_RS01935_UGG,0.007050796408144053,1.7901591210124478e-34
charging_tRNA_LBLM1_RS01940_CAU,0.007464421256600032,-1.6271609928202658e-37
charging_tRNA_LBLM1_RS01940_CAC,0.003037844225455712,1.326250945087255e-37
charging_tRNA_LBLM1_RS01945_UGU,0.003056759398913485,-1.6672452241100004e-38
charging_tRNA_LBLM1_RS01945_UGC,0.0038709186508868367,9.855047484499642e-38
charging_tRNA_LBLM1_RS01950_UUA,0.0,-1.1118943068214123e-05
charging_tRNA_LBLM1_RS01950_UUG,0.0,-1.1118943068214123e-05
charging_tRNA_LBLM1_RS01950_CUU,0.0,-1.1118943068214123e-05
charging_tRNA_LBLM1_RS01950_CUC,0.0,-1.1118943068214123e-05
charging_tRNA_LBLM1_RS01950_CUA,0.0,-1.1118943068214123e-05
charging_tRNA_LBLM1_RS01950_CUG,0.0,-1.1118943068214123e-05
charging_tRNA_LBLM1_RS02040_CGU,0.0,-1.191374979241248e-05
charging_tRNA_LBLM1_RS02040_CGC,0.0,-1.191374979241248e-05
charging_tRNA_LBLM1_RS02040_CGA,0.0,-1.191374979241248e-05
charging_tRNA_LBLM1_RS02040_CGG,0.0,-1.191374979241248e-05
charging_tRNA_LBLM1_RS02040_AGA,0.0,-1.191374979241248e-05
charging_tRNA_LBLM1_RS02040_AGG,0.0,-1.191374979241248e-05
charging_tRNA_LBLM1_RS02550_UUA,0.0,-1.961955837022713e-05
charging_tRNA_LBLM1_RS02550_UUG,0.0,-1.961955837022713e-05
charging_tRNA_LBLM1_RS02550_CUU,0.0,-1.961955837022713e-05
charging_tRNA_LBLM1_RS02550_CUC,0.0,-1.961955837022713e-05
charging_tRNA_LBLM1_RS02550_CUA,0.0,-1.961955837022713e-05
charging_tRNA_LBLM1_RS02550_CUG,0.0,-1.961955837022713e-05
charging_tRNA_LBLM1_RS02555_UUA,0.0,-1.961955837022713e-05
charging_tRNA_LBLM1_RS02555_UUG,0.0,-1.961955837022713e-05
charging_tRNA_LBLM1_RS02555_CUU,0.0,-1.961955837022713e-05
charging_tRNA_LBLM1_RS02555_CUC,0.0,-1.961955837022713e-05
charging_tRNA_LBLM1_RS02555_CUA,0.0,-1.961955837022713e-05
charging_tRNA_LBLM1_RS02555_CUG,0.0,-1.961955837022713e-05
charging_tRNA_LBLM1_RS02560_UUA,0.0,-1.961955837022713e-05
charging_tRNA_LBLM1_RS02560_UUG,0.0,-1.961955837022713e-05
charging_tRNA_LBLM1_RS02560_CUU,0.0,-1.961955837022713e-05
charging_tRNA_LBLM1_RS02560_CUC,0.0,-1.961955837022713e-05
charging_tRNA_LBLM1_RS02560_CUA,0.0,-1.961955837022713e-05
charging_tRNA_LBLM1_RS02560_CUG,0.0,-1.961955837022713e-05
charging_tRNA_LBLM1_RS02565_UUA,0.0,-2.135779388960311e-05
charging_tRNA_LBLM1_RS02565_UUG,0.0,-2.135779388960311e-05
charging_tRNA_LBLM1_RS02565_CUU,0.0,-2.135779388960311e-05
charging_tRNA_LBLM1_RS02565_CUC,0.0,-2.135779388960311e-05
charging_tRNA_LBLM1_RS02565_CUA,0.0,-2.135779388960311e-05
charging_tRNA_LBLM1_RS02565_CUG,0.0,-2.135779388960311e-05
charging_tRNA_LBLM1_RS02615_GGU,0.0,-2.0374373859953808e-06
charging_tRNA_LBLM1_RS02615_GGC,0.0,-2.0374373859953808e-06
charging_tRNA_LBLM1_RS02615_GGA,0.0,-2.0374373859953808e-06
charging_tRNA_LBLM1_RS02615_GGG,0.0,-2.0374373859953808e-06
charging_tRNA_LBLM1_RS03405_CGU,0.0,-7.948067241984596e-07
charging_tRNA_LBLM1_RS03405_CGC,0.0,-7.948067241984596e-07
charging_tRNA_LBLM1_RS03405_CGA,0.0,-7.948067241984596e-07
charging_tRNA_LBLM1_RS03405_CGG,0.0,-7.948067241984596e-07
charging_tRNA_LBLM1_RS03405_AGA,0.0,-7.948067241984596e-07
charging_tRNA_LBLM1_RS03405_AGG,0.0,-7.948067241984596e-07
charging_tRNA_LBLM1_RS03835_AUU,0.0,-4.572421115285668e-06
charging_tRNA_LBLM1_RS03835_AUC,0.0,-4.572421115285668e-06
charging_tRNA_LBLM1_RS03835_AUA,0.0,-4.572421115285668e-06
charging_tRNA_LBLM1_RS03840_GCU,0.0,-1.4451519738115776e-37
charging_tRNA_LBLM1_RS03840_GCC,0.0,3.1026527892554725e-38
charging_tRNA_LBLM1_RS03840_GCA,0.0,8.295388011739308e-38
charging_tRNA_LBLM1_RS03840_GCG,0.0,-1.5560968367925627e-37
charging_tRNA_LBLM1_RS03855_GUU,0.0,1.100863216446796e-37
charging_tRNA_LBLM1_RS03855_GUC,0.0,7.448463542851142e-38
charging_tRNA_LBLM1_RS03855_GUA,0.0,1.7388955702496378e-37
charging_tRNA_LBLM1_RS03855_GUG,0.0,-7.076151041943029e-38
charging_tRNA_LBLM1_RS03860_CAA,0.0,-7.276034404113669e-06
charging_tRNA_LBLM1_RS03860_CAG,0.0,-7.276034404113669e-06
charging_tRNA_LBLM1_RS04200_CCU,0.0,-4.742992160539229e-06
charging_tRNA_LBLM1_RS04200_CCC,0.0,-4.742992160539229e-06
charging_tRNA_LBLM1_RS04200_CCA,0.0,-4.742992160539229e-06
charging_tRNA_LBLM1_RS04200_CCG,0.0,-4.742992160539229e-06
charging_tRNA_LBLM1_RS06135_CAU,0.0,-1.6271609928202658e-37
charging_tRNA_LBLM1_RS06135_CAC,0.0,1.3703818872180042e-38
charging_tRNA_LBLM1_RS06140_UAU,0.0,-4.7171439758881204e-07
charging_tRNA_LBLM1_RS06140_UAC,0.0,-4.7171439758881204e-07
charging_tRNA_LBLM1_RS06145_UUU,0.0,6.983437222004694e-38
charging_tRNA_LBLM1_RS06145_UUC,0.0,1.361348074598478e-37
charging_tRNA_LBLM1_RS06150_GAU,0.0,-4.7171439758881204e-07
charging_tRNA_LBLM1_RS06150_GAC,0.0,-4.7171439758881204e-07
charging_tRNA_LBLM1_RS06155_AUG,0.0,-5.06218527677227e-06
charging_tRNA_LBLM1_RS06155_START,0.0,-5.06218527677227e-06
charging_tRNA_LBLM1_RS06160_CCU,0.0,-4.742992160539229e-06
charging_tRNA_LBLM1_RS06160_CCC,0.0,-4.742992160539229e-06
charging_tRNA_LBLM1_RS06160_CCA,0.0,-4.742992160539229e-06
charging_tRNA_LBLM1_RS06160_CCG,0.0,-4.742992160539229e-06
charging_tRNA_LBLM1_RS06165_CGU,0.0,-2.1285636047147217e-06
charging_tRNA_LBLM1_RS06165_CGC,0.0,-2.1285636047147217e-06
charging_tRNA_LBLM1_RS06165_CGA,0.0,-2.1285636047147217e-06
charging_tRNA_LBLM1_RS06165_CGG,0.0,-2.1285636047147217e-06
charging_tRNA_LBLM1_RS06165_AGA,0.0,-2.1285636047147217e-06
charging_tRNA_LBLM1_RS06165_AGG,0.0,-2.1285636047147217e-06
charging_tRNA_LBLM1_RS06170_CAA,0.0,-7.276034404113669e-06
charging_tRNA_LBLM1_RS06170_CAG,0.0,-7.276034404113669e-06
charging_tRNA_LBLM1_RS06175_GUU,0.0,-4.717143975889168e-07
charging_tRNA_LBLM1_RS06175_GUC,0.0,-4.717143975889168e-07
charging_tRNA_LBLM1_RS06175_GUA,0.0,-4.717143975889168e-07
charging_tRNA_LBLM1_RS06175_GUG,0.0,-4.717143975889168e-07
charging_tRNA_LBLM1_RS06180_GAA,0.0,-2.427765471333914e-06
charging_tRNA_LBLM1_RS06180_GAG,0.0,-2.427765471333914e-06
charging_tRNA_LBLM1_RS06265_AAU,0.016066813871867886,3.0727871239630804e-38
charging_tRNA_LBLM1_RS06265_AAC,0.00848494801383992,-2.1872349343365296e-37
charging_tRNA_LBLM1_RS07350_UCU,0.0,-2.0113221742090027e-05
charging_tRNA_LBLM1_RS07350_UCC,0.0,-2.0113221742090027e-05
charging_tRNA_LBLM1_RS07350_UCA,0.0,-2.0113221742090027e-05
charging_tRNA_LBLM1_RS07350_UCG,0.0,-2.0113221742090027e-05
charging_tRNA_LBLM1_RS07350_AGU,0.0,-2.0113221742090027e-05
charging_tRNA_LBLM1_RS07350_AGC,0.0,-2.0113221742090027e-05
charging_tRNA_LBLM1_RS07495_UUU,0.0,6.983437222004694e-38
charging_tRNA_LBLM1_RS07495_UUC,0.0,1.361348074598478e-37
charging_tRNA_LBLM1_RS07500_GAU,0.0,-4.7171439758881204e-07
charging_tRNA_LBLM1_RS07500_GAC,0.0,-4.7171439758881204e-07
charging_tRNA_LBLM1_RS07505_AUG,0.014561614922485077,-1.8386083202326477e-38
charging_tRNA_LBLM1_RS07505_START,0.0043800172077295965,5.430332395258762e-38
charging_tRNA_LBLM1_RS07510_GAA,0.0,-2.427765471333914e-06
charging_tRNA_LBLM1_RS07510_GAG,0.0,-2.427765471333914e-06
charging_tRNA_LBLM1_RS07515_AUU,0.0,-4.572421115285668e-06
charging_tRNA_LBLM1_RS07515_AUC,0.0,-4.572421115285668e-06
charging_tRNA_LBLM1_RS07515_AUA,0.0,-4.572421115285668e-06
charging_tRNA_LBLM1_RS07520_AUG,0.0,-5.06218527677227e-06
charging_tRNA_LBLM1_RS07520_START,0.0,-5.06218527677227e-06
charging_tRNA_LBLM1_RS07525_CCU,0.0,-4.742992160539229e-06
charging_tRNA_LBLM1_RS07525_CCC,0.0,-4.742992160539229e-06
charging_tRNA_LBLM1_RS07525_CCA,0.0,-4.742992160539229e-06
charging_tRNA_LBLM1_RS07525_CCG,0.0,-4.742992160539229e-06
charging_tRNA_LBLM1_RS07530_CGU,0.0,-2.1285636047147217e-06
charging_tRNA_LBLM1_RS07530_CGC,0.0,-2.1285636047147217e-06
charging_tRNA_LBLM1_RS07530_CGA,0.0,-2.1285636047147217e-06
charging_tRNA_LBLM1_RS07530_CGG,0.0,-2.1285636047147217e-06
charging_tRNA_LBLM1_RS07530_AGA,0.0,-2.1285636047147217e-06
charging_tRNA_LBLM1_RS07530_AGG,0.0,-2.1285636047147217e-06
charging_tRNA_LBLM1_RS07535_GGU,0.0,-1.6338685396914358e-37
charging_tRNA_LBLM1_RS07535_GGC,0.0,-2.7830042924768423e-37
charging_tRNA_LBLM1_RS07535_GGA,0.0,-6.338511354764732e-38
charging_tRNA_LBLM1_RS07535_GGG,0.0,-2.866042783239743e-38
charging_tRNA_LBLM1_RS07540_AAA,0.016845366398248494,-1.7022213012367134e-37
charging_tRNA_LBLM1_RS07540_AAG,0.02875804535868643,-1.988339019003857e-37
charging_tRNA_LBLM1_RS07545_CAA,0.0,-7.276034404113669e-06
charging_tRNA_LBLM1_RS07545_CAG,0.0,-7.276034404113669e-06
charging_tRNA_LBLM1_RS07550_GUU,0.0,1.100863216446796e-37
charging_tRNA_LBLM1_RS07550_GUC,0.0,7.448463542851142e-38
charging_tRNA_LBLM1_RS07550_GUA,0.0,1.7388955702496378e-37
charging_tRNA_LBLM1_RS07550_GUG,0.0,-7.076151041943029e-38
charging_tRNA_LBLM1_RS08025_GAU,0.0,-4.7171439758881204e-07
charging_tRNA_LBLM1_RS08025_GAC,0.0,-4.7171439758881204e-07
charging_tRNA_LBLM1_RS08030_AUG,0.0,-1.8386083202326477e-38
charging_tRNA_LBLM1_RS08030_START,0.0,5.430332395258762e-38
charging_tRNA_LBLM1_RS08035_GAA,0.0,-2.427765471333914e-06
charging_tRNA_LBLM1_RS08035_GAG,0.0,-2.427765471333914e-06
charging_tRNA_LBLM1_RS08040_GAA,0.0,-4.166000990709997e-06
charging_tRNA_LBLM1_RS08040_GAG,0.0,-4.166000990709997e-06
charging_tRNA_LBLM1_RS08045_UCU,0.0,-2.8851643848085797e-05
charging_tRNA_LBLM1_RS08045_UCC,0.0,-2.8851643848085797e-05
charging_tRNA_LBLM1_RS08045_UCA,0.0,-2.8851643848085797e-05
charging_tRNA_LBLM1_RS08045_UCG,0.0,-2.8851643848085797e-05
charging_tRNA_LBLM1_RS08045_AGU,0.0,-2.8851643848085797e-05
charging_tRNA_LBLM1_RS08045_AGC,0.0,-2.8851643848085797e-05
charging_tRNA_LBLM1_RS08050_AUU,0.0,-4.100706717696751e-06
charging_tRNA_LBLM1_RS08050_AUC,0.0,-4.100706717696751e-06
charging_tRNA_LBLM1_RS08050_AUA,0.0,-4.100706717696751e-06
charging_tRNA_LBLM1_RS08055_GGU,0.0,-2.5091517835842975e-06
charging_tRNA_LBLM1_RS08055_GGC,0.0,-2.5091517835842975e-06
charging_tRNA_LBLM1_RS08055_GGA,0.0,-2.5091517835842975e-06
charging_tRNA_LBLM1_RS08055_GGG,0.0,-2.5091517835842975e-06
charging_tRNA_LBLM1_RS08060_UUU,0.0,-9.887363736840537e-39
charging_tRNA_LBLM1_RS08060_UUC,0.0,3.2103432206949183e-38
charging_tRNA_LBLM1_RS08065_GAU,0.0,-4.7171439758881204e-07
charging_tRNA_LBLM1_RS08065_GAC,0.0,-4.7171439758881204e-07
charging_tRNA_LBLM1_RS08070_AUG,0.0,-1.8386083202326477e-38
charging_tRNA_LBLM1_RS08070_START,0.0,5.430332395258762e-38
charging_tRNA_LBLM1_RS08075_UCU,0.0,-2.932335824567461e-05
charging_tRNA_LBLM1_RS08075_UCC,0.0,-2.932335824567461e-05
charging_tRNA_LBLM1_RS08075_UCA,0.0,-2.932335824567461e-05
charging_tRNA_LBLM1_RS08075_UCG,0.0,-2.932335824567461e-05
charging_tRNA_LBLM1_RS08075_AGU,0.0,-2.932335824567461e-05
charging_tRNA_LBLM1_RS08075_AGC,0.0,-2.932335824567461e-05
charging_tRNA_LBLM1_RS08080_AUU,0.018775744530587876,-7.665901355001973e-38
charging_tRNA_LBLM1_RS08080_AUC,0.01722329105278838,-4.874699905622152e-38
charging_tRNA_LBLM1_RS08080_AUA,0.0003825269233098004,-6.22539053422675e-38
charging_tRNA_LBLM1_RS08085_AUG,0.0,-4.590470879183458e-06
charging_tRNA_LBLM1_RS08085_START,0.0,-4.590470879183458e-06
charging_tRNA_LBLM1_RS08090_CCU,0.0,-4.742992160539229e-06
charging_tRNA_LBLM1_RS08090_CCC,0.0,-4.742992160539229e-06
charging_tRNA_LBLM1_RS08090_CCA,0.0,-4.742992160539229e-06
charging_tRNA_LBLM1_RS08090_CCG,0.0,-4.742992160539229e-06
charging_tRNA_LBLM1_RS08095_CGU,0.0,-2.1285636047147217e-06
charging_tRNA_LBLM1_RS08095_CGC,0.0,-2.1285636047147217e-06
charging_tRNA_LBLM1_RS08095_CGA,0.0,-2.1285636047147217e-06
charging_tRNA_LBLM1_RS08095_CGG,0.0,-2.1285636047147217e-06
charging_tRNA_LBLM1_RS08095_AGA,0.0,-2.1285636047147217e-06
charging_tRNA_LBLM1_RS08095_AGG,0.0,-2.1285636047147217e-06
charging_tRNA_LBLM1_RS08100_UUA,0.011049499887674513,-4.186851570078136e-38
charging_tRNA_LBLM1_RS08100_UUG,0.015329517175139334,7.115848206105052e-38
charging_tRNA_LBLM1_RS08100_CUU,0.006455050149223416,2.712324096830495e-38
charging_tRNA_LBLM1_RS08100_CUC,0.0012940729364361964,7.952228909491629e-38
charging_tRNA_LBLM1_RS08100_CUA,0.004486843344558669,2.1355155514633558e-38
charging_tRNA_LBLM1_RS08100_CUG,0.02101796470587893,1.7462310847858138e-34
charging_tRNA_LBLM1_RS08105_GGU,0.0,-7.171116165988165e-38
charging_tRNA_LBLM1_RS08105_GGC,0.0,-2.058234100336383e-37
charging_tRNA_LBLM1_RS08105_GGA,0.003662708403988351,3.787285255655058e-38
charging_tRNA_LBLM1_RS08105_GGG,0.004834164078322916,7.467857956328908e-38
charging_tRNA_LBLM1_RS08110_ACU,0.0,-1.0966421786858142e-05
charging_tRNA_LBLM1_RS08110_ACC,0.0,-1.0966421786858142e-05
charging_tRNA_LBLM1_RS08110_ACA,0.0,-1.0966421786858142e-05
charging_tRNA_LBLM1_RS08110_ACG,0.0,-1.0966421786858142e-05
charging_tRNA_LBLM1_RS08115_AAA,0.0,-1.7022213012367134e-37
charging_tRNA_LBLM1_RS08115_AAG,0.0,-1.988339019003857e-37
charging_tRNA_LBLM1_RS08120_GUU,0.0,1.100863216446796e-37
charging_tRNA_LBLM1_RS08120_GUC,0.0,7.448463542851142e-38
charging_tRNA_LBLM1_RS08120_GUA,0.0,1.7388955702496378e-37
charging_tRNA_LBLM1_RS08120_GUG,0.0,-7.076151041943029e-38
charging_tRNA_LBLM1_RS08135_GCU,0.0,-1.4451519738115776e-37
charging_tRNA_LBLM1_RS08135_GCC,0.0,3.1026527892554725e-38
charging_tRNA_LBLM1_RS08135_GCA,0.0,8.295388011739308e-38
charging_tRNA_LBLM1_RS08135_GCG,0.0,-1.5560968367925627e-37
charging_tRNA_LBLM1_RS08140_AUU,0.0,-4.572421115285668e-06
charging_tRNA_LBLM1_RS08140_AUC,0.0,-4.572421115285668e-06
charging_tRNA_LBLM1_RS08140_AUA,0.0,-4.572421115285668e-06
charging_tRNA_LBLM1_RS08715_CAA,0.014838625458827387,1.142015516680703e-37
charging_tRNA_LBLM1_RS08715_CAG,0.01213886747495398,1.579242416088592e-37
charging_tRNA_LBLM1_RS08720_GAA,0.03524891018819595,-1.3188029423461305e-35
charging_tRNA_LBLM1_RS08720_GAG,0.009347970426219163,7.552321258766685e-37
charging_tRNA_LBLM1_RS09120_CGU,0.0,-2.8956920620326322e-05
charging_tRNA_LBLM1_RS09120_CGC,0.0,-2.8956920620326322e-05
charging_tRNA_LBLM1_RS09120_CGA,0.0,-2.8956920620326322e-05
charging_tRNA_LBLM1_RS09120_CGG,0.0,-2.8956920620326322e-05
charging_tRNA_LBLM1_RS09120_AGA,0.0,-2.8956920620326322e-05
charging_tRNA_LBLM1_RS09120_AGG,0.0,-2.8956920620326322e-05
charging_tRNA_LBLM1_RS09665_UUA,0.0,-5.835043026696332e-06
charging_tRNA_LBLM1_RS09665_UUG,0.0,-5.835043026696332e-06
charging_tRNA_LBLM1_RS09665_CUU,0.0,-5.835043026696332e-06
charging_tRNA_LBLM1_RS09665_CUC,0.0,-5.835043026696332e-06
charging_tRNA_LBLM1_RS09665_CUA,0.0,-5.835043026696332e-06
charging_tRNA_LBLM1_RS09665_CUG,0.0,-5.835043026696332e-06
charging_tRNA_LBLM1_RS09720_CAA,0.0,-7.276034404113669e-06
charging_tRNA_LBLM1_RS09720_CAG,0.0,-7.276034404113669e-06
charging_tRNA_LBLM1_RS09725_UAU,0.018870274980229997,-4.309146440004681e-38
charging_tRNA_LBLM1_RS09725_UAC,0.010274013981766642,-9.909860566836192e-39
charging_tRNA_LBLM1_RS09800_ACU,0.0,-3.775672905371361e-06
charging_tRNA_LBLM1_RS09800_ACC,0.0,-3.775672905371361e-06
charging_tRNA_LBLM1_RS09800_ACA,0.0,-3.775672905371361e-06
charging_tRNA_LBLM1_RS09800_ACG,0.0,-3.775672905371361e-06
charging_tRNA_LBLM1_RS09805_AAU,0.0,2.2738624717326795e-37
charging_tRNA_LBLM1_RS09805_AAC,0.0,3.6953284278745025e-38
charging_tRNA_LBLM1_RS10095_ACU,0.008895551922974398,-1.9057475214735985e-37
charging_tRNA_LBLM1_RS10095_ACC,0.017794679691706106,3.198385741534972e-38
charging_tRNA_LBLM1_RS10095_ACA,0.004206808929969375,1.0060587119154574e-37
charging_tRNA_LBLM1_RS10095_ACG,0.0076869132345007115,5.134930516847922e-38
charging_tRNA_LBLM1_RS10145_ACU,0.0,-4.399908584316154e-06
charging_tRNA_LBLM1_RS10145_ACC,0.0,-4.399908584316154e-06
charging_tRNA_LBLM1_RS10145_ACA,0.0,-4.399908584316154e-06
charging_tRNA_LBLM1_RS10145_ACG,0.0,-4.399908584316154e-06
charging_tRNA_LBLM1_RS10745_AAA,0.0,-1.3518066444140527e-06
charging_tRNA_LBLM1_RS10745_AAG,0.0,-1.3518066444140527e-06
charging_tRNA_LBLM1_RS10750_AAA,0.0,-1.3518066444140527e-06
charging_tRNA_LBLM1_RS10750_AAG,0.0,-1.3518066444140527e-06
charging_tRNA_LBLM1_RS11195_CGU,0.009450545555534358,-9.879053152416542e-38
charging_tRNA_LBLM1_RS11195_CGC,0.008250955085220725,-9.021976969378068e-38
charging_tRNA_LBLM1_RS11195_CGA,0.002598721416896201,3.4724599403425075e-38
charging_tRNA_LBLM1_RS11195_CGG,0.007241924693145073,-5.93246166933359e-39
charging_tRNA_LBLM1_RS11195_AGA,4.802444319541555e-05,4.621174270790021e-38
charging_tRNA_LBLM1_RS11195_AGG,2.997356210829663e-05,-3.23371492949353e-38
DM_RNA_g.24465.CDS.0,0.0,-4.89240844232468
DM_RNA_g.24465.CDS.1,0.0,-3.5552974359552634
DM_RNA_g.24465.CDS.6,0.0,-8.216909041990046
DM_RNA_g.24465.CDS.8,0.0,-7.482480901286898
DM_RNA_g.24465.CDS.11,0.0,-3.7040050989019355
DM_RNA_g.24465.CDS.15,0.0,-8.864558424791841
DM_RNA_g.24465.CDS.16,0.0,0.0
DM_RNA_1130798.3.peg.16,0.0,-4.344079120430836
DM_RNA_1130798.3.peg.17,0.0,0.0
DM_RNA_g.24465.CDS.18,0.0,-5.225612263923975
DM_RNA_1130798.3.peg.19,0.0,-7.435924270489382
DM_RNA_g.24465.CDS.22,0.0,-6.613329657428005
DM_RNA_g.24465.CDS.24,0.0,-7.74227689765836
DM_RNA_g.24465.CDS.27,0.0,-9.378326597342033
DM_RNA_g.24465.CDS.30,0.0,-2.372074910829713
DM_RNA_1130798.3.peg.33,0.0,-5.041794389758154
DM_RNA_g.24465.CDS.34,0.0,0.0
DM_RNA_g.24465.CDS.46,0.0,3.499627431144293e-32
DM_RNA_g.24465.CDS.49,0.0,0.0
DM_RNA_g.24465.CDS.50,0.0,-3.5309627024092785
DM_RNA_1130798.3.peg.53,0.0,-7.186446762221242
DM_RNA_1130798.3.peg.54,0.0,0.0
DM_RNA_g.24465.CDS.60,0.0,-3.827150457034564
DM_RNA_g.24465.CDS.62,0.0,-4.103727886163176
DM_RNA_g.24465.CDS.69,0.0,0.0
DM_RNA_g.24465.CDS.78,0.0,0.0
DM_RNA_g.24465.CDS.79,0.0,-5.762262093079182
DM_RNA_g.24465.CDS.80,0.0,-8.289075901637515
DM_RNA_g.24465.CDS.84,0.0,-7.997523093671198
DM_RNA_g.24465.CDS.85,0.0,0.0
DM_RNA_g.24465.CDS.89,0.0,-2.8395739743779864
DM_RNA_g.24465.CDS.93,0.0,-6.824565894205501
DM_RNA_g.24465.CDS.98,0.0,-6.213060665828935
DM_RNA_g.24465.CDS.99,0.0,0.0
DM_RNA_g.24465.CDS.104,0.0,-1.7298260685556655
DM_RNA_g.24465.CDS.106,0.0,-6.526470742603642
DM_RNA_g.24465.CDS.110,0.0,-3.059576279596668
DM_RNA_g.24465.CDS.111,0.0,-10.517259498721648
DM_RNA_g.24465.CDS.112,0.0,-1.0021546247333464
DM_RNA_g.24465.CDS.116,0.0,-5.099839275900913
DM_RNA_g.24465.CDS.118,0.0,-1.7448505878629204
DM_RNA_g.24465.CDS.128,0.0,-13.455075307214823
DM_RNA_g.24465.CDS.129,0.0,-5.112949055649994
DM_RNA_g.24465.CDS.133,0.0,-3.059329802014131e-32
DM_RNA_1130798.3.peg.133,0.0,-7.0546712900536805
DM_RNA_1130798.3.peg.135,0.0,-12.948047361203962
DM_RNA_g.24465.CDS.136,0.0,-8.417684435822029
DM_RNA_g.24465.CDS.137,0.0,-4.9425665014021725
DM_RNA_1130798.3.peg.137,0.0,-5.60505312629566
DM_RNA_g.24465.CDS.146,0.0,-2.685031976129939
DM_RNA_g.24465.CDS.147,0.0,-6.285422908799889
DM_RNA_g.24465.CDS.157,0.0,0.0
DM_RNA_g.24465.CDS.159,0.0,-7.444585496853721
DM_RNA_g.24465.CDS.163,0.0,-7.588353881187224
DM_RNA_g.24465.CDS.170,0.0,-6.041157138991853
DM_RNA_g.24465.CDS.172,0.0,-5.952095008461497
DM_RNA_g.24465.CDS.177,0.0,-13.170106716944456
DM_RNA_g.24465.CDS.179,0.0,-13.59376364135667
DM_RNA_g.24465.CDS.180,0.0,-3.9142487493718874
DM_RNA_g.24465.CDS.181,0.0,-8.553451143267953
DM_RNA_g.24465.CDS.186,0.0,2.7189786078339773e-32
DM_RNA_g.24465.CDS.193,0.0,-1.2324272615661505
DM_RNA_1130798.3.peg.193,0.0,-8.08161835224009
DM_RNA_g.24465.CDS.194,0.0,-4.921571524345256
DM_RNA_g.24465.CDS.200,0.0,-6.756427099856305
DM_RNA_g.24465.CDS.201,0.0,-5.884926050983416
DM_RNA_g.24465.CDS.202,0.0,0.0
DM_RNA_g.24465.CDS.203,0.0,-8.791585648857502
DM_RNA_1130798.3.peg.203,0.0,-8.792025421855149
DM_RNA_g.24465.CDS.212,0.0,-5.355717355876128
DM_RNA_g.24465.CDS.218,0.0,0.0
DM_RNA_g.24465.CDS.219,0.0,-7.375452677058144
DM_RNA_g.24465.CDS.223,0.0,0.0
DM_RNA_1130798.3.peg.232,0.0,-7.461911481979585e-33
DM_RNA_1130798.3.peg.233,0.0,-8.126141409354824
DM_RNA_1130798.3.peg.234,0.0,-8.842655047664536
DM_RNA_g.24465.CDS.235,0.0,-2.2036531981940733e-32
DM_RNA_1130798.3.peg.235,0.0,-4.672870571340319
DM_RNA_1130798.3.peg.236,0.0,0.0
DM_RNA_1130798.3.peg.237,0.0,-1.899508481362234e-32
DM_RNA_1130798.3.peg.238,0.0,-15.780472217181488
DM_RNA_g.24465.CDS.239,0.0,-5.489620245663261
DM_RNA_1130798.3.peg.239,0.0,-11.416616669320739
DM_RNA_1130798.3.peg.240,0.0,-8.092081624304418
DM_RNA_g.24465.CDS.241,0.0,-10.143353041071686
DM_RNA_1130798.3.peg.241,0.0,-3.7589799471168384
DM_RNA_1130798.3.peg.242,0.0,-10.357741069510919
DM_RNA_g.24465.CDS.243,0.0,1.564846709362465e-32
DM_RNA_1130798.3.peg.243,0.0,-8.783707441262965
DM_RNA_g.24465.CDS.244,0.0,-8.299008941579041
DM_RNA_g.24465.CDS.245,0.0,-1.6018007407266914
DM_RNA_1130798.3.peg.245,0.0,-8.84832570124919
DM_RNA_g.24465.CDS.246,0.0,0.0
DM_RNA_1130798.3.peg.247,0.0,-4.217852020908297
DM_RNA_g.24465.CDS.252,0.0,-11.140759527354545
DM_RNA_g.24465.CDS.254,0.0,-6.583329653037098
DM_RNA_g.24465.CDS.270,0.0,-11.845048444813308
DM_RNA_g.24465.CDS.271,0.0,-5.800821802365266
DM_RNA_g.24465.CDS.273,0.0,-5.210796116046221
DM_RNA_g.24465.CDS.275,0.0,2.9198023139734006e-32
DM_RNA_g.24465.CDS.279,0.0,0.0
DM_RNA_1130798.3.peg.280,0.0,-9.002151378719583
DM_RNA_g.24465.CDS.282,0.0,0.0
DM_RNA_g.24465.CDS.283,0.0,9.756939410703565e-32
DM_RNA_g.24465.CDS.287,0.0,-1.1737036497398707
DM_RNA_g.24465.CDS.288,0.0,-4.3566595657529135
DM_RNA_1130798.3.peg.290,0.0,-9.780452352268039
DM_RNA_g.24465.CDS.293,0.0,-7.124492113831783
DM_RNA_g.24465.CDS.294,0.0,-9.08534368436907
DM_RNA_g.24465.CDS.296,0.0,-3.7581254012647554
DM_RNA_g.24465.CDS.297,0.0,-7.386442261561541
DM_RNA_g.24465.CDS.299,0.0,-5.686876557818267
DM_RNA_1130798.3.peg.300,0.0,-8.264132067852746
DM_RNA_g.24465.CDS.302,0.0,-1.1727953862468234
DM_RNA_g.24465.CDS.319,0.0,0.0
DM_RNA_g.24465.CDS.320,0.0,-5.985379438312708
DM_RNA_g.24465.CDS.324,0.0,-2.865205726224731
DM_RNA_g.24465.CDS.327,0.0,-6.9980339414849375
DM_RNA_g.24465.CDS.328,0.0,-3.4779280667644725
DM_RNA_g.24465.CDS.330,0.0,-7.6288341477609976
DM_RNA_g.24465.CDS.332,0.0,0.0
DM_RNA_g.24465.CDS.334,0.0,-9.459026660806547
DM_RNA_g.24465.CDS.337,0.0,-6.675722238973651
DM_RNA_g.24465.CDS.338,0.0,0.0
DM_RNA_g.24465.CDS.347,0.0,5.289943912373566e-32
DM_RNA_g.24465.CDS.353,0.0,-6.7560897019377615
DM_RNA_g.24465.CDS.361,0.0,-3.122670354267658e-32
DM_RNA_g.24465.CDS.364,0.0,-5.942332409904568
DM_RNA_g.24465.CDS.365,0.0,-4.776222328773233
DM_RNA_g.24465.CDS.372,0.0,-11.197417216566299
DM_RNA_g.24465.CDS.374,0.0,-13.38053459851757
DM_RNA_g.24465.CDS.375,0.0,0.0
DM_RNA_g.24465.CDS.380,0.0,-12.50993484713429
DM_RNA_g.24465.CDS.381,0.0,-10.828852294939335
DM_RNA_g.24465.CDS.384,0.0,-15.34973769313913
DM_RNA_g.24465.CDS.396,0.0,0.0
DM_RNA_g.24465.CDS.399,0.0,-6.855368189863523
DM_RNA_g.24465.CDS.400,0.0,4.1463071185874897e-32
DM_RNA_g.24465.CDS.402,0.0,-15.791342669147836
DM_RNA_g.24465.CDS.407,0.0,-3.6835108184878886
DM_RNA_g.24465.CDS.409,0.0,-11.961170435867462
DM_RNA_g.24465.CDS.412,0.0,-8.127822208388325
DM_RNA_g.24465.CDS.415,0.0,-8.054587401587842
DM_RNA_g.24465.CDS.416,0.0,-8.903439730438643
DM_RNA_g.24465.CDS.417,0.0,-4.499964954783627
DM_RNA_g.24465.CDS.427,0.0,-2.371707685225724
DM_RNA_g.24465.CDS.430,0.0,-3.3345096613386693
DM_RNA_g.24465.CDS.433,0.0,-8.47724493593878
DM_RNA_g.24465.CDS.439,0.0,-3.026394601610025
DM_RNA_1130798.3.peg.440,0.0,0.0
DM_RNA_1130798.3.peg.441,0.0,0.0
DM_RNA_g.24465.CDS.442,0.0,0.0
DM_RNA_g.24465.CDS.448,0.0,-4.127363056389454
DM_RNA_1130798.3.peg.451,0.0,-2.666498232635559e-32
DM_RNA_1130798.3.peg.452,0.0,-5.315759369604807
DM_RNA_g.24465.CDS.454,0.0,-11.621755961023363
DM_RNA_g.24465.CDS.456,0.0,-9.400773397027354
DM_RNA_g.24465.CDS.457,0.0,-4.701037034709433
DM_RNA_g.24465.CDS.459,0.0,-2.886008855308905
DM_RNA_g.24465.CDS.465,0.0,-7.534581245229235
DM_RNA_g.24465.CDS.467,0.0,0.0
DM_RNA_g.24465.CDS.468,0.0,0.0
DM_RNA_g.24465.CDS.469,0.0,0.0
DM_RNA_g.24465.CDS.472,0.0,-1.562403732284815
DM_RNA_g.24465.CDS.474,0.0,-2.994648492957354e-32
DM_RNA_1130798.3.peg.476,0.0,-7.815792188292217
DM_RNA_1130798.3.peg.487,0.0,-8.299008941579041
DM_RNA_g.24465.CDS.490,0.0,-4.0149340693423605
DM_RNA_g.24465.CDS.493,0.0,-10.582452848792792
DM_RNA_g.24465.CDS.496,0.0,1.0132898517172585e-32
DM_RNA_g.24465.CDS.498,0.0,-1.913659672113224
DM_RNA_g.24465.CDS.500,0.0,-9.069136433838342
DM_RNA_g.24465.CDS.502,0.0,-4.486083828054805
DM_RNA_g.24465.CDS.505,0.0,-8.044674862964362e-33
DM_RNA_g.24465.CDS.506,0.0,0.0
DM_RNA_g.24465.CDS.508,0.0,0.0
DM_RNA_g.24465.CDS.511,0.0,0.0
DM_RNA_g.24465.CDS.516,0.0,-1.129152879069129
DM_RNA_g.24465.CDS.530,0.0,-2.50920612488423e-32
DM_RNA_1130798.3.peg.530,0.0,-11.411832050703039
DM_RNA_g.24465.CDS.532,0.0,-3.4295602436789694
DM_RNA_g.24465.CDS.533,0.0,-7.058176064900823
DM_RNA_g.24465.CDS.535,0.0,-7.010902020848188
DM_RNA_g.24465.CDS.536,0.0,-7.930558225115184
DM_RNA_g.24465.CDS.538,0.0,-2.358686414922629
DM_RNA_1130798.3.peg.548,0.0,-2.886008855308905
DM_RNA_g.24465.CDS.551,0.0,0.0
DM_RNA_g.24465.CDS.556,0.0,-3.340550753066755e-32
DM_RNA_g.24465.CDS.558,0.0,-2.5067602405657486e-32
DM_RNA_g.24465.CDS.560,0.0,-8.14022368513926
DM_RNA_g.24465.CDS.562,0.0,0.0
DM_RNA_g.24465.CDS.563,0.0,-6.4432631020581095
DM_RNA_g.24465.CDS.567,0.0,-3.7589799471168384
DM_RNA_1130798.3.peg.570,0.0,-7.2545626466395055
DM_RNA_g.24465.CDS.572,0.0,-24.186546221817125
DM_RNA_g.24465.CDS.573,0.0,-3.9819922519000888
DM_RNA_g.24465.CDS.586,0.0,-3.7714034981062956
DM_RNA_g.24465.CDS.592,0.0,-2.149163446110786
DM_RNA_g.24465.CDS.593,0.0,-5.468809589585824
DM_RNA_g.24465.CDS.594,0.0,0.0
DM_RNA_g.24465.CDS.595,0.0,-4.172502614528896
DM_RNA_g.24465.CDS.597,0.0,-4.23005864540878
DM_RNA_g.24465.CDS.609,0.0,-8.332904377262349
DM_RNA_g.24465.CDS.612,0.0,-6.360206997229929
DM_RNA_1130798.3.peg.615,0.0,-3.400984067658245
DM_RNA_g.24465.CDS.627,0.0,-1.4765451332977595
DM_RNA_g.24465.CDS.634,0.0,-1.47355438210604
DM_RNA_g.24465.CDS.636,0.0,-4.411203839555555
DM_RNA_g.24465.CDS.639,0.0,-11.838909026445275
DM_RNA_1130798.3.peg.640,0.0,-5.884926050983416
DM_RNA_1130798.3.peg.641,0.0,-8.367330706511904
DM_RNA_1130798.3.peg.642,0.0,-4.2022769047107635
DM_RNA_1130798.3.peg.643,0.0,0.0
DM_RNA_g.24465.CDS.644,0.0,-4.415519378400499
DM_RNA_1130798.3.peg.644,0.0,-4.013948478955045
DM_RNA_1130798.3.peg.645,0.0,-4.18549272446096
DM_RNA_g.24465.CDS.646,0.0,-12.64110126710469
DM_RNA_1130798.3.peg.646,0.0,-5.112949055649994
DM_RNA_1130798.3.peg.649,0.0,-1.562403732284815
DM_RNA_1130798.3.peg.650,0.0,-7.384724035683243
DM_RNA_1130798.3.peg.651,0.0,0.0
DM_RNA_g.24465.CDS.657,0.0,0.0
DM_RNA_g.24465.CDS.665,0.0,-6.788340463078176
DM_RNA_g.24465.CDS.666,0.0,-5.738315697268655
DM_RNA_g.24465.CDS.671,0.0,-12.49457104223271
DM_RNA_g.24465.CDS.672,0.0,-6.339562948773901
DM_RNA_g.24465.CDS.673,0.0,-2.279384480362717
DM_RNA_g.24465.CDS.674,0.0,0.0
DM_RNA_g.24465.CDS.684,0.0,5.652717795950749e-32
DM_RNA_g.24465.CDS.686,0.0,-9.666483464387879
DM_RNA_g.24465.CDS.692,0.0,-11.644772389473546
DM_RNA_g.24465.CDS.693,0.0,-7.8147115514456305
DM_RNA_g.24465.CDS.696,0.0,0.0
DM_RNA_g.24465.CDS.697,0.0,-6.028579304792389
DM_RNA_g.24465.CDS.702,0.0,-7.137392614292866
DM_RNA_g.24465.CDS.705,0.0,-3.814024571108282
DM_RNA_g.24465.CDS.708,0.0,-4.685051722828879
DM_RNA_1130798.3.peg.710,0.0,0.0
DM_RNA_g.24465.CDS.714,0.0,-8.800260925473925
DM_RNA_g.24465.CDS.727,0.0,0.0
DM_RNA_1130798.3.peg.728,0.0,-8.25942812686109
DM_RNA_g.24465.CDS.729,0.0,-1.6275397536258488e-32
DM_RNA_g.24465.CDS.730,0.0,-8.68455793178462
DM_RNA_g.24465.CDS.737,0.0,-3.145416579904064
DM_RNA_1130798.3.peg.740,0.0,-7.616208796435181
DM_RNA_g.24465.CDS.741,0.0,-8.705869958362237
DM_RNA_g.24465.CDS.742,0.0,-9.780452352268039
DM_RNA_g.24465.CDS.743,0.0,0.0
DM_RNA_g.24465.CDS.747,0.0,-8.816815615955827
DM_RNA_1130798.3.peg.748,0.0,-5.541693276959519
DM_RNA_g.24465.CDS.749,0.0,0.0
DM_RNA_1130798.3.peg.749,0.0,-4.059330282307815
DM_RNA_g.24465.CDS.751,0.0,0.0
DM_RNA_g.24465.CDS.757,0.0,-8.245927416171467
DM_RNA_g.24465.CDS.759,0.0,0.0
DM_RNA_g.24465.CDS.762,0.0,-5.08895740738166
DM_RNA_g.24465.CDS.765,0.0,-13.208287927991211
DM_RNA_g.24465.CDS.769,0.0,-6.099264041257298
DM_RNA_g.24465.CDS.773,0.0,2.8048216885918884e-32
DM_RNA_g.24465.CDS.775,0.0,-1.747440181462503
DM_RNA_g.24465.CDS.782,0.0,-18.91420695902459
DM_RNA_g.24465.CDS.792,0.0,-13.439293731388032
DM_RNA_g.24465.CDS.793,0.0,0.0
DM_RNA_1130798.3.peg.794,0.0,-11.011787152377677
DM_RNA_g.24465.CDS.811,0.0,-8.37404617707191
DM_RNA_g.24465.CDS.816,0.0,-10.365682217456271
DM_RNA_g.24465.CDS.817,0.0,-12.036742268319356
DM_RNA_g.24465.CDS.818,0.0,-6.1599787155942725
DM_RNA_g.24465.CDS.819,0.0,-11.435517670167291
DM_RNA_g.24465.CDS.820,0.0,-3.0478210835142625
DM_RNA_g.24465.CDS.825,0.0,-7.141908428414784
DM_RNA_1130798.3.peg.825,0.0,-8.784629947174594
DM_RNA_g.24465.CDS.826,0.0,0.0
DM_RNA_1130798.3.peg.826,0.0,-6.1599787155942725
DM_RNA_g.24465.CDS.828,0.0,0.0
DM_RNA_g.24465.CDS.836,0.0,-5.165216037545137
DM_RNA_g.24465.CDS.837,0.0,-3.103240107441959
DM_RNA_1130798.3.peg.842,0.0,-8.660473902428189
DM_RNA_1130798.3.peg.846,0.0,-6.7560897019377615
DM_RNA_g.24465.CDS.847,0.0,0.0
DM_RNA_g.24465.CDS.850,0.0,-12.281588623197619
DM_RNA_g.24465.CDS.861,0.0,0.0
DM_RNA_g.24465.CDS.863,0.0,-2.5918276262177865e-32
DM_RNA_g.24465.CDS.866,0.0,-7.408958460237939
DM_RNA_g.24465.CDS.872,0.0,-7.741453464135684
DM_RNA_g.24465.CDS.874,0.0,-14.334028977514029
DM_RNA_g.24465.CDS.880,0.0,0.0
DM_RNA_g.24465.CDS.888,0.0,-1.3737552513900906
DM_RNA_g.24465.CDS.891,0.0,-10.39421094851673
DM_RNA_g.24465.CDS.895,0.0,-5.163654545504956
DM_RNA_g.24465.CDS.901,0.0,-6.205973919610792
DM_RNA_g.24465.CDS.904,0.0,-7.057037732525215
DM_RNA_g.24465.CDS.907,0.0,-1.1721543200686906
DM_RNA_g.24465.CDS.908,0.0,-2.2542453593377103
DM_RNA_g.24465.CDS.920,0.0,-6.196591713175901
DM_RNA_g.24465.CDS.924,0.0,-5.97132326269648
DM_RNA_g.24465.CDS.928,0.0,-3.631923873294693e-32
DM_RNA_1130798.3.peg.928,0.0,-4.144013276362036
DM_RNA_g.24465.CDS.929,0.0,0.0
DM_RNA_g.24465.CDS.931,0.0,-7.461911481979585e-33
DM_RNA_g.24465.CDS.932,0.0,-15.214000690763074
DM_RNA_g.24465.CDS.935,0.0,-11.006817621251974
DM_RNA_1130798.3.peg.938,0.0,-4.0149340693423605
DM_RNA_g.24465.CDS.943,0.0,0.0
DM_RNA_g.24465.CDS.944,0.0,-3.207219740617795
DM_RNA_g.24465.CDS.955,0.0,-6.132407103838431
DM_RNA_g.24465.CDS.965,0.0,0.0
DM_RNA_1130798.3.peg.967,0.0,-2.994648492957354e-32
DM_RNA_g.24465.CDS.968,0.0,-11.852572921858444
DM_RNA_1130798.3.peg.969,0.0,3.3848048662680025e-32
DM_RNA_1130798.3.peg.970,0.0,1.6072580801851574e-32
DM_RNA_1130798.3.peg.971,0.0,0.0
DM_RNA_1130798.3.peg.972,0.0,-1.747440181462503
DM_RNA_g.24465.CDS.977,0.0,-7.323634544130457
DM_RNA_g.24465.CDS.979,0.0,-2.2284192269615334e-32
DM_RNA_g.24465.CDS.985,0.0,-10.650018571310564
DM_RNA_g.24465.CDS.990,0.0,-2.4319619619089096e-32
DM_RNA_g.24465.CDS.991,0.0,-6.381473710894248
DM_RNA_g.24465.CDS.995,0.0,-5.056094924717149
DM_RNA_1130798.3.peg.995,0.0,-8.054587401587842
DM_RNA_g.24465.CDS.997,0.0,-3.201824252745341
DM_RNA_g.24465.CDS.998,0.0,-8.818051485705608
DM_RNA_g.24465.CDS.1002,0.0,0.0
DM_RNA_g.24465.CDS.1003,0.0,-2.786378446398109e-32
DM_RNA_g.24465.CDS.1004,0.0,-2.9581797889276817
DM_RNA_g.24465.CDS.1005,0.0,-14.462570641501294
DM_RNA_g.24465.CDS.1006,0.0,-6.558144525983357
DM_RNA_g.24465.CDS.1009,0.0,-4.086705757169244
DM_RNA_g.24465.CDS.1011,0.0,-8.851046112930346
DM_RNA_g.24465.CDS.1012,0.0,5.339819421928874e-32
DM_RNA_g.24465.CDS.1017,0.0,0.0
DM_RNA_1130798.3.peg.1018,0.0,-8.77823017708007
DM_RNA_1130798.3.peg.1019,0.0,-5.08496782732579
DM_RNA_1130798.3.peg.1020,0.0,0.0
DM_RNA_g.24465.CDS.1021,0.0,-10.540400956018726
DM_RNA_1130798.3.peg.1021,0.0,-7.070417070133702
DM_RNA_g.24465.CDS.1025,0.0,-3.219367248929878e-32
DM_RNA_g.24465.CDS.1026,0.0,0.0
DM_RNA_g.24465.CDS.1035,0.0,0.0
DM_RNA_g.24465.CDS.1038,0.0,1.8466038274438242e-32
DM_RNA_g.24465.CDS.1039,0.0,-2.9974518751832187
DM_RNA_g.24465.CDS.1044,0.0,-3.0498859866028413e-32
DM_RNA_1130798.3.peg.1046,0.0,0.0
DM_RNA_g.24465.CDS.1048,0.0,-7.301590902373237
DM_RNA_g.24465.CDS.1052,0.0,-11.82015017056419
DM_RNA_1130798.3.peg.1053,0.0,-6.857149500217508
DM_RNA_g.24465.CDS.1061,0.0,-8.037121600436905e-33
DM_RNA_g.24465.CDS.1067,0.0,-6.704210114291819
DM_RNA_g.24465.CDS.1070,0.0,-10.112394484651565
DM_RNA_g.24465.CDS.1073,0.0,0.0
DM_RNA_g.24465.CDS.1074,0.0,-1.584542605527631e-32
DM_RNA_1130798.3.peg.1088,0.0,-5.031489547041224
DM_RNA_g.24465.CDS.1097,0.0,-6.5291169215445555
DM_RNA_g.24465.CDS.1105,0.0,-1.3297945528320105
DM_RNA_g.24465.CDS.1108,0.0,-0.7339928740655947
DM_RNA_g.24465.CDS.1115,0.0,-4.601663578697423
DM_RNA_g.24465.CDS.1116,0.0,-12.998116800997758
DM_RNA_g.24465.CDS.1119,0.0,-5.592790149114438
DM_RNA_1130798.3.peg.1119,0.0,-3.4799826301250587e-32
DM_RNA_g.24465.CDS.1120,0.0,-9.62945063374899
DM_RNA_g.24465.CDS.1127,0.0,-16.30315991676373
DM_RNA_1130798.3.peg.1127,0.0,-14.677166825286369
DM_RNA_g.24465.CDS.1128,0.0,-3.378101551236356
DM_RNA_1130798.3.peg.1128,0.0,-5.0008522039894245
DM_RNA_g.24465.CDS.1134,0.0,0.0
DM_RNA_1130798.3.peg.1139,0.0,-8.040475452405532
DM_RNA_g.24465.CDS.1140,0.0,-3.992275684073106
DM_RNA_g.24465.CDS.1141,0.0,-1.6598681841393836
DM_RNA_g.24465.CDS.1143,0.0,-7.489294416169648
DM_RNA_g.24465.CDS.1144,0.0,-8.170914070634117
DM_RNA_g.24465.CDS.1151,0.0,-6.1400087094044045
DM_RNA_g.24465.CDS.1152,0.0,-4.14167890212003
DM_RNA_g.24465.CDS.1154,0.0,-4.195494412653337e-32
DM_RNA_g.24465.CDS.1156,0.0,-2.7156947921936627
DM_RNA_g.24465.CDS.1162,0.0,-6.1769606941679145
DM_RNA_g.24465.CDS.1168,0.0,-14.81566913652522
DM_RNA_g.24465.CDS.1171,0.0,-10.454930861468563
DM_RNA_1130798.3.peg.1171,0.0,0.0
DM_RNA_g.24465.CDS.1172,0.0,-1.8468674031571017
DM_RNA_g.24465.CDS.1173,0.0,-10.36110023486734
DM_RNA_g.24465.CDS.1174,0.0,-11.750936625100946
DM_RNA_g.24465.CDS.1182,0.0,-11.212021724611562
DM_RNA_g.24465.CDS.1185,0.0,-3.030246143925766e-32
DM_RNA_g.24465.CDS.1186,0.0,-5.404405755171553e-33
DM_RNA_g.24465.CDS.1187,0.0,-3.2330952007338625
DM_RNA_1130798.3.peg.1187,0.0,-9.51210492535866
DM_RNA_g.24465.CDS.1189,0.0,-9.272624295078659
DM_RNA_g.24465.CDS.1194,0.0,-6.6422228665997975
DM_RNA_g.24465.CDS.1197,0.0,-2.6163967993173007
DM_RNA_g.24465.CDS.1201,0.0,-8.334013114613102
DM_RNA_g.24465.CDS.1202,0.0,-7.805557796549735
DM_RNA_g.24465.CDS.1211,0.0,-2.773331925526679
DM_RNA_g.24465.CDS.1215,0.0,-3.9186961204028496
DM_RNA_g.24465.CDS.1221,0.0,-12.627899290886475
DM_RNA_g.24465.CDS.1222,0.0,-15.236291664468776
DM_RNA_g.24465.CDS.1233,0.0,-9.85719513035987
DM_RNA_1130798.3.peg.1237,0.0,-12.58336117957791
DM_RNA_g.24465.CDS.1238,0.0,-4.017179659643096
DM_RNA_1130798.3.peg.1238,0.0,-9.653285620345295
DM_RNA_g.24465.CDS.1240,0.0,-1.6169628997867844
DM_RNA_g.24465.CDS.1244,0.0,0.0
DM_RNA_g.24465.CDS.1245,0.0,-8.519324175646089
DM_RNA_g.24465.CDS.1247,0.0,-9.07599891098591
DM_RNA_g.24465.CDS.1249,0.0,-2.542323881585775
DM_RNA_g.24465.CDS.1252,0.0,-1.4171606696405312
DM_RNA_1130798.3.peg.1257,0.0,-8.673667700372393
DM_RNA_g.24465.CDS.1258,0.0,-10.360957027963106
DM_RNA_1130798.3.peg.1258,0.0,-5.227202168842534
DM_RNA_1130798.3.peg.1259,0.0,-8.299112022187447
DM_RNA_1130798.3.peg.1260,0.0,-7.423577563362783
DM_RNA_g.24465.CDS.1261,0.0,-11.965194502901676
DM_RNA_g.24465.CDS.1276,0.0,-16.61127898118609
DM_RNA_1130798.3.peg.1276,0.0,-11.387949276648166
DM_RNA_g.24465.CDS.1279,0.0,-15.384539063442984
DM_RNA_g.24465.CDS.1280,0.0,-7.33881921241886
DM_RNA_g.24465.CDS.1281,0.0,0.0
DM_RNA_g.24465.CDS.1282,0.0,-5.97870650904888
DM_RNA_g.24465.CDS.1291,0.0,-6.153638398541445
DM_RNA_g.24465.CDS.1294,0.0,-9.484349411243494
DM_RNA_g.24465.CDS.1297,0.0,2.0365334745108407e-32
DM_RNA_g.24465.CDS.1299,0.0,-9.645512645367528
DM_RNA_g.24465.CDS.1301,0.0,-6.24237376626231
DM_RNA_1130798.3.peg.1303,0.0,-2.538337709135896e-32
DM_RNA_g.24465.CDS.1307,0.0,0.0
DM_RNA_1130798.3.peg.1307,0.0,-8.397144036926369
DM_RNA_g.24465.CDS.1310,0.0,-4.682942477474322
DM_RNA_g.24465.CDS.1316,0.0,-6.350007421416933
DM_RNA_g.24465.CDS.1317,0.0,-11.636958260341048
DM_RNA_g.24465.CDS.1318,0.0,-2.9627251803642256
DM_RNA_g.24465.CDS.1321,0.0,2.525321700336841e-32
DM_RNA_g.24465.CDS.1323,0.0,-9.824540488051825
DM_RNA_g.24465.CDS.1326,0.0,-11.140783000030506
DM_RNA_g.24465.CDS.1334,0.0,-4.6433320374001195
DM_RNA_g.24465.CDS.1337,0.0,-6.016868130772386
DM_RNA_g.24465.CDS.1338,0.0,3.295762527976925e-32
DM_RNA_g.24465.CDS.1339,0.0,-6.100002219982515
DM_RNA_g.24465.CDS.1344,0.0,-4.2007884088084895
DM_RNA_g.24465.CDS.1348,0.0,-1.7886581196056202
DM_RNA_g.24465.CDS.1352,0.0,-2.560984204037299e-32
DM_RNA_g.24465.CDS.1354,0.0,-9.452675017077128
DM_RNA_g.24465.CDS.1356,0.0,0.0
DM_RNA_1130798.3.peg.1358,0.0,-8.474612967744454
DM_RNA_g.24465.CDS.1362,0.0,-9.64261231542204
DM_RNA_g.24465.CDS.1368,0.0,0.0
DM_RNA_g.24465.CDS.1370,0.0,-2.9548491150812316e-32
DM_RNA_1130798.3.peg.1371,0.0,-1.9782547689378864e-32
DM_RNA_1130798.3.peg.1377,0.0,-5.302734526072043
DM_RNA_g.24465.CDS.1383,0.0,0.0
DM_RNA_g.24465.CDS.1386,0.0,-10.055521147180562
DM_RNA_g.24465.CDS.1393,0.0,0.0
DM_RNA_g.24465.CDS.1394,0.0,-12.410684121013462
DM_RNA_g.24465.CDS.1397,0.0,-15.861491051141046
DM_RNA_g.24465.CDS.1398,0.0,-10.74680227188789
DM_RNA_1130798.3.peg.1398,0.0,-10.939552757497749
DM_RNA_1130798.3.peg.1402,0.0,-5.98999722285534
DM_RNA_g.24465.CDS.1407,0.0,-8.50853287249794
DM_RNA_g.24465.CDS.1418,0.0,0.0
DM_RNA_g.24465.CDS.1419,0.0,-9.51210492535866
DM_RNA_g.24465.CDS.1421,0.0,-2.85661689296648
DM_RNA_g.24465.CDS.1424,0.0,-5.043229544804928
DM_RNA_g.24465.CDS.1425,0.0,-10.53248826123854
DM_RNA_g.24465.CDS.1429,0.0,-6.343041647369997
DM_RNA_g.24465.CDS.1433,0.0,-2.9022457311958845
DM_RNA_g.24465.CDS.1437,0.0,-6.871606600765283
DM_RNA_1130798.3.peg.1440,0.0,-2.4455160873831367
DM_RNA_g.24465.CDS.1442,0.0,-0.4740996929809613
DM_RNA_1130798.3.peg.1450,0.0,0.0
DM_RNA_g.24465.CDS.1451,0.0,-8.673667700372393
DM_RNA_g.24465.CDS.1456,0.0,-2.385945947484281
DM_RNA_g.24465.CDS.1457,0.0,0.0
DM_RNA_g.24465.CDS.1459,0.0,-6.76069436821127
DM_RNA_g.24465.CDS.1461,0.0,-2.3722949857212683
DM_RNA_g.24465.CDS.1464,0.0,-11.821127350016905
DM_RNA_g.24465.CDS.1465,0.0,-2.3456086553614526
DM_RNA_1130798.3.peg.1465,0.0,-3.9186961204028496
DM_RNA_g.24465.CDS.1468,0.0,-6.204606813159283
DM_RNA_g.24465.CDS.1473,0.0,0.0
DM_RNA_g.24465.CDS.1476,0.0,-4.485242568721181
DM_RNA_g.24465.CDS.1482,0.0,-9.01644144681886
DM_RNA_g.24465.CDS.1483,0.0,-5.193193079445156
DM_RNA_g.24465.CDS.1496,0.0,-2.6181112015951107
DM_RNA_g.24465.CDS.1499,0.0,-6.266089411785438
DM_RNA_g.24465.CDS.1513,0.0,-5.214086276907257
DM_RNA_g.24465.CDS.1516,0.0,-24.1700016997825
DM_RNA_g.24465.CDS.1517,0.0,-6.467984548448456
DM_RNA_g.24465.CDS.1518,0.0,-6.167222235937323
DM_RNA_g.24465.CDS.1521,0.0,-12.763180309182333
DM_RNA_g.24465.CDS.1525,0.0,-14.15632419530168
DM_RNA_g.24465.CDS.1526,0.0,-12.281538238578204
DM_RNA_g.24465.CDS.1529,0.0,2.2162707705597822e-32
DM_RNA_1130798.3.peg.1548,0.0,-8.975412382702173
DM_RNA_g.24465.CDS.1552,0.0,3.652328385677547e-32
DM_RNA_g.24465.CDS.1555,0.0,0.0
DM_RNA_g.24465.CDS.1562,0.0,1.6092249099426493e-32
DM_RNA_g.24465.CDS.1566,0.0,-16.872751642164257
DM_RNA_g.24465.CDS.1570,0.0,-5.762298844726073
DM_RNA_1130798.3.peg.1574,0.0,0.0
DM_RNA_g.24465.CDS.1576,0.0,2.3079217650696056e-32
DM_RNA_g.24465.CDS.1579,0.0,-17.078891794531682
DM_RNA_g.24465.CDS.1588,0.0,-2.947098306367596
DM_RNA_g.24465.CDS.1597,0.0,-8.084461068778038
DM_RNA_g.24465.CDS.1599,0.0,-8.697349616236565
DM_RNA_g.24465.CDS.1600,0.0,5.147118486790271e-32
DM_RNA_g.24465.CDS.1603,0.0,-5.264197750841357
DM_RNA_g.24465.CDS.1605,0.0,-3.4594149611160625
DM_RNA_g.24465.CDS.1608,0.0,-9.49085502417976e-33
DM_RNA_g.24465.CDS.1609,0.0,-3.1412333058270594
DM_RNA_g.24465.CDS.1610,0.0,-5.98999722285534
DM_RNA_g.24465.CDS.1625,0.0,-1.6875740849162877
DM_RNA_g.24465.CDS.1628,0.0,-1.474161420212776
DM_RNA_g.24465.CDS.1633,0.0,0.0
DM_RNA_g.24465.CDS.1638,0.0,0.0
DM_RNA_g.24465.CDS.1642,0.0,-2.2578630784138545
DM_RNA_1130798.3.peg.1643,0.0,0.0
DM_RNA_g.24465.CDS.1650,0.0,-7.143918320678173
DM_RNA_g.24465.CDS.1656,0.0,-1.7307635806195
DM_RNA_g.24465.CDS.1657,0.0,-1.2427994371863424
DM_RNA_g.24465.CDS.1659,0.0,-14.909595477028786
DM_RNA_g.24465.CDS.1667,0.0,-4.063140739504971
DM_RNA_1130798.3.peg.1670,0.0,-9.645377294200399
DM_RNA_g.24465.CDS.1671,0.0,-3.5296250366950526
DM_RNA_1130798.3.peg.1671,0.0,-9.62945063374899
DM_RNA_g.24465.CDS.1672,0.0,-6.385438869921565
DM_RNA_g.24465.CDS.1673,0.0,-8.567318171703066
DM_RNA_g.24465.CDS.1678,0.0,-5.455426829079472
DM_RNA_g.24465.CDS.1686,0.0,-12.556206807674245
DM_RNA_g.24465.CDS.1689,0.0,-4.012406121286934
DM_RNA_g.24465.CDS.1700,0.0,-2.6093435113188405e-32
DM_RNA_g.24465.CDS.1701,0.0,0.0
DM_RNA_g.24465.CDS.1704,0.0,-9.875362074494136
DM_RNA_g.24465.CDS.1711,0.0,-4.927005346921005
DM_RNA_g.24465.CDS.1714,0.0,-3.0178660090442557
DM_RNA_g.24465.CDS.1722,0.0,-5.709444031262351
DM_RNA_g.24465.CDS.1723,0.0,-11.746806016474233
DM_RNA_g.24465.CDS.1724,0.0,-5.796109097778008
DM_RNA_g.24465.CDS.1725,0.0,-6.010041407536895
DM_RNA_g.24465.CDS.1726,0.0,-2.6849754388302327
DM_RNA_1130798.3.peg.1726,0.0,-12.305319980194954
DM_RNA_g.24465.CDS.1729,0.0,1.875252463343001e-32
DM_RNA_g.24465.CDS.1732,0.0,-13.636367223498482
DM_RNA_g.24465.CDS.1733,0.0,-4.844507245975956
DM_RNA_g.24465.CDS.1739,0.0,-1.540065571680172e-32
DM_RNA_g.24465.CDS.1749,0.0,-14.105336245401846
DM_RNA_g.24465.CDS.1750,0.0,-3.3183693669257397
DM_RNA_g.24465.CDS.1752,0.0,-9.292754498291298
DM_RNA_g.24465.CDS.1754,0.0,0.0
DM_RNA_1130798.3.peg.1759,0.0,-8.87535819312315
DM_RNA_1130798.3.peg.1760,0.0,-7.805557796549735
DM_RNA_g.24465.CDS.1761,0.0,0.0
DM_RNA_g.24465.CDS.1763,0.0,2.2400607282279705e-32
DM_RNA_g.24465.CDS.1768,0.0,0.0
DM_RNA_1130798.3.peg.1768,0.0,2.625234150391822e-32
DM_RNA_1130798.3.peg.1771,0.0,-9.252940740783488
DM_RNA_g.24465.CDS.1773,0.0,-6.041380452162305
DM_RNA_1130798.3.peg.1773,0.0,-6.695903927038005
DM_RNA_g.24465.CDS.1774,0.0,-12.961586423173813
DM_RNA_1130798.3.peg.1774,0.0,-5.141543530350378
DM_RNA_1130798.3.peg.1775,0.0,-4.498529172580571
DM_RNA_g.24465.CDS.1779,0.0,-2.741935662196724
DM_RNA_g.24465.CDS.1782,0.0,-4.693550062882115
DM_RNA_g.24465.CDS.1786,0.0,-2.085837432679544
DM_RNA_g.24465.CDS.1788,0.0,-2.6149223056254867
DM_RNA_g.24465.CDS.1792,0.0,2.4974139411395854e-32
DM_RNA_g.24465.CDS.1801,0.0,0.0
DM_RNA_g.24465.CDS.1807,0.0,-8.403738731437432
DM_RNA_g.24465.CDS.1812,0.0,-1.816436084744773
DM_RNA_1130798.3.peg.1813,0.0,-7.411708819812253
DM_RNA_g.24465.CDS.1817,0.0,-1.727530053141419
DM_RNA_g.24465.CDS.1818,0.0,-5.989543578017643
DM_RNA_g.24465.CDS.1821,0.0,-4.023828931611996
DM_RNA_g.24465.CDS.1829,0.0,-8.46413298005687
DM_RNA_g.24465.CDS.1831,0.0,-3.1294243921036893
DM_RNA_g.24465.CDS.1832,0.0,-6.833735432948995
DM_RNA_g.24465.CDS.1833,0.0,-2.4999540438463757
DM_RNA_g.24465.CDS.1834,0.0,0.0
DM_RNA_g.24465.CDS.1835,0.0,-7.7155548195934
DM_RNA_g.24465.CDS.1836,0.0,-3.927638684210503
DM_RNA_g.24465.CDS.1838,0.0,-6.4129015113806975
DM_RNA_g.24465.CDS.1840,0.0,-3.517966045301234
DM_RNA_g.24465.CDS.1846,0.0,-4.33356983613084
DM_RNA_g.24465.CDS.1849,0.0,-10.807735343317367
DM_RNA_g.24465.CDS.1852,0.0,0.0
DM_RNA_1130798.3.peg.1852,0.0,0.0
DM_RNA_g.24465.CDS.1857,0.0,-11.09377362470626
DM_RNA_1130798.3.peg.1857,0.0,-7.524661550010491
DM_RNA_g.24465.CDS.1860,0.0,-6.376880922539062
DM_RNA_g.24465.CDS.1865,0.0,-24.75565682105451
DM_RNA_g.24465.CDS.1872,0.0,-3.8891437208295323
DM_RNA_g.24465.CDS.1875,0.0,0.0
DM_RNA_g.24465.CDS.1876,0.0,-8.310108973189605
DM_RNA_g.24465.CDS.1881,0.0,-2.798994336025377e-32
DM_RNA_g.24465.CDS.1883,0.0,0.0
DM_RNA_g.24465.CDS.1886,0.0,-6.897742430318068
DM_RNA_g.24465.CDS.1887,0.0,-5.947065880169227
DM_RNA_g.24465.CDS.1889,0.0,0.0
DM_RNA_g.24465.CDS.1896,0.0,-11.4720104832285
DM_RNA_g.24465.CDS.1901,0.0,-15.281725678527959
DM_RNA_g.24465.CDS.1905,0.0,0.0
DM_RNA_g.24465.CDS.1906,0.0,-0.8434712603412583
DM_RNA_g.24465.CDS.1909,0.0,-1.7462477066188424
DM_RNA_g.24465.CDS.1910,0.0,-2.95707491567151
DM_RNA_g.24465.CDS.1933,0.0,-17.31850522685959
DM_RNA_g.24465.CDS.1936,0.0,-1.4765140209683527
DM_RNA_g.24465.CDS.1938,0.0,2.0994374488543244e-32
DM_RNA_g.24465.CDS.1947,0.0,-4.94316761948921
DM_RNA_g.24465.CDS.1948,0.0,-12.36654051762357
DM_RNA_g.24465.CDS.1957,0.0,-0.660080297481713
DM_RNA_g.24465.CDS.1959,0.0,-15.849385328708276
DM_RNA_g.24465.CDS.1962,0.0,-11.125181872200486
DM_RNA_g.24465.CDS.1963,0.0,-2.968213611279365e-32
DM_RNA_g.24465.CDS.1967,0.0,-6.87038993755366
DM_RNA_g.24465.CDS.1973,0.0,0.0
DM_RNA_g.24465.CDS.1982,0.0,-3.1912928297955667
DM_RNA_g.24465.CDS.1986,0.0,-3.8055431490074962
DM_RNA_g.24465.CDS.1989,0.0,-8.978405374437976
DM_RNA_1130798.3.peg.1993,0.0,0.0
DM_RNA_LBLM1_RS01255,0.0,-0.7127671886139697
DM_RNA_LBLM1_RS01380,0.0,-0.5567536124160981
DM_RNA_LBLM1_RS01385,0.0,-0.6847506475744071
DM_RNA_LBLM1_RS01405,0.0,-0.6842232123213381
DM_RNA_LBLM1_RS01410,0.0,-0.5142862018872109
DM_RNA_LBLM1_RS01415,0.0,-0.5709640776617084
DM_RNA_LBLM1_RS01420,0.0,-0.6842232123213381
DM_RNA_LBLM1_RS01425,0.0,-0.5142862018872109
DM_RNA_LBLM1_RS01430,0.0,-0.6842232123213381
DM_RNA_LBLM1_RS01885,0.0,-11.210636328701543
DM_RNA_LBLM1_RS01890,0.0,-0.6276598753304022
DM_RNA_LBLM1_RS01895,0.0,-0.6134173418552631
DM_RNA_LBLM1_RS01900,0.0,-18.97963918374675
DM_RNA_LBLM1_RS01905,0.0,-0.8709298359220807
DM_RNA_LBLM1_RS01910,0.0,-0.6427715966506756
DM_RNA_LBLM1_RS01915,0.0,-0.5708325728840725
DM_RNA_LBLM1_RS01920,0.0,-0.5567536124160981
DM_RNA_LBLM1_RS01925,0.0,-0.726794790857318
DM_RNA_LBLM1_RS01930,0.0,-0.6705411382289186
DM_RNA_LBLM1_RS01935,0.0,-0.47154727478520253
DM_RNA_LBLM1_RS01940,0.0,-0.6701956100779897
DM_RNA_LBLM1_RS01945,0.0,-0.47160104046779117
DM_RNA_LBLM1_RS01950,0.0,-0.7558233511962418
DM_RNA_LBLM1_RS02040,0.0,-0.5850609600238791
DM_RNA_LBLM1_RS02550,0.0,-0.7132479971013982
DM_RNA_LBLM1_RS02555,0.0,-0.7132479971013982
DM_RNA_LBLM1_RS02560,0.0,-0.7132479971013982
DM_RNA_LBLM1_RS02565,0.0,-0.7415940081563133
DM_RNA_LBLM1_RS02615,0.0,-0.6132603640657036
DM_RNA_LBLM1_RS03405,0.0,-0.5425973250538554
DM_RNA_LBLM1_RS03830,0.0,-11.182294093205492
DM_RNA_LBLM1_RS03835,0.0,-0.6276598753304022
DM_RNA_LBLM1_RS03840,0.0,-0.6134173418552631
DM_RNA_LBLM1_RS03845,0.0,-18.979646734864478
DM_RNA_LBLM1_RS03850,0.0,-0.8709298359220807
DM_RNA_LBLM1_RS03855,0.0,-0.5567536124160981
DM_RNA_LBLM1_RS03860,0.0,-0.5708533144370104
DM_RNA_LBLM1_RS04200,0.0,-0.6560058863853172
DM_RNA_LBLM1_RS06135,0.0,-0.6701956100779897
DM_RNA_LBLM1_RS06140,0.0,-0.6705411382289186
DM_RNA_LBLM1_RS06145,0.0,-0.726794790857318
DM_RNA_LBLM1_RS06150,0.0,-0.712763413055106
DM_RNA_LBLM1_RS06155,0.0,-0.7693739205110253
DM_RNA_LBLM1_RS06160,0.0,-0.6560058863853172
DM_RNA_LBLM1_RS06165,0.0,-0.5142862018872109
DM_RNA_LBLM1_RS06170,0.0,-0.5708533144370104
DM_RNA_LBLM1_RS06175,0.0,-0.5567498368572344
DM_RNA_LBLM1_RS06180,0.0,-0.5708325728840725
DM_RNA_LBLM1_RS06185,0.0,-0.8709298359220807
DM_RNA_LBLM1_RS06190,0.0,-19.03631987917999
DM_RNA_LBLM1_RS06195,0.0,-11.153850509361089
DM_RNA_LBLM1_RS06265,0.0,-0.6417454310159819
DM_RNA_LBLM1_RS07350,0.0,-0.7276960469319811
DM_RNA_LBLM1_RS07495,0.0,-0.726794790857318
DM_RNA_LBLM1_RS07500,0.0,-0.712763413055106
DM_RNA_LBLM1_RS07505,0.0,-0.6560143934031665
DM_RNA_LBLM1_RS07510,0.0,-0.5708325728840725
DM_RNA_LBLM1_RS07515,0.0,-0.6276598753304022
DM_RNA_LBLM1_RS07520,0.0,-0.7693739205110253
DM_RNA_LBLM1_RS07525,0.0,-0.6560058863853172
DM_RNA_LBLM1_RS07530,0.0,-0.5142862018872109
DM_RNA_LBLM1_RS07535,0.0,-0.6842232123213381
DM_RNA_LBLM1_RS07540,0.0,-0.5850751063592117
DM_RNA_LBLM1_RS07545,0.0,-0.5708533144370104
DM_RNA_LBLM1_RS07550,0.0,-0.5567536124160981
DM_RNA_LBLM1_RS07555,0.0,-0.8421020794343484
DM_RNA_LBLM1_RS07560,0.0,-18.922950937195786
DM_RNA_LBLM1_RS07565,0.0,-11.168061930506822
DM_RNA_LBLM1_RS08025,0.0,-0.712763413055106
DM_RNA_LBLM1_RS08030,0.0,-0.6560143934031665
DM_RNA_LBLM1_RS08035,0.0,-0.5708325728840725
DM_RNA_LBLM1_RS08040,0.0,-0.5991785839389876
DM_RNA_LBLM1_RS08045,0.0,-0.6851386147313338
DM_RNA_LBLM1_RS08050,0.0,-0.6276636508892658
DM_RNA_LBLM1_RS08055,0.0,-0.61325658850684
DM_RNA_LBLM1_RS08060,0.0,-0.726794790857318
DM_RNA_LBLM1_RS08065,0.0,-0.712763413055106
DM_RNA_LBLM1_RS08070,0.0,-0.6560143934031665
DM_RNA_LBLM1_RS08075,0.0,-0.6851348391724701
DM_RNA_LBLM1_RS08080,0.0,-0.5992968982814129
DM_RNA_LBLM1_RS08085,0.0,-0.7693776960698888
DM_RNA_LBLM1_RS08090,0.0,-0.6560058863853172
DM_RNA_LBLM1_RS08095,0.0,-0.5142862018872109
DM_RNA_LBLM1_RS08100,0.0,-0.7133597162262182
DM_RNA_LBLM1_RS08105,0.0,-0.6842232123213381
DM_RNA_LBLM1_RS08110,0.0,-0.6417812748043743
DM_RNA_LBLM1_RS08115,0.0,-0.5850751063592117
DM_RNA_LBLM1_RS08120,0.0,-0.5567536124160981
DM_RNA_LBLM1_RS08125,0.0,-0.8425838248671657
DM_RNA_LBLM1_RS08130,0.0,-19.007973868125077
DM_RNA_LBLM1_RS08135,0.0,-0.6134173418552631
DM_RNA_LBLM1_RS08140,0.0,-0.6276598753304022
DM_RNA_LBLM1_RS08145,0.0,-11.182297868764355
DM_RNA_LBLM1_RS08715,0.0,-0.4291119324858441
DM_RNA_LBLM1_RS08720,0.0,-0.6700989931886242
DM_RNA_LBLM1_RS09120,0.0,-0.7125767744939804
DM_RNA_LBLM1_RS09665,0.0,-0.7700328605417301
DM_RNA_LBLM1_RS09720,0.0,-0.5708533144370104
DM_RNA_LBLM1_RS09725,0.0,-0.6705449137877822
DM_RNA_LBLM1_RS09800,0.0,-0.5283793086905179
DM_RNA_LBLM1_RS09805,0.0,-0.6417454310159819
DM_RNA_LBLM1_RS09810,0.0,-0.8421020794343484
DM_RNA_LBLM1_RS09815,0.0,-18.96540702104808
DM_RNA_LBLM1_RS09820,0.0,-11.182290317646627
DM_RNA_LBLM1_RS10095,0.0,-0.5709961458912373
DM_RNA_LBLM1_RS10145,0.0,-0.5000540391885406
DM_RNA_LBLM1_RS10150,0.0,-0.870937387039808
DM_RNA_LBLM1_RS10155,0.0,-18.979642959305615
DM_RNA_LBLM1_RS10160,0.0,-11.182294093205492
DM_RNA_LBLM1_RS10170,0.0,-0.8421020794343484
DM_RNA_LBLM1_RS10175,0.0,-18.97963918374675
DM_RNA_LBLM1_RS10180,0.0,-11.210636328701543
DM_RNA_LBLM1_RS10745,0.0,-0.6417643088103001
DM_RNA_LBLM1_RS10750,0.0,-0.6417643088103001
DM_RNA_LBLM1_RS11195,0.0,-0.5142437628812131
formation_1130798.3.peg.1018-MONOMER,1.2643758010112618e-08,0.0
formation_1130798.3.peg.1019-MONOMER,1.766367723525051e-08,0.0
formation_1130798.3.peg.1020-MONOMER,0.0,3.790498245051613e-34
formation_1130798.3.peg.1021-MONOMER,1.3464324548387247e-08,0.0
formation_1130798.3.peg.1046-MONOMER,0.0,0.0
formation_1130798.3.peg.1053-MONOMER,0.0,0.0
formation_1130798.3.peg.1088-MONOMER,0.0,0.0
formation_1130798.3.peg.1119-MONOMER,0.0,0.0
formation_1130798.3.peg.1127-MONOMER,8.559931703339591e-08,3.853946483834054e-34
formation_1130798.3.peg.1128-MONOMER,1.7722467053549017e-07,0.0
formation_1130798.3.peg.1139-MONOMER,1.2533725563657107e-08,-3.553915298997802e-34
formation_1130798.3.peg.1171-MONOMER,0.0,0.0
formation_1130798.3.peg.1187-MONOMER,1.6854296783366673e-07,0.0
formation_1130798.3.peg.1237-MONOMER,0.0,0.0
formation_1130798.3.peg.1238-MONOMER,0.0,-3.007506425466088e-34
formation_1130798.3.peg.1257-MONOMER,2.193266709692594e-06,0.0
formation_1130798.3.peg.1258-MONOMER,8.332572570894357e-07,9.878564619007844e-35
formation_1130798.3.peg.1259-MONOMER,2.3891573942404076e-06,3.8247960959393648e-34
formation_1130798.3.peg.1260-MONOMER,2.7040820789118954e-06,0.0
formation_1130798.3.peg.1303-MONOMER,0.0,1.2095032969150388e-34
formation_1130798.3.peg.1307-MONOMER,0.0,0.0
formation_1130798.3.peg.133-MONOMER,5.022195592369763e-10,0.0
formation_1130798.3.peg.135-MONOMER,0.0,0.0
formation_1130798.3.peg.1358-MONOMER,0.0,0.0
formation_1130798.3.peg.137-MONOMER,0.0,0.0
formation_1130798.3.peg.1371-MONOMER,0.0,-9.918207207352337e-35
formation_1130798.3.peg.1377-MONOMER,5.754366824732657e-10,0.0
formation_1130798.3.peg.1398-MONOMER,0.0,0.0
formation_1130798.3.peg.1402-MONOMER,4.882120556454423e-10,0.0
formation_1130798.3.peg.1440-MONOMER,0.0,-1.0842984563100608e-34
formation_1130798.3.peg.1450-MONOMER,0.0,0.0
formation_1130798.3.peg.1548-MONOMER,1.8959810956044736e-08,1.7940830848412657e-33
formation_1130798.3.peg.1574-MONOMER,0.0,-2.389462843280416e-34
formation_1130798.3.peg.16-MONOMER,0.0,0.0
formation_1130798.3.peg.1643-MONOMER,0.0,0.0
formation_1130798.3.peg.1670-MONOMER,0.0,1.609928071122504e-34
formation_1130798.3.peg.1671-MONOMER,3.339105016111345e-08,0.0
formation_1130798.3.peg.17-MONOMER,0.0,0.0
formation_1130798.3.peg.1726-MONOMER,0.0,1.4534164390555873e-34
formation_1130798.3.peg.1759-MONOMER,4.768449478357822e-08,-2.3011447207953945e-34
formation_1130798.3.peg.1768-MONOMER,0.0,0.0
formation_1130798.3.peg.1773-MONOMER,0.0,-2.240883230811104e-34
formation_1130798.3.peg.1774-MONOMER,0.0,1.0908644943579802e-34
formation_1130798.3.peg.1775-MONOMER,0.0,0.0
formation_1130798.3.peg.1813-MONOMER,9.725950641019788e-08,-1.8578717998962487e-34
formation_1130798.3.peg.1852-MONOMER,0.0,-2.580193422734438e-34
formation_1130798.3.peg.1857-MONOMER,8.969249518736619e-08,1.8426844751670632e-34
formation_1130798.3.peg.19-MONOMER,1.0121996770679943e-09,0.0
formation_1130798.3.peg.193-MONOMER,1.2392687826682878e-08,0.0
formation_1130798.3.peg.1993-MONOMER,0.0,0.0
formation_1130798.3.peg.203-MONOMER,0.0,-3.1931020576218623e-34
formation_1130798.3.peg.232-MONOMER,0.0,0.0
formation_1130798.3.peg.233-MONOMER,0.0,6.078978304287394e-34
formation_1130798.3.peg.234-MONOMER,4.196957743449967e-09,2.995776041456582e-34
formation_1130798.3.peg.235-MONOMER,0.0,0.0
formation_1130798.3.peg.236-MONOMER,0.0,0.0
formation_1130798.3.peg.237-MONOMER,0.0,1.2540794867163097e-34
formation_1130798.3.peg.238-MONOMER,0.0,0.0
formation_1130798.3.peg.239-MONOMER,0.0,0.0
formation_1130798.3.peg.240-MONOMER,0.0,0.0
formation_1130798.3.peg.241-MONOMER,0.0,1.5634332975807664e-34
formation_1130798.3.peg.242-MONOMER,7.54231476685648e-09,-2.865710599467627e-34
formation_1130798.3.peg.243-MONOMER,0.0,1.985199909358872e-34
formation_1130798.3.peg.245-MONOMER,0.0,0.0
formation_1130798.3.peg.247-MONOMER,3.4465666979147075e-06,9.358497174492843e-35
formation_1130798.3.peg.280-MONOMER,6.565542861621512e-09,-3.25946950118395e-34
formation_1130798.3.peg.290-MONOMER,0.0,0.0
formation_1130798.3.peg.300-MONOMER,0.0,3.2926649724406493e-34
formation_1130798.3.peg.33-MONOMER,1.717730304020848e-08,1.13427621927749e-34
formation_1130798.3.peg.440-MONOMER,0.0,-8.315537849538289e-35
formation_1130798.3.peg.441-MONOMER,0.0,-5.951975386252683e-35
formation_1130798.3.peg.451-MONOMER,0.0,1.3050751125130475e-34
formation_1130798.3.peg.452-MONOMER,0.0,1.336102076362356e-34
formation_1130798.3.peg.476-MONOMER,0.0,1.8499645054360116e-34
formation_1130798.3.peg.53-MONOMER,0.0,1.7659030200149594e-34
formation_1130798.3.peg.530-MONOMER,6.25879474801147e-08,0.0
formation_1130798.3.peg.54-MONOMER,0.0,-3.0307555497715137e-34
formation_1130798.3.peg.570-MONOMER,0.0,0.0
formation_1130798.3.peg.640-MONOMER,5.734690903380267e-09,0.0
formation_1130798.3.peg.641-MONOMER,0.0,0.0
formation_1130798.3.peg.642-MONOMER,6.985690355954957e-09,0.0
formation_1130798.3.peg.643-MONOMER,0.0,-2.400699923056116e-34
formation_1130798.3.peg.644-MONOMER,7.768567327172264e-09,0.0
formation_1130798.3.peg.645-MONOMER,7.584396899028383e-09,6.037038209198269e-35
formation_1130798.3.peg.646-MONOMER,0.0,1.0748126946319722e-34
formation_1130798.3.peg.649-MONOMER,1.1552208415103248e-08,0.0
formation_1130798.3.peg.650-MONOMER,4.9282271566979155e-09,0.0
formation_1130798.3.peg.651-MONOMER,0.0,0.0
formation_1130798.3.peg.710-MONOMER,0.0,0.0
formation_1130798.3.peg.748-MONOMER,0.0,0.0
formation_1130798.3.peg.826-MONOMER,0.0,0.0
formation_1130798.3.peg.842-MONOMER,0.0,4.27803589187611e-34
formation_1130798.3.peg.846-MONOMER,0.0,-3.478989184033782e-34
formation_1130798.3.peg.938-MONOMER,7.384201835355157e-10,0.0
formation_1130798.3.peg.969-MONOMER,0.0,0.0
formation_1130798.3.peg.972-MONOMER,0.0,0.0
formation_1130798.3.peg.995-MONOMER,8.65348694164465e-07,0.0
formation_CPLX_3OAS100-0,4.210237066887017e-08,0.0
formation_CPLX_5AIZCDC-0,0.0,4.229995776758455e-34
formation_CPLX_5AIZCDC-1,0.0,0.0
formation_CPLX_ACCOACL-0,0.0,5.024923751534807e-34
formation_CPLX_ACGApts-0,1.1659815156647926e-07,0.0
formation_CPLX_ACGApts-1,0.0,-5.7896409102471225e-34
formation_CPLX_ACLS_a-0,0.0,0.0
formation_CPLX_ALAPGPL-0,0.0,-4.683673239194817e-34
formation_CPLX_ALPHNH-0,0.0,0.0
formation_CPLX_BTNCLi-0,0.0,-6.349299902131828e-34
formation_CPLX_BTNCLi-1,0.0,0.0
formation_CPLX_BTNCLi-2,0.0,0.0
formation_CPLX_BTNCLi-3,0.0,0.0
formation_CPLX_BTNCLi-4,0.0,-6.363777063113275e-34
formation_CPLX_BTNCLi-5,0.0,-6.268970833977945e-34
formation_CPLX_BTNCLi-6,0.0,6.4269687538063555e-34
formation_CPLX_BTNCLi-7,0.0,0.0
formation_CPLX_CHLabc-0,0.0,8.702073038436552e-33
formation_CPLX_DADNK-0,0.0,7.230550875201144e-35
formation_CPLX_DADNK-1,0.0,0.0
formation_CPLX_DADNK-2,0.0,-1.7278545077185455e-35
formation_CPLX_FPGS7-0,0.0,0.0
formation_CPLX_G3PAT120-0,5.466245685056226e-09,0.0
formation_CPLX_GALTpts-0,0.0,6.371341259508707e-34
formation_CPLX_GALTpts-1,0.0,-7.083040247539404e-34
formation_CPLX_GLGC-0,0.0,-6.4822164590592275e-34
formation_CPLX_MANpts-0,0.0,-1.4373327216184698e-33
formation_CPLX_MANpts-1,0.0,-9.696016417747018e-34
formation_CPLX_METDabc-0,4.4870389283854e-07,8.986951500233884e-35
formation_CPLX_METDabc-1,0.0,0.0
formation_CPLX_PTRCabc-0,2.992763853362423e-10,2.3166023851968747e-34
formation_CPLX_RNDR1-0,0.0,-3.894902702752607e-34
formation_CPLX_SUCpts-0,1.3519793132964178e-08,9.597682919396334e-34
formation_CPLX_SUCpts-1,0.0,-1.4620744388919234e-33
formation_CPLX_THMabc-0,2.9114700151811486e-10,0.0
formation_CPLX_THZPSN-0,0.0,-3.0784699695623265e-34
formation_CPLX_THZPSN-1,0.0,0.0
formation_CPLX_UPPRT-0,0.0,0.0
formation_CPLX_YUMPS-0,0.0,0.0
formation_CPLX_ZNabc-0,0.0,0.0
formation_CPLX_dreplication-0,0.0,0.0
formation_CPLX_dreplication-1,0.0,-5.502030997985435e-33
formation_CPLX_dreplication-2,0.0,-5.0234026111791187e-33
formation_CPLX_dreplication-3,0.0,-1.0004455062152517e-32
formation_CPLX_dreplication-4,0.0,-6.560898059518307e-33
formation_CPLX_dreplication-5,0.0,0.0
formation_CPLX_dreplication-6,0.0,5.062211576873175e-33
formation_CPLX_dreplication-7,0.0,-5.0411052405323584e-33
formation_CPLX_pbiosynthesis-0,2.7475774037867503e-11,-5.796766227117882e-31
formation_CPLX_pbiosynthesis-1,2.7475774037867503e-11,-1.3000514548196413e-30
formation_CPLX_rtranscription-0,8.614868237128777e-11,-5.68709460798367e-31
formation_g.24465.CDS.0-MONOMER,0.0,1.0890421423875606e-34
formation_g.24465.CDS.1-MONOMER,4.705092510221937e-09,-1.4719419192319983e-34
formation_g.24465.CDS.1002-MONOMER,0.0,0.0
formation_g.24465.CDS.1005-MONOMER,1.0364305882334713e-09,0.0
formation_g.24465.CDS.1009-MONOMER,4.55278274126989e-06,0.0
formation_g.24465.CDS.1011-MONOMER,5.487970986397433e-08,0.0
formation_g.24465.CDS.1012-MONOMER,0.0,0.0
formation_g.24465.CDS.1017-MONOMER,0.0,0.0
formation_g.24465.CDS.1021-MONOMER,0.0,0.0
formation_g.24465.CDS.1026-MONOMER,0.0,0.0
formation_g.24465.CDS.1038-MONOMER,0.0,-2.0592325042131694e-34
formation_g.24465.CDS.1039-MONOMER,4.552755265495852e-06,0.0
formation_g.24465.CDS.104-MONOMER,4.552755265495852e-06,0.0
formation_g.24465.CDS.1052-MONOMER,0.0,0.0
formation_g.24465.CDS.106-MONOMER,0.0,0.0
formation_g.24465.CDS.1061-MONOMER,0.0,0.0
formation_g.24465.CDS.1070-MONOMER,1.1770795949065002e-09,0.0
formation_g.24465.CDS.1073-MONOMER,0.0,0.0
formation_g.24465.CDS.1074-MONOMER,0.0,0.0
formation_g.24465.CDS.110-MONOMER,8.057060424757005e-09,5.26363220870015e-35
formation_g.24465.CDS.1105-MONOMER,2.3792850699247755e-09,0.0
formation_g.24465.CDS.1108-MONOMER,4.552755265495852e-06,0.0
formation_g.24465.CDS.111-MONOMER,3.073288130681161e-12,0.0
formation_g.24465.CDS.1116-MONOMER,0.0,0.0
formation_g.24465.CDS.1119-MONOMER,0.0,-5.467687589323002e-34
formation_g.24465.CDS.112-MONOMER,0.0,2.047979795467476e-35
formation_g.24465.CDS.1120-MONOMER,0.0,0.0
formation_g.24465.CDS.1128-MONOMER,0.0,0.0
formation_g.24465.CDS.1134-MONOMER,0.0,0.0
formation_g.24465.CDS.1140-MONOMER,0.0,0.0
formation_g.24465.CDS.1141-MONOMER,4.552755265495852e-06,0.0
formation_g.24465.CDS.1154-MONOMER,0.0,0.0
formation_g.24465.CDS.1156-MONOMER,4.552755265495852e-06,0.0
formation_g.24465.CDS.116-MONOMER,2.4731187382322325e-12,0.0
formation_g.24465.CDS.1162-MONOMER,0.0,0.0
formation_g.24465.CDS.1168-MONOMER,4.552755265495852e-06,-5.2033105312784115e-34
formation_g.24465.CDS.1173-MONOMER,0.0,0.0
formation_g.24465.CDS.1174-MONOMER,0.0,0.0
formation_g.24465.CDS.1182-MONOMER,0.0,3.2641693304862656e-34
formation_g.24465.CDS.1186-MONOMER,0.0,0.0
formation_g.24465.CDS.1187-MONOMER,0.0,0.0
formation_g.24465.CDS.1189-MONOMER,0.0,0.0
formation_g.24465.CDS.1194-MONOMER,0.0,0.0
formation_g.24465.CDS.1201-MONOMER,0.0,0.0
formation_g.24465.CDS.1202-MONOMER,3.0985351374207055e-09,0.0
formation_g.24465.CDS.1211-MONOMER,4.55278274126989e-06,1.6313720585646061e-34
formation_g.24465.CDS.1215-MONOMER,0.0,1.1262469897619342e-34
formation_g.24465.CDS.1222-MONOMER,3.756320079456883e-07,-6.014857783697289e-34
formation_g.24465.CDS.1233-MONOMER,3.6966623485403246e-10,0.0
formation_g.24465.CDS.1238-MONOMER,0.0,0.0
formation_g.24465.CDS.1240-MONOMER,2.8279739086624708e-12,-1.6060226667285474e-34
formation_g.24465.CDS.1244-MONOMER,0.0,-2.9380536742366552e-34
formation_g.24465.CDS.1249-MONOMER,4.552755265495852e-06,-2.4507154825590583e-34
formation_g.24465.CDS.1252-MONOMER,4.552755265495852e-06,0.0
formation_g.24465.CDS.1258-MONOMER,0.0,-2.4952647079935906e-34
formation_g.24465.CDS.1276-MONOMER,2.1136721978973936e-08,0.0
formation_g.24465.CDS.1279-MONOMER,0.0,4.562569579225578e-34
formation_g.24465.CDS.128-MONOMER,4.758570139849557e-09,-5.068304872230636e-34
formation_g.24465.CDS.1280-MONOMER,0.0,0.0
formation_g.24465.CDS.129-MONOMER,6.826513317152089e-09,0.0
formation_g.24465.CDS.1291-MONOMER,4.552755265495852e-06,0.0
formation_g.24465.CDS.1301-MONOMER,0.0,0.0
formation_g.24465.CDS.1307-MONOMER,0.0,0.0
formation_g.24465.CDS.1317-MONOMER,0.0,2.3068098975204534e-34
formation_g.24465.CDS.1318-MONOMER,4.552755265495852e-06,0.0
formation_g.24465.CDS.1321-MONOMER,0.0,0.0
formation_g.24465.CDS.1326-MONOMER,5.908911505642875e-08,-1.6392332543850358e-34
formation_g.24465.CDS.133-MONOMER,0.0,0.0
formation_g.24465.CDS.1334-MONOMER,4.552755265495852e-06,0.0
formation_g.24465.CDS.1337-MONOMER,3.9910126828253516e-07,2.08151179864502e-34
formation_g.24465.CDS.1338-MONOMER,0.0,0.0
formation_g.24465.CDS.1344-MONOMER,0.0,0.0
formation_g.24465.CDS.1352-MONOMER,0.0,-1.149630666139151e-34
formation_g.24465.CDS.1354-MONOMER,2.3792850699247755e-09,-2.0117548715376525e-34
formation_g.24465.CDS.136-MONOMER,2.8534677851278023e-09,0.0
formation_g.24465.CDS.1362-MONOMER,0.0,0.0
formation_g.24465.CDS.1368-MONOMER,0.0,0.0
formation_g.24465.CDS.1370-MONOMER,0.0,0.0
formation_g.24465.CDS.1383-MONOMER,0.0,0.0
formation_g.24465.CDS.1386-MONOMER,2.738344820184199e-08,0.0
formation_g.24465.CDS.1393-MONOMER,0.0,0.0
formation_g.24465.CDS.1394-MONOMER,1.6698434365203087e-08,0.0
formation_g.24465.CDS.1397-MONOMER,3.239538380856827e-08,0.0
formation_g.24465.CDS.1398-MONOMER,0.0,0.0
formation_g.24465.CDS.1407-MONOMER,3.7634360886684e-09,0.0
formation_g.24465.CDS.1418-MONOMER,0.0,0.0
formation_g.24465.CDS.1419-MONOMER,1.0046141760073455e-07,0.0
formation_g.24465.CDS.1421-MONOMER,4.552755265495852e-06,0.0
formation_g.24465.CDS.1424-MONOMER,0.0,0.0
formation_g.24465.CDS.1425-MONOMER,2.8279739086624708e-12,7.066406297264339e-33
formation_g.24465.CDS.1429-MONOMER,5.393926671753483e-07,0.0
formation_g.24465.CDS.1433-MONOMER,4.552755265495852e-06,9.13840048549053e-35
formation_g.24465.CDS.1437-MONOMER,3.4965115992062447e-07,0.0
formation_g.24465.CDS.1442-MONOMER,4.552755265495852e-06,0.0
formation_g.24465.CDS.1451-MONOMER,1.7210396509766372e-07,4.238534563619504e-34
formation_g.24465.CDS.1456-MONOMER,4.552755265495852e-06,-7.107147094314269e-35
formation_g.24465.CDS.1461-MONOMER,4.552755265495852e-06,0.0
formation_g.24465.CDS.1464-MONOMER,0.0,-3.0664182128605953e-34
formation_g.24465.CDS.1465-MONOMER,3.496851671707304e-07,-3.075455610466678e-35
formation_g.24465.CDS.1468-MONOMER,0.0,0.0
formation_g.24465.CDS.147-MONOMER,0.0,-2.3394011056350285e-34
formation_g.24465.CDS.1476-MONOMER,4.552755265495852e-06,1.6808130860025317e-34
formation_g.24465.CDS.1496-MONOMER,4.552755265495852e-06,0.0
formation_g.24465.CDS.1499-MONOMER,1.37785973854363e-13,-2.3935392756751837e-34
formation_g.24465.CDS.15-MONOMER,0.0,0.0
formation_g.24465.CDS.1513-MONOMER,7.916459682530115e-08,-1.4503632218890907e-34
formation_g.24465.CDS.1517-MONOMER,9.198538585972957e-14,-2.3071447627359327e-34
formation_g.24465.CDS.1518-MONOMER,2.3751236155155027e-09,8.708701980889672e-35
formation_g.24465.CDS.1525-MONOMER,3.3024625535748174e-07,0.0
formation_g.24465.CDS.1526-MONOMER,0.0,2.2672276338838316e-34
formation_g.24465.CDS.1552-MONOMER,0.0,1.99387486452958e-34
formation_g.24465.CDS.1555-MONOMER,0.0,1.429193971814049e-34
formation_g.24465.CDS.1562-MONOMER,0.0,0.0
formation_g.24465.CDS.157-MONOMER,0.0,1.8499645054360116e-34
formation_g.24465.CDS.1576-MONOMER,0.0,0.0
formation_g.24465.CDS.1579-MONOMER,2.3455946785598324e-08,-2.0095771054041536e-33
formation_g.24465.CDS.1588-MONOMER,8.614868237128777e-11,-4.0071157766693446e-35
formation_g.24465.CDS.16-MONOMER,0.0,0.0
formation_g.24465.CDS.1603-MONOMER,6.747866091156529e-08,0.0
formation_g.24465.CDS.1605-MONOMER,8.614868237128777e-11,9.167002989770155e-35
formation_g.24465.CDS.1608-MONOMER,0.0,0.0
formation_g.24465.CDS.1609-MONOMER,4.552755265495852e-06,0.0
formation_g.24465.CDS.1625-MONOMER,4.552755265495852e-06,0.0
formation_g.24465.CDS.163-MONOMER,6.405710507583903e-07,0.0
formation_g.24465.CDS.1642-MONOMER,4.552755265495852e-06,0.0
formation_g.24465.CDS.1650-MONOMER,4.161454409272878e-12,-2.821419373365739e-34
formation_g.24465.CDS.1656-MONOMER,4.552755265495852e-06,0.0
formation_g.24465.CDS.1657-MONOMER,4.552755265495852e-06,-5.787898444028744e-35
formation_g.24465.CDS.1659-MONOMER,5.1675815314324625e-08,0.0
formation_g.24465.CDS.1667-MONOMER,0.0,1.9607049018547247e-34
formation_g.24465.CDS.1671-MONOMER,4.552755265495852e-06,0.0
formation_g.24465.CDS.1672-MONOMER,1.3452937853369836e-07,0.0
formation_g.24465.CDS.1686-MONOMER,3.7976896092144214e-13,-2.6536083880879392e-34
formation_g.24465.CDS.1689-MONOMER,4.55278274126989e-06,0.0
formation_g.24465.CDS.1700-MONOMER,0.0,0.0
formation_g.24465.CDS.1701-MONOMER,0.0,-3.3750767233170244e-34
formation_g.24465.CDS.1704-MONOMER,3.348558796230691e-08,0.0
formation_g.24465.CDS.1711-MONOMER,1.1831278505283413e-07,0.0
formation_g.24465.CDS.1714-MONOMER,4.552755265495852e-06,3.8770916742589506e-35
formation_g.24465.CDS.172-MONOMER,1.1031448116965706e-07,-1.4855317834058897e-34
formation_g.24465.CDS.1722-MONOMER,0.0,0.0
formation_g.24465.CDS.1723-MONOMER,2.0960593585920785e-08,-5.845919937054332e-34
formation_g.24465.CDS.1724-MONOMER,2.2338960970784724e-10,-5.491925780377388e-35
formation_g.24465.CDS.1726-MONOMER,4.552755265495852e-06,0.0
formation_g.24465.CDS.1729-MONOMER,0.0,-2.5033325107213134e-35
formation_g.24465.CDS.1733-MONOMER,2.4731187382322325e-12,-4.450650060133637e-34
formation_g.24465.CDS.1749-MONOMER,4.552755265495852e-06,0.0
formation_g.24465.CDS.1750-MONOMER,0.0,-1.0861906124550552e-34
formation_g.24465.CDS.1752-MONOMER,2.4227094379936383e-08,1.5652829742041448e-34
formation_g.24465.CDS.1754-MONOMER,0.0,0.0
formation_g.24465.CDS.1763-MONOMER,0.0,0.0
formation_g.24465.CDS.1768-MONOMER,0.0,2.3687181041943403e-34
formation_g.24465.CDS.177-MONOMER,0.0,0.0
formation_g.24465.CDS.1773-MONOMER,2.4731187382322325e-12,1.5843559041250973e-34
formation_g.24465.CDS.1774-MONOMER,0.0,3.901843932567579e-34
formation_g.24465.CDS.1779-MONOMER,4.552755265495852e-06,1.3814206003535904e-34
formation_g.24465.CDS.1786-MONOMER,1.0934963040802339e-06,0.0
formation_g.24465.CDS.1788-MONOMER,4.552755265495852e-06,0.0
formation_g.24465.CDS.1792-MONOMER,0.0,0.0
formation_g.24465.CDS.18-MONOMER,3.5929564094968885e-07,1.2095897389923253e-33
formation_g.24465.CDS.180-MONOMER,5.321279014023917e-07,0.0
formation_g.24465.CDS.1801-MONOMER,0.0,0.0
formation_g.24465.CDS.1807-MONOMER,0.0,0.0
formation_g.24465.CDS.1812-MONOMER,4.55278274126989e-06,0.0
formation_g.24465.CDS.1817-MONOMER,4.552755265495852e-06,0.0
formation_g.24465.CDS.1821-MONOMER,4.552755265495852e-06,0.0
formation_g.24465.CDS.1831-MONOMER,0.0,0.0
formation_g.24465.CDS.1832-MONOMER,0.0,3.138810304973348e-35
formation_g.24465.CDS.1833-MONOMER,4.552755265495852e-06,0.0
formation_g.24465.CDS.1834-MONOMER,0.0,2.7956097373342915e-34
formation_g.24465.CDS.1836-MONOMER,4.552755265495852e-06,-1.4559398537557832e-34
formation_g.24465.CDS.1846-MONOMER,0.0,0.0
formation_g.24465.CDS.1849-MONOMER,2.940574516664413e-07,7.995151734383104e-34
formation_g.24465.CDS.1857-MONOMER,0.0,0.0
formation_g.24465.CDS.1860-MONOMER,0.0,2.8399434870619324e-34
formation_g.24465.CDS.1872-MONOMER,0.0,0.0
formation_g.24465.CDS.1875-MONOMER,0.0,0.0
formation_g.24465.CDS.1876-MONOMER,0.0,2.8410171387294928e-34
formation_g.24465.CDS.1881-MONOMER,0.0,0.0
formation_g.24465.CDS.1883-MONOMER,0.0,0.0
formation_g.24465.CDS.1886-MONOMER,3.851313045475337e-07,-5.880311273702497e-34
formation_g.24465.CDS.1887-MONOMER,4.229122052510935e-07,-3.5014270072960895e-34
formation_g.24465.CDS.1896-MONOMER,6.624843564599299e-08,-1.308107711393826e-34
formation_g.24465.CDS.1905-MONOMER,0.0,0.0
formation_g.24465.CDS.1906-MONOMER,4.552755265495852e-06,1.726775750441988e-35
formation_g.24465.CDS.1909-MONOMER,0.0,-6.256953842266838e-36
formation_g.24465.CDS.1910-MONOMER,4.552755265495852e-06,0.0
formation_g.24465.CDS.193-MONOMER,0.0,-0.1884937492014848
formation_g.24465.CDS.1936-MONOMER,4.552755265495852e-06,3.449909848577801e-35
formation_g.24465.CDS.1938-MONOMER,0.0,0.0
formation_g.24465.CDS.1947-MONOMER,8.190424345435122e-08,-1.1215978431028964e-34
formation_g.24465.CDS.1957-MONOMER,4.552755265495852e-06,0.0
formation_g.24465.CDS.1959-MONOMER,0.0,0.0
formation_g.24465.CDS.1962-MONOMER,0.0,1.8544318108666836e-34
formation_g.24465.CDS.1963-MONOMER,0.0,0.0
formation_g.24465.CDS.1982-MONOMER,0.0,8.330483346540292e-35
formation_g.24465.CDS.1986-MONOMER,4.55278274126989e-06,-1.9128837293405786e-34
formation_g.24465.CDS.1989-MONOMER,0.0,-2.0850948899434925e-34
formation_g.24465.CDS.200-MONOMER,0.0,2.6534692754983444e-34
formation_g.24465.CDS.201-MONOMER,0.0,-1.476562409925086e-34
formation_g.24465.CDS.22-MONOMER,4.552755265495852e-06,-1.809374724025927e-34
formation_g.24465.CDS.223-MONOMER,0.0,8.441303595722547e-35
formation_g.24465.CDS.239-MONOMER,3.3024625535748174e-07,0.0
formation_g.24465.CDS.243-MONOMER,0.0,0.0
formation_g.24465.CDS.244-MONOMER,4.5490325733947137e-10,0.0
formation_g.24465.CDS.245-MONOMER,4.552755265495852e-06,0.0
formation_g.24465.CDS.246-MONOMER,0.0,0.0
formation_g.24465.CDS.252-MONOMER,4.6665293871243875e-07,0.0
formation_g.24465.CDS.254-MONOMER,3.4612395150626185e-06,0.0
formation_g.24465.CDS.27-MONOMER,2.4773888789101642e-08,0.0
formation_g.24465.CDS.270-MONOMER,5.504892482467444e-08,0.0
formation_g.24465.CDS.273-MONOMER,2.695726881188882e-11,2.5737489977001927e-34
formation_g.24465.CDS.275-MONOMER,0.0,-2.9874483728385807e-35
formation_g.24465.CDS.279-MONOMER,0.0,0.0
formation_g.24465.CDS.282-MONOMER,0.0,0.0
formation_g.24465.CDS.287-MONOMER,0.0029516783198667725,0.0
formation_g.24465.CDS.288-MONOMER,1.0607350229301514e-08,3.5867940482903806e-35
formation_g.24465.CDS.293-MONOMER,0.0,0.0
formation_g.24465.CDS.294-MONOMER,0.0,0.0
formation_g.24465.CDS.296-MONOMER,0.0,0.0
formation_g.24465.CDS.297-MONOMER,0.0,0.0
formation_g.24465.CDS.30-MONOMER,2.4731187382322325e-12,0.0
formation_g.24465.CDS.302-MONOMER,4.552755265495852e-06,1.618489775437399e-35
formation_g.24465.CDS.319-MONOMER,0.0,-4.706875778903147e-34
formation_g.24465.CDS.320-MONOMER,0.0,0.0
formation_g.24465.CDS.324-MONOMER,2.3792850699247755e-09,0.0
formation_g.24465.CDS.327-MONOMER,0.0,0.0
formation_g.24465.CDS.328-MONOMER,3.831247524538409e-09,-1.5266857062701914e-35
formation_g.24465.CDS.330-MONOMER,8.122785655904659e-08,0.0
formation_g.24465.CDS.334-MONOMER,0.0,0.0
formation_g.24465.CDS.337-MONOMER,4.552755265495852e-06,0.0
formation_g.24465.CDS.34-MONOMER,0.0,-2.7643361744665535e-34
formation_g.24465.CDS.353-MONOMER,0.0,-3.478989184033782e-34
formation_g.24465.CDS.361-MONOMER,0.0,0.0
formation_g.24465.CDS.364-MONOMER,3.4191666963397826e-10,0.0
formation_g.24465.CDS.365-MONOMER,4.552755265495852e-06,0.0
formation_g.24465.CDS.372-MONOMER,2.337428012935365e-10,-2.2324247945255845e-34
formation_g.24465.CDS.374-MONOMER,0.0,2.6204638765375064e-34
formation_g.24465.CDS.380-MONOMER,1.0289973267332405e-08,8.182980782357998e-34
formation_g.24465.CDS.381-MONOMER,2.090766998562389e-09,0.0
formation_g.24465.CDS.396-MONOMER,0.0,-1.1052007450693418e-34
formation_g.24465.CDS.400-MONOMER,0.0,0.0
formation_g.24465.CDS.402-MONOMER,0.0,-3.967828047911896e-34
formation_g.24465.CDS.409-MONOMER,6.137593952388515e-08,0.0
formation_g.24465.CDS.412-MONOMER,3.302462553574808e-07,4.542377568112291e-34
formation_g.24465.CDS.415-MONOMER,8.589623036884651e-45,0.0
formation_g.24465.CDS.417-MONOMER,1.718770933190833e-07,0.0
formation_g.24465.CDS.427-MONOMER,4.552755265495852e-06,-3.648141076058397e-35
formation_g.24465.CDS.433-MONOMER,0.0,0.0
formation_g.24465.CDS.439-MONOMER,2.7475774037867503e-11,0.0
formation_g.24465.CDS.442-MONOMER,0.0,0.0
formation_g.24465.CDS.448-MONOMER,2.498320105652335e-29,0.0
formation_g.24465.CDS.454-MONOMER,0.0,2.5822104134424074e-34
formation_g.24465.CDS.456-MONOMER,0.0,0.0
formation_g.24465.CDS.457-MONOMER,0.0,0.0
formation_g.24465.CDS.459-MONOMER,1.2294035768383323e-06,-4.529451035614593e-35
formation_g.24465.CDS.46-MONOMER,0.0,2.6122248370928897e-34
formation_g.24465.CDS.465-MONOMER,0.0,0.0
formation_g.24465.CDS.472-MONOMER,2.3104416830206495e-08,0.0
formation_g.24465.CDS.474-MONOMER,0.0,0.0
formation_g.24465.CDS.49-MONOMER,0.0,0.0
formation_g.24465.CDS.490-MONOMER,0.0,1.1015106841846506e-34
formation_g.24465.CDS.498-MONOMER,4.552755265495852e-06,6.482075280517238e-35
formation_g.24465.CDS.50-MONOMER,2.4731187382322325e-12,1.176367704303416e-34
formation_g.24465.CDS.500-MONOMER,1.3337656002032215e-08,4.822421047156679e-34
formation_g.24465.CDS.505-MONOMER,0.0,0.0
formation_g.24465.CDS.506-MONOMER,0.0,0.0
formation_g.24465.CDS.511-MONOMER,0.0,0.0
formation_g.24465.CDS.516-MONOMER,4.552755265495852e-06,0.0
formation_g.24465.CDS.530-MONOMER,0.0,0.0
formation_g.24465.CDS.532-MONOMER,7.841783294224869e-07,0.0
formation_g.24465.CDS.535-MONOMER,8.614868237128777e-11,2.4129282846332697e-34
formation_g.24465.CDS.536-MONOMER,0.0,1.1539290518960895e-34
formation_g.24465.CDS.538-MONOMER,0.0,0.0
formation_g.24465.CDS.556-MONOMER,0.0,-1.5463414298195265e-34
formation_g.24465.CDS.558-MONOMER,0.0,0.0
formation_g.24465.CDS.567-MONOMER,0.0,0.0
formation_g.24465.CDS.586-MONOMER,0.0,0.0
formation_g.24465.CDS.6-MONOMER,1.583252975523591e-08,-5.7195442157477335e-34
formation_g.24465.CDS.60-MONOMER,0.0,0.0
formation_g.24465.CDS.609-MONOMER,1.732159375679405e-08,0.0
formation_g.24465.CDS.612-MONOMER,0.0,1.3800990413567524e-34
formation_g.24465.CDS.62-MONOMER,1.4826487269248295e-06,0.0
formation_g.24465.CDS.627-MONOMER,4.552755265495852e-06,0.0
formation_g.24465.CDS.634-MONOMER,4.552755265495852e-06,0.0
formation_g.24465.CDS.639-MONOMER,0.0,0.0
formation_g.24465.CDS.644-MONOMER,0.0,9.719160297610238e-35
formation_g.24465.CDS.646-MONOMER,0.0,0.0
formation_g.24465.CDS.657-MONOMER,0.0,0.0
formation_g.24465.CDS.665-MONOMER,1.3597106163072642e-08,0.0
formation_g.24465.CDS.666-MONOMER,0.0,2.4002984815164835e-34
formation_g.24465.CDS.672-MONOMER,8.275470404036488e-08,-1.4890647890747171e-34
formation_g.24465.CDS.673-MONOMER,8.614868237128777e-11,0.0
formation_g.24465.CDS.674-MONOMER,0.0,0.0
formation_g.24465.CDS.684-MONOMER,0.0,-5.477132390479148e-34
formation_g.24465.CDS.686-MONOMER,0.0,0.0
formation_g.24465.CDS.69-MONOMER,0.0,-9.79809236252442e-34
formation_g.24465.CDS.692-MONOMER,1.6797642084243744e-08,4.4405617202842895e-34
formation_g.24465.CDS.697-MONOMER,4.9462374764644715e-12,-1.553700161772096e-34
formation_g.24465.CDS.702-MONOMER,0.0,0.0
formation_g.24465.CDS.708-MONOMER,6.590796163149612e-10,-9.8170647056263e-35
formation_g.24465.CDS.729-MONOMER,0.0,4.5356427065930935e-35
formation_g.24465.CDS.730-MONOMER,0.0,0.0
formation_g.24465.CDS.737-MONOMER,2.4731187382322325e-12,0.0
formation_g.24465.CDS.741-MONOMER,0.0,4.225663449494514e-34
formation_g.24465.CDS.743-MONOMER,0.0,0.0
formation_g.24465.CDS.747-MONOMER,2.4731187382322325e-12,4.001101906618756e-34
formation_g.24465.CDS.757-MONOMER,1.8203706967500169e-09,-1.6356979737163566e-34
formation_g.24465.CDS.759-MONOMER,0.0,0.0
formation_g.24465.CDS.762-MONOMER,0.0,-1.2111512340823132e-34
formation_g.24465.CDS.765-MONOMER,0.0,0.0
formation_g.24465.CDS.773-MONOMER,0.0,0.0
formation_g.24465.CDS.775-MONOMER,0.0,0.0
formation_g.24465.CDS.782-MONOMER,1.9764152478730442e-08,0.0
formation_g.24465.CDS.79-MONOMER,0.0,0.0
formation_g.24465.CDS.793-MONOMER,0.0,0.0
formation_g.24465.CDS.80-MONOMER,2.743832106603602e-10,0.0
formation_g.24465.CDS.816-MONOMER,0.0,0.0
formation_g.24465.CDS.817-MONOMER,5.8470782911221856e-08,0.0
formation_g.24465.CDS.818-MONOMER,1.0672544281308646e-07,0.0
formation_g.24465.CDS.819-MONOMER,0.0,-1.3560592114909245e-34
formation_g.24465.CDS.826-MONOMER,0.0,-1.8688619572912938e-34
formation_g.24465.CDS.837-MONOMER,2.3792850699247755e-09,0.0
formation_g.24465.CDS.84-MONOMER,4.9462374764644715e-12,0.0
formation_g.24465.CDS.847-MONOMER,0.0,0.0
formation_g.24465.CDS.85-MONOMER,0.0,-3.262280603104416e-34
formation_g.24465.CDS.850-MONOMER,0.0,0.0
formation_g.24465.CDS.861-MONOMER,0.0,0.0
formation_g.24465.CDS.866-MONOMER,0.0,0.0
formation_g.24465.CDS.872-MONOMER,3.6082906003613865e-09,-1.4737810230815176e-34
formation_g.24465.CDS.874-MONOMER,3.4521540863915864e-08,0.0
formation_g.24465.CDS.880-MONOMER,0.0,-3.084808668961179e-34
formation_g.24465.CDS.888-MONOMER,4.552755265495852e-06,0.0
formation_g.24465.CDS.89-MONOMER,4.552755265495852e-06,8.404065430012658e-35
formation_g.24465.CDS.891-MONOMER,1.5004543918196133e-08,0.0
formation_g.24465.CDS.901-MONOMER,3.830319692328614e-09,-2.529570727667512e-34
formation_g.24465.CDS.907-MONOMER,4.552755265495852e-06,1.491990533379016e-35
formation_g.24465.CDS.908-MONOMER,4.552755265495852e-06,0.0
formation_g.24465.CDS.929-MONOMER,0.0,-1.257375749508421e-34
formation_g.24465.CDS.93-MONOMER,0.0,-2.549050441981924e-34
formation_g.24465.CDS.931-MONOMER,0.0,0.0
formation_g.24465.CDS.932-MONOMER,0.0,0.0
formation_g.24465.CDS.935-MONOMER,0.0,0.0
formation_g.24465.CDS.943-MONOMER,0.0,0.0
formation_g.24465.CDS.944-MONOMER,3.073288130681161e-12,2.146267564166666e-34
formation_g.24465.CDS.955-MONOMER,6.061165473245029e-08,0.0
formation_g.24465.CDS.965-MONOMER,0.0,0.0
formation_g.24465.CDS.968-MONOMER,6.228914013227006e-09,6.075078827386541e-34
formation_g.24465.CDS.98-MONOMER,1.2433116722884116e-09,0.0
formation_g.24465.CDS.985-MONOMER,0.0,0.0
formation_g.24465.CDS.990-MONOMER,0.0,1.4842208606616857e-34
formation_g.24465.CDS.991-MONOMER,0.0,0.0
formation_g.24465.CDS.995-MONOMER,2.4731187382322325e-12,-1.42706408813687e-34
formation_g.24465.CDS.997-MONOMER,0.0,-2.2017554040831014e-35
formation_g.24465.CDS.1933-MONOMER_mod_fe2(1),2.2351419676782578e-08,2.501709677616964e-32
formation_g.24465.CDS.1245-MONOMER_mod_mn2(1),0.0,0.0
formation_g.24465.CDS.181-MONOMER_mod_mn2(1),8.797429687373891e-07,-3.9835428789908436e-32
formation_g.24465.CDS.1144-MONOMER_mod_mg2(1),1.5250054044840117e-06,-2.3351483103142464e-34
formation_g.24465.CDS.671-MONOMER_mod_mn2(1),0.0,2.4796898084534136e-33
formation_1130798.3.peg.1465-MONOMER_mod_mg2(1),3.7371048631962285e-07,3.822587079363754e-33
formation_g.24465.CDS.573-MONOMER_mod_mg2(1),0.0,9.184534528912858e-35
formation_g.24465.CDS.573-MONOMER_mod_mn2(1),0.0,-7.32027005212752e-35
formation_1130798.3.peg.1771-MONOMER_mod_mg2(1),2.5888195923514617e-09,0.0
formation_g.24465.CDS.299-MONOMER_mod_fe2(2),7.644390357857987e-11,-1.9502054816096626e-32
formation_g.24465.CDS.1247-MONOMER_mod_mn2(1),0.0,-1.472706596700866e-33
formation_1130798.3.peg.1760-MONOMER_mod_mg2(1),1.828726814221646e-08,0.0
formation_1130798.3.peg.794-MONOMER_mod_mg2(1),0.0,0.0
formation_g.24465.CDS.1973-MONOMER_mod_mg2(1),0.0,0.0
formation_g.24465.CDS.1294-MONOMER_mod_mg2(1),0.0,-1.1311545746892852e-33
formation_g.24465.CDS.1294-MONOMER_mod_mn2(1),0.0,0.0
formation_g.24465.CDS.1294-MONOMER_mod_cobalt2(1),3.467891722147457e-08,0.0
formation_g.24465.CDS.742-MONOMER_mod_mg2(1),0.0,-1.2129863358248404e-33
formation_g.24465.CDS.920-MONOMER_mod_mg2(1),8.268721445108877e-10,-4.992788161188037e-34
formation_g.24465.CDS.203-MONOMER_mod_pydx5p(1),1.5656360495888163e-07,-1.2867354324731222e-33
formation_g.24465.CDS.597-MONOMER_mod_mg2(1),9.032673826952839e-09,0.0
formation_g.24465.CDS.904-MONOMER_mod_mg2(1)_mod_k(1),7.789446560456652e-09,0.0
formation_g.24465.CDS.11-MONOMER_mod_mg2(1),8.615444824182292e-09,-1.2482844075363245e-34
formation_1130798.3.peg.825-MONOMER_mod_cobalt2(1)_mod_zn2(1),0.0,-1.5348798180360939e-33
formation_1130798.3.peg.825-MONOMER_mod_mn2(1)_mod_zn2(1),0.0,1.5317454723530108e-33
formation_1130798.3.peg.825-MONOMER_mod_ni2(1)_mod_zn2(1),0.0,-1.5838396790346546e-33
formation_1130798.3.peg.967-MONOMER_mod_mg2(1),0.0,-4.3000580901813194e-34
formation_g.24465.CDS.1067-MONOMER_mod_cobalt2(1)_mod_nad(1),0.0,1.7765502783874745e-34
formation_g.24465.CDS.924-MONOMER_mod_mg2(1),0.0,0.0
formation_g.24465.CDS.924-MONOMER_mod_mn2(1),2.5632397687540547e-10,5.3336333720042e-33
formation_g.24465.CDS.1838-MONOMER_mod_k(1)_mod_mg2(1),5.8087268961053265e-08,0.0
formation_g.24465.CDS.1310-MONOMER_mod_mg2(1),4.444169452536956e-09,-1.0459563042082291e-34
formation_g.24465.CDS.1840-MONOMER_mod_mg2(1),8.70230547321699e-09,5.175531168218447e-35
formation_g.24465.CDS.1739-MONOMER_mod_zn2(1),0.0,0.0
formation_g.24465.CDS.977-MONOMER_mod_mg2(1),0.0,0.0
formation_g.24465.CDS.1143-MONOMER_mod_mg2(1),1.315935719167188e-07,0.0
formation_g.24465.CDS.212-MONOMER_mod_mg2(1),8.19408272632661e-11,0.0
formation_g.24465.CDS.194-MONOMER_mod_mg2(1),0.0,9.105511358998516e-35
formation_g.24465.CDS.186-MONOMER_mod_nad(1),0.0,0.0
formation_g.24465.CDS.384-MONOMER_mod_pydx5p(1),0.0,-5.875854795672804e-34
formation_g.24465.CDS.928-MONOMER_mod_mn2(1),0.0,0.0
formation_g.24465.CDS.493-MONOMER_mod_mg2(1),0.0,0.0
formation_g.24465.CDS.563-MONOMER_mod_mg2(1)_mod_k(1),2.3792850699247755e-09,-8.186082114024788e-32
formation_g.24465.CDS.1752-MONOMER_mod_mg2(1)_mod_zn2(1),0.0,2.4424606901450836e-34
formation_g.24465.CDS.241-MONOMER_mod_mg2(1),0.0,-1.1879831048061627e-33
formation_g.24465.CDS.241-MONOMER_mod_mn2(1),1.662582916238071e-07,0.0
formation_1130798.3.peg.970-MONOMER_mod_zn2(1),0.0,5.902951160242033e-34
formation_g.24465.CDS.811-MONOMER_mod_mn2(1),0.0,0.0
formation_1130798.3.peg.971-MONOMER_mod_mg2(1),0.0,0.0
formation_1130798.3.peg.728-MONOMER_mod_mn2(1),0.0,0.0
formation_1130798.3.peg.728-MONOMER_mod_mg2(1),0.0,4.686409819565472e-34
formation_g.24465.CDS.1610-MONOMER_mod_mg2(1),0.00017210496048083952,1.4384111497868655e-36
formation_g.24465.CDS.1473-MONOMER_mod_mg2(1),0.0,-1.0041275482777603e-33
formation_g.24465.CDS.1261-MONOMER_mod_mn2(1),1.6544439893928764e-08,0.0
formation_g.24465.CDS.1261-MONOMER_mod_mg2(1),0.0,0.0
formation_g.24465.CDS.1673-MONOMER_mod_k(4)_mod_mg2(1),0.0,1.3793108279617647e-33
formation_g.24465.CDS.1673-MONOMER_mod_k(4)_mod_mn2(1),0.0,-1.2035775010789084e-33
formation_g.24465.CDS.1673-MONOMER_mod_k(4)_mod_cobalt2(1),0.0,1.5474404661505264e-33
formation_g.24465.CDS.1673-MONOMER_mod_k(4)_mod_zn2(1),0.0,1.1185415041342147e-33
formation_g.24465.CDS.1673-MONOMER_mod_k(4)_mod_cd2(1),0.0,-1.2354658527563991e-33
formation_g.24465.CDS.1673-MONOMER_mod_k(4)_mod_ni2(1),0.0,2.0591050251053842e-33
formation_g.24465.CDS.1673-MONOMER_mod_k(4)_mod_ca2(1),0.0,0.0
formation_g.24465.CDS.1673-MONOMER_mod_nh4(4)_mod_mg2(1),0.0,-1.3791852649070413e-33
formation_g.24465.CDS.1673-MONOMER_mod_nh4(4)_mod_mn2(1),0.0,0.0
formation_g.24465.CDS.1673-MONOMER_mod_nh4(4)_mod_cobalt2(1),0.0,1.0516066906916388e-33
formation_g.24465.CDS.1673-MONOMER_mod_nh4(4)_mod_zn2(1),0.0,0.0
formation_g.24465.CDS.1673-MONOMER_mod_nh4(4)_mod_cd2(1),0.0,0.0
formation_g.24465.CDS.1673-MONOMER_mod_nh4(4)_mod_ni2(1),0.0,-3.3539813104360204e-34
formation_g.24465.CDS.1673-MONOMER_mod_nh4(4)_mod_ca2(1),0.0,-1.043867576887751e-33
formation_g.24465.CDS.1673-MONOMER_mod_tl(4)_mod_mg2(1),0.0,1.3403499738686367e-33
formation_g.24465.CDS.1673-MONOMER_mod_tl(4)_mod_mn2(1),0.0,0.0
formation_g.24465.CDS.1673-MONOMER_mod_tl(4)_mod_cobalt2(1),0.0,-1.3515959073569195e-33
formation_g.24465.CDS.1673-MONOMER_mod_tl(4)_mod_zn2(1),0.0,0.0
formation_g.24465.CDS.1673-MONOMER_mod_tl(4)_mod_cd2(1),0.0,0.0
formation_g.24465.CDS.1673-MONOMER_mod_tl(4)_mod_ni2(1),0.0,-7.143956652088959e-35
formation_g.24465.CDS.1673-MONOMER_mod_tl(4)_mod_ca2(1),0.0,9.915784367203188e-34
formation_g.24465.CDS.1673-MONOMER_mod_cs(4)_mod_mg2(1),0.0,1.2251636479893007e-33
formation_g.24465.CDS.1673-MONOMER_mod_cs(4)_mod_mn2(1),0.0,8.167031680053857e-34
formation_g.24465.CDS.1673-MONOMER_mod_cs(4)_mod_cobalt2(1),0.0,-1.8056476574846347e-33
formation_g.24465.CDS.1673-MONOMER_mod_cs(4)_mod_zn2(1),0.0,-3.861683178592376e-34
formation_g.24465.CDS.1673-MONOMER_mod_cs(4)_mod_cd2(1),0.0,-5.259001839580294e-34
formation_g.24465.CDS.1673-MONOMER_mod_cs(4)_mod_ni2(1),0.0,-6.735730557683876e-34
formation_g.24465.CDS.1673-MONOMER_mod_cs(4)_mod_ca2(1),0.0,-3.098682614750996e-35
formation_g.24465.CDS.1673-MONOMER_mod_na1(4)_mod_mg2(1),0.0,1.3792147900797853e-33
formation_g.24465.CDS.1673-MONOMER_mod_na1(4)_mod_mn2(1),0.0,0.0
formation_g.24465.CDS.1673-MONOMER_mod_na1(4)_mod_cobalt2(1),0.0,0.0
formation_g.24465.CDS.1673-MONOMER_mod_na1(4)_mod_zn2(1),1.6929448380643182e-10,-1.1171991203242676e-33
formation_g.24465.CDS.1673-MONOMER_mod_na1(4)_mod_cd2(1),0.0,1.2248451486189965e-33
formation_g.24465.CDS.1673-MONOMER_mod_na1(4)_mod_ni2(1),0.0,-4.4531611782265025e-34
formation_g.24465.CDS.1673-MONOMER_mod_na1(4)_mod_ca2(1),0.0,0.0
formation_g.24465.CDS.235-MONOMER_mod_mg2(1),0.0,0.0
formation_g.24465.CDS.751-MONOMER_mod_mg2(1)_mod_cu(1)_mod_fad(1),0.0,3.892353568740018e-34
formation_g.24465.CDS.979-MONOMER_mod_mg2(1),0.0,-9.348264943481103e-34
formation_1130798.3.peg.548-MONOMER_mod_mg2(1),0.0,0.0
formation_1130798.3.peg.548-MONOMER_mod_mn2(1),0.0,-1.843527788414322e-34
formation_1130798.3.peg.548-MONOMER_mod_ca2(1),2.094175501940283e-08,-3.3139711752270448e-34
formation_1130798.3.peg.928-MONOMER_mod_mg2(1),6.807465486684313e-10,-8.920092040282712e-35
formation_g.24465.CDS.1835-MONOMER_mod_mn2(1),0.0,0.0
formation_g.24465.CDS.1835-MONOMER_mod_mg2(1),0.0,0.0
formation_1130798.3.peg.740-MONOMER_mod_zn2(1),0.0,7.704137729900711e-34
formation_1130798.3.peg.1276-MONOMER_mod_mg2(1),0.0,-4.02531103177838e-34
formation_g.24465.CDS.1782-MONOMER_mod_mg2(1),7.257118948874477e-09,0.0
formation_1130798.3.peg.487-MONOMER_mod_fmn(1),7.067333597160895e-11,0.0
formation_1130798.3.peg.487-MONOMER_mod_mg2(1),0.0,-5.9964752432187805e-33
formation_g.24465.CDS.399-MONOMER_mod_mg2(1)_mod_pi(1),0.0,-2.425320604638665e-34
formation_g.24465.CDS.399-MONOMER_mod_mn2(1)_mod_pi(1),5.857204001041031e-09,0.0
formation_1130798.3.peg.615-MONOMER_mod_mg2(1),2.1121289029288539e-10,0.0
formation_g.24465.CDS.179-MONOMER_mod_mg2(1)_mod_thmpp(1)_mod_fad(1),0.0,2.5681111680584495e-33
formation_g.24465.CDS.1297-MONOMER_mod_zn2(1),0.0,1.2266920293679918e-33
formation_1130798.3.peg.749-MONOMER_mod_mg2(1),0.0,1.937285250185599e-34
formation_g.24465.CDS.146-MONOMER_mod_mg2(1),0.0,0.0
formation_g.24465.CDS.146-MONOMER_mod_cobalt2(1),0.0,0.0
formation_g.24465.CDS.146-MONOMER_mod_mn2(1),0.0,-7.540485084615505e-35
formation_g.24465.CDS.146-MONOMER_mod_fe2(1),0.0,0.0
formation_g.24465.CDS.146-MONOMER_mod_ca2(1),5.326510996772242e-07,-1.2401123698869387e-32
formation_g.24465.CDS.1044-MONOMER_mod_pydx5p(2),0.0,0.0
formation_g.24465.CDS.159-MONOMER_mod_nad(1),0.0,0.0
formation_g.24465.CDS.1967-MONOMER_mod_nad(1),4.36900359133517e-08,5.405423513538276e-34
formation_g.24465.CDS.416-MONOMER_mod_k(1)_mod_mg2(1),0.0,2.678613829330208e-34
formation_g.24465.CDS.714-MONOMER_mod_mg2(1),0.0,0.0
formation_g.24465.CDS.1339-MONOMER_mod_fad(1),0.0,-3.6363931731160236e-33
formation_g.24465.CDS.170-MONOMER_mod_fad(1),0.0,-2.1968985548789865e-35
formation_g.24465.CDS.1171-MONOMER_mod_mg2(1),3.896316437823245e-08,0.0
formation_g.24465.CDS.106-MONOMER_mod_zn2(2),5.495154807573507e-11,-6.838180428680632e-34
formation_RNAP-CPLX_mod_zn2(1)_mod_mg2(2),1.7210396509766372e-07,-2.602339812863764e-31
formation_g.24465.CDS.137-MONOMER_mod_mg2(2),1.4838712429393414e-11,0.0
formation_g.24465.CDS.1451-MONOMER_mod_mg2(4),1.1300946825852847e-10,-7.711864766721976e-34
formation_g.24465.CDS.1829-MONOMER_mod_4fe4s(1),2.4731187382322325e-12,-1.9945609735763985e-34
formation_g.24465.CDS.193-MONOMER_mod_pan4p(1),2.640915537445583e-07,0.0
formation_g.24465.CDS.27-MONOMER_mod_mg2(6),0.0,0.0
formation_g.24465.CDS.27-MONOMER_mod_lys__L(1),2.7475774037867503e-11,0.0
formation_g.24465.CDS.271-MONOMER_mod_zn2(2),2.4731187382322325e-12,-1.338494973015466e-32
formation_g.24465.CDS.572-MONOMER_mod_mg2(1),8.614868237128777e-11,-7.495594054023476e-34
formation_g.24465.CDS.693-MONOMER_mod_zn2(4),3.073288130681161e-12,5.9616147784100424e-34
formation_g.24465.CDS.705-MONOMER_mod_fe2(1),2.3792850699247755e-09,1.0182742273955993e-32
formation_g.24465.CDS.769-MONOMER_mod_mg2(1),7.419356214696693e-12,0.0
g.24465.CDS.1773-MONOMER_to_generic_16Sm4Cm1402,2.4731187382322325e-12,-2.442858090122692e-34
g.24465.CDS.79-MONOMER_to_generic_16Sm4Cm1402,0.0,-0.04728285730320926
RNA_LBLM1_RS01885_to_generic_16s_rRNAs,0.0,-0.04447404565152728
RNA_LBLM1_RS03830_to_generic_16s_rRNAs,0.0,-0.007823144581885317
RNA_LBLM1_RS06195_to_generic_16s_rRNAs,0.0,-0.3161428856472751
RNA_LBLM1_RS07565_to_generic_16s_rRNAs,0.0,-0.14239282044438747
RNA_LBLM1_RS08145_to_generic_16s_rRNAs,4.552755265495852e-06,-3.8195404246125766e-32
RNA_LBLM1_RS09820_to_generic_16s_rRNAs,0.0,-0.01564628916379844
RNA_LBLM1_RS10160_to_generic_16s_rRNAs,0.0,-0.007823144581885317
RNA_LBLM1_RS10180_to_generic_16s_rRNAs,0.0,-0.04447404565152728
RNA_LBLM1_RS01900_to_generic_23s_rRNAs,0.0,-0.06547865755731519
RNA_LBLM1_RS03845_to_generic_23s_rRNAs,0.0,-0.04983236839354456
RNA_LBLM1_RS06190_to_generic_23s_rRNAs,0.0,-0.14660360427851224
RNA_LBLM1_RS07560_to_generic_23s_rRNAs,4.552755265495852e-06,0.0
RNA_LBLM1_RS08130_to_generic_23s_rRNAs,0.0,-0.11777584779069998
RNA_LBLM1_RS09815_to_generic_23s_rRNAs,0.0,-0.2000483334198449
RNA_LBLM1_RS10155_to_generic_23s_rRNAs,0.0,-0.05765551297540207
RNA_LBLM1_RS10175_to_generic_23s_rRNAs,0.0,-0.06547865755731519
RNA_LBLM1_RS01905_to_generic_5s_rRNAs,0.0,-0.02882775648773232
RNA_LBLM1_RS03850_to_generic_5s_rRNAs,0.0,-0.02882775648773232
RNA_LBLM1_RS06185_to_generic_5s_rRNAs,0.0,-0.02882775648773232
RNA_LBLM1_RS07555_to_generic_5s_rRNAs,0.0,0.0
RNA_LBLM1_RS08125_to_generic_5s_rRNAs,4.552755265495852e-06,0.0
RNA_LBLM1_RS09810_to_generic_5s_rRNAs,0.0,0.0
RNA_LBLM1_RS10150_to_generic_5s_rRNAs,0.0,-0.01318146732395821
RNA_LBLM1_RS10170_to_generic_5s_rRNAs,0.0,0.0
g.24465.CDS.847-MONOMER_to_generic_Dus,0.0,-1.6824617599094133e-34
CPLX_pbiosynthesis-0_to_generic_LYSINEaaRS,0.0,-66.46813928746136
CPLX_pbiosynthesis-1_to_generic_LYSINEaaRS,0.0,-64.341822488251
g.24465.CDS.27-MONOMER_to_generic_LYSINEaaRS,0.0,-0.05783333245705391
g.24465.CDS.27-MONOMER_mod_lys__L(1)_to_generic_LYSINEaaRS,2.7475774037867503e-11,0.0
g.24465.CDS.27-MONOMER_mod_mg2(6)_to_generic_LYSINEaaRS,0.0,-0.07153574389389118
g.24465.CDS.1518-MONOMER_to_generic_RF,2.347064796904258e-09,-1.1272498293137028e-34
g.24465.CDS.1650-MONOMER_to_generic_RF,0.0,-0.7797391919553334
g.24465.CDS.106-MONOMER_to_generic_RNase,0.0,-0.09234086557970106
g.24465.CDS.106-MONOMER_mod_zn2(2)_to_generic_RNase,5.495154807573507e-11,0.0
g.24465.CDS.412-MONOMER_to_generic_Tuf,3.302462553574808e-07,0.0
CPLX_pbiosynthesis-0_to_generic_phe_ligase,0.0,-68.61702924062844
CPLX_pbiosynthesis-1_to_generic_phe_ligase,0.0,-66.49071244141808
g.24465.CDS.402-MONOMER_to_generic_phe_ligase,0.0,-2.1426227333716232
g.24465.CDS.665-MONOMER_to_generic_phe_ligase,1.3597106163072642e-08,-1.868925840298241e-34
transcription_RNA_dummy,1.926540383619065e-05,-4.375596082797516e-32
DM_RNA_dummy,0.0,-5.845536689742515
translation_dummy,0.0007812445132775275,-5.861210263968274e-32
formation_CPLX_dummy,1.398915412920111e-05,0.0
dummy_protein_to_mass,0.0007672553591483251,2.6642238226177263e-33
formation_CPLX_dummy_mod_2fe2s(1),0.0,0.0
formation_CPLX_dummy_mod_4fe4s(1),1.3434318202318849e-18,-1.26231369611362e-34
26DAPLLAT_REV_CPLX_dummy,0.0,1.2980854111427113e-35
26DAPLLAT_FWD_CPLX_dummy,0.0,-1.0864272705257655e-06
2DHPL_REV_g.24465.CDS.657-MONOMER,0.0,-2.6736809171870686e-36
2DHPL_FWD_g.24465.CDS.657-MONOMER,0.0,-1.71232152335398e-06
2DMMQ8abc_REV_CPLX_dummy,0.0,-1.0864272705257655e-06
2DMMQ8abc_FWD_CPLX_dummy,0.001009231072175831,-9.272144167116955e-36
2HBO_REV_g.24465.CDS.1700-MONOMER,0.0,-2.0749430778045546e-07
2HBO_FWD_g.24465.CDS.1700-MONOMER,0.0,-1.283747548681155e-06
2HBO_REV_g.24465.CDS.200-MONOMER,0.0,-3.264136157395902e-07
2HBO_FWD_g.24465.CDS.200-MONOMER,0.0,-1.4026668566402898e-06
2HBO_REV_g.24465.CDS.1344-MONOMER,0.0,-3.897962001027655e-07
2HBO_FWD_g.24465.CDS.1344-MONOMER,0.0,-1.4660494410034651e-06
2HBO_REV_g.24465.CDS.702-MONOMER,0.0,-1.4228037831302886e-07
2HBO_FWD_g.24465.CDS.702-MONOMER,0.0,-1.2185336192137284e-06
2HBO_REV_g.24465.CDS.254-MONOMER,0.0,-3.608144660603953e-36
2HBO_FWD_g.24465.CDS.254-MONOMER,0.0,-1.0762532409006997e-06
2HBO_REV_g.24465.CDS.1792-MONOMER,0.0,-4.450067090439931e-07
2HBO_FWD_g.24465.CDS.1792-MONOMER,0.0,-1.5212599499446927e-06
2HBO_REV_g.24465.CDS.1834-MONOMER,0.0,-4.3459185994879675e-07
2HBO_FWD_g.24465.CDS.1834-MONOMER,0.0,-1.5108451008494962e-06
2HMCOXT_REV_g.24465.CDS.112-MONOMER,0.0,-4.7550223329949914e-07
2HMCOXT_FWD_g.24465.CDS.112-MONOMER,0.0,0.0
2MBCOATA_REV_g.24465.CDS.1672-MONOMER,0.0,-1.2582878438451995e-06
2MBCOATA_FWD_g.24465.CDS.1672-MONOMER,0.010568802729914579,3.68356791083729e-36
2OBUTt2r_REV_CPLX_dummy,6.829132898243778e-05,-2.348636082219535e-36
2OBUTt2r_FWD_CPLX_dummy,0.0,-1.0864272705257655e-06
34DHOXPEGOX_REV_g.24465.CDS.1933-MONOMER_mod_fe2(1),0.0,-1.930212946597574e-06
34DHOXPEGOX_FWD_g.24465.CDS.1933-MONOMER_mod_fe2(1),0.0,-3.605027011226726e-06
34DHOXPEGOX_REV_g.24465.CDS.1876-MONOMER,0.0,-6.130362631170758e-08
34DHOXPEGOX_FWD_g.24465.CDS.1876-MONOMER,0.0,-1.7361176909408598e-06
34DHOXPEGOX_REV_g.24465.CDS.1368-MONOMER,0.0,-2.5612001234940875e-07
34DHOXPEGOX_FWD_g.24465.CDS.1368-MONOMER,0.0,-1.930934076978561e-06
34DHOXPEGOX_REV_g.24465.CDS.1807-MONOMER,0.0,-3.493615546316977e-07
34DHOXPEGOX_FWD_g.24465.CDS.1807-MONOMER,0.0,-2.02417561926085e-06
34DHOXPEGOX_REV_g.24465.CDS.163-MONOMER,0.0,-4.8190566403461416e-36
34DHOXPEGOX_FWD_g.24465.CDS.163-MONOMER,0.0,-1.6748140646291522e-06
34DHOXPEGOX_REV_g.24465.CDS.666-MONOMER,0.0,-1.5458718673032543e-07
34DHOXPEGOX_FWD_g.24465.CDS.666-MONOMER,0.0,-1.8294012513594776e-06
3HAD10M12_REV_CPLX_dummy,0.0,-1.0864272705257655e-06
3HAD10M12_FWD_CPLX_dummy,0.010568802729914579,6.083449567208964e-36
3HAD11M12_REV_CPLX_dummy,0.0,-1.0864272705257655e-06
3HAD11M12_FWD_CPLX_dummy,0.010568802729914579,0.0
3HAD12M14_REV_CPLX_dummy,0.0,-1.0864272705257655e-06
3HAD12M14_FWD_CPLX_dummy,0.010568802729914579,0.0
3HAD13M14_REV_CPLX_dummy,0.0,-1.0864272705257655e-06
3HAD13M14_FWD_CPLX_dummy,0.010568802729914579,0.0
3HAD14M16_REV_CPLX_dummy,0.0,-1.0864272705257655e-06
3HAD14M16_FWD_CPLX_dummy,0.010568802729914579,0.0
3HAD15M16_REV_CPLX_dummy,0.0,-1.0864272705257655e-06
3HAD15M16_FWD_CPLX_dummy,0.010568802729914579,6.083449567208964e-36
3HAD4M6_REV_CPLX_dummy,0.0,-1.0864272705257655e-06
3HAD4M6_FWD_CPLX_dummy,0.010568802729914579,0.0
3HAD5M6_REV_CPLX_dummy,0.0,-1.0864272705257655e-06
3HAD5M6_FWD_CPLX_dummy,0.010568802729914579,0.0
3HAD6M8_REV_CPLX_dummy,0.0,-1.0864272705257655e-06
3HAD6M8_FWD_CPLX_dummy,0.010568802729914579,0.0
3HAD7M8_REV_CPLX_dummy,0.0,-1.0864272705257655e-06
3HAD7M8_FWD_CPLX_dummy,0.010568802729914579,6.083449567208964e-36
3HAD8M10_REV_CPLX_dummy,0.0,-1.0864272705257655e-06
3HAD8M10_FWD_CPLX_dummy,0.010568802729914579,6.083449567208964e-36
3HAD9M10_REV_CPLX_dummy,0.0,-1.0864272705257655e-06
3HAD9M10_FWD_CPLX_dummy,0.010568802729914579,0.0
3MOPt2r_REV_CPLX_dummy,0.0,-1.0864272705257655e-06
3MOPt2r_FWD_CPLX_dummy,0.010568802729914579,2.661197069344664e-37
3OAR100_REV_g.24465.CDS.1722-MONOMER,0.0,-4.353632008509843e-07
3OAR100_FWD_g.24465.CDS.1722-MONOMER,0.0,-1.8145910925741209e-06
3OAR100_REV_g.24465.CDS.762-MONOMER,0.0,-1.2803226920862298e-08
3OAR100_FWD_g.24465.CDS.762-MONOMER,0.0,-1.392031118643999e-06
3OAR100_REV_g.24465.CDS.1947-MONOMER,0.0,1.6247099010432065e-36
3OAR100_FWD_g.24465.CDS.1947-MONOMER,0.0,-1.3792278917231365e-06
3OAR10M11_REV_g.24465.CDS.1722-MONOMER,0.0,-4.353632008509843e-07
3OAR10M11_FWD_g.24465.CDS.1722-MONOMER,0.0,-1.8107429879434393e-06
3OAR10M11_REV_g.24465.CDS.762-MONOMER,0.0,-1.2803226920862298e-08
3OAR10M11_FWD_g.24465.CDS.762-MONOMER,0.0,-1.3881830140133172e-06
3OAR10M11_REV_g.24465.CDS.1947-MONOMER,0.0,6.363225915715038e-37
3OAR10M11_FWD_g.24465.CDS.1947-MONOMER,0.0,-1.375379787092455e-06
3OAR10M12_REV_g.24465.CDS.1722-MONOMER,0.0,-1.8107429879434393e-06
3OAR10M12_FWD_g.24465.CDS.1722-MONOMER,0.0,-4.353632008509843e-07
3OAR10M12_REV_g.24465.CDS.762-MONOMER,0.0,-1.3881830140133172e-06
3OAR10M12_FWD_g.24465.CDS.762-MONOMER,0.0,-1.2803226920862298e-08
3OAR10M12_REV_g.24465.CDS.1947-MONOMER,0.0,-1.375379787092455e-06
3OAR10M12_FWD_g.24465.CDS.1947-MONOMER,0.010568802729914579,-1.1224325122088927e-35
3OAR11M12_REV_g.24465.CDS.1722-MONOMER,0.0,-1.8107429879434393e-06
3OAR11M12_FWD_g.24465.CDS.1722-MONOMER,0.0,-4.353632008509843e-07
3OAR11M12_REV_g.24465.CDS.762-MONOMER,0.0,-1.3881830140133172e-06
3OAR11M12_FWD_g.24465.CDS.762-MONOMER,0.0,-1.2803226920862298e-08
3OAR11M12_REV_g.24465.CDS.1947-MONOMER,0.0,-1.375379787092455e-06
3OAR11M12_FWD_g.24465.CDS.1947-MONOMER,0.010568802729914579,-3.3172266463153065e-36
3OAR120_REV_g.24465.CDS.1722-MONOMER,0.0,-4.353632008509843e-07
3OAR120_FWD_g.24465.CDS.1722-MONOMER,0.0,-1.8145910925741209e-06
3OAR120_REV_g.24465.CDS.762-MONOMER,0.0,-1.2803226920862298e-08
3OAR120_FWD_g.24465.CDS.762-MONOMER,0.0,-1.392031118643999e-06
3OAR120_REV_g.24465.CDS.1947-MONOMER,0.0,1.6247099010432065e-36
3OAR120_FWD_g.24465.CDS.1947-MONOMER,0.0,-1.3792278917231365e-06
3OAR12M13_REV_g.24465.CDS.1722-MONOMER,0.0,-4.353632008509843e-07
3OAR12M13_FWD_g.24465.CDS.1722-MONOMER,0.0,-1.8107429879434393e-06
3OAR12M13_REV_g.24465.CDS.762-MONOMER,0.0,-1.2803226920862298e-08
3OAR12M13_FWD_g.24465.CDS.762-MONOMER,0.0,-1.3881830140133172e-06
3OAR12M13_REV_g.24465.CDS.1947-MONOMER,0.0,6.363225915715038e-37
3OAR12M13_FWD_g.24465.CDS.1947-MONOMER,0.0,-1.375379787092455e-06
3OAR12M14_REV_g.24465.CDS.1722-MONOMER,0.0,-1.8107429879434393e-06
3OAR12M14_FWD_g.24465.CDS.1722-MONOMER,0.0,-4.353632008509843e-07
3OAR12M14_REV_g.24465.CDS.762-MONOMER,0.0,-1.3881830140133172e-06
3OAR12M14_FWD_g.24465.CDS.762-MONOMER,0.0,-1.2803226920862298e-08
3OAR12M14_REV_g.24465.CDS.1947-MONOMER,0.0,-1.375379787092455e-06
3OAR12M14_FWD_g.24465.CDS.1947-MONOMER,0.010568802729914579,-9.820240835559876e-35
3OAR13M14_REV_g.24465.CDS.1722-MONOMER,0.0,-1.8107429879434393e-06
3OAR13M14_FWD_g.24465.CDS.1722-MONOMER,0.0,-4.353632008509843e-07
3OAR13M14_REV_g.24465.CDS.762-MONOMER,0.0,-1.3881830140133172e-06
3OAR13M14_FWD_g.24465.CDS.762-MONOMER,0.0,-1.2803226920862298e-08
3OAR13M14_REV_g.24465.CDS.1947-MONOMER,0.0,-1.375379787092455e-06
3OAR13M14_FWD_g.24465.CDS.1947-MONOMER,0.010568802729914579,2.8311167256779176e-35
3OAR140_REV_g.24465.CDS.1722-MONOMER,0.0,-4.353632008509843e-07
3OAR140_FWD_g.24465.CDS.1722-MONOMER,0.0,-1.8145910925741209e-06
3OAR140_REV_g.24465.CDS.762-MONOMER,0.0,-1.2803226920862298e-08
3OAR140_FWD_g.24465.CDS.762-MONOMER,0.0,-1.392031118643999e-06
3OAR140_REV_g.24465.CDS.1947-MONOMER,-1.5521159500980626e-56,6.363225915715038e-37
3OAR140_FWD_g.24465.CDS.1947-MONOMER,0.0,-1.3792278917231365e-06
3OAR14M15_REV_g.24465.CDS.1722-MONOMER,0.0,-4.353632008509843e-07
3OAR14M15_FWD_g.24465.CDS.1722-MONOMER,0.0,-1.8107429879434393e-06
3OAR14M15_REV_g.24465.CDS.762-MONOMER,0.0,-1.2803226920862298e-08
3OAR14M15_FWD_g.24465.CDS.762-MONOMER,0.0,-1.3881830140133172e-06
3OAR14M15_REV_g.24465.CDS.1947-MONOMER,0.0,2.613097210514909e-36
3OAR14M15_FWD_g.24465.CDS.1947-MONOMER,0.0,-1.375379787092455e-06
3OAR14M16_REV_g.24465.CDS.1722-MONOMER,0.0,-1.8107429879434393e-06
3OAR14M16_FWD_g.24465.CDS.1722-MONOMER,0.0,-4.353632008509843e-07
3OAR14M16_REV_g.24465.CDS.762-MONOMER,0.0,-1.3881830140133172e-06
3OAR14M16_FWD_g.24465.CDS.762-MONOMER,0.0,-1.2803226920862298e-08
3OAR14M16_REV_g.24465.CDS.1947-MONOMER,0.0,-1.375379787092455e-06
3OAR14M16_FWD_g.24465.CDS.1947-MONOMER,0.010568802729914579,-1.1224325122088927e-35
3OAR15M16_REV_g.24465.CDS.1722-MONOMER,0.0,-1.8107429879434393e-06
3OAR15M16_FWD_g.24465.CDS.1722-MONOMER,0.0,-4.353632008509843e-07
3OAR15M16_REV_g.24465.CDS.762-MONOMER,0.0,-1.3881830140133172e-06
3OAR15M16_FWD_g.24465.CDS.762-MONOMER,0.0,-1.2803226920862298e-08
3OAR15M16_REV_g.24465.CDS.1947-MONOMER,0.0,-1.375379787092455e-06
3OAR15M16_FWD_g.24465.CDS.1947-MONOMER,0.010568802729914579,-1.9131423597862548e-35
3OAR160_REV_g.24465.CDS.1722-MONOMER,0.0,-4.353632008509843e-07
3OAR160_FWD_g.24465.CDS.1722-MONOMER,0.0,-1.85847996369492e-06
3OAR160_REV_g.24465.CDS.762-MONOMER,0.0,-1.2803226920862298e-08
3OAR160_FWD_g.24465.CDS.762-MONOMER,0.0,-1.4359199897647978e-06
3OAR160_REV_g.24465.CDS.1947-MONOMER,-1.0803923618527165e-23,-4.3056139557870093e-36
3OAR160_FWD_g.24465.CDS.1947-MONOMER,0.0,-1.4231167628439356e-06
3OAR180_REV_g.24465.CDS.1722-MONOMER,0.0,-4.353632008509843e-07
3OAR180_FWD_g.24465.CDS.1722-MONOMER,0.0,-1.8584798522020492e-06
3OAR180_REV_g.24465.CDS.762-MONOMER,0.0,-1.2803226920862298e-08
3OAR180_FWD_g.24465.CDS.762-MONOMER,0.0,-1.435919878271927e-06
3OAR180_REV_g.24465.CDS.1947-MONOMER,0.0,-4.3056139557870093e-36
3OAR180_FWD_g.24465.CDS.1947-MONOMER,0.0,-1.4231166513510648e-06
3OAR40_REV_g.24465.CDS.1722-MONOMER,0.0,-4.353632008509843e-07
3OAR40_FWD_g.24465.CDS.1722-MONOMER,0.0,-1.8719579640668347e-06
3OAR40_REV_g.24465.CDS.762-MONOMER,0.0,-1.2803226920862298e-08
3OAR40_FWD_g.24465.CDS.762-MONOMER,0.0,-1.4493979901367128e-06
3OAR40_REV_g.24465.CDS.1947-MONOMER,0.0,-1.647521523002867e-35
3OAR40_FWD_g.24465.CDS.1947-MONOMER,0.0,-1.4365947632158504e-06
3OAR4M5_REV_g.24465.CDS.1722-MONOMER,0.0,-4.353632008509843e-07
3OAR4M5_FWD_g.24465.CDS.1722-MONOMER,0.0,-1.8107429879434393e-06
3OAR4M5_REV_g.24465.CDS.762-MONOMER,0.0,-1.2803226920862298e-08
3OAR4M5_FWD_g.24465.CDS.762-MONOMER,0.0,-1.3881830140133172e-06
3OAR4M5_REV_g.24465.CDS.1947-MONOMER,0.0,-3.5206471790019877e-37
3OAR4M5_FWD_g.24465.CDS.1947-MONOMER,0.0,-1.375379787092455e-06
3OAR4M6_REV_g.24465.CDS.1722-MONOMER,0.0,-1.8107429879434393e-06
3OAR4M6_FWD_g.24465.CDS.1722-MONOMER,0.0,-4.353632008509843e-07
3OAR4M6_REV_g.24465.CDS.762-MONOMER,0.0,-1.3881830140133172e-06
3OAR4M6_FWD_g.24465.CDS.762-MONOMER,0.0,-1.2803226920862298e-08
3OAR4M6_REV_g.24465.CDS.1947-MONOMER,0.0,-1.375379787092455e-06
3OAR4M6_FWD_g.24465.CDS.1947-MONOMER,0.010568802729914579,-1.1224325122088927e-35
3OAR5M6_REV_g.24465.CDS.1722-MONOMER,0.0,-1.8107429879434393e-06
3OAR5M6_FWD_g.24465.CDS.1722-MONOMER,0.0,-4.353632008509843e-07
3OAR5M6_REV_g.24465.CDS.762-MONOMER,0.0,-1.3881830140133172e-06
3OAR5M6_FWD_g.24465.CDS.762-MONOMER,0.0,-1.2803226920862298e-08
3OAR5M6_REV_g.24465.CDS.1947-MONOMER,0.0,-1.375379787092455e-06
3OAR5M6_FWD_g.24465.CDS.1947-MONOMER,0.010568802729914579,-3.3172266463153065e-36
3OAR60_REV_g.24465.CDS.1722-MONOMER,0.0,-4.353632008509843e-07
3OAR60_FWD_g.24465.CDS.1722-MONOMER,0.0,-1.8145910925741209e-06
3OAR60_REV_g.24465.CDS.762-MONOMER,0.0,-1.2803226920862298e-08
3OAR60_FWD_g.24465.CDS.762-MONOMER,0.0,-1.392031118643999e-06
3OAR60_REV_g.24465.CDS.1947-MONOMER,0.0,1.6247099010432065e-36
3OAR60_FWD_g.24465.CDS.1947-MONOMER,0.0,-1.3792278917231365e-06
3OAR6M7_REV_g.24465.CDS.1722-MONOMER,0.0,-4.353632008509843e-07
3OAR6M7_FWD_g.24465.CDS.1722-MONOMER,0.0,-1.8107429879434393e-06
3OAR6M7_REV_g.24465.CDS.762-MONOMER,0.0,-1.2803226920862298e-08
3OAR6M7_FWD_g.24465.CDS.762-MONOMER,0.0,-1.3881830140133172e-06
3OAR6M7_REV_g.24465.CDS.1947-MONOMER,0.0,6.363225915715038e-37
3OAR6M7_FWD_g.24465.CDS.1947-MONOMER,0.0,-1.375379787092455e-06
3OAR6M8_REV_g.24465.CDS.1722-MONOMER,0.0,-1.8107429879434393e-06
3OAR6M8_FWD_g.24465.CDS.1722-MONOMER,0.0,-4.353632008509843e-07
3OAR6M8_REV_g.24465.CDS.762-MONOMER,0.0,-1.3881830140133172e-06
3OAR6M8_FWD_g.24465.CDS.762-MONOMER,0.0,-1.2803226920862298e-08
3OAR6M8_REV_g.24465.CDS.1947-MONOMER,0.0,-1.375379787092455e-06
3OAR6M8_FWD_g.24465.CDS.1947-MONOMER,0.010568802729914579,-3.3172266463153065e-36
3OAR7M8_REV_g.24465.CDS.1722-MONOMER,0.0,-1.8107429879434393e-06
3OAR7M8_FWD_g.24465.CDS.1722-MONOMER,0.0,-4.353632008509843e-07
3OAR7M8_REV_g.24465.CDS.762-MONOMER,0.0,-1.3881830140133172e-06
3OAR7M8_FWD_g.24465.CDS.762-MONOMER,0.0,-1.2803226920862298e-08
3OAR7M8_REV_g.24465.CDS.1947-MONOMER,0.0,-1.375379787092455e-06
3OAR7M8_FWD_g.24465.CDS.1947-MONOMER,0.010568802729914579,4.5898718294583145e-36
3OAR80_REV_g.24465.CDS.1722-MONOMER,0.0,-4.353632008509843e-07
3OAR80_FWD_g.24465.CDS.1722-MONOMER,0.0,-1.8145910925741209e-06
3OAR80_REV_g.24465.CDS.762-MONOMER,0.0,-1.2803226920862298e-08
3OAR80_FWD_g.24465.CDS.762-MONOMER,0.0,-1.392031118643999e-06
3OAR80_REV_g.24465.CDS.1947-MONOMER,0.0,1.6247099010432065e-36
3OAR80_FWD_g.24465.CDS.1947-MONOMER,0.0,-1.3792278917231365e-06
3OAR8M10_REV_g.24465.CDS.1722-MONOMER,0.0,-1.8107429879434393e-06
3OAR8M10_FWD_g.24465.CDS.1722-MONOMER,0.0,-4.353632008509843e-07
3OAR8M10_REV_g.24465.CDS.762-MONOMER,0.0,-1.3881830140133172e-06
3OAR8M10_FWD_g.24465.CDS.762-MONOMER,0.0,-1.2803226920862298e-08
3OAR8M10_REV_g.24465.CDS.1947-MONOMER,0.0,-1.375379787092455e-06
3OAR8M10_FWD_g.24465.CDS.1947-MONOMER,0.010568802729914579,-3.3172266463153065e-36
3OAR8M9_REV_g.24465.CDS.1722-MONOMER,0.0,-4.353632008509843e-07
3OAR8M9_FWD_g.24465.CDS.1722-MONOMER,0.0,-1.8107429879434393e-06
3OAR8M9_REV_g.24465.CDS.762-MONOMER,0.0,-1.2803226920862298e-08
3OAR8M9_FWD_g.24465.CDS.762-MONOMER,0.0,-1.3881830140133172e-06
3OAR8M9_REV_g.24465.CDS.1947-MONOMER,0.0,6.363225915715038e-37
3OAR8M9_FWD_g.24465.CDS.1947-MONOMER,0.0,-1.375379787092455e-06
3OAR9M10_REV_g.24465.CDS.1722-MONOMER,0.0,-1.8107429879434393e-06
3OAR9M10_FWD_g.24465.CDS.1722-MONOMER,0.0,-4.353632008509843e-07
3OAR9M10_REV_g.24465.CDS.762-MONOMER,0.0,-1.3881830140133172e-06
3OAR9M10_FWD_g.24465.CDS.762-MONOMER,0.0,-1.2803226920862298e-08
3OAR9M10_REV_g.24465.CDS.1947-MONOMER,0.0,-1.375379787092455e-06
3OAR9M10_FWD_g.24465.CDS.1947-MONOMER,0.010568802729914579,4.5898718294583145e-36
3OAS100_REV_CPLX_3OAS100-0,0.0,-2.5177968332110972e-06
3OAS100_FWD_CPLX_3OAS100-0,0.0,-1.3515071991046899e-36
3OAS10M11_REV_CPLX_3OAS100-0,0.0,-2.5177996844921384e-06
3OAS10M11_FWD_CPLX_3OAS100-0,0.0,-6.867285988525848e-36
3OAS10M12_REV_CPLX_3OAS100-0,0.0,-2.5177996844921384e-06
3OAS10M12_FWD_CPLX_3OAS100-0,0.010568802729914579,-1.3515071991046899e-36
3OAS11M12_REV_CPLX_3OAS100-0,0.0,-2.5177996844921384e-06
3OAS11M12_FWD_CPLX_3OAS100-0,0.010568802729914579,-6.867285988525848e-36
3OAS120_REV_CPLX_3OAS100-0,0.0,-2.5177968332110972e-06
3OAS120_FWD_CPLX_3OAS100-0,0.0,-1.3515071991046899e-36
3OAS12M13_REV_CPLX_3OAS100-0,0.0,-2.5177996844921384e-06
3OAS12M13_FWD_CPLX_3OAS100-0,0.0,-6.867285988525848e-36
3OAS12M14_REV_CPLX_3OAS100-0,0.0,-2.5177996844921384e-06
3OAS12M14_FWD_CPLX_3OAS100-0,0.010568802729914579,-6.867285988525848e-36
3OAS13M14_REV_CPLX_3OAS100-0,0.0,-2.5177996844921384e-06
3OAS13M14_FWD_CPLX_3OAS100-0,0.010568802729914579,-6.867285988525848e-36
3OAS140_REV_CPLX_3OAS100-0,0.0,0.04925334841708909
3OAS140_FWD_CPLX_3OAS100-0,0.0,-0.04925589297038044
3OAS160_REV_CPLX_3OAS100-0,0.0,-2.5616857043318965e-06
3OAS160_FWD_CPLX_3OAS100-0,1.0803923618527165e-23,-6.867285988525848e-36
3OAS180_REV_CPLX_3OAS100-0,0.0,-2.5616855928390253e-06
3OAS180_FWD_CPLX_3OAS100-0,0.0,1.5195829169158785e-35
3OAS2M3_REV_CPLX_3OAS100-0,0.0,-2.5177996844921384e-06
3OAS2M3_FWD_CPLX_3OAS100-0,0.0,-1.3515071991046899e-36
3OAS3M4_REV_CPLX_3OAS100-0,0.0,-2.5177996844921384e-06
3OAS3M4_FWD_CPLX_3OAS100-0,0.010568802729914579,-1.3515071991046899e-36
3OAS4M3O6_REV_CPLX_3OAS100-0,0.0,-2.5177996844921384e-06
3OAS4M3O6_FWD_CPLX_3OAS100-0,0.010568802729914579,-1.3515071991046899e-36
3OAS4M5_REV_CPLX_3OAS100-0,0.0,-2.5177996844921384e-06
3OAS4M5_FWD_CPLX_3OAS100-0,0.0,-6.867285988525848e-36
3OAS4M6_REV_CPLX_3OAS100-0,0.0,-2.5177996844921384e-06
3OAS4M6_FWD_CPLX_3OAS100-0,0.010568802729914579,-6.867285988525848e-36
3OAS5M6_REV_CPLX_3OAS100-0,0.0,-2.5177996844921384e-06
3OAS5M6_FWD_CPLX_3OAS100-0,0.010568802729914579,4.164271590316468e-36
3OAS60_REV_CPLX_3OAS100-0,0.0,-2.5177968332110972e-06
3OAS60_FWD_CPLX_3OAS100-0,0.0,-2.7304518964599793e-36
3OAS6M7_REV_CPLX_3OAS100-0,0.0,-2.5177996844921384e-06
3OAS6M7_FWD_CPLX_3OAS100-0,0.0,-6.867285988525848e-36
3OAS6M8_REV_CPLX_3OAS100-0,0.0,-2.5177996844921384e-06
3OAS6M8_FWD_CPLX_3OAS100-0,0.010568802729914579,4.164271590316468e-36
3OAS7M8_REV_CPLX_3OAS100-0,0.0,-2.5177996844921384e-06
3OAS7M8_FWD_CPLX_3OAS100-0,0.010568802729914579,-6.867285988525848e-36
3OAS80_REV_CPLX_3OAS100-0,0.0,-2.5177968332110972e-06
3OAS80_FWD_CPLX_3OAS100-0,0.0,-1.3515071991046899e-36
3OAS8M10_REV_CPLX_3OAS100-0,0.0,-2.5177996844921384e-06
3OAS8M10_FWD_CPLX_3OAS100-0,0.010568802729914579,-6.867285988525848e-36
3OAS8M9_REV_CPLX_3OAS100-0,0.0,-2.5177996844921384e-06
3OAS8M9_FWD_CPLX_3OAS100-0,0.0,-1.3515071991046899e-36
3OAS9M10_REV_CPLX_3OAS100-0,0.0,-2.5177996844921384e-06
3OAS9M10_FWD_CPLX_3OAS100-0,0.010568802729914579,-6.867285988525848e-36
5AIZCDC_REV_CPLX_5AIZCDC-1,0.0,0.014173198903851308
5AIZCDC_FWD_CPLX_5AIZCDC-1,0.0,-0.014175278766208176
5AIZCDC_REV_g.24465.CDS.931-MONOMER,0.0,0.014172856079216752
5AIZCDC_FWD_g.24465.CDS.931-MONOMER,0.0,-0.01417562159084273
5AIZCDC_REV_g.24465.CDS.133-MONOMER,0.0,0.014173314003632139
5AIZCDC_FWD_g.24465.CDS.133-MONOMER,0.0,-0.014175163666427343
5AIZCDC_REV_g.24465.CDS.1555-MONOMER,0.0,0.014173761991783784
5AIZCDC_FWD_g.24465.CDS.1555-MONOMER,0.0,-0.014174715678275699
5AIZCDC_REV_CPLX_5AIZCDC-0,0.0,0.014173548034808268
5AIZCDC_FWD_CPLX_5AIZCDC-0,0.0,-0.014174929635251216
6P3HXI_REV_g.24465.CDS.1245-MONOMER_mod_mn2(1),0.0,-1.530220133501364e-07
6P3HXI_FWD_g.24465.CDS.1245-MONOMER_mod_mn2(1),0.0,-1.625364218995629e-06
6P3HXI_REV_g.24465.CDS.1562-MONOMER,0.0,-4.581918721893448e-37
6P3HXI_FWD_g.24465.CDS.1562-MONOMER,0.0,-1.4723422056454924e-06
AACPS6_REV_CPLX_dummy,0.0,-1.1284162243311895e-06
AACPS6_FWD_CPLX_dummy,0.0,-1.3586553411679713e-37
AACPS7_REV_CPLX_dummy,0.0,-1.1264671774708374e-06
AACPS7_FWD_CPLX_dummy,0.0,-6.319256953476808e-36
ABTOXy_REV_g.24465.CDS.1134-MONOMER,0.0,-5.918564826856178e-08
ABTOXy_FWD_g.24465.CDS.1134-MONOMER,0.0,-9.49543622624139e-07
ABTOXy_REV_g.24465.CDS.1754-MONOMER,0.0,-3.25875592180423e-07
ABTOXy_FWD_g.24465.CDS.1754-MONOMER,0.0,-1.2162335665360002e-06
ABTOXy_REV_g.24465.CDS.1883-MONOMER,0.0,-6.77877098978952e-08
ABTOXy_FWD_g.24465.CDS.1883-MONOMER,0.0,-9.581456842534724e-07
ABTOXy_REV_g.24465.CDS.1576-MONOMER,0.0,1.1184496848118655e-36
ABTOXy_FWD_g.24465.CDS.1576-MONOMER,0.0,-8.903579743555772e-07
ACACT1r_REV_g.24465.CDS.15-MONOMER,0.0,-1.9672046637343065e-06
ACACT1r_FWD_g.24465.CDS.15-MONOMER,0.0,-2.96220257010225e-36
ACACT2r_REV_g.24465.CDS.15-MONOMER,0.0,-1.7873239089211676e-36
ACACT2r_FWD_g.24465.CDS.15-MONOMER,0.0,-1.9672046637343065e-06
ACACT3r_REV_g.24465.CDS.15-MONOMER,0.0,-1.7873239089211676e-36
ACACT3r_FWD_g.24465.CDS.15-MONOMER,0.0,-1.9672046637343065e-06
ACACT4r_REV_g.24465.CDS.15-MONOMER,0.0,-1.7873239089211676e-36
ACACT4r_FWD_g.24465.CDS.15-MONOMER,0.0,-1.9672046637343065e-06
ACACT5r_REV_g.24465.CDS.15-MONOMER,0.0,-1.7873239089211676e-36
ACACT5r_FWD_g.24465.CDS.15-MONOMER,0.0,-1.9672046637343065e-06
ACACT6r_REV_g.24465.CDS.15-MONOMER,0.0,-1.7873239089211676e-36
ACACT6r_FWD_g.24465.CDS.15-MONOMER,0.0,-1.9672046637343065e-06
ACACT7r_REV_g.24465.CDS.15-MONOMER,0.0,-1.7873239089211676e-36
ACACT7r_FWD_g.24465.CDS.15-MONOMER,0.0,-1.9672046637343065e-06
ACALD_REV_g.24465.CDS.1933-MONOMER_mod_fe2(1),0.0,-5.5352399578243e-06
ACALD_FWD_g.24465.CDS.1933-MONOMER_mod_fe2(1),1.4631785652117029,1.3325295746193135e-36
ACALDt_REV_CPLX_dummy,0.0,2.661197069344664e-37
ACALDt_FWD_CPLX_dummy,0.0,-1.0864272705257655e-06
ACBIPGT_REV_CPLX_dummy,0.0,-1.0864272705257655e-06
ACBIPGT_FWD_CPLX_dummy,0.0,-1.7886402160892654e-35
ACCOACL_REV_CPLX_ACCOACL-0,0.0,-2.036609555874999e-06
ACCOACL_FWD_CPLX_ACCOACL-0,0.0,7.705680419880674e-37
ACGAMPM_REV_g.24465.CDS.181-MONOMER_mod_mn2(1),0.0,-2.5667076673598445e-06
ACGAMPM_FWD_g.24465.CDS.181-MONOMER_mod_mn2(1),0.01652954157473045,6.646100567252091e-37
ACGAMT_REV_CPLX_dummy,0.0,-1.0864272705257655e-06
ACGAMT_FWD_CPLX_dummy,0.0,-1.8709372524768813e-35
ACGApts_REV_CPLX_ACGApts-1,0.0,-2.020889386004345e-06
ACGApts_FWD_CPLX_ACGApts-1,0.0,-3.121049028829971e-07
ACGApts_REV_CPLX_ACGApts-0,0.0,-1.708784483121348e-06
ACGApts_FWD_CPLX_ACGApts-0,0.01652954157473045,9.564103489082388e-37
ACGK_REV_1130798.3.peg.1019-MONOMER,0.0,-1.1970989723878397e-06
ACGK_FWD_1130798.3.peg.1019-MONOMER,0.02762181017590774,2.372273155400947e-36
ACGS_REV_1130798.3.peg.1020-MONOMER,0.0,0.014168289975373578
ACGS_FWD_1130798.3.peg.1020-MONOMER,0.0,-0.014170402927722255
ACKr_REV_g.24465.CDS.1144-MONOMER_mod_mg2(1),3.4669065746006127,-1.4664419392653685e-35
ACKr_FWD_g.24465.CDS.1144-MONOMER_mod_mg2(1),0.0,-2.091083273655562e-06
ACLS_a_REV_CPLX_ACLS_a-0,0.0,-9.177766073553912e-07
ACLS_a_FWD_CPLX_ACLS_a-0,0.0,-5.397139829304373e-35
ACOAAGPAT140_REV_g.24465.CDS.288-MONOMER,0.0,-3.3926686931953123e-07
ACOAAGPAT140_FWD_g.24465.CDS.288-MONOMER,2.9344209055551064e-30,-2.3985756095884908e-36
ACOAAGPAT160_REV_g.24465.CDS.288-MONOMER,0.0,-3.3926686931953123e-07
ACOAAGPAT160_FWD_g.24465.CDS.288-MONOMER,0.0,-2.3985756095884908e-36
ACOAAGPAT180_REV_g.24465.CDS.288-MONOMER,0.0,-3.3926686931953123e-07
ACOAAGPAT180_FWD_g.24465.CDS.288-MONOMER,0.0,2.059916353709332e-36
ACOAAGPATAI15_REV_g.24465.CDS.288-MONOMER,0.0,-3.3926686931953123e-07
ACOAAGPATAI15_FWD_g.24465.CDS.288-MONOMER,0.0,-7.600149566769284e-36
ACOAAGPATAI17_REV_g.24465.CDS.288-MONOMER,0.0,-3.3926686931953123e-07
ACOAAGPATAI17_FWD_g.24465.CDS.288-MONOMER,0.005284401364957289,-6.113985579003343e-36
ACOAAGPATI14_REV_g.24465.CDS.288-MONOMER,0.0,-3.3926686931953123e-07
ACOAAGPATI14_FWD_g.24465.CDS.288-MONOMER,0.0,9.490736292539036e-36
ACOAAGPATI15_REV_g.24465.CDS.288-MONOMER,0.0,-3.3926686931953123e-07
ACOAAGPATI15_FWD_g.24465.CDS.288-MONOMER,0.0,-1.6554936157055204e-36
ACOAAGPATI16_REV_g.24465.CDS.288-MONOMER,0.0,-3.3926686931953123e-07
ACOAAGPATI16_FWD_g.24465.CDS.288-MONOMER,0.0,-2.3985756095884908e-36
ACOAAGPATI17_REV_g.24465.CDS.288-MONOMER,0.0,-3.3926686931953123e-07
ACOAAGPATI17_FWD_g.24465.CDS.288-MONOMER,0.005284401364957289,-2.3985756095884908e-36
ACOATA_REV_CPLX_3OAS100-0,0.0,-2.510100060506728e-06
ACOATA_FWD_CPLX_3OAS100-0,0.010568819953277186,5.2584063843563676e-36
ACOCT_REV_1130798.3.peg.1768-MONOMER,0.0,-1.536397919341673e-06
ACOCT_FWD_1130798.3.peg.1768-MONOMER,0.0,-1.6398735867182123e-36
ACODAr_REV_g.24465.CDS.246-MONOMER,0.0,-2.732329436053854e-07
ACODAr_FWD_g.24465.CDS.246-MONOMER,0.0,-2.01610653036022e-06
ACODAr_REV_g.24465.CDS.1370-MONOMER,0.0,1.2027697734166984e-36
ACODAr_FWD_g.24465.CDS.1370-MONOMER,0.0,-1.7428735867548344e-06
ACODAr_REV_g.24465.CDS.361-MONOMER,0.0,-1.530060383625976e-07
ACODAr_FWD_g.24465.CDS.361-MONOMER,0.0,-1.895879625117432e-06
ACOTA_REV_1130798.3.peg.1018-MONOMER,0.02762181017590774,-8.353291505916635e-36
ACOTA_FWD_1130798.3.peg.1018-MONOMER,0.0,-2.4612181585787177e-06
ACPS1_REV_g.24465.CDS.538-MONOMER,0.0,-2.3634494962431457e-07
ACPS1_FWD_g.24465.CDS.538-MONOMER,0.0,2.427164977308923e-36
ACTD_REV_g.24465.CDS.743-MONOMER,0.0,-1.854869121871822e-06
ACTD_FWD_g.24465.CDS.743-MONOMER,0.0,2.2515448545276542e-36
ACt2r_REV_CPLX_dummy,2.7201764074174744,-2.348636082219535e-36
ACt2r_FWD_CPLX_dummy,0.0,-1.0864272705257655e-06
ADD_REV_g.24465.CDS.671-MONOMER_mod_mn2(1),0.0,0.02835257256113136
ADD_FWD_g.24465.CDS.671-MONOMER_mod_mn2(1),0.0,-0.0283557302517135
ADEt2r_REV_CPLX_dummy,1.1227776107650353,2.661197069344664e-37
ADEt2r_FWD_CPLX_dummy,0.0,-1.0864272705257655e-06
ADK1_REV_1130798.3.peg.1465-MONOMER_mod_mg2(1),0.0,-1.0989617370776564e-06
ADK1_FWD_1130798.3.peg.1465-MONOMER_mod_mg2(1),0.5535097658516676,2.8376920567167916e-35
ADK10_REV_1130798.3.peg.1465-MONOMER_mod_mg2(1),0.0,-7.392684848700087e-07
ADK10_FWD_1130798.3.peg.1465-MONOMER_mod_mg2(1),0.0,-3.5969325220764775e-07
ADK11_REV_1130798.3.peg.1465-MONOMER_mod_mg2(1),0.0,-1.0989617370776564e-06
ADK11_FWD_1130798.3.peg.1465-MONOMER_mod_mg2(1),0.0,8.194410908227724e-36
ADK2_REV_g.24465.CDS.1215-MONOMER,0.0,-2.102191010106271e-35
ADK2_FWD_g.24465.CDS.1215-MONOMER,0.0,-1.096682957698594e-06
ADK3_REV_1130798.3.peg.1465-MONOMER_mod_mg2(1),0.0,-7.392684848700087e-07
ADK3_FWD_1130798.3.peg.1465-MONOMER_mod_mg2(1),0.0,-3.5969325220764775e-07
ADK5_REV_1130798.3.peg.1465-MONOMER_mod_mg2(1),0.0,-7.392684848700087e-07
ADK5_FWD_1130798.3.peg.1465-MONOMER_mod_mg2(1),0.0,-3.5969325220764775e-07
ADK7_REV_1130798.3.peg.1465-MONOMER_mod_mg2(1),0.0,-7.392684848700087e-07
ADK7_FWD_1130798.3.peg.1465-MONOMER_mod_mg2(1),0.0,-3.5969325220764775e-07
ADK8_REV_1130798.3.peg.1465-MONOMER_mod_mg2(1),0.0,-7.392684848700087e-07
ADK8_FWD_1130798.3.peg.1465-MONOMER_mod_mg2(1),0.0,-3.5969325220764775e-07
ADK9_REV_1130798.3.peg.1465-MONOMER_mod_mg2(1),0.0,-7.392684848700087e-07
ADK9_FWD_1130798.3.peg.1465-MONOMER_mod_mg2(1),0.0,-3.5969325220764775e-07
ADNK1_REV_g.24465.CDS.490-MONOMER,0.0,0.014174019777566924
ADNK1_FWD_g.24465.CDS.490-MONOMER,0.0,-0.014174980023217936
ADNUC_REV_g.24465.CDS.1768-MONOMER,0.0,0.014171237474773692
ADNUC_FWD_g.24465.CDS.1768-MONOMER,0.0,-0.014172721377372
ADNUC_REV_g.24465.CDS.147-MONOMER,0.0,0.014171061378760248
ADNUC_FWD_g.24465.CDS.147-MONOMER,0.0,-0.014172897473385442
ADNUC_REV_g.24465.CDS.929-MONOMER,0.0,0.01417155655506874
ADNUC_FWD_g.24465.CDS.929-MONOMER,0.0,-0.014172402297076952
ADOCBIK_REV_g.24465.CDS.1173-MONOMER,0.0,-1.7628466561119474e-06
ADOCBIK_FWD_g.24465.CDS.1173-MONOMER,0.0,7.176696937270275e-37
ADOCBIK2_REV_g.24465.CDS.1173-MONOMER,0.0,-1.4031534039042996e-06
ADOCBIK2_FWD_g.24465.CDS.1173-MONOMER,0.0,-3.5969325220764775e-07
ADOCBLS_REV_CPLX_dummy,0.0,-1.0864272705257655e-06
ADOCBLS_FWD_CPLX_dummy,0.0,-2.348636082219535e-36
ADPRDP_REV_g.24465.CDS.729-MONOMER,0.0,-5.811636523454082e-07
ADPRDP_FWD_g.24465.CDS.729-MONOMER,0.0,-8.94311521256549e-37
ADPT_REV_g.24465.CDS.586-MONOMER,0.0,0.014178957947745392
ADPT_FWD_g.24465.CDS.586-MONOMER,0.0,-0.014180129893025672
ADPT_REV_g.24465.CDS.573-MONOMER_mod_mn2(1),0.0,0.014179228628246082
ADPT_FWD_g.24465.CDS.573-MONOMER_mod_mn2(1),0.0,-0.014179859212524982
ADPT_REV_g.24465.CDS.573-MONOMER_mod_mg2(1),0.0,0.014179221153349878
ADPT_FWD_g.24465.CDS.573-MONOMER_mod_mg2(1),0.0,-0.014179866687421185
ADSL1r_REV_1130798.3.peg.234-MONOMER,0.0,-1.764130397283916e-06
ADSL1r_FWD_1130798.3.peg.234-MONOMER,0.010502898740176354,4.209799595230171e-36
ADSL2r_REV_1130798.3.peg.234-MONOMER,0.0,-1.764130397283916e-06
ADSL2r_FWD_1130798.3.peg.234-MONOMER,0.0,5.469271664561123e-37
ADSS_REV_1130798.3.peg.1771-MONOMER_mod_mg2(1),0.0,-2.46416118848594e-06
ADSS_FWD_1130798.3.peg.1771-MONOMER_mod_mg2(1),0.010502898740176354,1.6364760754842256e-34
AGPAT120_REV_g.24465.CDS.288-MONOMER,0.0,-3.7930677626460307e-07
AGPAT120_FWD_g.24465.CDS.288-MONOMER,4.668208317242786e-57,7.892630165969686e-36
AGPAT140_REV_g.24465.CDS.288-MONOMER,0.0,2.8130985024478713e-07
AGPAT140_FWD_g.24465.CDS.288-MONOMER,0.0,-6.558045979693013e-07
AGPAT141_REV_g.24465.CDS.288-MONOMER,0.0,-3.7930244728417706e-07
AGPAT141_FWD_g.24465.CDS.288-MONOMER,0.0,2.432389890604629e-35
AGPAT160_REV_g.24465.CDS.288-MONOMER,0.0,2.8130985024478713e-07
AGPAT160_FWD_g.24465.CDS.288-MONOMER,0.0,-6.55804542222881e-07
AGPAT161_REV_g.24465.CDS.288-MONOMER,0.0,-3.7930244728417706e-07
AGPAT161_FWD_g.24465.CDS.288-MONOMER,0.0,-1.966131078076274e-36
AGPAT180_REV_g.24465.CDS.288-MONOMER,0.0,-3.812558231249552e-07
AGPAT180_FWD_g.24465.CDS.288-MONOMER,0.005284401364957289,1.3201226699390461e-36
AGPAT181_REV_g.24465.CDS.288-MONOMER,0.0,-3.7930677626460307e-07
AGPAT181_FWD_g.24465.CDS.288-MONOMER,0.0,4.606376417954366e-36
AGPR_REV_1130798.3.peg.1021-MONOMER,0.02762181017590774,-1.3549018219541927e-35
AGPR_FWD_1130798.3.peg.1021-MONOMER,0.0,-1.7495519077043478e-06
AHCYSNS_r_REV_g.24465.CDS.273-MONOMER,0.0,-1.8177120768699657e-06
AHCYSNS_r_FWD_g.24465.CDS.273-MONOMER,6.829132898243778e-05,1.2806149296200825e-35
AICART_REV_1130798.3.peg.242-MONOMER,0.0,-1.8957436233483818e-06
AICART_FWD_1130798.3.peg.242-MONOMER,0.010502898740176354,-4.317556474523283e-35
AIHDUDPMG_REV_CPLX_dummy,0.0,-1.0864272705257655e-06
AIHDUDPMG_FWD_CPLX_dummy,0.0009183078652628026,5.907215381529854e-39
AIHDUPDG_REV_CPLX_dummy,0.0,-1.0864272705257655e-06
AIHDUPDG_FWD_CPLX_dummy,0.0009183078652628026,-8.348233954383804e-36
AIHPDCOATA_REV_g.24465.CDS.1672-MONOMER,0.0,-1.2582878438451995e-06
AIHPDCOATA_FWD_g.24465.CDS.1672-MONOMER,0.010568802729914579,5.095352599985477e-36
AIPDCOATA_REV_g.24465.CDS.1672-MONOMER,0.0,-1.2582878438451995e-06
AIPDCOATA_FWD_g.24465.CDS.1672-MONOMER,0.0,-1.2444299788542902e-36
AIRC4_REV_1130798.3.peg.233-MONOMER,0.0,-1.6831188576751436e-06
AIRC4_FWD_1130798.3.peg.233-MONOMER,0.0,-7.294323657602262e-07
AIRC4_REV_1130798.3.peg.232-MONOMER,0.0,-1.2386048444310103e-06
AIRC4_FWD_1130798.3.peg.232-MONOMER,0.0,-2.849183525160927e-07
AIRC4_REV_1130798.3.peg.1450-MONOMER,0.0,-9.536864919149174e-07
AIRC4_FWD_1130798.3.peg.1450-MONOMER,0.0,2.54350837201894e-35
ALAALA_REV_CPLX_dummy,0.0,-1.0864272705257655e-06
ALAALA_FWD_CPLX_dummy,0.0,8.92506004143504e-36
ALAASP1c_REV_g.24465.CDS.299-MONOMER_mod_fe2(2),0.0,-1.457918786186177e-06
ALAASP1c_FWD_g.24465.CDS.299-MONOMER_mod_fe2(2),0.0,-1.3553165748925356e-07
ALAASP1c_REV_g.24465.CDS.872-MONOMER,0.0,-1.3223871286969234e-06
ALAASP1c_FWD_g.24465.CDS.872-MONOMER,0.0,4.14630351711689e-37
ALAGLN1c_REV_g.24465.CDS.299-MONOMER_mod_fe2(2),0.0,-1.3553165748925356e-07
ALAGLN1c_FWD_g.24465.CDS.299-MONOMER_mod_fe2(2),0.0,-1.457918786186177e-06
ALAGLN1c_REV_g.24465.CDS.872-MONOMER,0.0,2.5844794238127247e-36
ALAGLN1c_FWD_g.24465.CDS.872-MONOMER,0.0,-1.3223871286969234e-06
ALAGLU1c_REV_g.24465.CDS.299-MONOMER_mod_fe2(2),0.0,-1.457918786186177e-06
ALAGLU1c_FWD_g.24465.CDS.299-MONOMER_mod_fe2(2),0.0,-1.3553165748925356e-07
ALAGLU1c_REV_g.24465.CDS.872-MONOMER,0.0,-1.3223871286969234e-06
ALAGLU1c_FWD_g.24465.CDS.872-MONOMER,0.0,6.676085897974797e-37
ALAGLY1c_REV_g.24465.CDS.299-MONOMER_mod_fe2(2),0.0,-1.457918786186177e-06
ALAGLY1c_FWD_g.24465.CDS.299-MONOMER_mod_fe2(2),0.0,-1.3553165748925356e-07
ALAGLY1c_REV_g.24465.CDS.872-MONOMER,0.0,-1.3223871286969234e-06
ALAGLY1c_FWD_g.24465.CDS.872-MONOMER,0.0,4.716336644864762e-36
ALAHIS1c_REV_g.24465.CDS.299-MONOMER_mod_fe2(2),0.0,-1.3553165748925356e-07
ALAHIS1c_FWD_g.24465.CDS.299-MONOMER_mod_fe2(2),0.0,-1.457918786186177e-06
ALAHIS1c_REV_g.24465.CDS.872-MONOMER,0.0,-2.1802001373694908e-35
ALAHIS1c_FWD_g.24465.CDS.872-MONOMER,0.0,-1.3223871286969234e-06
ALALEU1c_REV_g.24465.CDS.299-MONOMER_mod_fe2(2),0.0,-1.457918786186177e-06
ALALEU1c_FWD_g.24465.CDS.299-MONOMER_mod_fe2(2),0.0,-1.3553165748925356e-07
ALALEU1c_REV_g.24465.CDS.872-MONOMER,0.0,-1.3223871286969234e-06
ALALEU1c_FWD_g.24465.CDS.872-MONOMER,0.0,-2.9636347050410615e-37
ALAPGPL_REV_CPLX_ALAPGPL-0,0.0,-1.1552699174799136e-06
ALAPGPL_FWD_CPLX_ALAPGPL-0,0.0,-4.704986542277325e-34
ALAR_REV_1130798.3.peg.300-MONOMER,0.0,-9.391261749844813e-07
ALAR_FWD_1130798.3.peg.300-MONOMER,0.0,-1.0832085236103831e-06
ALATHR1c_REV_g.24465.CDS.299-MONOMER_mod_fe2(2),0.0,-1.3553165748925356e-07
ALATHR1c_FWD_g.24465.CDS.299-MONOMER_mod_fe2(2),0.0,-1.457918786186177e-06
ALATHR1c_REV_g.24465.CDS.872-MONOMER,0.0,-2.372349587692364e-37
ALATHR1c_FWD_g.24465.CDS.872-MONOMER,0.0,-1.3223871286969234e-06
ALAt2r_REV_CPLX_dummy,0.0,-1.0864272705257655e-06
ALAt2r_FWD_CPLX_dummy,0.0431799668913816,4.512970898590675e-37
ALCD19_REV_g.24465.CDS.1933-MONOMER_mod_fe2(1),0.0,-1.930212946597574e-06
ALCD19_FWD_g.24465.CDS.1933-MONOMER_mod_fe2(1),0.0,-3.605027011226726e-06
ALCD19_REV_g.24465.CDS.1876-MONOMER,0.0,-6.130362631170758e-08
ALCD19_FWD_g.24465.CDS.1876-MONOMER,0.0,-1.7361176909408598e-06
ALCD19_REV_g.24465.CDS.1368-MONOMER,0.0,-2.5612001234940875e-07
ALCD19_FWD_g.24465.CDS.1368-MONOMER,0.0,-1.930934076978561e-06
ALCD19_REV_g.24465.CDS.1807-MONOMER,0.0,-3.493615546316977e-07
ALCD19_FWD_g.24465.CDS.1807-MONOMER,0.0,-2.02417561926085e-06
ALCD19_REV_g.24465.CDS.163-MONOMER,0.5204753909350729,4.87579251893163e-35
ALCD19_FWD_g.24465.CDS.163-MONOMER,0.0,-1.6748140646291522e-06
ALCD19_REV_g.24465.CDS.666-MONOMER,0.0,-1.5458718673032543e-07
ALCD19_FWD_g.24465.CDS.666-MONOMER,0.0,-1.8294012513594776e-06
ALCD2x_REV_g.24465.CDS.1933-MONOMER_mod_fe2(1),0.0,-1.930212946597574e-06
ALCD2x_FWD_g.24465.CDS.1933-MONOMER_mod_fe2(1),0.0,-3.605027011226726e-06
ALCD2x_REV_g.24465.CDS.1876-MONOMER,0.0,-6.130362631170758e-08
ALCD2x_FWD_g.24465.CDS.1876-MONOMER,0.0,-1.7361176909408598e-06
ALCD2x_REV_g.24465.CDS.1368-MONOMER,0.0,-2.5612001234940875e-07
ALCD2x_FWD_g.24465.CDS.1368-MONOMER,0.0,-1.930934076978561e-06
ALCD2x_REV_g.24465.CDS.1807-MONOMER,0.0,-3.493615546316977e-07
ALCD2x_FWD_g.24465.CDS.1807-MONOMER,0.0,-2.02417561926085e-06
ALCD2x_REV_g.24465.CDS.163-MONOMER,0.903111362667184,-4.37841343346461e-35
ALCD2x_FWD_g.24465.CDS.163-MONOMER,0.0,-1.6748140646291522e-06
ALCD2x_REV_g.24465.CDS.666-MONOMER,0.0,-1.5458718673032543e-07
ALCD2x_FWD_g.24465.CDS.666-MONOMER,0.0,-1.8294012513594776e-06
ALPHNH_REV_CPLX_ALPHNH-0,0.0,-1.087008910695073e-06
ALPHNH_FWD_CPLX_ALPHNH-0,0.0,2.4956143720849547e-37
AMPMS2_REV_CPLX_dummy,0.0,-1.0864272705257655e-06
AMPMS2_FWD_CPLX_dummy,0.0,2.9067897236624196e-36
AMPTASECG_REV_g.24465.CDS.299-MONOMER_mod_fe2(2),0.0,-1.457918786186177e-06
AMPTASECG_FWD_g.24465.CDS.299-MONOMER_mod_fe2(2),0.0,-1.3553165748925356e-07
AMPTASECG_REV_g.24465.CDS.872-MONOMER,0.0,-1.3223871286969234e-06
AMPTASECG_FWD_g.24465.CDS.872-MONOMER,0.007869299604742164,8.584350496550432e-37
AMPTASEGC_REV_g.24465.CDS.299-MONOMER_mod_fe2(2),0.0,-1.457918786186177e-06
AMPTASEGC_FWD_g.24465.CDS.299-MONOMER_mod_fe2(2),0.0,-1.3553165748925356e-07
AMPTASEGC_REV_g.24465.CDS.872-MONOMER,0.0,-1.3223871286969234e-06
AMPTASEGC_FWD_g.24465.CDS.872-MONOMER,0.0,7.686463136174128e-36
AMPt2_REV_CPLX_dummy,0.0,-1.0864272705257655e-06
AMPt2_FWD_CPLX_dummy,0.13852045033052263,2.661197069344664e-37
ARAI_REV_g.24465.CDS.1247-MONOMER_mod_mn2(1),0.0,3.714262603863233e-36
ARAI_FWD_g.24465.CDS.1247-MONOMER_mod_mn2(1),0.0,-2.0187367670044388e-06
ARBTpts_REV_CPLX_ACGApts-1,0.0,-2.020889386004345e-06
ARBTpts_FWD_CPLX_ACGApts-1,0.0,-3.121049028829971e-07
ARBTpts_REV_CPLX_ACGApts-0,0.0,-1.708784483121348e-06
ARBTpts_FWD_CPLX_ACGApts-0,0.0,9.564103489082388e-37
ARGDA_REV_g.24465.CDS.506-MONOMER,0.0,0.014171367564491728
ARGDA_FWD_g.24465.CDS.506-MONOMER,0.0,-0.014173543628270755
ARGSL_REV_1130798.3.peg.1759-MONOMER,0.12237818982409225,-2.118275652248516e-33
ARGSL_FWD_1130798.3.peg.1759-MONOMER,0.0,-1.6706567766871956e-06
ARGSSr_REV_1130798.3.peg.1760-MONOMER_mod_mg2(1),0.12237818982409225,2.8126885772344554e-35
ARGSSr_FWD_1130798.3.peg.1760-MONOMER_mod_mg2(1),0.0,-1.776398309858495e-06
ASNS1_REV_1130798.3.peg.794-MONOMER_mod_mg2(1),0.0,0.014177545122238176
ASNS1_FWD_1130798.3.peg.794-MONOMER_mod_mg2(1),0.0,-0.014178649419419324
ASNS1_REV_1130798.3.peg.1726-MONOMER,0.0,0.014177654199299507
ASNS1_FWD_1130798.3.peg.1726-MONOMER,0.0,-0.014178540342357993
ASNS2_REV_CPLX_dummy,0.0,0.014175790221782301
ASNS2_FWD_CPLX_dummy,0.0,-0.014176876649052829
ASNt2r_REV_CPLX_dummy,0.0,-1.0864272705257655e-06
ASNt2r_FWD_CPLX_dummy,0.225,8.163827560984652e-37
ASPCT_REV_1130798.3.peg.826-MONOMER,0.0,0.06376343594550202
ASPCT_FWD_1130798.3.peg.826-MONOMER,0.0,-0.06376543348919637
ASPK_REV_g.24465.CDS.1973-MONOMER_mod_mg2(1),0.0,1.611401638989613e-35
ASPK_FWD_g.24465.CDS.1973-MONOMER_mod_mg2(1),0.0,-1.2341942585322434e-06
ASPT_REV_g.24465.CDS.1294-MONOMER_mod_cobalt2(1),0.0,-2.615968639067582e-06
ASPT_FWD_g.24465.CDS.1294-MONOMER_mod_cobalt2(1),0.24845689091544626,9.311850024320384e-38
ASPT_REV_g.24465.CDS.1294-MONOMER_mod_mg2(1),0.0,-2.618500615651614e-06
ASPT_FWD_g.24465.CDS.1294-MONOMER_mod_mg2(1),0.0,-2.531976584031977e-09
ASPT_REV_g.24465.CDS.1294-MONOMER_mod_mn2(1),0.0,-2.616260891206428e-06
ASPT_FWD_g.24465.CDS.1294-MONOMER_mod_mn2(1),0.0,-2.922521388457304e-10
ASPTA_REV_1130798.3.peg.476-MONOMER,0.0,-1.303945670299118e-06
ASPTA_FWD_1130798.3.peg.476-MONOMER,0.0,-1.5647076590436085e-07
ASPTA_REV_1130798.3.peg.193-MONOMER,0.0,-1.1474749043947572e-06
ASPTA_FWD_1130798.3.peg.193-MONOMER,0.027555906186169515,-1.0734705858472649e-35
ASPTA_REV_1130798.3.peg.1307-MONOMER,0.0,-1.3617735709015938e-06
ASPTA_FWD_1130798.3.peg.1307-MONOMER,0.0,-2.142986665068365e-07
ATPPRT_REV_1130798.3.peg.642-MONOMER,0.0,-5.278692903095546e-07
ATPPRT_FWD_1130798.3.peg.642-MONOMER,0.010502898740176354,1.7398405536160468e-38
ATPPRT_REV_1130798.3.peg.641-MONOMER,0.0,-6.542326353584789e-07
ATPPRT_FWD_1130798.3.peg.641-MONOMER,0.0,-1.2636334504892432e-07
ATPPRT_REV_1130798.3.peg.646-MONOMER,0.0,-9.271920535722316e-07
ATPPRT_FWD_1130798.3.peg.646-MONOMER,0.0,-3.99322763262677e-07
ATPS4_REV_CPLX_dummy,0.0,0.04252298709247556
ATPS4_FWD_CPLX_dummy,0.0,-0.04252407351974609
BGLA_REV_g.24465.CDS.1905-MONOMER,0.0,3.1144484973256185e-07
BGLA_FWD_g.24465.CDS.1905-MONOMER,0.0,-2.166202194765659e-06
BGLAr_REV_g.24465.CDS.1905-MONOMER,0.0,-1.8547573450330971e-06
BGLAr_FWD_g.24465.CDS.1905-MONOMER,0.0,-4.717226110985566e-36
BPNT_REV_CPLX_dummy,0.0,-1.0864272705257655e-06
BPNT_FWD_CPLX_dummy,0.0,-3.2064094309329565e-36
BTDD_RR_REV_g.24465.CDS.743-MONOMER,0.0,-7.907301519745968e-36
BTDD_RR_FWD_g.24465.CDS.743-MONOMER,0.0,-1.854869121871822e-06
BTNCLi_REV_CPLX_BTNCLi-3,0.0,0.014172697662175599
BTNCLi_FWD_CPLX_BTNCLi-3,0.0,-0.01417450463511832
BTNCLi_REV_CPLX_BTNCLi-7,0.0,0.014172685614341898
BTNCLi_FWD_CPLX_BTNCLi-7,0.0,-0.014174516682952021
BTNCLi_REV_CPLX_BTNCLi-2,0.0,0.014172638181457526
BTNCLi_FWD_CPLX_BTNCLi-2,0.0,-0.014174564115836393
BTNCLi_REV_CPLX_BTNCLi-0,0.0,0.014172660958128401
BTNCLi_FWD_CPLX_BTNCLi-0,0.0,-0.014174541339165517
BTNCLi_REV_CPLX_BTNCLi-5,0.0,0.01417270974162639
BTNCLi_FWD_CPLX_BTNCLi-5,0.0,-0.014174492555667528
BTNCLi_REV_CPLX_BTNCLi-6,0.0,0.014172627202706537
BTNCLi_FWD_CPLX_BTNCLi-6,0.0,-0.014174575094587381
BTNCLi_REV_CPLX_BTNCLi-1,0.0,0.014172722075956306
BTNCLi_FWD_CPLX_BTNCLi-1,0.0,-0.014174480221337613
BTNCLi_REV_CPLX_BTNCLi-4,0.0,0.01417264973462781
BTNCLi_FWD_CPLX_BTNCLi-4,0.0,-0.014174552562666108
BTND1_REV_g.24465.CDS.246-MONOMER,0.0,-2.01610653036022e-06
BTND1_FWD_g.24465.CDS.246-MONOMER,0.0,-2.732329436053854e-07
BTND1_REV_g.24465.CDS.1370-MONOMER,0.0,-1.7428735867548344e-06
BTND1_FWD_g.24465.CDS.1370-MONOMER,0.0,-3.110079491461576e-35
BTND1_REV_g.24465.CDS.361-MONOMER,0.0,-1.895879625117432e-06
BTND1_FWD_g.24465.CDS.361-MONOMER,0.0,-1.530060383625976e-07
BTNabc_REV_g.24465.CDS.1875-MONOMER,0.0,-8.021798079408497e-07
BTNabc_FWD_g.24465.CDS.1875-MONOMER,0.0,-2.633599690105326e-35
C180SN_REV_CPLX_dummy,0.0,-1.4914788730245332e-06
C180SN_FWD_CPLX_dummy,0.01056880847103233,2.177114417385368e-34
CAt4i_REV_CPLX_dummy,0.0,-1.0864272705257655e-06
CAt4i_FWD_CPLX_dummy,5.53592854696627e-07,-3.06258999892812e-36
CBIAT_REV_CPLX_dummy,0.0,6.565704720913932e-36
CBIAT_FWD_CPLX_dummy,0.0,-1.0864272705257655e-06
CBMK_REV_g.24465.CDS.1337-MONOMER,0.0,0.014172472666829255
CBMK_FWD_g.24465.CDS.1337-MONOMER,0.0,-0.014173819282009576
CBPS_REV_g.24465.CDS.742-MONOMER_mod_mg2(1),0.0,0.028347192167655043
CBPS_FWD_g.24465.CDS.742-MONOMER_mod_mg2(1),0.0,-0.028350151435573723
CD2abc1_REV_g.24465.CDS.1017-MONOMER,0.0,2.6034208897470455e-07
CD2abc1_FWD_g.24465.CDS.1017-MONOMER,0.0,-1.588930693308358e-06
CD2abc1_REV_g.24465.CDS.684-MONOMER,0.0,-2.780616319030518e-07
CD2abc1_FWD_g.24465.CDS.684-MONOMER,0.0,-2.1273344141861144e-06
CD2abc1_REV_g.24465.CDS.1307-MONOMER,0.0,-1.849895692831342e-07
CD2abc1_FWD_g.24465.CDS.1307-MONOMER,0.0,-2.0342623515661967e-06
CD2abc1_REV_g.24465.CDS.1552-MONOMER,0.0,2.843709299094755e-07
CD2abc1_FWD_g.24465.CDS.1552-MONOMER,0.0,-1.564901852373587e-06
CD2abc1_REV_g.24465.CDS.943-MONOMER,0.0,5.3426930340804894e-08
CD2abc1_FWD_g.24465.CDS.943-MONOMER,0.0,-1.7958458519422577e-06
CD2abc1_REV_g.24465.CDS.1116-MONOMER,0.0,-8.271824382680462e-09
CD2abc1_FWD_g.24465.CDS.1116-MONOMER,0.0,-1.857544606665743e-06
CD2t6r_REV_g.24465.CDS.1517-MONOMER,0.0,4.502327919158329e-37
CD2t6r_FWD_g.24465.CDS.1517-MONOMER,0.0,-2.2603463688518727e-06
CDPEAS_REV_g.24465.CDS.536-MONOMER,0.0,-1.2376355776811743e-36
CDPEAS_FWD_g.24465.CDS.536-MONOMER,0.0,-8.404095121817519e-07
CDPGLYCGPT_REV_CPLX_dummy,0.0,-1.0864272705257655e-06
CDPGLYCGPT_FWD_CPLX_dummy,0.0,1.2906115903628034e-33
CDPMEK_REV_g.24465.CDS.920-MONOMER_mod_mg2(1),0.0,-2.087123083969579e-06
CDPMEK_FWD_g.24465.CDS.920-MONOMER_mod_mg2(1),0.0025253466294727074,-3.3214189509589414e-36
CELBpts_REV_g.24465.CDS.819-MONOMER,0.0,-7.471473410248963e-07
CELBpts_FWD_g.24465.CDS.819-MONOMER,0.0,2.7182987750274785e-36
CGLYt3_2__REV_CPLX_dummy,0.0,-1.0864272705257655e-06
CGLYt3_2__FWD_CPLX_dummy,0.007869299604742164,-4.2896178979774934e-36
CHLabc_REV_CPLX_CHLabc-0,0.0,-2.0445892217802627e-06
CHLabc_FWD_CPLX_CHLabc-0,0.0,5.334723341794067e-36
CHOLD_REV_g.24465.CDS.1933-MONOMER_mod_fe2(1),0.0,-3.605027011226726e-06
CHOLD_FWD_g.24465.CDS.1933-MONOMER_mod_fe2(1),0.0,-1.930212946597574e-06
CHOLD_REV_g.24465.CDS.1876-MONOMER,0.0,-1.7361176909408598e-06
CHOLD_FWD_g.24465.CDS.1876-MONOMER,0.0,-6.130362631170758e-08
CHOLD_REV_g.24465.CDS.1368-MONOMER,0.0,-1.930934076978561e-06
CHOLD_FWD_g.24465.CDS.1368-MONOMER,0.0,-2.5612001234940875e-07
CHOLD_REV_g.24465.CDS.1807-MONOMER,0.0,-2.02417561926085e-06
CHOLD_FWD_g.24465.CDS.1807-MONOMER,0.0,-3.493615546316977e-07
CHOLD_REV_g.24465.CDS.163-MONOMER,0.0,-1.6748140646291522e-06
CHOLD_FWD_g.24465.CDS.163-MONOMER,0.0,-1.4560326063921131e-35
CHOLD_REV_g.24465.CDS.666-MONOMER,0.0,-1.8294012513594776e-06
CHOLD_FWD_g.24465.CDS.666-MONOMER,0.0,-1.5458718673032543e-07
CHOLK_REV_g.24465.CDS.880-MONOMER,0.0,-1.8437790268797574e-06
CHOLK_FWD_g.24465.CDS.880-MONOMER,0.0,-3.970068182875452e-36
CHOLabc_REV_CPLX_CHLabc-0,0.0,-2.0445892217802627e-06
CHOLabc_FWD_CPLX_CHLabc-0,0.0,-2.7866367113503956e-36
CHORM_REV_1130798.3.peg.1574-MONOMER,0.0,-1.0511686823934007e-06
CHORM_FWD_1130798.3.peg.1574-MONOMER,0.0,4.5181535494707285e-36
CITL_REV_g.24465.CDS.1073-MONOMER,0.0,-5.287807504492868e-07
CITL_FWD_g.24465.CDS.1073-MONOMER,0.0,-2.8080357936142016e-07
CITL_REV_g.24465.CDS.1154-MONOMER,0.0,-1.0316021930811682e-06
CITL_FWD_g.24465.CDS.1154-MONOMER,0.0,-7.836250219933017e-07
CITL_REV_g.24465.CDS.1608-MONOMER,0.0,-2.479771710878666e-07
CITL_FWD_g.24465.CDS.1608-MONOMER,0.0,-3.197748172397549e-36
CITRH_REV_g.24465.CDS.955-MONOMER,0.0,-1.1068909821626194e-06
CITRH_FWD_g.24465.CDS.955-MONOMER,0.12237818982409225,-1.0066495713781164e-35
CITRH_REV_g.24465.CDS.1301-MONOMER,0.0,-1.3993548979625285e-06
CITRH_FWD_g.24465.CDS.1301-MONOMER,0.0,-2.9246391579990914e-07
CLPNS140_REV_g.24465.CDS.1070-MONOMER,0.0,-9.011155574519232e-07
CLPNS140_FWD_g.24465.CDS.1070-MONOMER,1.4672104527775532e-30,3.5158719654523e-37
CLPNS160_REV_g.24465.CDS.1070-MONOMER,0.0,1.6068507895278075e-36
CLPNS160_FWD_g.24465.CDS.1070-MONOMER,0.0,-9.011155574519232e-07
CLPNS180_REV_g.24465.CDS.1070-MONOMER,0.0,-9.011155574519232e-07
CLPNS180_FWD_g.24465.CDS.1070-MONOMER,0.0010915233749236217,4.1173779754929626e-36
CLPNSAI15_REV_g.24465.CDS.1070-MONOMER,0.0,4.1173779754929626e-36
CLPNSAI15_FWD_g.24465.CDS.1070-MONOMER,0.0,-9.011155574519232e-07
CLPNSAI17_REV_g.24465.CDS.1070-MONOMER,0.0,-9.011155574519232e-07
CLPNSAI17_FWD_g.24465.CDS.1070-MONOMER,0.0010915233749236217,-9.036763964373474e-37
CLPNSI14_REV_g.24465.CDS.1070-MONOMER,0.0,1.6068507895278075e-36
CLPNSI14_FWD_g.24465.CDS.1070-MONOMER,0.0,-9.011155574519232e-07
CLPNSI15_REV_g.24465.CDS.1070-MONOMER,0.0,4.1173779754929626e-36
CLPNSI15_FWD_g.24465.CDS.1070-MONOMER,0.0,-9.011155574519232e-07
CLPNSI16_REV_g.24465.CDS.1070-MONOMER,0.0,1.6068507895278075e-36
CLPNSI16_FWD_g.24465.CDS.1070-MONOMER,0.0,-9.011155574519232e-07
CLPNSI17_REV_g.24465.CDS.1070-MONOMER,0.0,-9.011155574519232e-07
CLPNSI17_FWD_g.24465.CDS.1070-MONOMER,0.0010915233749236217,-1.5966839512228277e-35
CMLDC_REV_g.24465.CDS.1938-MONOMER,0.0,-1.9167728564328815e-06
CMLDC_FWD_g.24465.CDS.1938-MONOMER,0.0,-2.2382152177716978e-36
CO2t_REV_CPLX_dummy,0.46344838839721136,7.979601407330327e-41
CO2t_FWD_CPLX_dummy,0.0,-1.0864272705257655e-06
CRNabc_REV_CPLX_CHLabc-0,0.0,-2.0445892217802627e-06
CRNabc_FWD_CPLX_CHLabc-0,0.0,-2.7866367113503956e-36
CSNt2_REV_CPLX_dummy,0.0,0.014163844389142363
CSNt2_FWD_CPLX_dummy,0.0,-0.014164930816412888
CTPS1_REV_g.24465.CDS.742-MONOMER_mod_mg2(1),0.0,-2.0794790638573758e-06
CTPS1_FWD_g.24465.CDS.742-MONOMER_mod_mg2(1),0.0,-8.79788854823076e-07
CTPS1_REV_g.24465.CDS.1202-MONOMER,0.0,-1.1996902090342998e-06
CTPS1_FWD_g.24465.CDS.1202-MONOMER,0.0073460053017906654,3.597105218810852e-35
CTPS2_REV_1130798.3.peg.290-MONOMER,0.0,1.464956323203841e-07
CTPS2_FWD_1130798.3.peg.290-MONOMER,0.0,-2.181484981014978e-06
CYSDS_REV_g.24465.CDS.203-MONOMER_mod_pydx5p(1),0.0,-2.791307409902435e-06
CYSDS_FWD_g.24465.CDS.203-MONOMER_mod_pydx5p(1),0.9647698797729808,-4.4032529104274544e-35
CYSS_REV_1130798.3.peg.451-MONOMER,0.0,0.007082846111862017
CYSS_FWD_1130798.3.peg.451-MONOMER,0.0,-0.007084167926179142
CYSS3r_REV_1130798.3.peg.451-MONOMER,0.0,4.245523543952969e-35
CYSS3r_FWD_1130798.3.peg.451-MONOMER,0.0,-1.3816223696115713e-06
CYSTGL_REV_g.24465.CDS.203-MONOMER_mod_pydx5p(1),0.0,-2.791307409902435e-06
CYSTGL_FWD_g.24465.CDS.203-MONOMER_mod_pydx5p(1),6.829132898243778e-05,2.561358764082985e-35
CYSTS_REV_CPLX_dummy,0.0,-1.0864272705257655e-06
CYSTS_FWD_CPLX_dummy,0.9648381711019632,-1.2865677874996812e-37
CYTBD_REV_CPLX_dummy,0.0,-1.0864272705257655e-06
CYTBD_FWD_CPLX_dummy,0.0,2.053500456114794e-36
CYTBD2_REV_CPLX_dummy,0.0,-1.0864272705257655e-06
CYTBD2_FWD_CPLX_dummy,0.0,-1.8145785819381818e-36
CYTD_REV_g.24465.CDS.364-MONOMER,0.0,0.014172920824396642
CYTD_FWD_g.24465.CDS.364-MONOMER,0.0,-0.01417558528795226
CYTDK1_REV_g.24465.CDS.597-MONOMER_mod_mg2(1),0.0,-1.0534698202300763e-06
CYTDK1_FWD_g.24465.CDS.597-MONOMER_mod_mg2(1),0.0,1.1540822692786382e-36
CYTDK2_REV_g.24465.CDS.597-MONOMER_mod_mg2(1),0.0,-6.937765680224286e-07
CYTDK2_FWD_g.24465.CDS.597-MONOMER_mod_mg2(1),0.0,-3.5969325220764775e-07
CYTDK4_REV_g.24465.CDS.597-MONOMER_mod_mg2(1),0.0,-4.7162622961913696e-07
CYTDK4_FWD_g.24465.CDS.597-MONOMER_mod_mg2(1),0.0,-5.818435906109394e-07
CYTDt2r_REV_CPLX_dummy,0.0,2.661197069344664e-37
CYTDt2r_FWD_CPLX_dummy,0.0,-1.0864272705257655e-06
CYTK1_REV_CPLX_dummy,0.0,-1.0864272705257655e-06
CYTK1_FWD_CPLX_dummy,0.0934065309956128,-7.554551787307004e-36
CYTK2_REV_CPLX_dummy,0.0,-1.0864272705257655e-06
CYTK2_FWD_CPLX_dummy,0.005714051359369326,-8.547912807549521e-36
Coabc_REV_CPLX_dummy,0.0,-1.0864272705257655e-06
Coabc_FWD_CPLX_dummy,0.0010092657510930524,5.420906676206156e-36
Cuabc_REV_g.24465.CDS.1017-MONOMER,0.0,-1.3045597633988824e-06
Cuabc_FWD_g.24465.CDS.1017-MONOMER,0.0,-2.4028840934770954e-08
Cuabc_REV_g.24465.CDS.684-MONOMER,0.0,-1.842963484276639e-06
Cuabc_FWD_g.24465.CDS.684-MONOMER,0.0,-5.624325618125273e-07
Cuabc_REV_g.24465.CDS.1307-MONOMER,0.0,-1.7498914216567212e-06
Cuabc_FWD_g.24465.CDS.1307-MONOMER,0.0,-4.693604991926097e-07
Cuabc_REV_g.24465.CDS.1552-MONOMER,0.0,-1.2805309224641116e-06
Cuabc_FWD_g.24465.CDS.1552-MONOMER,0.0,2.2069264062792415e-36
Cuabc_REV_g.24465.CDS.943-MONOMER,0.0,-1.5114749220327822e-06
Cuabc_FWD_g.24465.CDS.943-MONOMER,0.0,-2.3094399956867063e-07
Cuabc_REV_g.24465.CDS.1116-MONOMER,0.0,-1.5731736767562675e-06
Cuabc_FWD_g.24465.CDS.1116-MONOMER,0.0,-2.92642754292156e-07
Cut1_REV_g.24465.CDS.1017-MONOMER,0.0,0.028346413527456107
Cut1_FWD_g.24465.CDS.1017-MONOMER,0.0,-0.02834774211606044
Cut1_REV_g.24465.CDS.684-MONOMER,0.0,0.02834587512373523
Cut1_FWD_g.24465.CDS.684-MONOMER,0.0,-0.02834828051978132
Cut1_REV_g.24465.CDS.1307-MONOMER,0.0,0.02834596819579785
Cut1_FWD_g.24465.CDS.1307-MONOMER,0.0,-0.0283481874477187
Cut1_REV_g.24465.CDS.1552-MONOMER,0.0,0.028346437556297042
Cut1_FWD_g.24465.CDS.1552-MONOMER,0.0,-0.028347718087219507
Cut1_REV_g.24465.CDS.943-MONOMER,0.0,0.028346206612297475
Cut1_FWD_g.24465.CDS.943-MONOMER,0.0,-0.028347949031219077
Cut1_REV_g.24465.CDS.1116-MONOMER,0.0,0.028346144913542752
Cut1_FWD_g.24465.CDS.1116-MONOMER,0.0,-0.0283480107299738
DACTt3_REV_CPLX_dummy,0.0,-1.0864272705257655e-06
DACTt3_FWD_CPLX_dummy,0.0,5.4956312852424696e-36
DADNK_REV_CPLX_DADNK-0,0.0,0.014167240962355743
DADNK_FWD_CPLX_DADNK-0,0.0,-0.014167629087694882
DADNK_REV_g.24465.CDS.1872-MONOMER,0.0,0.014167283124700752
DADNK_FWD_g.24465.CDS.1872-MONOMER,0.0,-0.014167586925349872
DADNK_REV_CPLX_DADNK-2,0.0,0.014167387392951458
DADNK_FWD_CPLX_DADNK-2,0.0,-0.014167482657099167
DADNK_REV_CPLX_DADNK-1,0.0,0.01416736788594755
DADNK_FWD_CPLX_DADNK-1,0.0,-0.014167502164103075
DADNK_REV_g.24465.CDS.1140-MONOMER,0.0,0.014167261424414962
DADNK_FWD_g.24465.CDS.1140-MONOMER,0.0,-0.014167608625635663
DADNK_REV_g.24465.CDS.328-MONOMER,0.0,0.014167506937709044
DADNK_FWD_g.24465.CDS.328-MONOMER,0.0,-0.014167363112341581
DADNt2r_REV_CPLX_dummy,0.0,-1.0864272705257655e-06
DADNt2r_FWD_CPLX_dummy,1.0,-1.019290344968154e-35
DALAt2r_REV_g.24465.CDS.1317-MONOMER,0.0,-1.0444404441471744e-06
DALAt2r_FWD_g.24465.CDS.1317-MONOMER,0.0,-1.0209552224731069e-07
DALAt2r_REV_g.24465.CDS.252-MONOMER,0.0,-9.423449218998636e-07
DALAt2r_FWD_g.24465.CDS.252-MONOMER,0.01652954157473045,-5.64951201282694e-37
DAPE_REV_CPLX_dummy,0.0,-1.0864272705257655e-06
DAPE_FWD_CPLX_dummy,0.0,-2.4453144320108203e-35
DAPabc_REV_CPLX_dummy,0.0,0.42532771560416904
DAPabc_FWD_CPLX_dummy,0.0,-0.4253288020314396
DASYN120_REV_g.24465.CDS.904-MONOMER_mod_mg2(1)_mod_k(1),0.0,-9.84489408943856e-07
DASYN120_FWD_g.24465.CDS.904-MONOMER_mod_mg2(1)_mod_k(1),0.0,8.448513539316623e-36
DASYN140_REV_g.24465.CDS.904-MONOMER_mod_mg2(1)_mod_k(1),0.0,-9.84489408943856e-07
DASYN140_FWD_g.24465.CDS.904-MONOMER_mod_mg2(1)_mod_k(1),2.9344209055551064e-30,8.448513539316623e-36
DASYN141_REV_g.24465.CDS.904-MONOMER_mod_mg2(1)_mod_k(1),0.0,-9.84489408943856e-07
DASYN141_FWD_g.24465.CDS.904-MONOMER_mod_mg2(1)_mod_k(1),0.0,-1.2212289423850685e-35
DASYN160_REV_g.24465.CDS.904-MONOMER_mod_mg2(1)_mod_k(1),0.0,-9.84489408943856e-07
DASYN160_FWD_g.24465.CDS.904-MONOMER_mod_mg2(1)_mod_k(1),0.0,8.448513539316623e-36
DASYN161_REV_g.24465.CDS.904-MONOMER_mod_mg2(1)_mod_k(1),0.0,-9.84489408943856e-07
DASYN161_FWD_g.24465.CDS.904-MONOMER_mod_mg2(1)_mod_k(1),0.0,-1.2212289423850685e-35
DASYN180_REV_g.24465.CDS.904-MONOMER_mod_mg2(1)_mod_k(1),0.0,-9.84489408943856e-07
DASYN180_FWD_g.24465.CDS.904-MONOMER_mod_mg2(1)_mod_k(1),0.004366093499694487,8.448513539316623e-36
DASYN181_REV_g.24465.CDS.904-MONOMER_mod_mg2(1)_mod_k(1),0.0,-9.84489408943856e-07
DASYN181_FWD_g.24465.CDS.904-MONOMER_mod_mg2(1)_mod_k(1),0.0,8.448513539316623e-36
DASYNAI15_REV_g.24465.CDS.904-MONOMER_mod_mg2(1)_mod_k(1),0.0,-9.84489408943856e-07
DASYNAI15_FWD_g.24465.CDS.904-MONOMER_mod_mg2(1)_mod_k(1),0.0,4.554208770472706e-36
DASYNAI17_REV_g.24465.CDS.904-MONOMER_mod_mg2(1)_mod_k(1),0.0,-9.84489408943856e-07
DASYNAI17_FWD_g.24465.CDS.904-MONOMER_mod_mg2(1)_mod_k(1),0.004366093499694487,1.262415585657929e-36
DASYNI14_REV_g.24465.CDS.904-MONOMER_mod_mg2(1)_mod_k(1),0.0,-9.84489408943856e-07
DASYNI14_FWD_g.24465.CDS.904-MONOMER_mod_mg2(1)_mod_k(1),0.0,4.554208770472706e-36
DASYNI15_REV_g.24465.CDS.904-MONOMER_mod_mg2(1)_mod_k(1),0.0,-9.84489408943856e-07
DASYNI15_FWD_g.24465.CDS.904-MONOMER_mod_mg2(1)_mod_k(1),0.0,4.554208770472706e-36
DASYNI16_REV_g.24465.CDS.904-MONOMER_mod_mg2(1)_mod_k(1),0.0,-9.84489408943856e-07
DASYNI16_FWD_g.24465.CDS.904-MONOMER_mod_mg2(1)_mod_k(1),0.0,-3.829040326688989e-36
DASYNI17_REV_g.24465.CDS.904-MONOMER_mod_mg2(1)_mod_k(1),0.0,-9.84489408943856e-07
DASYNI17_FWD_g.24465.CDS.904-MONOMER_mod_mg2(1)_mod_k(1),0.004366093499694487,9.775423541790876e-36
DB4PS_REV_1130798.3.peg.16-MONOMER,0.0,-1.9595090586474513e-06
DB4PS_FWD_1130798.3.peg.16-MONOMER,0.0,1.5091377958929605e-36
DCMPDA_REV_g.24465.CDS.1-MONOMER,0.005714051359369326,8.016038151240848e-37
DCMPDA_FWD_g.24465.CDS.1-MONOMER,0.0,-1.6862858023859036e-06
DCYTD_REV_g.24465.CDS.364-MONOMER,0.0,0.01417437350204288
DCYTD_FWD_g.24465.CDS.364-MONOMER,0.0,-0.014177037965598499
DDGLK_REV_1130798.3.peg.1643-MONOMER,0.0,-1.641885778372778e-06
DDGLK_FWD_1130798.3.peg.1643-MONOMER,0.0,-4.2591469073990943e-36
DDPA_REV_g.24465.CDS.1162-MONOMER,0.0,-2.202631768829471e-06
DDPA_FWD_g.24465.CDS.1162-MONOMER,0.0,1.6805025265683646e-34
DDPGALA_REV_g.24465.CDS.775-MONOMER,0.0,-2.380564241228662e-36
DDPGALA_FWD_g.24465.CDS.775-MONOMER,0.0,-3.8841291678835454e-07
DEXTRINASE_REV_g.24465.CDS.334-MONOMER,0.0,-1.5363786943827234e-06
DEXTRINASE_FWD_g.24465.CDS.334-MONOMER,0.0,-3.434332187463341e-35
DEXTRINabc_REV_CPLX_dummy,0.0,-1.0864272705257655e-06
DEXTRINabc_FWD_CPLX_dummy,0.0,-2.746934837566895e-35
DGK1_REV_g.24465.CDS.11-MONOMER_mod_mg2(1),0.0,-4.969660497530384e-07
DGK1_FWD_g.24465.CDS.11-MONOMER_mod_mg2(1),0.005714051359369326,-4.775411277360653e-36
DGK1_REV_g.24465.CDS.1750-MONOMER,0.0,-1.0243655927466496e-06
DGK1_FWD_g.24465.CDS.1750-MONOMER,0.0,-5.273995429936113e-07
DGSNt2r_REV_CPLX_dummy,0.0,-1.0864272705257655e-06
DGSNt2r_FWD_CPLX_dummy,1.0,2.661197069344664e-37
DHFS_REV_1130798.3.peg.1119-MONOMER,0.0,0.02834720313690817
DHFS_FWD_1130798.3.peg.1119-MONOMER,0.0,-0.028348389617796697
DHFS_REV_1130798.3.peg.969-MONOMER,0.0,0.028347268950600232
DHFS_FWD_1130798.3.peg.969-MONOMER,0.0,-0.028348323804104635
DHNPA_REV_g.24465.CDS.775-MONOMER,0.0,-3.8841291678835454e-07
DHNPA_FWD_g.24465.CDS.775-MONOMER,0.0,-6.847638179631797e-37
DHNPA2_REV_1130798.3.peg.972-MONOMER,0.0,0.014175739709277053
DHNPA2_FWD_1130798.3.peg.972-MONOMER,0.0,-0.014176128122193843
DHORD2_REV_1130798.3.peg.1773-MONOMER,0.0,-1.5228769274396462e-06
DHORD2_FWD_1130798.3.peg.1773-MONOMER,-1.945365774400174e-23,-2.4581536575003787e-36
DHORD5_REV_1130798.3.peg.1773-MONOMER,0.0,-1.5228769274396462e-06
DHORD5_FWD_1130798.3.peg.1773-MONOMER,1.945365774400174e-23,1.5367930616326266e-36
DHORTS_REV_1130798.3.peg.825-MONOMER_mod_cobalt2(1)_mod_zn2(1),0.0,-2.0873220462711696e-36
DHORTS_FWD_1130798.3.peg.825-MONOMER_mod_cobalt2(1)_mod_zn2(1),0.0,-4.181525197519112e-06
DHORTS_REV_1130798.3.peg.825-MONOMER_mod_mn2(1)_mod_zn2(1),0.0,-3.2816643710553676e-10
DHORTS_FWD_1130798.3.peg.825-MONOMER_mod_mn2(1)_mod_zn2(1),0.0,-4.181853363956217e-06
DHORTS_REV_1130798.3.peg.825-MONOMER_mod_ni2(1)_mod_zn2(1),0.0,-2.155773559827519e-36
DHORTS_FWD_1130798.3.peg.825-MONOMER_mod_ni2(1)_mod_zn2(1),0.0,-4.181525197519112e-06
DHPR_REV_g.24465.CDS.1729-MONOMER,0.0,-2.2040334758609453e-07
DHPR_FWD_g.24465.CDS.1729-MONOMER,0.0,-2.9767072743839974e-36
DHPS_REV_g.24465.CDS.474-MONOMER,0.0,-1.405075565440179e-06
DHPS_FWD_g.24465.CDS.474-MONOMER,0.0,0.0
DHPS2_REV_1130798.3.peg.967-MONOMER_mod_mg2(1),0.0,-1.6717774730667258e-06
DHPS2_FWD_1130798.3.peg.967-MONOMER_mod_mg2(1),0.0,-1.5714855310832909e-35
DHQS_REV_g.24465.CDS.1067-MONOMER_mod_cobalt2(1)_mod_nad(1),0.0,-1.4256305318508508e-06
DHQS_FWD_g.24465.CDS.1067-MONOMER_mod_cobalt2(1)_mod_nad(1),0.0,-3.7088040906581405e-36
DHQTi_REV_g.24465.CDS.1424-MONOMER,0.0,-1.9080521332556526e-06
DHQTi_FWD_g.24465.CDS.1424-MONOMER,0.0,-1.8873504008231286e-35
DMATT_REV_g.24465.CDS.924-MONOMER_mod_mn2(1),0.0,-1.4414938075280543e-06
DMATT_FWD_g.24465.CDS.924-MONOMER_mod_mn2(1),0.00022957696631570066,7.146158747426081e-36
DMATT_REV_g.24465.CDS.924-MONOMER_mod_mg2(1),0.0,-1.4503828306647477e-06
DMATT_FWD_g.24465.CDS.924-MONOMER_mod_mg2(1),0.0,-8.889023136693499e-09
DMPPS_REV_CPLX_dummy,0.0,-1.0864272705257655e-06
DMPPS_FWD_CPLX_dummy,0.0025253466294727074,-8.772883979916518e-36
DMQMT_REV_CPLX_dummy,0.0,-1.0864272705257655e-06
DMQMT_FWD_CPLX_dummy,0.0,2.7187964718436313e-36
DPCOAK_REV_1130798.3.peg.938-MONOMER,0.0,-9.602456510121372e-07
DPCOAK_FWD_1130798.3.peg.938-MONOMER,0.001009231072175831,4.960319073276471e-35
DPGM_REV_g.24465.CDS.1002-MONOMER,0.0,3.114194489059149e-36
DPGM_FWD_g.24465.CDS.1002-MONOMER,0.0,-1.1472614597926895e-06
DPMVDc_REV_g.24465.CDS.293-MONOMER,0.0,-1.6830158470988884e-06
DPMVDc_FWD_g.24465.CDS.293-MONOMER,0.0,1.2807895253692546e-35
DPRr_REV_1130798.3.peg.440-MONOMER,0.0,-8.55434440480036e-09
DPRr_FWD_1130798.3.peg.440-MONOMER,0.0,-1.1131420841430185e-06
DPRr_REV_1130798.3.peg.441-MONOMER,0.0,-2.1298450877735382e-09
DPRr_FWD_1130798.3.peg.441-MONOMER,0.0,-1.1067175848259918e-06
DPRr_REV_1130798.3.peg.1303-MONOMER,0.0,4.8485955599655665e-36
DPRr_FWD_1130798.3.peg.1303-MONOMER,0.0,-1.104587739738218e-06
DRBK_REV_g.24465.CDS.1838-MONOMER_mod_k(1)_mod_mg2(1),0.0,-2.2323663745104583e-06
DRBK_FWD_g.24465.CDS.1838-MONOMER_mod_k(1)_mod_mg2(1),0.17878295,-8.317171143738644e-37
DRIBI_REV_g.24465.CDS.1711-MONOMER,0.0,-1.334644292062322e-06
DRIBI_FWD_g.24465.CDS.1711-MONOMER,0.17885124132898245,-5.223700157688813e-36
DRIBabc_REV_g.24465.CDS.1465-MONOMER,0.0,-5.313052805456813e-07
DRIBabc_FWD_g.24465.CDS.1465-MONOMER,0.17878295,6.577789650237877e-36
DRPAr_REV_g.24465.CDS.62-MONOMER,0.0,-2.2780998264670818e-06
DRPAr_FWD_g.24465.CDS.62-MONOMER,2.167354847281261,1.4903293194174954e-36
DSERt2r_REV_g.24465.CDS.1317-MONOMER,0.0,-1.0209552224731069e-07
DSERt2r_FWD_g.24465.CDS.1317-MONOMER,0.0,-1.0444404441471744e-06
DSERt2r_REV_g.24465.CDS.252-MONOMER,0.0,8.765938044509391e-37
DSERt2r_FWD_g.24465.CDS.252-MONOMER,0.0,-9.423449218998636e-07
DTMPK_REV_g.24465.CDS.1310-MONOMER_mod_mg2(1),0.0,-1.150725867341309e-06
DTMPK_FWD_g.24465.CDS.1310-MONOMER_mod_mg2(1),0.006506952563491712,-7.262058964246933e-36
DURIK1_REV_g.24465.CDS.1840-MONOMER_mod_mg2(1),0.0,-7.253810541317127e-07
DURIK1_FWD_g.24465.CDS.1840-MONOMER_mod_mg2(1),0.005714051359369326,7.988822810606075e-36
DURIK1_REV_g.24465.CDS.1128-MONOMER,0.0,-8.935375690113115e-07
DURIK1_FWD_g.24465.CDS.1128-MONOMER,0.0,-1.6815651487959866e-07
DURIPP_REV_g.24465.CDS.136-MONOMER,0.005714051359369326,-5.197122832436619e-36
DURIPP_FWD_g.24465.CDS.136-MONOMER,0.0,-2.3603058147041095e-06
DURIPP_REV_g.24465.CDS.18-MONOMER,0.0,-2.5035733876387867e-07
DURIPP_FWD_g.24465.CDS.18-MONOMER,0.0,-2.610663153467988e-06
DUTPDP_REV_g.24465.CDS.1739-MONOMER_mod_zn2(1),0.0,0.014174331722626343
DUTPDP_FWD_g.24465.CDS.1739-MONOMER_mod_zn2(1),0.0,-0.014175046566074923
DUTPDP_REV_g.24465.CDS.1832-MONOMER,0.0,0.014174539710960318
DUTPDP_FWD_g.24465.CDS.1832-MONOMER,0.0,-0.014174838577740947
DXPRIi_REV_CPLX_dummy,0.0,-1.0864272705257655e-06
DXPRIi_FWD_CPLX_dummy,0.0025253466294727074,1.817882113169344e-35
DXPS_REV_CPLX_dummy,0.0,-1.0864272705257655e-06
DXPS_FWD_CPLX_dummy,0.0025253466294727074,2.9545703315455182e-36
D_LACD_REV_g.24465.CDS.773-MONOMER,0.0,-1.140313318238986e-06
D_LACD_FWD_g.24465.CDS.773-MONOMER,0.0,-6.820233469370362e-08
D_LACD_REV_g.24465.CDS.612-MONOMER,0.0,-1.0762532409006997e-06
D_LACD_FWD_g.24465.CDS.612-MONOMER,0.0,-4.142257355417087e-09
D_LACD_REV_g.24465.CDS.866-MONOMER,0.0,-1.2593455479776678e-06
D_LACD_FWD_g.24465.CDS.866-MONOMER,0.0,-1.8723456443238525e-07
D_LACt2_REV_CPLX_dummy,0.0,-1.815040136111356e-36
D_LACt2_FWD_CPLX_dummy,0.0,-1.0864272705257655e-06
E4PD_REV_1130798.3.peg.1260-MONOMER,0.0,3.605623794284452e-36
E4PD_FWD_1130798.3.peg.1260-MONOMER,0.0,-1.95243373139563e-06
EAR100x_REV_g.24465.CDS.1513-MONOMER,0.0,-1.7867349017334497e-06
EAR100x_FWD_g.24465.CDS.1513-MONOMER,0.0,4.3426540713449155e-36
EAR10M11x_REV_g.24465.CDS.1513-MONOMER,0.0,-1.790588982780834e-06
EAR10M11x_FWD_g.24465.CDS.1513-MONOMER,0.0,3.041065378513892e-36
EAR10M12x_REV_g.24465.CDS.1513-MONOMER,0.0,-1.790588982780834e-06
EAR10M12x_FWD_g.24465.CDS.1513-MONOMER,0.010568802729914579,8.247420149837988e-36
EAR11M12x_REV_g.24465.CDS.1513-MONOMER,0.0,-1.790588982780834e-06
EAR11M12x_FWD_g.24465.CDS.1513-MONOMER,0.010568802729914579,8.247420149837988e-36
EAR120x_REV_g.24465.CDS.1513-MONOMER,0.0,-1.8402478034794482e-06
EAR120x_FWD_g.24465.CDS.1513-MONOMER,0.0,8.247420149837988e-36
EAR121x_REV_CPLX_dummy,0.0,-1.0825792484962803e-06
EAR121x_FWD_CPLX_dummy,0.0,-1.3128702232314784e-38
EAR12M13x_REV_g.24465.CDS.1513-MONOMER,0.0,-1.790588982780834e-06
EAR12M13x_FWD_g.24465.CDS.1513-MONOMER,0.0,8.247420149837988e-36
EAR12M14x_REV_g.24465.CDS.1513-MONOMER,0.0,-1.790588982780834e-06
EAR12M14x_FWD_g.24465.CDS.1513-MONOMER,0.010568802729914579,8.247420149837988e-36
EAR13M14x_REV_g.24465.CDS.1513-MONOMER,0.0,-1.790588982780834e-06
EAR13M14x_FWD_g.24465.CDS.1513-MONOMER,0.010568802729914579,8.247420149837988e-36
EAR140x_REV_g.24465.CDS.1513-MONOMER,0.0,-1.8306237490132285e-06
EAR140x_FWD_g.24465.CDS.1513-MONOMER,0.0,8.247420149837988e-36
EAR141x_REV_CPLX_dummy,0.0,-1.136077624520897e-06
EAR141x_FWD_CPLX_dummy,0.0,-9.864348441972262e-37
EAR14M15x_REV_g.24465.CDS.1513-MONOMER,0.0,-1.790588982780834e-06
EAR14M15x_FWD_g.24465.CDS.1513-MONOMER,0.0,-2.1652893928102046e-36
EAR14M16x_REV_g.24465.CDS.1513-MONOMER,0.0,-1.790588982780834e-06
EAR14M16x_FWD_g.24465.CDS.1513-MONOMER,0.010568802729914579,-1.2577998935458397e-35
EAR15M16x_REV_g.24465.CDS.1513-MONOMER,0.0,-1.790588982780834e-06
EAR15M16x_FWD_g.24465.CDS.1513-MONOMER,0.010568802729914579,1.866012969248618e-35
EAR160x_REV_g.24465.CDS.1513-MONOMER,0.0,-1.8306236375204183e-06
EAR160x_FWD_g.24465.CDS.1513-MONOMER,0.0,3.041065378513892e-36
EAR161x_REV_CPLX_dummy,0.0,-1.136077624520897e-06
EAR161x_FWD_CPLX_dummy,0.0,6.800014291522065e-36
EAR180x_REV_g.24465.CDS.1513-MONOMER,0.0,-1.8441458961414042e-06
EAR180x_FWD_g.24465.CDS.1513-MONOMER,0.0,3.041065378513892e-36
EAR181x_REV_CPLX_dummy,0.0,-1.1360862824793976e-06
EAR181x_FWD_CPLX_dummy,0.0,-9.864348441972262e-37
EAR40x_REV_g.24465.CDS.1513-MONOMER,0.0,-1.7867349017334497e-06
EAR40x_FWD_g.24465.CDS.1513-MONOMER,0.0,-1.7858712045191297e-36
EAR4M5x_REV_g.24465.CDS.1513-MONOMER,0.0,-1.790588982780834e-06
EAR4M5x_FWD_g.24465.CDS.1513-MONOMER,0.0,3.041065378513892e-36
EAR4M6x_REV_g.24465.CDS.1513-MONOMER,0.0,-1.790588982780834e-06
EAR4M6x_FWD_g.24465.CDS.1513-MONOMER,0.010568802729914579,2.060889014601536e-34
EAR5M6x_REV_g.24465.CDS.1513-MONOMER,0.0,-1.790588982780834e-06
EAR5M6x_FWD_g.24465.CDS.1513-MONOMER,0.010568802729914579,8.247420149837988e-36
EAR60x_REV_g.24465.CDS.1513-MONOMER,0.0,-1.7867349017334497e-06
EAR60x_FWD_g.24465.CDS.1513-MONOMER,0.0,8.173061811429184e-37
EAR6M7x_REV_g.24465.CDS.1513-MONOMER,0.0,-1.790588982780834e-06
EAR6M7x_FWD_g.24465.CDS.1513-MONOMER,0.0,3.041065378513892e-36
EAR6M8x_REV_g.24465.CDS.1513-MONOMER,0.0,-1.790588982780834e-06
EAR6M8x_FWD_g.24465.CDS.1513-MONOMER,0.010568802729914579,-2.1652893928102046e-36
EAR7M8x_REV_g.24465.CDS.1513-MONOMER,0.0,-1.790588982780834e-06
EAR7M8x_FWD_g.24465.CDS.1513-MONOMER,0.010568802729914579,8.247420149837988e-36
EAR80x_REV_g.24465.CDS.1513-MONOMER,0.0,-1.7867349017334497e-06
EAR80x_FWD_g.24465.CDS.1513-MONOMER,0.0,-1.7858712045191297e-36
EAR8M10x_REV_g.24465.CDS.1513-MONOMER,0.0,-1.790588982780834e-06
EAR8M10x_FWD_g.24465.CDS.1513-MONOMER,0.010568802729914579,2.907283923513437e-35
EAR8M9x_REV_g.24465.CDS.1513-MONOMER,0.0,-1.790588982780834e-06
EAR8M9x_FWD_g.24465.CDS.1513-MONOMER,0.0,-2.1652893928102046e-36
EAR9M10x_REV_g.24465.CDS.1513-MONOMER,0.0,-1.790588982780834e-06
EAR9M10x_FWD_g.24465.CDS.1513-MONOMER,0.010568802729914579,-1.2577998935458397e-35
EHGLAT_REV_g.24465.CDS.1338-MONOMER,0.0,-1.311184805464966e-06
EHGLAT_FWD_g.24465.CDS.1338-MONOMER,0.0,-3.429644898746813e-07
EHGLAT_REV_g.24465.CDS.157-MONOMER,0.0,-1.1295064963656275e-06
EHGLAT_FWD_g.24465.CDS.157-MONOMER,0.0,-1.612861807753429e-07
EHGLAT_REV_g.24465.CDS.49-MONOMER,0.0,-9.682203155902846e-07
EHGLAT_FWD_g.24465.CDS.49-MONOMER,0.0,-1.088880895872456e-36
ENO_REV_1130798.3.peg.1257-MONOMER,0.0,-1.4418904594557704e-06
ENO_FWD_1130798.3.peg.1257-MONOMER,5.365926437641392,-2.798327572218233e-37
ETHAAL_REV_g.24465.CDS.46-MONOMER,0.0,0.028342305147550602
ETHAAL_FWD_g.24465.CDS.46-MONOMER,0.0,-0.028343895005298325
ETOHt_REV_CPLX_dummy,0.903111362667184,7.979601407330327e-41
ETOHt_FWD_CPLX_dummy,0.0,-1.0864272705257655e-06
F6PE4PL_REV_g.24465.CDS.1222-MONOMER,0.0,-2.1616412476692712e-06
F6PE4PL_FWD_g.24465.CDS.1222-MONOMER,0.2869518756168464,1.810146308254941e-36
FBA_REV_CPLX_dummy,0.0,-1.0864272705257655e-06
FBA_FWD_CPLX_dummy,0.14898579,-3.7926667618375275e-36
FBP_REV_g.24465.CDS.201-MONOMER,0.0,0.007085544922306283
FBP_FWD_g.24465.CDS.201-MONOMER,0.0,-0.007086774100168015
FCLTc_REV_g.24465.CDS.1881-MONOMER,0.0,-3.852371985961683e-07
FCLTc_FWD_g.24465.CDS.1881-MONOMER,0.0,1.2860873380659218e-35
FE2DH_REV_g.24465.CDS.1187-MONOMER,0.0,-1.2948959259438783e-06
FE2DH_FWD_g.24465.CDS.1187-MONOMER,0.0,1.1085211252962686e-35
FE2abc_REV_CPLX_dummy,0.0,-1.0864272705257655e-06
FE2abc_FWD_CPLX_dummy,2.4883592553864513e-08,-4.48740058667683e-36
FE3abc_REV_CPLX_dummy,0.0,0.010630600652509332
FE3abc_FWD_CPLX_dummy,0.0,-0.010631687079779857
FERO_REV_g.24465.CDS.1187-MONOMER,0.0,0.056691567806618104
FERO_FWD_g.24465.CDS.1187-MONOMER,0.0,-0.05669286270254405
FFSD_REV_g.24465.CDS.1386-MONOMER,0.0,-1.9598429667524457e-06
FFSD_FWD_g.24465.CDS.1386-MONOMER,0.07449289,2.686742736038481e-36
FGLU_REV_g.24465.CDS.657-MONOMER,0.0,-1.71232152335398e-06
FGLU_FWD_g.24465.CDS.657-MONOMER,0.0,-1.9931216312231578e-37
FLVRx_REV_g.24465.CDS.364-MONOMER,0.0,-2.6644635556187513e-06
FLVRx_FWD_g.24465.CDS.364-MONOMER,0.0,-6.323340416958156e-37
FMNAT_REV_1130798.3.peg.19-MONOMER,0.0,-1.9190275277657417e-06
FMNAT_FWD_1130798.3.peg.19-MONOMER,0.001009231072175831,-1.2989774096641053e-35
FOLD3_REV_g.24465.CDS.474-MONOMER,0.0,-1.405075565440179e-06
FOLD3_FWD_g.24465.CDS.474-MONOMER,0.0,1.4857195152775188e-35
FOLRrev_REV_CPLX_dummy,0.0,-1.0864272705257655e-06
FOLRrev_FWD_CPLX_dummy,0.003027693216527493,1.292207128926084e-36
FOLt_REV_CPLX_dummy,0.0,-1.0864272705257655e-06
FOLt_FWD_CPLX_dummy,0.003027693216527493,2.661197069344664e-37
FOMETR_REV_g.24465.CDS.567-MONOMER,0.0,-1.956277048722097e-36
FOMETR_FWD_g.24465.CDS.567-MONOMER,0.0,-1.4987326051253964e-06
FPGS_REV_1130798.3.peg.1119-MONOMER,0.0,-1.1206671964644836e-06
FPGS_FWD_1130798.3.peg.1119-MONOMER,0.0,-6.581369206325861e-08
FPGS_REV_1130798.3.peg.969-MONOMER,0.0,-1.0548535044012248e-06
FPGS_FWD_1130798.3.peg.969-MONOMER,0.0,-1.3049960319603601e-35
FPGS7_REV_g.24465.CDS.1201-MONOMER,0.0,-1.2875691633364703e-06
FPGS7_FWD_g.24465.CDS.1201-MONOMER,0.0,-6.369310516464998e-08
FPGS7_REV_CPLX_FPGS7-0,0.0,-1.378172126049607e-06
FPGS7_FWD_CPLX_FPGS7-0,0.0,-1.542960678777867e-07
FPGS7_REV_g.24465.CDS.757-MONOMER,0.0,-1.2238760581718202e-06
FPGS7_FWD_g.24465.CDS.757-MONOMER,0.0043800172077295965,-2.8730829363840653e-35
FPGS_tm_REV_g.24465.CDS.1201-MONOMER,0.0,-1.2875691633364703e-06
FPGS_tm_FWD_g.24465.CDS.1201-MONOMER,0.0,-6.369310516464998e-08
FPGS_tm_REV_CPLX_FPGS7-0,0.0,-1.378172126049607e-06
FPGS_tm_FWD_CPLX_FPGS7-0,0.0,-1.542960678777867e-07
FPGS_tm_REV_g.24465.CDS.757-MONOMER,0.0,-1.2238760581718202e-06
FPGS_tm_FWD_g.24465.CDS.757-MONOMER,0.0,1.53259196503241e-35
FRD2_REV_g.24465.CDS.1189-MONOMER,0.0,-1.8615891466127696e-06
FRD2_FWD_g.24465.CDS.1189-MONOMER,0.0,-7.772942682362427e-07
FRD2_REV_g.24465.CDS.646-MONOMER,0.0,-1.6813514516901435e-06
FRD2_FWD_g.24465.CDS.646-MONOMER,0.0,-5.970565733136168e-07
FRD2_REV_g.24465.CDS.448-MONOMER,0.0,-1.0842948783765269e-06
FRD2_FWD_g.24465.CDS.448-MONOMER,1.945365774400174e-23,1.1900516534535385e-36
FRD3_REV_g.24465.CDS.1189-MONOMER,0.0,-1.8615891466127696e-06
FRD3_FWD_g.24465.CDS.1189-MONOMER,0.0,-7.772942682362427e-07
FRD3_REV_g.24465.CDS.646-MONOMER,0.0,-1.6813514516901435e-06
FRD3_FWD_g.24465.CDS.646-MONOMER,0.0,-5.970565733136168e-07
FRD3_REV_g.24465.CDS.448-MONOMER,0.0,-1.0842948783765269e-06
FRD3_FWD_g.24465.CDS.448-MONOMER,1.4434625772844397e-23,1.1900516534535385e-36
FRD7_REV_CPLX_dummy,0.0,-1.0853610744511461e-06
FRD7_FWD_CPLX_dummy,0.0,-1.0661960746193777e-09
FRTT_REV_g.24465.CDS.977-MONOMER_mod_mg2(1),0.0,-1.1915373974400406e-06
FRTT_FWD_g.24465.CDS.977-MONOMER_mod_mg2(1),0.0,1.0039474267553677e-35
FRTT_REV_g.24465.CDS.924-MONOMER_mod_mn2(1),0.0,-1.3165156024840474e-06
FRTT_FWD_g.24465.CDS.924-MONOMER_mod_mn2(1),0.0,-1.2497820504400683e-07
FRTT_REV_g.24465.CDS.924-MONOMER_mod_mg2(1),0.0,-1.3254046256207409e-06
FRTT_FWD_g.24465.CDS.924-MONOMER_mod_mg2(1),0.0,-1.3386722818070034e-07
FRUK_REV_g.24465.CDS.1143-MONOMER_mod_mg2(1),0.0,-1.3910350711797639e-06
FRUK_FWD_g.24465.CDS.1143-MONOMER_mod_mg2(1),0.14898579,2.8540613838664526e-36
FRUpts_REV_CPLX_ACGApts-1,0.0,-2.020889386004345e-06
FRUpts_FWD_CPLX_ACGApts-1,0.0,-3.121049028829971e-07
FRUpts_REV_CPLX_ACGApts-0,0.0,-1.708784483121348e-06
FRUpts_FWD_CPLX_ACGApts-0,0.14898579,-4.474601576059298e-36
FT_REV_g.24465.CDS.212-MONOMER_mod_mg2(1),0.0,-1.7876317585946564e-06
FT_FWD_g.24465.CDS.212-MONOMER_mod_mg2(1),0.0,4.489076241087127e-36
FTHFCL_REV_g.24465.CDS.505-MONOMER,0.0,0.014173703008898638
FTHFCL_FWD_g.24465.CDS.505-MONOMER,0.0,-0.01417423328000353
FTHFL_REV_g.24465.CDS.968-MONOMER,0.0,-2.2439858937627434e-06
FTHFL_FWD_g.24465.CDS.968-MONOMER,0.016901378092257613,-1.919913191789956e-35
FUM_REV_1130798.3.peg.1548-MONOMER,0.0,-2.7961403423226846e-06
FUM_FWD_1130798.3.peg.1548-MONOMER,0.13658159983153037,-5.600861406646899e-36
G1PACT_REV_1130798.3.peg.280-MONOMER,0.0,-2.500193994433386e-06
G1PACT_FWD_1130798.3.peg.280-MONOMER,0.0,1.154201953030835e-35
G1PTT_REV_g.24465.CDS.194-MONOMER_mod_mg2(1),0.0,-6.21934593700903e-07
G1PTT_FWD_g.24465.CDS.194-MONOMER_mod_mg2(1),0.0,-2.119082834268139e-35
G3PAT120_REV_CPLX_G3PAT120-0,0.0,-2.015890740047838e-06
G3PAT120_FWD_CPLX_G3PAT120-0,5.785778510372122e-57,-1.2547308213796448e-35
G3PAT140_REV_CPLX_G3PAT120-0,0.0,-1.3552741135384478e-06
G3PAT140_FWD_CPLX_G3PAT120-0,0.0,-6.558045979693013e-07
G3PAT141_REV_CPLX_G3PAT120-0,0.0,-2.015886411067412e-06
G3PAT141_FWD_CPLX_G3PAT120-0,0.0,1.3967562778160554e-35
G3PAT160_REV_CPLX_G3PAT120-0,0.0,-2.0110786557613287e-06
G3PAT160_FWD_CPLX_G3PAT120-0,0.0,3.3616143813777516e-36
G3PAT161_REV_CPLX_G3PAT120-0,0.0,-2.015886411067412e-06
G3PAT161_FWD_CPLX_G3PAT120-0,0.0,3.3616143813777516e-36
G3PAT180_REV_CPLX_G3PAT120-0,0.0,-2.01783978690819e-06
G3PAT180_FWD_CPLX_G3PAT120-0,0.005284401364957289,-1.9413598170136487e-36
G3PAT181_REV_CPLX_G3PAT120-0,0.0,-2.015890740047838e-06
G3PAT181_FWD_CPLX_G3PAT120-0,0.0,3.3616143813777516e-36
G3PATAI15_REV_CPLX_G3PAT120-0,0.0,-1.975850833102766e-06
G3PATAI15_FWD_CPLX_G3PAT120-0,0.0,7.250364588853223e-36
G3PATAI17_REV_CPLX_G3PAT120-0,0.0,-1.975850833102766e-06
G3PATAI17_FWD_CPLX_G3PAT120-0,0.005284401364957289,2.45396730123603e-36
G3PATI14_REV_CPLX_G3PAT120-0,0.0,-1.975850833102766e-06
G3PATI14_FWD_CPLX_G3PAT120-0,0.0,-2.3424299863811626e-36
G3PATI15_REV_CPLX_G3PAT120-0,0.0,-1.975850833102766e-06
G3PATI15_FWD_CPLX_G3PAT120-0,0.0,5.576865742743379e-38
G3PATI16_REV_CPLX_G3PAT120-0,0.0,-1.975850833102766e-06
G3PATI16_FWD_CPLX_G3PAT120-0,0.0,7.250364588853223e-36
G3PATI17_REV_CPLX_G3PAT120-0,0.0,-1.975850833102766e-06
G3PATI17_FWD_CPLX_G3PAT120-0,0.005284401364957289,2.45396730123603e-36
G3PCT_REV_CPLX_dummy,0.0,-1.0864272705257655e-06
G3PCT_FWD_CPLX_dummy,0.0661181662989218,-1.5597371716660004e-35
G3PD1_REV_g.24465.CDS.1437-MONOMER,0.0,-2.9605504389637366e-07
G3PD1_FWD_g.24465.CDS.1437-MONOMER,0.0,-1.078843287557236e-06
G3PD2_REV_g.24465.CDS.1437-MONOMER,0.0,-1.3748983314536098e-06
G3PD2_FWD_g.24465.CDS.1437-MONOMER,1.1906589584215916,1.137736975250045e-37
G5SADs_REV_CPLX_dummy,0.0,-1.0864272705257655e-06
G5SADs_FWD_CPLX_dummy,0.0,-3.044686171183586e-36
G6PBDH_REV_1130798.3.peg.1670-MONOMER,0.0,-1.0145812329551413e-06
G6PBDH_FWD_1130798.3.peg.1670-MONOMER,0.0,-7.366697986653791e-35
G6PDH2r_REV_1130798.3.peg.1670-MONOMER,0.0,-1.0145812329551413e-06
G6PDH2r_FWD_1130798.3.peg.1670-MONOMER,0.0,2.0274185279613917e-36
G6PI_REV_g.24465.CDS.1419-MONOMER,0.0,-7.699906666209042e-07
G6PI_FWD_g.24465.CDS.1419-MONOMER,0.0,-7.699906666209042e-07
G6PI3_REV_g.24465.CDS.1419-MONOMER,0.0,-1.5399813332418084e-06
G6PI3_FWD_g.24465.CDS.1419-MONOMER,0.0,-5.43566895963299e-37
GAL6PI_REV_g.24465.CDS.1247-MONOMER_mod_mn2(1),0.0,0.0
GAL6PI_FWD_g.24465.CDS.1247-MONOMER_mod_mn2(1),0.0,-2.0187367670044388e-06
GALCTD_REV_g.24465.CDS.1186-MONOMER,0.0,-1.6281480452661907e-06
GALCTD_FWD_g.24465.CDS.1186-MONOMER,0.0,-4.912471700195369e-08
GALCTD_REV_g.24465.CDS.186-MONOMER_mod_nad(1),0.0,-1.579023328264237e-06
GALCTD_FWD_g.24465.CDS.186-MONOMER_mod_nad(1),0.0,0.0
GALCTD_REV_g.24465.CDS.1074-MONOMER,0.0,-1.6934971365890356e-06
GALCTD_FWD_g.24465.CDS.1074-MONOMER,0.0,-1.1447380832479854e-07
GALK_REV_g.24465.CDS.1143-MONOMER_mod_mg2(1),0.0,-1.3910350711797639e-06
GALK_FWD_g.24465.CDS.1143-MONOMER_mod_mg2(1),0.14898579,9.443589897273951e-36
GALM1r_REV_g.24465.CDS.1860-MONOMER,0.0,3.8750222576224625e-36
GALM1r_FWD_g.24465.CDS.1860-MONOMER,0.0,-2.166202194765659e-06
GALS3_REV_g.24465.CDS.1959-MONOMER,0.0,-1.7675277255603236e-06
GALS3_FWD_g.24465.CDS.1959-MONOMER,0.0,6.351051363153781e-36
GALT_REV_g.24465.CDS.1011-MONOMER,0.0,-1.8594531621684112e-06
GALT_FWD_g.24465.CDS.1011-MONOMER,0.14898579,-1.5790529775797543e-35
GALTpts_REV_CPLX_GALTpts-0,0.0,-1.5468284972763298e-06
GALTpts_FWD_CPLX_GALTpts-0,0.0,-2.087120475510961e-07
GALTpts_REV_CPLX_GALTpts-1,0.0,-1.3381164497252336e-06
GALTpts_FWD_CPLX_GALTpts-1,0.0,3.986601138884723e-36
GALU_REV_g.24465.CDS.1603-MONOMER,0.12694640123369275,-3.5416707053978726e-36
GALU_FWD_g.24465.CDS.1603-MONOMER,0.0,-1.2948811495862595e-06
GALt2_2_REV_g.24465.CDS.1326-MONOMER,0.0,-1.2846770753220749e-06
GALt2_2_FWD_g.24465.CDS.1326-MONOMER,0.14898579,9.833021838961255e-39
GAMpts_REV_CPLX_ACGApts-1,0.0,0.0283428924334473
GAMpts_FWD_CPLX_ACGApts-1,0.0,-0.028345225427736185
GAMpts_REV_CPLX_ACGApts-0,0.0,0.02834320453835018
GAMpts_FWD_CPLX_ACGApts-0,0.0,-0.028344913322833305
GAPD_REV_1130798.3.peg.1260-MONOMER,0.0,-1.95243373139563e-06
GAPD_FWD_1130798.3.peg.1260-MONOMER,5.365926437641392,3.605623794284452e-36
GARFTi_REV_1130798.3.peg.241-MONOMER,0.0,-1.4987326051253964e-06
GARFTi_FWD_1130798.3.peg.241-MONOMER,0.0,6.36239243043447e-36
GCALDL_REV_g.24465.CDS.1938-MONOMER,0.0,-1.9167728564328815e-06
GCALDL_FWD_g.24465.CDS.1938-MONOMER,0.0,-3.388565329438376e-37
GCALDt_REV_CPLX_dummy,0.0,2.661197069344664e-37
GCALDt_FWD_CPLX_dummy,0.0,-1.0864272705257655e-06
GCCb_REV_g.24465.CDS.567-MONOMER,0.0,-1.4987326051253964e-06
GCCb_FWD_g.24465.CDS.567-MONOMER,0.0,-1.5543238835735992e-37
GCDCHOLBHSe_REV_CPLX_dummy,0.0,-5.432136352628828e-07
GCDCHOLBHSe_FWD_CPLX_dummy,0.0,-5.432136352628828e-07
GCHOLBHSe_REV_CPLX_dummy,0.0,-5.432136352628828e-07
GCHOLBHSe_FWD_CPLX_dummy,0.0,-5.432136352628828e-07
GF6PTA_REV_1130798.3.peg.1237-MONOMER,0.0,0.06376626881805071
GF6PTA_FWD_1130798.3.peg.1237-MONOMER,0.0,-0.06376855292250969
GGTT_REV_g.24465.CDS.977-MONOMER_mod_mg2(1),0.0,-1.1915373974400406e-06
GGTT_FWD_g.24465.CDS.977-MONOMER_mod_mg2(1),0.0,-1.495115294511728e-35
GGTT_REV_g.24465.CDS.924-MONOMER_mod_mn2(1),0.0,-1.3165156024840474e-06
GGTT_FWD_g.24465.CDS.924-MONOMER_mod_mn2(1),0.0,-1.2497820504400683e-07
GGTT_REV_g.24465.CDS.924-MONOMER_mod_mg2(1),0.0,-1.3254046256207409e-06
GGTT_FWD_g.24465.CDS.924-MONOMER_mod_mg2(1),0.0,-1.3386722818070034e-07
GK1_REV_g.24465.CDS.11-MONOMER_mod_mg2(1),0.0,-4.969660497530384e-07
GK1_FWD_g.24465.CDS.11-MONOMER_mod_mg2(1),0.015340261710421105,-1.4431538057245727e-35
GK1_REV_g.24465.CDS.1750-MONOMER,0.0,-1.0243655927466496e-06
GK1_FWD_g.24465.CDS.1750-MONOMER,0.0,-5.273995429936113e-07
GK2_REV_g.24465.CDS.11-MONOMER_mod_mg2(1),0.0,-1.372727975453906e-07
GK2_FWD_g.24465.CDS.11-MONOMER_mod_mg2(1),0.0,-3.5969325220764775e-07
GK2_REV_g.24465.CDS.1750-MONOMER,0.0,-6.646723405390019e-07
GK2_FWD_g.24465.CDS.1750-MONOMER,0.0,-8.870927952012591e-07
GLCNt2r_REV_g.24465.CDS.409-MONOMER,0.0,-1.4651456490594417e-06
GLCNt2r_FWD_g.24465.CDS.409-MONOMER,0.14898579,-5.085237565322718e-36
GLCP_REV_g.24465.CDS.384-MONOMER_mod_pydx5p(1),0.0,2.1734852710456064e-06
GLCP_FWD_g.24465.CDS.384-MONOMER_mod_pydx5p(1),0.0,-3.818989281826116e-06
GLCS1_REV_g.24465.CDS.816-MONOMER,0.0,-8.257292661575141e-07
GLCS1_FWD_g.24465.CDS.816-MONOMER,0.0,2.5174918066180952e-36
GLCTR3_REV_g.24465.CDS.990-MONOMER,0.0,-1.005483477080934e-06
GLCTR3_FWD_g.24465.CDS.990-MONOMER,0.0,1.289494305653214e-35
GLCTR4r_REV_g.24465.CDS.1989-MONOMER,0.0,-9.144213815047039e-07
GLCTR4r_FWD_g.24465.CDS.1989-MONOMER,0.0,-9.728781671911807e-36
GLCabc_REV_CPLX_dummy,0.0,0.014173096025753252
GLCabc_FWD_CPLX_dummy,0.0,-0.014174182453023777
GLCpts_REV_CPLX_ACGApts-1,0.0,-2.020889386004345e-06
GLCpts_FWD_CPLX_ACGApts-1,0.0,-3.121049028829971e-07
GLCpts_REV_CPLX_ACGApts-0,0.0,-1.708784483121348e-06
GLCpts_FWD_CPLX_ACGApts-0,0.14898579,-4.474601576059298e-36
GLCt2_REV_g.24465.CDS.1326-MONOMER,0.0,0.014173965393767168
GLCt2_FWD_g.24465.CDS.1326-MONOMER,0.0,-0.01417525007084249
GLGC_REV_CPLX_GLGC-0,0.0,-1.7290468327385737e-06
GLGC_FWD_CPLX_GLGC-0,0.0,2.5215754038205953e-35
GLNS_REV_1130798.3.peg.842-MONOMER,0.0,0.014170562026440407
GLNS_FWD_1130798.3.peg.842-MONOMER,0.0,-0.014172347859034266
GLNSP1_REV_g.24465.CDS.928-MONOMER_mod_mn2(1),0.0,-3.516691929020382e-06
GLNSP1_FWD_g.24465.CDS.928-MONOMER_mod_mn2(1),0.0,7.662643822009274e-36
GLNSP2_REV_g.24465.CDS.928-MONOMER_mod_mn2(1),0.0,-3.516691929020382e-06
GLNSP2_FWD_g.24465.CDS.928-MONOMER_mod_mn2(1),0.0,1.0396632419130353e-35
GLNSP3_REV_g.24465.CDS.928-MONOMER_mod_mn2(1),0.0,-3.516691929020382e-06
GLNSP3_FWD_g.24465.CDS.928-MONOMER_mod_mn2(1),0.0,4.928655224888195e-36
GLNt2r_REV_CPLX_dummy,0.0,-1.0864272705257655e-06
GLNt2r_FWD_CPLX_dummy,0.037482018343603735,-2.020361412806944e-36
GLUCYS_REV_g.24465.CDS.511-MONOMER,0.0,-8.969396882467818e-07
GLUCYS_FWD_g.24465.CDS.511-MONOMER,0.0,-1.5814460878492793e-07
GLUCYS_REV_g.24465.CDS.493-MONOMER_mod_mg2(1),0.0,-9.316828641307932e-07
GLUCYS_FWD_g.24465.CDS.493-MONOMER_mod_mg2(1),0.0,-1.9288778466893946e-07
GLUCYS_REV_g.24465.CDS.1418-MONOMER,0.0,-7.654872726829183e-07
GLUCYS_FWD_g.24465.CDS.1418-MONOMER,0.0,-2.6692193221064492e-08
GLUCYS_REV_g.24465.CDS.400-MONOMER,0.0,-7.387950794618538e-07
GLUCYS_FWD_g.24465.CDS.400-MONOMER,0.0,2.025904118352775e-35
GLUFORT_REV_g.24465.CDS.563-MONOMER_mod_mg2(1)_mod_k(1),0.0,-1.0894578138894342e-06
GLUFORT_FWD_g.24465.CDS.563-MONOMER_mod_mg2(1)_mod_k(1),0.0,3.584239341488907e-37
GLUPRT_REV_1130798.3.peg.239-MONOMER,0.0,-2.321785376662605e-06
GLUPRT_FWD_1130798.3.peg.239-MONOMER,0.0,-1.0893412667555106e-35
GLUR_REV_1130798.3.peg.1088-MONOMER,0.0,1.2341288969711001e-34
GLUR_FWD_1130798.3.peg.1088-MONOMER,0.0,-1.8823604183882674e-06
GLUTRS_REV_g.24465.CDS.1752-MONOMER_mod_mg2(1)_mod_zn2(1),0.0,-1.0387386322029271e-06
GLUTRS_FWD_g.24465.CDS.1752-MONOMER_mod_mg2(1)_mod_zn2(1),0.0,-3.395474757585416e-36
GLUt2r_REV_g.24465.CDS.1704-MONOMER,0.0,-1.5484352537630411e-06
GLUt2r_FWD_g.24465.CDS.1704-MONOMER,0.07923854927481658,-2.335954617322631e-37
GLYASN1c_REV_g.24465.CDS.299-MONOMER_mod_fe2(2),0.0,-1.457918786186177e-06
GLYASN1c_FWD_g.24465.CDS.299-MONOMER_mod_fe2(2),0.0,-1.3553165748925356e-07
GLYASN1c_REV_g.24465.CDS.872-MONOMER,0.0,-1.3223871286969234e-06
GLYASN1c_FWD_g.24465.CDS.872-MONOMER,0.0,-3.981190792076454e-36
GLYASP1c_REV_g.24465.CDS.299-MONOMER_mod_fe2(2),0.0,-1.457918786186177e-06
GLYASP1c_FWD_g.24465.CDS.299-MONOMER_mod_fe2(2),0.0,-1.3553165748925356e-07
GLYASP1c_REV_g.24465.CDS.872-MONOMER,0.0,-1.3223871286969234e-06
GLYASP1c_FWD_g.24465.CDS.872-MONOMER,0.0,1.4875699222296734e-36
GLYCDx_REV_g.24465.CDS.793-MONOMER,0.0,0.014166980531175672
GLYCDx_FWD_g.24465.CDS.793-MONOMER,0.0,-0.014167725151445897
GLYCDx_REV_g.24465.CDS.34-MONOMER,0.0,0.014166534134525672
GLYCDx_FWD_g.24465.CDS.34-MONOMER,0.0,-0.014168171548095899
GLYCK2_REV_g.24465.CDS.85-MONOMER,0.0,-1.7070726612793125e-06
GLYCK2_FWD_g.24465.CDS.85-MONOMER,0.0,-1.2114919260735143e-07
GLYCL_REV_g.24465.CDS.567-MONOMER,0.0,0.007075069235677576
GLYCL_FWD_g.24465.CDS.567-MONOMER,0.0,-0.007076567968282701
GLYCLTDx_REV_g.24465.CDS.1119-MONOMER,0.0,-1.75468985443374e-06
GLYCLTDx_FWD_g.24465.CDS.1119-MONOMER,0.0,-1.3823244755569985e-36
GLYCLTDy_REV_g.24465.CDS.1119-MONOMER,0.0,-6.758465668765039e-07
GLYCLTDy_FWD_g.24465.CDS.1119-MONOMER,0.0,-1.078843287557236e-06
GLYCLTt2r_REV_CPLX_dummy,0.0,-2.348636082219535e-36
GLYCLTt2r_FWD_CPLX_dummy,0.0,-1.0864272705257655e-06
GLYCt_REV_g.24465.CDS.1887-MONOMER,1.79965486,6.634344239781461e-37
GLYCt_FWD_g.24465.CDS.1887-MONOMER,0.0,-1.6373389862863693e-06
GLYD_REV_g.24465.CDS.1119-MONOMER,0.0,-1.078843287557236e-06
GLYD_FWD_g.24465.CDS.1119-MONOMER,0.0,-6.758465668765039e-07
GLYDy_REV_g.24465.CDS.1119-MONOMER,0.0,-7.13606190710938e-36
GLYDy_FWD_g.24465.CDS.1119-MONOMER,0.0,-1.75468985443374e-06
GLYGLN1c_REV_g.24465.CDS.299-MONOMER_mod_fe2(2),0.0,-1.457918786186177e-06
GLYGLN1c_FWD_g.24465.CDS.299-MONOMER_mod_fe2(2),0.0,-1.3553165748925356e-07
GLYGLN1c_REV_g.24465.CDS.872-MONOMER,0.0,-1.3223871286969234e-06
GLYGLN1c_FWD_g.24465.CDS.872-MONOMER,0.0,1.4875699222296734e-36
GLYGLU1c_REV_g.24465.CDS.299-MONOMER_mod_fe2(2),0.0,-1.457918786186177e-06
GLYGLU1c_FWD_g.24465.CDS.299-MONOMER_mod_fe2(2),0.0,-1.3553165748925356e-07
GLYGLU1c_REV_g.24465.CDS.872-MONOMER,0.0,-1.3223871286969234e-06
GLYGLU1c_FWD_g.24465.CDS.872-MONOMER,0.0,-1.7411968004054156e-36
GLYK_REV_g.24465.CDS.241-MONOMER_mod_mg2(1),0.0,-1.9846641768709043e-06
GLYK_FWD_g.24465.CDS.241-MONOMER_mod_mg2(1),0.0,-2.044399628684834e-09
GLYK_REV_g.24465.CDS.241-MONOMER_mod_mn2(1),0.0,-1.9826197772422196e-06
GLYK_FWD_g.24465.CDS.241-MONOMER_mod_mn2(1),1.282454039189698,5.4411445357461205e-36
GLYLEUHYDROc_REV_g.24465.CDS.299-MONOMER_mod_fe2(2),0.0,-1.457918786186177e-06
GLYLEUHYDROc_FWD_g.24465.CDS.299-MONOMER_mod_fe2(2),0.0,-1.3553165748925356e-07
GLYLEUHYDROc_REV_g.24465.CDS.872-MONOMER,0.0,-1.3223871286969234e-06
GLYLEUHYDROc_FWD_g.24465.CDS.872-MONOMER,0.0,1.331097706789472e-36
GLYMET1c_REV_g.24465.CDS.299-MONOMER_mod_fe2(2),0.0,-1.457918786186177e-06
GLYMET1c_FWD_g.24465.CDS.299-MONOMER_mod_fe2(2),0.0,-1.3553165748925356e-07
GLYMET1c_REV_g.24465.CDS.872-MONOMER,0.0,-1.3223871286969234e-06
GLYMET1c_FWD_g.24465.CDS.872-MONOMER,0.0,4.249354744340841e-36
GLYPHEHYc_REV_g.24465.CDS.299-MONOMER_mod_fe2(2),0.0,-1.3553165748925356e-07
GLYPHEHYc_FWD_g.24465.CDS.299-MONOMER_mod_fe2(2),0.0,-1.457918786186177e-06
GLYPHEHYc_REV_g.24465.CDS.872-MONOMER,0.0,5.809590084987103e-37
GLYPHEHYc_FWD_g.24465.CDS.872-MONOMER,0.0,-1.3223871286969234e-06
GLYPROPRO1c_REV_g.24465.CDS.299-MONOMER_mod_fe2(2),0.0,-1.457918786186177e-06
GLYPROPRO1c_FWD_g.24465.CDS.299-MONOMER_mod_fe2(2),0.0,-1.3553165748925356e-07
GLYPROPRO1c_REV_g.24465.CDS.872-MONOMER,0.0,-1.3223871286969234e-06
GLYPROPRO1c_FWD_g.24465.CDS.872-MONOMER,0.0,-3.350274403941296e-36
GLYTYR1c_REV_g.24465.CDS.299-MONOMER_mod_fe2(2),0.0,-1.457918786186177e-06
GLYTYR1c_FWD_g.24465.CDS.299-MONOMER_mod_fe2(2),0.0,-1.3553165748925356e-07
GLYTYR1c_REV_g.24465.CDS.872-MONOMER,0.0,-1.3223871286969234e-06
GLYTYR1c_FWD_g.24465.CDS.872-MONOMER,0.0,2.1381628294083696e-35
GLYt2r_REV_g.24465.CDS.1317-MONOMER,0.0,-1.0209552224731069e-07
GLYt2r_FWD_g.24465.CDS.1317-MONOMER,0.0,-1.0444404441471744e-06
GLYt2r_REV_g.24465.CDS.252-MONOMER,0.16464446646733155,-1.5506510755486795e-36
GLYt2r_FWD_g.24465.CDS.252-MONOMER,0.0,-9.423449218998636e-07
GMPR_REV_g.24465.CDS.1194-MONOMER,0.0,0.007093555013022257
GMPR_FWD_g.24465.CDS.1194-MONOMER,0.0,-0.007095013369726695
GMPS2_REV_1130798.3.peg.1398-MONOMER,0.0,0.007084708772577953
GMPS2_FWD_1130798.3.peg.1398-MONOMER,0.0,-0.007085986229623177
GND_REV_1130798.3.peg.1671-MONOMER,0.0,-1.1900283455754852e-06
GND_FWD_1130798.3.peg.1671-MONOMER,0.14898579,8.957466715000168e-37
GND2_REV_g.24465.CDS.1120-MONOMER,0.0,-1.1171675005838093e-08
GND2_FWD_g.24465.CDS.1120-MONOMER,0.0,-9.78829904544825e-07
GNK_REV_g.24465.CDS.270-MONOMER,0.0,-1.8173352219271099e-06
GNK_FWD_g.24465.CDS.270-MONOMER,0.14898579,-1.1028953798910063e-35
GNNUC_REV_g.24465.CDS.1768-MONOMER,0.0,0.014174098495265923
GNNUC_FWD_g.24465.CDS.1768-MONOMER,0.0,-0.01417558239786423
GNNUC_REV_g.24465.CDS.147-MONOMER,0.0,0.01417392239925248
GNNUC_FWD_g.24465.CDS.147-MONOMER,0.0,-0.014175758493877675
GNNUC_REV_g.24465.CDS.929-MONOMER,0.0,0.01417441757556097
GNNUC_FWD_g.24465.CDS.929-MONOMER,0.0,-0.014175263317569183
GPDDA1_REV_g.24465.CDS.1667-MONOMER,0.0,-1.404366111405375e-06
GPDDA1_FWD_g.24465.CDS.1667-MONOMER,0.0,1.1309819647337547e-36
GPDDA2_REV_g.24465.CDS.1667-MONOMER,0.0,-1.404366111405375e-06
GPDDA2_FWD_g.24465.CDS.1667-MONOMER,0.0,1.1309819647337547e-36
GPDDA4_REV_g.24465.CDS.1667-MONOMER,0.0,-1.404366111405375e-06
GPDDA4_FWD_g.24465.CDS.1667-MONOMER,0.0,4.676377259902192e-36
GRTT_REV_g.24465.CDS.924-MONOMER_mod_mn2(1),0.0,-1.4414938075280543e-06
GRTT_FWD_g.24465.CDS.924-MONOMER_mod_mn2(1),0.00022957696631570066,-1.1810126379168759e-35
GRTT_REV_g.24465.CDS.924-MONOMER_mod_mg2(1),0.0,-1.4503828306647477e-06
GRTT_FWD_g.24465.CDS.924-MONOMER_mod_mg2(1),0.0,-8.889023136693499e-09
GSNK_REV_CPLX_dummy,0.0,-1.0864272705257655e-06
GSNK_FWD_CPLX_dummy,0.005443922222769839,2.579152422812203e-37
GSNt2_REV_CPLX_dummy,0.0,-1.0864272705257655e-06
GSNt2_FWD_CPLX_dummy,0.0,2.661197069344664e-37
GTHRDt2_REV_CPLX_dummy,0.0,-1.0864272705257655e-06
GTHRDt2_FWD_CPLX_dummy,0.001009231072175831,7.979601407330327e-41
GTPCI_REV_1130798.3.peg.970-MONOMER_mod_zn2(1),0.0,-1.1311660542923966e-06
GTPCI_FWD_1130798.3.peg.970-MONOMER_mod_zn2(1),0.0,-5.7643059841078914e-36
GTPDPK_REV_g.24465.CDS.16-MONOMER,0.0,-1.2373107773666953e-07
GTPDPK_FWD_g.24465.CDS.16-MONOMER,0.0,-1.2170532705586815e-35
GUAPRT_REV_g.24465.CDS.60-MONOMER,0.0,1.416932702789044e-06
GUAPRT_FWD_g.24465.CDS.60-MONOMER,0.0,-1.862639028424745e-06
GUAt_REV_CPLX_dummy,0.9888420264178608,4.02922472237822e-34
GUAt_FWD_CPLX_dummy,0.0,-1.0864272705257655e-06
GUAt2_REV_CPLX_dummy,0.0,0.014174187271064837
GUAt2_FWD_CPLX_dummy,0.0,-0.014175273698335362
H2CO3D_REV_CPLX_dummy,0.0,-1.0864272705257655e-06
H2CO3D_FWD_CPLX_dummy,0.0,1.0766114106726327e-36
H2Ot_REV_CPLX_dummy,0.0,-1.0864272705257655e-06
H2Ot_FWD_CPLX_dummy,1.9113978280778536,0.0
HCYSMT_REV_1130798.3.peg.137-MONOMER,0.0,0.028348634472580177
HCYSMT_FWD_1130798.3.peg.137-MONOMER,0.0,-0.028349542326831165
HCYSMT2_REV_g.24465.CDS.530-MONOMER,0.0,-7.585324395590268e-07
HCYSMT2_FWD_g.24465.CDS.530-MONOMER,0.0,2.5275814196387497e-36
HDG3PACT_REV_CPLX_G3PAT120-0,0.0,7.250364588853223e-36
HDG3PACT_FWD_CPLX_G3PAT120-0,0.0,-1.975850833102766e-06
HEMEti_REV_CPLX_dummy,0.0,-1.0864272705257655e-06
HEMEti_FWD_CPLX_dummy,0.001009231072175831,-3.2064094309329565e-36
HETT_REV_g.24465.CDS.924-MONOMER_mod_mn2(1),0.0,-1.4414938075280543e-06
HETT_FWD_g.24465.CDS.924-MONOMER_mod_mn2(1),0.0,-1.1810126379168759e-35
HETT_REV_g.24465.CDS.924-MONOMER_mod_mg2(1),0.0,-1.4503828306647477e-06
HETT_FWD_g.24465.CDS.924-MONOMER_mod_mg2(1),0.0,-8.889023136693499e-09
HETZK_REV_g.24465.CDS.172-MONOMER,0.0,-1.4382859464184744e-06
HETZK_FWD_g.24465.CDS.172-MONOMER,0.0,6.032779013729536e-36
HEX1_REV_1130798.3.peg.846-MONOMER,0.0,-1.7269283883979293e-06
HEX1_FWD_1130798.3.peg.846-MONOMER,0.0,-2.636486958161746e-07
HEX7_REV_g.24465.CDS.320-MONOMER,0.0,-1.5376098893118156e-06
HEX7_FWD_g.24465.CDS.320-MONOMER,0.0,-7.433019673006089e-08
HEX7_REV_g.24465.CDS.672-MONOMER,0.0,-1.4632796925817548e-06
HEX7_FWD_g.24465.CDS.672-MONOMER,0.14898578,-1.4579799418118921e-35
HEXTT_REV_g.24465.CDS.977-MONOMER_mod_mg2(1),0.0,-1.1915373974400406e-06
HEXTT_FWD_g.24465.CDS.977-MONOMER_mod_mg2(1),0.0,-1.495115294511728e-35
HEXTT_REV_g.24465.CDS.924-MONOMER_mod_mn2(1),0.0,-1.3165156024840474e-06
HEXTT_FWD_g.24465.CDS.924-MONOMER_mod_mn2(1),0.0,-1.2497820504400683e-07
HEXTT_REV_g.24465.CDS.924-MONOMER_mod_mg2(1),0.0,-1.3254046256207409e-06
HEXTT_FWD_g.24465.CDS.924-MONOMER_mod_mg2(1),0.0,-1.3386722818070034e-07
HEXb_REV_g.24465.CDS.353-MONOMER,0.0,-6.438272910150998e-07
HEXb_FWD_g.24465.CDS.353-MONOMER,0.0,-1.346749793199004e-06
HG2abc_REV_g.24465.CDS.1017-MONOMER,0.0,-1.3045597633988824e-06
HG2abc_FWD_g.24465.CDS.1017-MONOMER,0.0,-2.4028840934770954e-08
HG2abc_REV_g.24465.CDS.684-MONOMER,0.0,-1.842963484276639e-06
HG2abc_FWD_g.24465.CDS.684-MONOMER,0.0,-5.624325618125273e-07
HG2abc_REV_g.24465.CDS.1307-MONOMER,0.0,-1.7498914216567212e-06
HG2abc_FWD_g.24465.CDS.1307-MONOMER,0.0,-4.693604991926097e-07
HG2abc_REV_g.24465.CDS.1552-MONOMER,0.0,-1.2805309224641116e-06
HG2abc_FWD_g.24465.CDS.1552-MONOMER,0.0,2.2069264062792415e-36
HG2abc_REV_g.24465.CDS.943-MONOMER,0.0,-1.5114749220327822e-06
HG2abc_FWD_g.24465.CDS.943-MONOMER,0.0,-2.3094399956867063e-07
HG2abc_REV_g.24465.CDS.1116-MONOMER,0.0,-1.5731736767562675e-06
HG2abc_FWD_g.24465.CDS.1116-MONOMER,0.0,-2.92642754292156e-07
HISTD_REV_1130798.3.peg.649-MONOMER,0.0,3.7243297309239244e-07
HISTD_FWD_1130798.3.peg.649-MONOMER,0.010502898740176354,3.7785927700951868e-34
HISTD_REV_1130798.3.peg.643-MONOMER,0.0,-3.885495354301691e-07
HISTD_FWD_1130798.3.peg.643-MONOMER,0.0,-7.609825085225615e-07
HISTDOX_REV_g.24465.CDS.811-MONOMER_mod_mn2(1),0.0,-1.6325595129372008e-06
HISTDOX_FWD_g.24465.CDS.811-MONOMER_mod_mn2(1),0.0,-6.730321873728068e-36
HISTLOX_REV_g.24465.CDS.811-MONOMER_mod_mn2(1),0.0,1.8621648654619622e-07
HISTLOX_FWD_g.24465.CDS.811-MONOMER_mod_mn2(1),0.0,-1.8187759994833972e-06
HISTP_REV_1130798.3.peg.640-MONOMER,0.0,-1.2291778617318236e-06
HISTP_FWD_1130798.3.peg.640-MONOMER,0.010502898740176354,-5.1025006085828525e-36
HMGCOARxi_REV_g.24465.CDS.861-MONOMER,0.0,0.028338160309449544
HMGCOARxi_FWD_g.24465.CDS.861-MONOMER,0.0,-0.02834020820415526
HMGCOAS_REV_g.24465.CDS.965-MONOMER,0.0,-3.5373233819259014e-36
HMGCOAS_FWD_g.24465.CDS.965-MONOMER,0.0,-7.514230696183217e-07
HMPK1_REV_1130798.3.peg.748-MONOMER,0.0,-2.947633700931674e-06
HMPK1_FWD_1130798.3.peg.748-MONOMER,0.0,-1.2256306906266817e-36
HPPK_REV_g.24465.CDS.223-MONOMER,0.0,0.01417503531020352
HPPK_FWD_g.24465.CDS.223-MONOMER,0.0,-0.014175938906284578
HPPK2_REV_1130798.3.peg.971-MONOMER_mod_mg2(1),0.0,-1.0153259919627753e-06
HPPK2_FWD_1130798.3.peg.971-MONOMER_mod_mg2(1),0.0,-1.2666196336434437e-35
HSERTA_REV_g.24465.CDS.1701-MONOMER,0.0,-3.5793109792280186e-36
HSERTA_FWD_g.24465.CDS.1701-MONOMER,0.0,-2.1129523486780256e-06
HSST_REV_1130798.3.peg.452-MONOMER,0.0,-8.227476903429774e-07
HSST_FWD_1130798.3.peg.452-MONOMER,0.0,-6.386737109669337e-37
HSST_REV_1130798.3.peg.1171-MONOMER,0.0,-9.396323501066873e-07
HSST_FWD_1130798.3.peg.1171-MONOMER,0.0,-1.1688465976370986e-07
HSTPTr_REV_1130798.3.peg.650-MONOMER,0.010502898740176354,3.794013695043255e-35
HSTPTr_FWD_1130798.3.peg.650-MONOMER,0.0,-5.867275722714666e-07
HXPRT_REV_g.24465.CDS.60-MONOMER,0.0,-4.457063256357011e-07
HXPRT_FWD_g.24465.CDS.60-MONOMER,0.0,7.288211676828898e-36
HYD1_REV_g.24465.CDS.639-MONOMER,0.0,-8.32715049948393e-07
HYD1_FWD_g.24465.CDS.639-MONOMER,0.0,2.429381667806958e-37
HYPSUCORNS_REV_CPLX_dummy,0.0,-1.0864272705257655e-06
HYPSUCORNS_FWD_CPLX_dummy,0.0,-3.127360638452316e-36
HYXNti_REV_g.24465.CDS.454-MONOMER,0.0,0.028352011301945937
HYXNti_FWD_g.24465.CDS.454-MONOMER,0.0,-0.02835338825936384
IBCOATA_REV_g.24465.CDS.1672-MONOMER,0.0,-1.2582878438451995e-06
IBCOATA_FWD_g.24465.CDS.1672-MONOMER,0.0,3.68356791083729e-36
ICDHy_REV_1130798.3.peg.728-MONOMER_mod_mn2(1),0.0,-1.531567213554913e-06
ICDHy_FWD_1130798.3.peg.728-MONOMER_mod_mn2(1),0.0,-5.500140928768901e-36
ICDHy_REV_1130798.3.peg.728-MONOMER_mod_mg2(1),0.0,-1.5354878231903704e-06
ICDHy_FWD_1130798.3.peg.728-MONOMER_mod_mg2(1),0.0,-3.920609635457427e-09
IG3PS_REV_1130798.3.peg.645-MONOMER,0.0,-6.966386832201107e-07
IG3PS_FWD_1130798.3.peg.645-MONOMER,0.010502898740176354,-4.1247937159472344e-35
IGPDH_REV_1130798.3.peg.644-MONOMER,0.0,-1.6465276220721302e-06
IGPDH_FWD_1130798.3.peg.644-MONOMER,0.010502898740176354,4.054823847588963e-36
IHDCOATA_REV_g.24465.CDS.1672-MONOMER,0.0,3.68356791083729e-36
IHDCOATA_FWD_g.24465.CDS.1672-MONOMER,0.0,-1.2582878438451995e-06
IHDUDPG_REV_CPLX_dummy,0.0,-1.0864272705257655e-06
IHDUDPG_FWD_CPLX_dummy,0.0009183078652628026,-8.348233954383804e-36
IHDUDPMG_REV_CPLX_dummy,0.0,-1.0864272705257655e-06
IHDUDPMG_FWD_CPLX_dummy,0.0009183078652628026,5.907215381529854e-39
IHPDCOATA_REV_g.24465.CDS.1672-MONOMER,0.0,-1.2582878438451995e-06
IHPDCOATA_FWD_g.24465.CDS.1672-MONOMER,0.010568802729914579,5.095352599985477e-36
ILEabc_REV_g.24465.CDS.330-MONOMER,0.0,-9.64576263077237e-07
ILEabc_FWD_g.24465.CDS.330-MONOMER,0.03638375621621827,-1.8861778441404305e-36
ILEabc_REV_g.24465.CDS.465-MONOMER,0.0,-1.0524792317616089e-06
ILEabc_FWD_g.24465.CDS.465-MONOMER,0.0,-8.7902968684372e-08
ILEabc_REV_g.24465.CDS.457-MONOMER,0.0,-1.0449676245919528e-06
ILEabc_FWD_g.24465.CDS.457-MONOMER,0.0,-8.039136151471588e-08
ILEabc_REV_g.24465.CDS.93-MONOMER,0.0,-1.4473576548504662e-06
ILEabc_FWD_g.24465.CDS.93-MONOMER,0.0,-4.827813917732293e-07
ILEabc_REV_g.24465.CDS.674-MONOMER,0.0,-1.0929480004706318e-06
ILEabc_FWD_g.24465.CDS.674-MONOMER,0.0,-1.2837173739339493e-07
ILEt2r_REV_g.24465.CDS.1464-MONOMER,0.0,-4.232876833789095e-07
ILEt2r_FWD_g.24465.CDS.1464-MONOMER,0.0,-1.3956972529321011e-06
ILEt2r_REV_g.24465.CDS.374-MONOMER,0.0,-3.464268144258085e-07
ILEt2r_FWD_g.24465.CDS.374-MONOMER,0.0,-1.3188363839790002e-06
IMPC_REV_1130798.3.peg.242-MONOMER,0.010502898740176354,7.760390850104586e-37
IMPC_FWD_1130798.3.peg.242-MONOMER,0.0,-1.8957436233483818e-06
IMPD_REV_1130798.3.peg.203-MONOMER,0.0,-2.6038110645034216e-06
IMPD_FWD_1130798.3.peg.203-MONOMER,0.0,-9.093715804704638e-36
INSH_REV_g.24465.CDS.1768-MONOMER,0.0,0.014174098495265923
INSH_FWD_g.24465.CDS.1768-MONOMER,0.0,-0.01417558239786423
INSH_REV_g.24465.CDS.147-MONOMER,0.0,0.01417392239925248
INSH_FWD_g.24465.CDS.147-MONOMER,0.0,-0.014175758493877675
INSH_REV_g.24465.CDS.929-MONOMER,0.0,0.01417441757556097
INSH_FWD_g.24465.CDS.929-MONOMER,0.0,-0.014175263317569183
INSt_REV_CPLX_dummy,0.0,2.661197069344664e-37
INSt_FWD_CPLX_dummy,0.0,-1.0864272705257655e-06
IPDCOATA_REV_g.24465.CDS.1672-MONOMER,0.0,-1.2582878438451995e-06
IPDCOATA_FWD_g.24465.CDS.1672-MONOMER,0.0,-1.2444299788542902e-36
IPDDI_REV_g.24465.CDS.98-MONOMER,0.0022957696631570068,3.2126188770233415e-36
IPDDI_FWD_g.24465.CDS.98-MONOMER,0.0,-1.8002685356686093e-06
ISOMALT_REV_g.24465.CDS.334-MONOMER,0.0,-1.5363786943827234e-06
ISOMALT_FWD_g.24465.CDS.334-MONOMER,0.0,1.5179742398540006e-35
ITDCOATA_REV_g.24465.CDS.1672-MONOMER,0.0,2.2702920813140402e-35
ITDCOATA_FWD_g.24465.CDS.1672-MONOMER,0.0,-1.2582878438451995e-06
IVCOATA_REV_g.24465.CDS.1672-MONOMER,0.0,-1.2582878438451995e-06
IVCOATA_FWD_g.24465.CDS.1672-MONOMER,0.010568802729914579,-2.6562163899304142e-36
KAS14_REV_CPLX_3OAS100-0,0.0,-2.575163704703811e-06
KAS14_FWD_CPLX_3OAS100-0,0.010568814212153199,-1.3515071991046899e-36
KAS_HP_REV_CPLX_dummy,0.0,-1.1573503080241412e-06
KAS_HP_FWD_CPLX_dummy,0.0,-1.8781366536180457e-08
KDOCT2_REV_g.24465.CDS.904-MONOMER_mod_mg2(1)_mod_k(1),0.0,-9.84489408943856e-07
KDOCT2_FWD_g.24465.CDS.904-MONOMER_mod_mg2(1)_mod_k(1),0.0,4.2565073183074244e-36
KHK_REV_g.24465.CDS.1610-MONOMER_mod_mg2(1),0.0,0.007087023144600671
KHK_FWD_g.24465.CDS.1610-MONOMER_mod_mg2(1),0.0,-0.007087023144600671
Kt1r_REV_g.24465.CDS.1499-MONOMER,0.0,-1.5259122460616185e-06
Kt1r_FWD_g.24465.CDS.1499-MONOMER,2.406564026590555e-07,0.0
Kt3_REV_g.24465.CDS.1038-MONOMER,0.0,0.014174172238334412
Kt3_FWD_g.24465.CDS.1038-MONOMER,0.0,-0.014175728216041324
Kt3_REV_g.24465.CDS.1962-MONOMER,0.0,0.014174234831034346
Kt3_FWD_g.24465.CDS.1962-MONOMER,0.0,-0.01417566562334139
L2A6ODs_REV_CPLX_dummy,0.0,-1.0864272705257655e-06
L2A6ODs_FWD_CPLX_dummy,0.0,3.937691156291544e-35
LACLi_REV_g.24465.CDS.62-MONOMER,0.0,-2.2780998264670818e-06
LACLi_FWD_g.24465.CDS.62-MONOMER,0.012521360884528016,-1.8399108183859766e-36
LACZ_REV_g.24465.CDS.1473-MONOMER_mod_mg2(1),0.0,-1.541277984129706e-06
LACZ_FWD_g.24465.CDS.1473-MONOMER_mod_mg2(1),0.0,-3.636800403492882e-07
LACZ_REV_g.24465.CDS.1774-MONOMER,0.0,-1.258349728331492e-06
LACZ_FWD_g.24465.CDS.1774-MONOMER,0.0,-8.075178455107403e-08
LACZ_REV_g.24465.CDS.1012-MONOMER,0.0,-1.2243884408623942e-06
LACZ_FWD_g.24465.CDS.1012-MONOMER,0.0,-4.679049708197639e-08
LACZ_REV_g.24465.CDS.1352-MONOMER,0.0,-1.1775979437804178e-06
LACZ_FWD_g.24465.CDS.1352-MONOMER,0.0,-1.3258227568109754e-35
LARGNAT_REV_1130798.3.peg.476-MONOMER,0.0,-1.0235720042374728e-06
LARGNAT_FWD_1130798.3.peg.476-MONOMER,0.0,-4.368444319660061e-07
LARGNAT_REV_1130798.3.peg.193-MONOMER,0.0,-8.671012383331119e-07
LARGNAT_FWD_1130798.3.peg.193-MONOMER,0.0,-2.803736660616453e-07
LARGNAT_REV_1130798.3.peg.650-MONOMER,0.0,-5.867275722714666e-07
LARGNAT_FWD_1130798.3.peg.650-MONOMER,0.0,5.636155391447236e-35
LARGNAT_REV_1130798.3.peg.1307-MONOMER,0.0,-1.0813999048399484e-06
LARGNAT_FWD_1130798.3.peg.1307-MONOMER,0.0,-4.946723325684818e-07
LDH_D_REV_g.24465.CDS.773-MONOMER,0.0,-6.406007733828653e-08
LDH_D_FWD_g.24465.CDS.773-MONOMER,0.0,-1.1444555755944032e-06
LDH_D_REV_g.24465.CDS.612-MONOMER,0.0,1.735451862228403e-38
LDH_D_FWD_g.24465.CDS.612-MONOMER,0.0,-1.0803954982561168e-06
LDH_D_REV_g.24465.CDS.866-MONOMER,0.0,-1.8309230707696817e-07
LDH_D_FWD_g.24465.CDS.866-MONOMER,0.0,-1.2634878053330849e-06
LDH_D2_REV_g.24465.CDS.773-MONOMER,0.0,-1.140313318238986e-06
LDH_D2_FWD_g.24465.CDS.773-MONOMER,0.0,-6.820233469370362e-08
LDH_D2_REV_g.24465.CDS.612-MONOMER,0.0,-1.0762532409006997e-06
LDH_D2_FWD_g.24465.CDS.612-MONOMER,0.0,-4.142257355417087e-09
LDH_D2_REV_g.24465.CDS.866-MONOMER,0.0,-1.2593455479776678e-06
LDH_D2_FWD_g.24465.CDS.866-MONOMER,0.0,-1.8723456443238525e-07
LDH_L_REV_g.24465.CDS.1700-MONOMER,0.0,-2.0749430778045546e-07
LDH_L_FWD_g.24465.CDS.1700-MONOMER,0.0,-1.283747548681155e-06
LDH_L_REV_g.24465.CDS.200-MONOMER,0.0,-3.264136157395902e-07
LDH_L_FWD_g.24465.CDS.200-MONOMER,0.0,-1.4026668566402898e-06
LDH_L_REV_g.24465.CDS.1344-MONOMER,0.0,-3.897962001027655e-07
LDH_L_FWD_g.24465.CDS.1344-MONOMER,0.0,-1.4660494410034651e-06
LDH_L_REV_g.24465.CDS.702-MONOMER,0.0,-1.4228037831302886e-07
LDH_L_FWD_g.24465.CDS.702-MONOMER,0.0,-1.2185336192137284e-06
LDH_L_REV_g.24465.CDS.254-MONOMER,6.4923084768026005,1.3360983970914567e-36
LDH_L_FWD_g.24465.CDS.254-MONOMER,0.0,-1.0762532409006997e-06
LDH_L_REV_g.24465.CDS.1792-MONOMER,0.0,-4.450067090439931e-07
LDH_L_FWD_g.24465.CDS.1792-MONOMER,0.0,-1.5212599499446927e-06
LDH_L_REV_g.24465.CDS.1834-MONOMER,0.0,-4.3459185994879675e-07
LDH_L_FWD_g.24465.CDS.1834-MONOMER,0.0,-1.5108451008494962e-06
LEUTA_REV_CPLX_dummy,0.0,-1.0864272705257655e-06
LEUTA_FWD_CPLX_dummy,0.010568802729914579,1.4101504232421463e-34
LEUabc_REV_g.24465.CDS.330-MONOMER,0.0,-9.64576263077237e-07
LEUabc_FWD_g.24465.CDS.330-MONOMER,0.07020534663384446,-8.279675098251408e-36
LEUabc_REV_g.24465.CDS.465-MONOMER,0.0,-1.0524792317616089e-06
LEUabc_FWD_g.24465.CDS.465-MONOMER,0.0,-8.7902968684372e-08
LEUabc_REV_g.24465.CDS.457-MONOMER,0.0,-1.0449676245919528e-06
LEUabc_FWD_g.24465.CDS.457-MONOMER,0.0,-8.039136151471588e-08
LEUabc_REV_g.24465.CDS.93-MONOMER,0.0,-1.4473576548504662e-06
LEUabc_FWD_g.24465.CDS.93-MONOMER,0.0,-4.827813917732293e-07
LEUabc_REV_g.24465.CDS.674-MONOMER,0.0,-1.0929480004706318e-06
LEUabc_FWD_g.24465.CDS.674-MONOMER,0.0,-1.2837173739339493e-07
LEUt2r_REV_g.24465.CDS.1464-MONOMER,0.0,-4.232876833789095e-07
LEUt2r_FWD_g.24465.CDS.1464-MONOMER,0.0,-1.3956972529321011e-06
LEUt2r_REV_g.24465.CDS.374-MONOMER,0.0,-3.464268144258085e-07
LEUt2r_FWD_g.24465.CDS.374-MONOMER,0.0,-1.3188363839790002e-06
LPAMS_REV_CPLX_ACLS_a-0,0.0,-3.7456297209250835e-07
LPAMS_FWD_CPLX_ACLS_a-0,0.0,-5.432136352628828e-07
LYSt2r_REV_g.24465.CDS.1394-MONOMER,0.0,-1.2891033000248176e-06
LYSt2r_FWD_g.24465.CDS.1394-MONOMER,0.04560616154643794,-2.2302890440113313e-36
LYSt2r_REV_g.24465.CDS.1526-MONOMER,0.0,-1.3503516364413394e-06
LYSt2r_FWD_g.24465.CDS.1526-MONOMER,0.0,-6.124833641652178e-08
L_LACD_REV_g.24465.CDS.1700-MONOMER,0.0,-1.283747548681155e-06
L_LACD_FWD_g.24465.CDS.1700-MONOMER,0.0,-2.0749430778045546e-07
L_LACD_REV_g.24465.CDS.200-MONOMER,0.0,-1.4026668566402898e-06
L_LACD_FWD_g.24465.CDS.200-MONOMER,0.0,-3.264136157395902e-07
L_LACD_REV_g.24465.CDS.1344-MONOMER,0.0,-1.4660494410034651e-06
L_LACD_FWD_g.24465.CDS.1344-MONOMER,0.0,-3.897962001027655e-07
L_LACD_REV_g.24465.CDS.702-MONOMER,0.0,-1.2185336192137284e-06
L_LACD_FWD_g.24465.CDS.702-MONOMER,0.0,-1.4228037831302886e-07
L_LACD_REV_g.24465.CDS.254-MONOMER,0.0,-1.0762532409006997e-06
L_LACD_FWD_g.24465.CDS.254-MONOMER,0.0,-2.7646241694124123e-36
L_LACD_REV_g.24465.CDS.1792-MONOMER,0.0,-1.5212599499446927e-06
L_LACD_FWD_g.24465.CDS.1792-MONOMER,0.0,-4.450067090439931e-07
L_LACD_REV_g.24465.CDS.1834-MONOMER,0.0,-1.5108451008494962e-06
L_LACD_FWD_g.24465.CDS.1834-MONOMER,0.0,-4.3459185994879675e-07
L_LACD2_REV_g.24465.CDS.1700-MONOMER,0.0,-1.283747548681155e-06
L_LACD2_FWD_g.24465.CDS.1700-MONOMER,0.0,-2.0749430778045546e-07
L_LACD2_REV_g.24465.CDS.200-MONOMER,0.0,-1.4026668566402898e-06
L_LACD2_FWD_g.24465.CDS.200-MONOMER,0.0,-3.264136157395902e-07
L_LACD2_REV_g.24465.CDS.1344-MONOMER,0.0,-1.4660494410034651e-06
L_LACD2_FWD_g.24465.CDS.1344-MONOMER,0.0,-3.897962001027655e-07
L_LACD2_REV_g.24465.CDS.702-MONOMER,0.0,-1.2185336192137284e-06
L_LACD2_FWD_g.24465.CDS.702-MONOMER,0.0,-1.4228037831302886e-07
L_LACD2_REV_g.24465.CDS.254-MONOMER,0.0,-1.0762532409006997e-06
L_LACD2_FWD_g.24465.CDS.254-MONOMER,0.0,-4.8460120522628286e-36
L_LACD2_REV_g.24465.CDS.1792-MONOMER,0.0,-1.5212599499446927e-06
L_LACD2_FWD_g.24465.CDS.1792-MONOMER,0.0,-4.450067090439931e-07
L_LACD2_REV_g.24465.CDS.1834-MONOMER,0.0,-1.5108451008494962e-06
L_LACD2_FWD_g.24465.CDS.1834-MONOMER,0.0,-4.3459185994879675e-07
L_LACD3_REV_g.24465.CDS.1700-MONOMER,0.0,-1.283747548681155e-06
L_LACD3_FWD_g.24465.CDS.1700-MONOMER,0.0,-2.0749430778045546e-07
L_LACD3_REV_g.24465.CDS.200-MONOMER,0.0,-1.4026668566402898e-06
L_LACD3_FWD_g.24465.CDS.200-MONOMER,0.0,-3.264136157395902e-07
L_LACD3_REV_g.24465.CDS.1344-MONOMER,0.0,-1.4660494410034651e-06
L_LACD3_FWD_g.24465.CDS.1344-MONOMER,0.0,-3.897962001027655e-07
L_LACD3_REV_g.24465.CDS.702-MONOMER,0.0,-1.2185336192137284e-06
L_LACD3_FWD_g.24465.CDS.702-MONOMER,0.0,-1.4228037831302886e-07
L_LACD3_REV_g.24465.CDS.254-MONOMER,0.0,-1.0762532409006997e-06
L_LACD3_FWD_g.24465.CDS.254-MONOMER,0.0,-2.2826390322477345e-36
L_LACD3_REV_g.24465.CDS.1792-MONOMER,0.0,-1.5212599499446927e-06
L_LACD3_FWD_g.24465.CDS.1792-MONOMER,0.0,-4.450067090439931e-07
L_LACD3_REV_g.24465.CDS.1834-MONOMER,0.0,-1.5108451008494962e-06
L_LACD3_FWD_g.24465.CDS.1834-MONOMER,0.0,-4.3459185994879675e-07
L_LACt2r_REV_CPLX_dummy,6.479787115918072,-2.348636082219535e-36
L_LACt2r_FWD_CPLX_dummy,0.0,-1.0864272705257655e-06
MACCOAT_REV_g.24465.CDS.15-MONOMER,0.0,-1.9672046637343065e-06
MACCOAT_FWD_g.24465.CDS.15-MONOMER,0.0,3.055327806601308e-36
MADGBG_REV_g.24465.CDS.1905-MONOMER,0.0,-3.3151687550086097e-36
MADGBG_FWD_g.24465.CDS.1905-MONOMER,0.0,-1.8547573450330971e-06
MALCOAPYRCT_REV_g.24465.CDS.818-MONOMER,0.21137622109073753,4.7234432624217676e-36
MALCOAPYRCT_FWD_g.24465.CDS.818-MONOMER,0.0,-1.449797694120318e-06
MALT_REV_g.24465.CDS.334-MONOMER,0.0,0.014173334297463055
MALT_FWD_g.24465.CDS.334-MONOMER,0.0,-0.014174870676157438
MALT6PH_REV_CPLX_dummy,0.0,-1.0864272705257655e-06
MALT6PH_FWD_CPLX_dummy,0.07449289,-2.8260305145714248e-36
MALTpts_REV_CPLX_ACGApts-1,0.0,-2.020889386004345e-06
MALTpts_FWD_CPLX_ACGApts-1,0.0,-3.121049028829971e-07
MALTpts_REV_CPLX_ACGApts-0,0.0,-1.708784483121348e-06
MALTpts_FWD_CPLX_ACGApts-0,0.07449289,-9.905613501026833e-36
MANA4_REV_g.24465.CDS.1959-MONOMER,0.0,6.351051363153781e-36
MANA4_FWD_g.24465.CDS.1959-MONOMER,0.0,-1.7675277255603236e-06
MANTRabc_REV_CPLX_dummy,0.0,-1.0864272705257655e-06
MANTRabc_FWD_CPLX_dummy,0.0,2.8593253052510416e-36
MANpts_REV_CPLX_MANpts-0,0.0,-1.413164901346893e-06
MANpts_FWD_CPLX_MANpts-0,0.0,-6.987908681788243e-07
MANpts_REV_g.24465.CDS.759-MONOMER,0.0,-7.143740331680686e-07
MANpts_FWD_g.24465.CDS.759-MONOMER,0.0,-1.7257329961489073e-36
MANpts_REV_CPLX_MANpts-1,0.0,-1.6079490535336797e-06
MANpts_FWD_CPLX_MANpts-1,0.0,-8.935750203656111e-07
MBDGBG_REV_g.24465.CDS.1905-MONOMER,0.0,-3.3151687550086097e-36
MBDGBG_FWD_g.24465.CDS.1905-MONOMER,0.0,-1.8547573450330971e-06
MCLOR_REV_g.24465.CDS.1700-MONOMER,0.0,-2.0749430778045546e-07
MCLOR_FWD_g.24465.CDS.1700-MONOMER,0.0,-1.283747548681155e-06
MCLOR_REV_g.24465.CDS.200-MONOMER,0.0,-3.264136157395902e-07
MCLOR_FWD_g.24465.CDS.200-MONOMER,0.0,-1.4026668566402898e-06
MCLOR_REV_g.24465.CDS.1344-MONOMER,0.0,-3.897962001027655e-07
MCLOR_FWD_g.24465.CDS.1344-MONOMER,0.0,-1.4660494410034651e-06
MCLOR_REV_g.24465.CDS.702-MONOMER,0.0,-1.4228037831302886e-07
MCLOR_FWD_g.24465.CDS.702-MONOMER,0.0,-1.2185336192137284e-06
MCLOR_REV_g.24465.CDS.254-MONOMER,0.0,-3.608144660603953e-36
MCLOR_FWD_g.24465.CDS.254-MONOMER,0.0,-1.0762532409006997e-06
MCLOR_REV_g.24465.CDS.1792-MONOMER,0.0,-4.450067090439931e-07
MCLOR_FWD_g.24465.CDS.1792-MONOMER,0.0,-1.5212599499446927e-06
MCLOR_REV_g.24465.CDS.1834-MONOMER,0.0,-4.3459185994879675e-07
MCLOR_FWD_g.24465.CDS.1834-MONOMER,0.0,-1.5108451008494962e-06
MCOATA_REV_g.24465.CDS.1672-MONOMER,0.0,-1.2908199398746297e-06
MCOATA_FWD_g.24465.CDS.1672-MONOMER,0.21137622109073753,1.0023352211604994e-35
ME1_REV_g.24465.CDS.1261-MONOMER_mod_mn2(1),0.0,-2.235307784160492e-06
ME1_FWD_g.24465.CDS.1261-MONOMER_mod_mn2(1),0.13658159983153037,-3.4807945949824947e-34
ME1_REV_g.24465.CDS.1261-MONOMER_mod_mg2(1),0.0,-2.2372276943499604e-06
ME1_FWD_g.24465.CDS.1261-MONOMER_mod_mg2(1),0.0,-1.9199101894686825e-09
MECDPDH2_REV_CPLX_dummy,0.0,-1.0864272705257655e-06
MECDPDH2_FWD_CPLX_dummy,0.0025253466294727074,-2.8239006819214745e-35
MECDPS_REV_CPLX_dummy,0.0,-1.0864272705257655e-06
MECDPS_FWD_CPLX_dummy,0.0025253466294727074,-4.348698199552835e-36
MEPCT_REV_CPLX_dummy,0.0,-1.0864272705257655e-06
MEPCT_FWD_CPLX_dummy,0.0025253466294727074,1.3545589162114908e-35
METALA1c_REV_g.24465.CDS.299-MONOMER_mod_fe2(2),0.0,-1.457918786186177e-06
METALA1c_FWD_g.24465.CDS.299-MONOMER_mod_fe2(2),0.0,-1.3553165748925356e-07
METALA1c_REV_g.24465.CDS.872-MONOMER,0.0,-1.3223871286969234e-06
METALA1c_FWD_g.24465.CDS.872-MONOMER,0.0,6.590003540968128e-36
METAT_REV_g.24465.CDS.1673-MONOMER_mod_k(4)_mod_zn2(1),0.0,-2.9053867809034327e-06
METAT_FWD_g.24465.CDS.1673-MONOMER_mod_k(4)_mod_zn2(1),0.0,-3.5508629269351663e-09
METAT_REV_g.24465.CDS.1673-MONOMER_mod_cs(4)_mod_mg2(1),0.0,-2.9097111622094872e-06
METAT_FWD_g.24465.CDS.1673-MONOMER_mod_cs(4)_mod_mg2(1),0.0,-7.875244232989678e-09
METAT_REV_g.24465.CDS.1673-MONOMER_mod_k(4)_mod_mn2(1),0.0,-2.910709928659221e-06
METAT_FWD_g.24465.CDS.1673-MONOMER_mod_k(4)_mod_mn2(1),0.0,-8.874010682723735e-09
METAT_REV_g.24465.CDS.1673-MONOMER_mod_nh4(4)_mod_mg2(1),0.0,-2.92026484190808e-06
METAT_FWD_g.24465.CDS.1673-MONOMER_mod_nh4(4)_mod_mg2(1),0.0,-1.8428923931582348e-08
METAT_REV_g.24465.CDS.1673-MONOMER_mod_nh4(4)_mod_cobalt2(1),0.0,-2.917383033388992e-06
METAT_FWD_g.24465.CDS.1673-MONOMER_mod_nh4(4)_mod_cobalt2(1),0.0,-1.5547115412494177e-08
METAT_REV_g.24465.CDS.1673-MONOMER_mod_cs(4)_mod_mn2(1),0.0,-2.907162558922528e-06
METAT_FWD_g.24465.CDS.1673-MONOMER_mod_cs(4)_mod_mn2(1),0.0,-5.3266409460303834e-09
METAT_REV_g.24465.CDS.1673-MONOMER_mod_na1(4)_mod_ni2(1),0.0,-2.9066739321162e-06
METAT_FWD_g.24465.CDS.1673-MONOMER_mod_na1(4)_mod_ni2(1),0.0,-4.838014139702744e-09
METAT_REV_g.24465.CDS.1673-MONOMER_mod_k(4)_mod_cd2(1),0.0,-2.9053860872965613e-06
METAT_FWD_g.24465.CDS.1673-MONOMER_mod_k(4)_mod_cd2(1),0.0,-3.550169320063891e-09
METAT_REV_g.24465.CDS.1673-MONOMER_mod_tl(4)_mod_mn2(1),0.0,-2.9237225119895167e-06
METAT_FWD_g.24465.CDS.1673-MONOMER_mod_tl(4)_mod_mn2(1),0.0,-2.188659401301931e-08
METAT_REV_g.24465.CDS.1673-MONOMER_mod_cs(4)_mod_ca2(1),0.0,-2.90394265188083e-06
METAT_FWD_g.24465.CDS.1673-MONOMER_mod_cs(4)_mod_ca2(1),0.0,-2.106733904332665e-09
METAT_REV_g.24465.CDS.1673-MONOMER_mod_tl(4)_mod_zn2(1),0.0,-2.918395160231997e-06
METAT_FWD_g.24465.CDS.1673-MONOMER_mod_tl(4)_mod_zn2(1),0.0,-1.655924225549954e-08
METAT_REV_g.24465.CDS.1673-MONOMER_mod_na1(4)_mod_cobalt2(1),0.0,-2.9068279824484645e-06
METAT_FWD_g.24465.CDS.1673-MONOMER_mod_na1(4)_mod_cobalt2(1),0.0,-4.992064471966915e-09
METAT_REV_g.24465.CDS.1673-MONOMER_mod_nh4(4)_mod_mn2(1),0.0,-2.9177156560890736e-06
METAT_FWD_g.24465.CDS.1673-MONOMER_mod_nh4(4)_mod_mn2(1),0.0,-1.5879738112576015e-08
METAT_REV_g.24465.CDS.1673-MONOMER_mod_cs(4)_mod_zn2(1),0.0,-2.901835957052517e-06
METAT_FWD_g.24465.CDS.1673-MONOMER_mod_cs(4)_mod_zn2(1),0.0,-3.907601950670025e-14
METAT_REV_g.24465.CDS.1673-MONOMER_mod_na1(4)_mod_ca2(1),0.0,-2.9039417542011787e-06
METAT_FWD_g.24465.CDS.1673-MONOMER_mod_na1(4)_mod_ca2(1),0.0,-2.105836224681362e-09
METAT_REV_g.24465.CDS.1673-MONOMER_mod_nh4(4)_mod_zn2(1),0.0,-2.9123902448908466e-06
METAT_FWD_g.24465.CDS.1673-MONOMER_mod_nh4(4)_mod_zn2(1),0.0,-1.0554326914349206e-08
METAT_REV_g.24465.CDS.1673-MONOMER_mod_k(4)_mod_ca2(1),0.0,-2.907492404688632e-06
METAT_FWD_g.24465.CDS.1673-MONOMER_mod_k(4)_mod_ca2(1),0.0,-5.656486712134457e-09
METAT_REV_g.24465.CDS.1673-MONOMER_mod_tl(4)_mod_ni2(1),0.0,-2.923239839045671e-06
METAT_FWD_g.24465.CDS.1673-MONOMER_mod_tl(4)_mod_ni2(1),0.0,-2.140392106917384e-08
METAT_REV_g.24465.CDS.1673-MONOMER_mod_na1(4)_mod_mn2(1),0.0,-2.9071603936709506e-06
METAT_FWD_g.24465.CDS.1673-MONOMER_mod_na1(4)_mod_mn2(1),0.0,-5.324475694453166e-09
METAT_REV_g.24465.CDS.1673-MONOMER_mod_na1(4)_mod_mg2(1),0.0,-2.9097079577884477e-06
METAT_FWD_g.24465.CDS.1673-MONOMER_mod_na1(4)_mod_mg2(1),0.0,-7.87203981195029e-09
METAT_REV_g.24465.CDS.1673-MONOMER_mod_cs(4)_mod_ni2(1),0.0,-2.906675950237112e-06
METAT_FWD_g.24465.CDS.1673-MONOMER_mod_cs(4)_mod_ni2(1),0.0,-4.840032260614467e-09
METAT_REV_g.24465.CDS.1673-MONOMER_mod_nh4(4)_mod_cd2(1),0.0,-2.9123880925500393e-06
METAT_FWD_g.24465.CDS.1673-MONOMER_mod_nh4(4)_mod_cd2(1),0.0,-1.0552174573542005e-08
METAT_REV_g.24465.CDS.1673-MONOMER_mod_k(4)_mod_ni2(1),0.0,-2.9102244133340753e-06
METAT_FWD_g.24465.CDS.1673-MONOMER_mod_k(4)_mod_ni2(1),0.0,-8.388495357577747e-09
METAT_REV_g.24465.CDS.1673-MONOMER_mod_nh4(4)_mod_ca2(1),0.0,-2.914497421824185e-06
METAT_FWD_g.24465.CDS.1673-MONOMER_mod_nh4(4)_mod_ca2(1),0.0,-1.2661503847687611e-08
METAT_REV_g.24465.CDS.1673-MONOMER_mod_na1(4)_mod_cd2(1),0.0,-2.9018359179764973e-06
METAT_FWD_g.24465.CDS.1673-MONOMER_mod_na1(4)_mod_cd2(1),0.0,-4.774411256457394e-36
METAT_REV_g.24465.CDS.1673-MONOMER_mod_nh4(4)_mod_ni2(1),0.0,-2.917231670331222e-06
METAT_FWD_g.24465.CDS.1673-MONOMER_mod_nh4(4)_mod_ni2(1),0.0,-1.5395752354724873e-08
METAT_REV_g.24465.CDS.1673-MONOMER_mod_cs(4)_mod_cd2(1),0.0,-2.9018359179764973e-06
METAT_FWD_g.24465.CDS.1673-MONOMER_mod_cs(4)_mod_cd2(1),0.0,-6.8917847618171805e-37
METAT_REV_g.24465.CDS.1673-MONOMER_mod_na1(4)_mod_zn2(1),0.0,-2.9018359179764973e-06
METAT_FWD_g.24465.CDS.1673-MONOMER_mod_na1(4)_mod_zn2(1),0.0010775224011582687,2.9761154189642323e-36
METAT_REV_g.24465.CDS.1673-MONOMER_mod_tl(4)_mod_cobalt2(1),0.0,-2.923389679077042e-06
METAT_FWD_g.24465.CDS.1673-MONOMER_mod_tl(4)_mod_cobalt2(1),0.0,-2.1553761100544358e-08
METAT_REV_g.24465.CDS.1673-MONOMER_mod_tl(4)_mod_mg2(1),0.0,-2.926273309547634e-06
METAT_FWD_g.24465.CDS.1673-MONOMER_mod_tl(4)_mod_mg2(1),0.0,-2.443739157113645e-08
METAT_REV_g.24465.CDS.1673-MONOMER_mod_cs(4)_mod_cobalt2(1),0.0,-2.9068300121360905e-06
METAT_FWD_g.24465.CDS.1673-MONOMER_mod_cs(4)_mod_cobalt2(1),0.0,-4.99409415959299e-09
METAT_REV_g.24465.CDS.1673-MONOMER_mod_tl(4)_mod_ca2(1),0.0,-2.9205036693009515e-06
METAT_FWD_g.24465.CDS.1673-MONOMER_mod_tl(4)_mod_ca2(1),0.0,-1.8667751324453908e-08
METAT_REV_g.24465.CDS.1673-MONOMER_mod_k(4)_mod_mg2(1),0.0,-2.9132572353380844e-06
METAT_FWD_g.24465.CDS.1673-MONOMER_mod_k(4)_mod_mg2(1),0.0,-1.1421317361586828e-08
METAT_REV_g.24465.CDS.1673-MONOMER_mod_k(4)_mod_cobalt2(1),0.0,-2.9103775510476038e-06
METAT_FWD_g.24465.CDS.1673-MONOMER_mod_k(4)_mod_cobalt2(1),0.0,-8.541633071106489e-09
METAT_REV_g.24465.CDS.1673-MONOMER_mod_tl(4)_mod_cd2(1),0.0,-2.9183917560371124e-06
METAT_FWD_g.24465.CDS.1673-MONOMER_mod_tl(4)_mod_cd2(1),0.0,-1.6555838060614942e-08
METB1_REV_1130798.3.peg.995-MONOMER,0.0,-1.405133453276726e-06
METB1_FWD_1130798.3.peg.995-MONOMER,0.0,1.806858591394005e-35
METDabc_REV_CPLX_METDabc-0,0.0,-8.50558562104663e-07
METDabc_FWD_CPLX_METDabc-0,0.0,3.052328160353291e-36
METDabc_REV_CPLX_METDabc-1,0.0,-8.558093901135178e-07
METDabc_FWD_CPLX_METDabc-1,0.0,-5.2508280088547475e-09
METSOX1abc_REV_CPLX_METDabc-0,0.0,-8.50558562104663e-07
METSOX1abc_FWD_CPLX_METDabc-0,1.0,-6.441840107375573e-36
METSOX1abc_REV_CPLX_METDabc-1,0.0,-8.558093901135178e-07
METSOX1abc_FWD_CPLX_METDabc-1,0.0,-5.2508280088547475e-09
METSOX2abc_REV_CPLX_METDabc-0,0.0,-8.50558562104663e-07
METSOX2abc_FWD_CPLX_METDabc-0,0.0,3.052328160353291e-36
METSOX2abc_REV_CPLX_METDabc-1,0.0,-8.558093901135178e-07
METSOX2abc_FWD_CPLX_METDabc-1,0.0,-5.2508280088547475e-09
METSOXR1r_REV_g.24465.CDS.532-MONOMER,0.0,-8.641027372224059e-07
METSOXR1r_FWD_g.24465.CDS.532-MONOMER,1.0,-4.902100264958111e-36
METabc_REV_CPLX_METDabc-0,0.0,-8.50558562104663e-07
METabc_FWD_CPLX_METDabc-0,0.2437430079573237,-1.1114507948356397e-35
METabc_REV_CPLX_METDabc-1,0.0,-8.558093901135178e-07
METabc_FWD_CPLX_METDabc-1,0.0,-5.2508280088547475e-09
METt2r_REV_CPLX_dummy,1.2238634366002126,7.869803439715965e-38
METt2r_FWD_CPLX_dummy,0.0,-1.0864272705257655e-06
MEVK1c_REV_g.24465.CDS.320-MONOMER,0.0,-1.5376098893118156e-06
MEVK1c_FWD_g.24465.CDS.320-MONOMER,0.0,-7.433019673006089e-08
MEVK1c_REV_g.24465.CDS.880-MONOMER,0.0,-1.653529359730756e-06
MEVK1c_FWD_g.24465.CDS.880-MONOMER,0.0,-1.9024966714900134e-07
MEVK1c_REV_g.24465.CDS.672-MONOMER,0.0,-1.4632796925817548e-06
MEVK1c_FWD_g.24465.CDS.672-MONOMER,0.0,-6.723760477018621e-36
MG2abc_REV_CPLX_dummy,0.0,-1.0864272705257655e-06
MG2abc_FWD_CPLX_dummy,0.000953169151294523,1.0262608459033323e-35
MI1PP_REV_g.24465.CDS.235-MONOMER_mod_mg2(1),0.0,-1.2914272404407582e-06
MI1PP_FWD_g.24465.CDS.235-MONOMER_mod_mg2(1),0.0,1.2183656882231589e-35
MI3PP_REV_g.24465.CDS.235-MONOMER_mod_mg2(1),0.0,-1.2914272404407582e-06
MI3PP_FWD_g.24465.CDS.235-MONOMER_mod_mg2(1),0.0,1.2183656882231589e-35
MI4PP_REV_g.24465.CDS.235-MONOMER_mod_mg2(1),0.0,-1.2914272404407582e-06
MI4PP_FWD_g.24465.CDS.235-MONOMER_mod_mg2(1),0.0,1.2183656882231589e-35
MK8t_REV_CPLX_dummy,0.001009231072175831,7.979601407330327e-41
MK8t_FWD_CPLX_dummy,0.0,-1.0864272705257655e-06
MLTG1_REV_g.24465.CDS.334-MONOMER,0.0,-1.5363786943827234e-06
MLTG1_FWD_g.24465.CDS.334-MONOMER,0.0,-1.140454814421772e-35
MLTG2_REV_g.24465.CDS.334-MONOMER,0.0,-1.5363786943827234e-06
MLTG2_FWD_g.24465.CDS.334-MONOMER,0.0,-1.140454814421772e-35
MLTG3_REV_g.24465.CDS.334-MONOMER,0.0,-1.5363786943827234e-06
MLTG3_FWD_g.24465.CDS.334-MONOMER,0.0,2.4041172579459247e-35
MLTG4_REV_g.24465.CDS.334-MONOMER,0.0,-1.5363786943827234e-06
MLTG4_FWD_g.24465.CDS.334-MONOMER,0.0,6.318312217620763e-36
MLTG5_REV_g.24465.CDS.334-MONOMER,0.0,-1.5363786943827234e-06
MLTG5_FWD_g.24465.CDS.334-MONOMER,0.0,6.318312217620763e-36
MLTP4_REV_g.24465.CDS.282-MONOMER,0.0,-1.0000489962065213e-06
MLTP4_FWD_g.24465.CDS.282-MONOMER,0.0,2.4398749644525428e-36
MNLpts_REV_CPLX_ACGApts-1,0.0,-2.020889386004345e-06
MNLpts_FWD_CPLX_ACGApts-1,0.0,-3.121049028829971e-07
MNLpts_REV_CPLX_ACGApts-0,0.0,-1.708784483121348e-06
MNLpts_FWD_CPLX_ACGApts-0,0.0,9.564103489082388e-37
MNt2_REV_g.24465.CDS.1686-MONOMER,0.0,-1.5052280507248856e-06
MNt2_FWD_g.24465.CDS.1686-MONOMER,1.0686592282330414e-06,1.953496107515203e-36
MOHMT_REV_g.24465.CDS.657-MONOMER,0.0,8.88889168060978e-06
MOHMT_FWD_g.24465.CDS.657-MONOMER,0.0,-1.060121320396376e-05
MTAN_REV_g.24465.CDS.273-MONOMER,0.0,-1.8177120768699657e-06
MTAN_FWD_g.24465.CDS.273-MONOMER,0.0,-2.0687957474358475e-36
MTHFC_REV_g.24465.CDS.968-MONOMER,0.001009231072175831,2.133655669367232e-36
MTHFC_FWD_g.24465.CDS.968-MONOMER,0.0,-2.2439858937627434e-06
MTHFC_REV_g.24465.CDS.364-MONOMER,0.0,-2.1023883092800395e-07
MTHFC_FWD_g.24465.CDS.364-MONOMER,0.0,-2.4542247246907474e-06
MTHFD_REV_g.24465.CDS.364-MONOMER,0.001009231072175831,1.2041481615937219e-36
MTHFD_FWD_g.24465.CDS.364-MONOMER,0.0,-2.6644635556187513e-06
MTHPTGHM_REV_1130798.3.peg.17-MONOMER,0.0,-1.4739508045024286e-06
MTHPTGHM_FWD_1130798.3.peg.17-MONOMER,0.0,-1.4314215382450868e-08
MTHPTGHM_REV_1130798.3.peg.651-MONOMER,0.0,-1.4596365891199778e-06
MTHPTGHM_FWD_1130798.3.peg.651-MONOMER,0.0,-2.2712668607797105e-36
NACASPAH_REV_g.24465.CDS.243-MONOMER,0.0,-1.7829527600741623e-06
NACASPAH_FWD_g.24465.CDS.243-MONOMER,0.0,2.2577412734443325e-36
NACt2r_REV_CPLX_dummy,0.0010092747622117444,2.661197069344664e-37
NACt2r_FWD_CPLX_dummy,0.0,-1.0864272705257655e-06
NADH10_REV_g.24465.CDS.751-MONOMER_mod_mg2(1)_mod_cu(1)_mod_fad(1),0.0,-2.1525064818013993e-06
NADH10_FWD_g.24465.CDS.751-MONOMER_mod_mg2(1)_mod_cu(1)_mod_fad(1),0.0,2.55031312239731e-36
NADH5_REV_g.24465.CDS.751-MONOMER_mod_mg2(1)_mod_cu(1)_mod_fad(1),0.0,-2.1525064818013993e-06
NADH5_FWD_g.24465.CDS.751-MONOMER_mod_mg2(1)_mod_cu(1)_mod_fad(1),0.0,-6.480330001835698e-38
NADH9_REV_g.24465.CDS.751-MONOMER_mod_mg2(1)_mod_cu(1)_mod_fad(1),0.0,-2.1525064818013993e-06
NADH9_FWD_g.24465.CDS.751-MONOMER_mod_mg2(1)_mod_cu(1)_mod_fad(1),1.4434625772844397e-23,2.55031312239731e-36
NADK_REV_g.24465.CDS.979-MONOMER_mod_mg2(1),0.0,-1.8534954359606903e-06
NADK_FWD_g.24465.CDS.979-MONOMER_mod_mg2(1),0.0,-1.8542742210191224e-37
NADK2_REV_g.24465.CDS.979-MONOMER_mod_mg2(1),0.0,-1.4938021837530425e-06
NADK2_FWD_g.24465.CDS.979-MONOMER_mod_mg2(1),0.0,-3.5969325220764775e-07
NADN_REV_CPLX_dummy,0.0,0.028348909296227704
NADN_FWD_CPLX_dummy,0.0,-0.02834999572349823
NADS1_REV_1130798.3.peg.1377-MONOMER,0.0,-8.531981303640962e-07
NADS1_FWD_1130798.3.peg.1377-MONOMER,0.0010092747622117444,2.7784558253674205e-35
NADS2_REV_CPLX_dummy,0.0,7.940227107399002e-07
NADS2_FWD_CPLX_dummy,0.0,-1.8804499812656657e-06
NAPRT_REV_g.24465.CDS.985-MONOMER,0.0,-1.3455835606276895e-06
NAPRT_FWD_g.24465.CDS.985-MONOMER,0.0,-4.75895081044129e-08
NAPRT_REV_g.24465.CDS.1233-MONOMER,0.0,-1.2979940525232765e-06
NAPRT_FWD_g.24465.CDS.1233-MONOMER,0.0010092747622117444,-2.1726418737452136e-35
NAt3_1_REV_g.24465.CDS.1398-MONOMER,0.0,-8.040102411010088e-07
NAt3_1_FWD_g.24465.CDS.1398-MONOMER,0.0,-8.040102411010088e-07
NAt3_1_REV_g.24465.CDS.1174-MONOMER,0.0,-7.673496817726504e-07
NAt3_1_FWD_g.24465.CDS.1174-MONOMER,0.0,-7.673496817726504e-07
NAt3_1_REV_g.24465.CDS.1279-MONOMER,0.0,-9.730104303859442e-07
NAt3_1_FWD_g.24465.CDS.1279-MONOMER,0.0,-9.730104303859442e-07
NDPK1_REV_g.24465.CDS.459-MONOMER,0.0,-7.193865044152955e-07
NDPK1_FWD_g.24465.CDS.459-MONOMER,1.2505094518357598,6.219484535029965e-35
NDPK2_REV_1130798.3.peg.548-MONOMER_mod_mg2(1),0.0,-1.1753653593189115e-06
NDPK2_FWD_1130798.3.peg.548-MONOMER_mod_mg2(1),0.0,-1.1678178097032742e-08
NDPK2_REV_1130798.3.peg.548-MONOMER_mod_mn2(1),0.0,-1.170353783000232e-06
NDPK2_FWD_1130798.3.peg.548-MONOMER_mod_mn2(1),0.0,-6.6666017783533475e-09
NDPK2_REV_1130798.3.peg.548-MONOMER_mod_ca2(1),0.0,-1.1636871812218787e-06
NDPK2_FWD_1130798.3.peg.548-MONOMER_mod_ca2(1),0.06525656750749097,7.146689170043454e-36
NDPK3_REV_g.24465.CDS.459-MONOMER,0.0,-7.193865044152955e-07
NDPK3_FWD_g.24465.CDS.459-MONOMER,0.0934065309956128,-2.358285845461407e-35
NDPK4_REV_g.24465.CDS.459-MONOMER,0.0,-7.193865044152955e-07
NDPK4_FWD_g.24465.CDS.459-MONOMER,0.006506952563491712,-2.358285845461407e-35
NDPK5_REV_g.24465.CDS.459-MONOMER,0.0,-7.193865044152955e-07
NDPK5_FWD_g.24465.CDS.459-MONOMER,0.005714051359369326,-1.0354322691468996e-35
NDPK6_REV_g.24465.CDS.459-MONOMER,0.0,-3.5969325220764775e-07
NDPK6_FWD_g.24465.CDS.459-MONOMER,0.0,-3.5969325220764775e-07
NDPK7_REV_g.24465.CDS.459-MONOMER,0.0,-7.193865044152955e-07
NDPK7_FWD_g.24465.CDS.459-MONOMER,0.005714051359369326,1.6102748834821154e-35
NDPK8_REV_g.24465.CDS.459-MONOMER,0.0,-7.193865044152955e-07
NDPK8_FWD_g.24465.CDS.459-MONOMER,0.0,-1.0354322691468996e-35
NDPK9_REV_g.24465.CDS.459-MONOMER,0.0,-3.5969325220764775e-07
NDPK9_FWD_g.24465.CDS.459-MONOMER,0.0,-3.5969325220764775e-07
NEU23_REV_g.24465.CDS.1905-MONOMER,0.0,-1.8547573450330971e-06
NEU23_FWD_g.24465.CDS.1905-MONOMER,0.0,0.0
NH4tb_REV_g.24465.CDS.1849-MONOMER,1.5220506781277785,0.0
NH4tb_FWD_g.24465.CDS.1849-MONOMER,0.0,-2.9032515350811723e-06
NMNAT_REV_g.24465.CDS.442-MONOMER,0.0,-1.0903685108581446e-06
NMNAT_FWD_g.24465.CDS.442-MONOMER,0.0,-8.276115605877046e-36
NMNPH_REV_g.24465.CDS.279-MONOMER,0.0,-1.7351190875682378e-06
NMNPH_FWD_g.24465.CDS.279-MONOMER,0.0,-9.354029891259885e-36
NNAM_REV_g.24465.CDS.243-MONOMER,0.0,0.014178791854530946
NNAM_FWD_g.24465.CDS.243-MONOMER,0.0,-0.01418057480729102
NNATr_REV_1130798.3.peg.928-MONOMER_mod_mg2(1),0.0,-1.2305035725329404e-06
NNATr_FWD_1130798.3.peg.928-MONOMER_mod_mg2(1),0.0010092747622117444,-1.289958574185338e-35
NNDMBRT_REV_CPLX_dummy,0.0,-1.0864272705257655e-06
NNDMBRT_FWD_CPLX_dummy,0.0,1.0766114106726327e-36
NNDPR_REV_1130798.3.peg.1852-MONOMER,0.0,-1.7552620598157294e-06
NNDPR_FWD_1130798.3.peg.1852-MONOMER,0.0,-8.925830680725991e-36
NP1_r_REV_g.24465.CDS.18-MONOMER,0.0,3.667987966741648e-36
NP1_r_FWD_g.24465.CDS.18-MONOMER,0.0,-2.861020492231867e-06
NT5C_REV_g.24465.CDS.874-MONOMER,0.0,0.014177630672923975
NT5C_FWD_g.24465.CDS.874-MONOMER,0.0,-0.014180192917411794
NTD1_REV_g.24465.CDS.874-MONOMER,0.0,0.014172300346431679
NTD1_FWD_g.24465.CDS.874-MONOMER,0.0,-0.014174862590919496
NTD10_REV_g.24465.CDS.874-MONOMER,0.0,0.014177204529060532
NTD10_FWD_g.24465.CDS.874-MONOMER,0.0,-0.01417976677354835
NTD11_REV_g.24465.CDS.874-MONOMER,0.0,0.014174343508568301
NTD11_FWD_g.24465.CDS.874-MONOMER,0.0,-0.014176905753056118
NTD2_REV_g.24465.CDS.874-MONOMER,0.0,0.014172464390814727
NTD2_FWD_g.24465.CDS.874-MONOMER,0.0,-0.014175026635302545
NTD3_REV_g.24465.CDS.874-MONOMER,0.0,-2.5622444878172283e-06
NTD3_FWD_g.24465.CDS.874-MONOMER,0.0,4.237060016350234e-36
NTD4_REV_g.24465.CDS.874-MONOMER,0.0,0.014172464390814727
NTD4_FWD_g.24465.CDS.874-MONOMER,0.0,-0.014175026635302545
NTD5_REV_g.24465.CDS.874-MONOMER,0.0,0.014172300346431679
NTD5_FWD_g.24465.CDS.874-MONOMER,0.0,-0.014174862590919496
NTD5_a_REV_g.24465.CDS.874-MONOMER,0.0,0.014171070096360828
NTD5_a_FWD_g.24465.CDS.874-MONOMER,0.0,-0.014173632340848646
NTD6_REV_g.24465.CDS.874-MONOMER,0.0,4.502630879300294e-06
NTD6_FWD_g.24465.CDS.874-MONOMER,0.0,-7.064875367117522e-06
NTD7_REV_g.24465.CDS.874-MONOMER,0.0,-2.5622444878172283e-06
NTD7_FWD_g.24465.CDS.874-MONOMER,0.12270931943605297,-5.9027963003022745e-36
NTD8_REV_g.24465.CDS.874-MONOMER,0.0,0.014171865743220881
NTD8_FWD_g.24465.CDS.874-MONOMER,0.0,-0.014174427987708698
NTD9_REV_g.24465.CDS.874-MONOMER,0.0,0.014172480869539875
NTD9_FWD_g.24465.CDS.874-MONOMER,0.0,-0.014175043114027694
NTPP7_REV_CPLX_dummy,0.0,0.014175329469926124
NTPP7_FWD_CPLX_dummy,0.0,-0.01417641589719665
NTPTP1_REV_g.24465.CDS.686-MONOMER,0.0,0.014173593158675515
NTPTP1_FWD_g.24465.CDS.686-MONOMER,0.0,-0.014175158978567432
NTRARy_REV_g.24465.CDS.1194-MONOMER,0.0,-1.4583567044379873e-06
NTRARy_FWD_g.24465.CDS.1194-MONOMER,0.0,-2.320905591591373e-37
O2t_REV_CPLX_dummy,0.0,1.4370764144047003e-35
O2t_FWD_CPLX_dummy,0.0,-1.0864272705257655e-06
OAACLi_REV_g.24465.CDS.244-MONOMER,0.0,-2.147381516754014e-07
OAACLi_FWD_g.24465.CDS.244-MONOMER,0.0,-2.209663557605512e-06
OAADC_REV_g.24465.CDS.1835-MONOMER_mod_mn2(1),0.0,-1.1546719320858527e-06
OAADC_FWD_g.24465.CDS.1835-MONOMER_mod_mn2(1),0.0,-2.063170067490198e-06
OAADC_REV_g.24465.CDS.1835-MONOMER_mod_mg2(1),0.0,-1.1566055504571018e-06
OAADC_FWD_g.24465.CDS.1835-MONOMER_mod_mg2(1),0.0,-2.065103685861447e-06
OAADC_REV_g.24465.CDS.293-MONOMER,0.0,-3.872588558472717e-07
OAADC_FWD_g.24465.CDS.293-MONOMER,0.0,-1.2957569912516167e-06
OCBT_REV_g.24465.CDS.1468-MONOMER,0.0,6.167404085653623e-36
OCBT_FWD_g.24465.CDS.1468-MONOMER,0.0,-1.2524984403746468e-06
OCDCEAtr_REV_CPLX_dummy,0.0,0.0
OCDCEAtr_FWD_CPLX_dummy,0.0,-1.0864272705257655e-06
OHPBAT_REV_1130798.3.peg.53-MONOMER,0.0,1.988539134191024e-37
OHPBAT_FWD_1130798.3.peg.53-MONOMER,0.0,-1.374119633822765e-06
OIVD1r_REV_CPLX_dummy,0.0,-1.0864272705257655e-06
OIVD1r_FWD_CPLX_dummy,0.010568802729914579,-4.879659412056872e-36
OIVD2_REV_CPLX_dummy,0.0,-1.0864272705257655e-06
OIVD2_FWD_CPLX_dummy,0.0,-4.879659412056872e-36
OIVD3_REV_CPLX_dummy,0.0,-1.0864272705257655e-06
OIVD3_FWD_CPLX_dummy,0.010568802729914579,1.069323885938171e-35
OMBZLM_REV_CPLX_dummy,0.0,-1.0864272705257655e-06
OMBZLM_FWD_CPLX_dummy,0.0,3.483565922015077e-36
OMMBLHX3_REV_CPLX_dummy,0.0,0.06376958446142944
OMMBLHX3_FWD_CPLX_dummy,0.0,-0.06377067088869996
OMPDC_REV_1130798.3.peg.1774-MONOMER,0.0,-1.2893669371528195e-06
OMPDC_FWD_1130798.3.peg.1774-MONOMER,0.0,-2.0547781026100956e-36
OMPHHX3_REV_CPLX_dummy,0.0,0.07086006977184714
OMPHHX3_FWD_CPLX_dummy,0.0,-0.07086115619911766
OPHHX3_REV_CPLX_dummy,0.0,0.03543079049090403
OPHHX3_FWD_CPLX_dummy,0.0,-0.03543187691817455
ORNTAC_REV_1130798.3.peg.1020-MONOMER,0.0,-2.0178836288776723e-06
ORNTAC_FWD_1130798.3.peg.1020-MONOMER,0.0,-9.506871980035347e-08
ORNTAC_REV_1130798.3.peg.740-MONOMER_mod_zn2(1),0.0,-2.319223674195381e-06
ORNTAC_FWD_1130798.3.peg.740-MONOMER_mod_zn2(1),0.0,-3.9640876511806227e-07
ORNTAC_REV_1130798.3.peg.1139-MONOMER,0.0,-1.9228149090773187e-06
ORNTAC_FWD_1130798.3.peg.1139-MONOMER,0.02762181017590774,2.4459060038897094e-35
ORNTAC_REV_1130798.3.peg.245-MONOMER,0.0,-2.2051763143434193e-06
ORNTAC_FWD_1130798.3.peg.245-MONOMER,0.0,-2.8236140526610033e-07
OROTPT_REV_1130798.3.peg.1775-MONOMER,0.0,-1.2850376582178452e-06
OROTPT_FWD_1130798.3.peg.1775-MONOMER,0.0,-5.702671661643286e-36
P5CRyr_REV_1130798.3.peg.1046-MONOMER,0.0,1.400918908834913e-36
P5CRyr_FWD_1130798.3.peg.1046-MONOMER,0.0,-1.6655811633684152e-06
PAAI17P_REV_CPLX_dummy,0.0,-1.0864272705257655e-06
PAAI17P_FWD_CPLX_dummy,0.0009183078652628026,-3.2064094309329565e-36
PAI17P_REV_CPLX_dummy,0.0,-1.0864272705257655e-06
PAI17P_FWD_CPLX_dummy,0.0009183078652628026,-9.272144167116955e-36
PAPA180_REV_CPLX_dummy,0.0,-1.0864272705257655e-06
PAPA180_FWD_CPLX_dummy,0.0009183078652628026,-3.2064094309329565e-36
PAPPT2_REV_g.24465.CDS.536-MONOMER,0.0,-8.404095121817519e-07
PAPPT2_FWD_g.24465.CDS.536-MONOMER,0.0,1.4218018362916521e-35
PAPPT3_REV_g.24465.CDS.536-MONOMER,0.0,-8.404095121817519e-07
PAPPT3_FWD_g.24465.CDS.536-MONOMER,0.0,5.169978572627201e-35
PBt_REV_g.24465.CDS.1017-MONOMER,0.0,-1.3045597633988824e-06
PBt_FWD_g.24465.CDS.1017-MONOMER,0.0,-2.4028840934770954e-08
PBt_REV_g.24465.CDS.684-MONOMER,0.0,-1.842963484276639e-06
PBt_FWD_g.24465.CDS.684-MONOMER,0.0,-5.624325618125273e-07
PBt_REV_g.24465.CDS.1307-MONOMER,0.0,-1.7498914216567212e-06
PBt_FWD_g.24465.CDS.1307-MONOMER,0.0,-4.693604991926097e-07
PBt_REV_g.24465.CDS.1552-MONOMER,0.0,-1.2805309224641116e-06
PBt_FWD_g.24465.CDS.1552-MONOMER,0.0,2.2069264062792415e-36
PBt_REV_g.24465.CDS.943-MONOMER,0.0,-1.5114749220327822e-06
PBt_FWD_g.24465.CDS.943-MONOMER,0.0,-2.3094399956867063e-07
PBt_REV_g.24465.CDS.1116-MONOMER,0.0,-1.5731736767562675e-06
PBt_FWD_g.24465.CDS.1116-MONOMER,0.0,-2.92642754292156e-07
PDHa_REV_CPLX_dummy,0.0,-1.0864272705257655e-06
PDHa_FWD_CPLX_dummy,0.0,-8.76175005323439e-38
PDHbr_REV_g.24465.CDS.294-MONOMER,0.0,-2.4286739903699302e-06
PDHbr_FWD_g.24465.CDS.294-MONOMER,0.0,-4.8116557543572524e-36
PDHc_REV_g.24465.CDS.456-MONOMER,0.0,-1.5103300602907705e-06
PDHc_FWD_g.24465.CDS.456-MONOMER,0.0,-1.1751794576163845e-06
PEPCK_REV_g.24465.CDS.244-MONOMER,0.0,1.4495510053224634e-07
PEPCK_FWD_g.24465.CDS.244-MONOMER,0.0,-2.5693568098131595e-06
PEPGLY_REV_g.24465.CDS.765-MONOMER,0.0,-1.6590325865745233e-06
PEPGLY_FWD_g.24465.CDS.765-MONOMER,0.0,-2.0284236015339692e-35
PEPGLY_REV_g.24465.CDS.932-MONOMER,0.0,-1.952933492792718e-06
PEPGLY_FWD_g.24465.CDS.932-MONOMER,0.0,-2.939009062181946e-07
PERD_REV_1130798.3.peg.54-MONOMER,0.0,-3.6793957848191204e-07
PERD_FWD_1130798.3.peg.54-MONOMER,0.0,-1.59559829574976e-06
PERD_REV_1130798.3.peg.1053-MONOMER,0.0,-4.1959688538319305e-07
PERD_FWD_1130798.3.peg.1053-MONOMER,0.0,-1.647255602651041e-06
PERD_REV_1130798.3.peg.1440-MONOMER,0.0,-8.891795267115868e-36
PERD_FWD_1130798.3.peg.1440-MONOMER,0.0,-1.2276587172678479e-06
PERD_REV_1130798.3.peg.710-MONOMER,0.0,-2.8070261922574237e-08
PERD_FWD_1130798.3.peg.710-MONOMER,0.0,-1.2557289791904222e-06
PETHCT_REV_g.24465.CDS.442-MONOMER,0.0,-1.0903685108581446e-06
PETHCT_FWD_g.24465.CDS.442-MONOMER,0.0,-2.32745959898597e-36
PFK_REV_g.24465.CDS.1872-MONOMER,0.0,0.007086907366586812
PFK_FWD_g.24465.CDS.1872-MONOMER,0.0,-0.007087211167235933
PFK_REV_g.24465.CDS.1140-MONOMER,0.0,0.007086885666301022
PFK_FWD_g.24465.CDS.1140-MONOMER,0.0,-0.007087232867521723
PFK_REV_g.24465.CDS.328-MONOMER,0.0,0.007087131179595104
PFK_FWD_g.24465.CDS.328-MONOMER,0.0,-0.007086987354227641
PFK_2_REV_g.24465.CDS.1872-MONOMER,0.0,-7.998764082888184e-08
PFK_2_FWD_g.24465.CDS.1872-MONOMER,0.0,-2.2381300829210174e-07
PFK_2_REV_g.24465.CDS.1140-MONOMER,0.0,-1.0168792661835087e-07
PFK_2_FWD_g.24465.CDS.1140-MONOMER,0.0,-2.4551329408157077e-07
PFK_2_REV_g.24465.CDS.328-MONOMER,0.0,1.438253674632199e-07
PFK_2_FWD_g.24465.CDS.328-MONOMER,0.0,-7.420832485934086e-36
PFK_2_REV_g.24465.CDS.1143-MONOMER_mod_mg2(1),0.0,-6.23604851858272e-07
PFK_2_FWD_g.24465.CDS.1143-MONOMER_mod_mg2(1),0.0,-7.674302193214919e-07
PFK_3_REV_g.24465.CDS.1872-MONOMER,0.0,-7.998764082888184e-08
PFK_3_FWD_g.24465.CDS.1872-MONOMER,0.0,-2.2381300829210174e-07
PFK_3_REV_g.24465.CDS.1140-MONOMER,0.0,-1.0168792661835087e-07
PFK_3_FWD_g.24465.CDS.1140-MONOMER,0.0,-2.4551329408157077e-07
PFK_3_REV_g.24465.CDS.328-MONOMER,0.0,1.438253674632199e-07
PFK_3_FWD_g.24465.CDS.328-MONOMER,0.0,5.511775951934343e-37
PGAMT_REV_1130798.3.peg.1276-MONOMER_mod_mg2(1),0.0,-9.909901506488439e-37
PGAMT_FWD_1130798.3.peg.1276-MONOMER_mod_mg2(1),0.0,-1.3328801592469185e-06
PGAMT_REV_1130798.3.peg.1238-MONOMER,0.0,-4.1652895106842585e-07
PGAMT_FWD_1130798.3.peg.1238-MONOMER,0.0,-1.7494091103153442e-06
PGCDr_REV_1130798.3.peg.54-MONOMER,0.0,-1.59559829574976e-06
PGCDr_FWD_1130798.3.peg.54-MONOMER,0.0,-3.6793957848191204e-07
PGCDr_REV_1130798.3.peg.1053-MONOMER,0.0,-1.647255602651041e-06
PGCDr_FWD_1130798.3.peg.1053-MONOMER,0.0,-4.1959688538319305e-07
PGCDr_REV_1130798.3.peg.1440-MONOMER,0.0,-1.2276587172678479e-06
PGCDr_FWD_1130798.3.peg.1440-MONOMER,0.0,-1.353794405271955e-36
PGCDr_REV_1130798.3.peg.710-MONOMER,0.0,-1.2557289791904222e-06
PGCDr_FWD_1130798.3.peg.710-MONOMER,0.0,-2.8070261922574237e-08
PGI_REV_1130798.3.peg.1187-MONOMER,0.0,-1.5399813332418084e-06
PGI_FWD_1130798.3.peg.1187-MONOMER,0.42491797123369274,7.532580715028992e-35
PGK_REV_1130798.3.peg.1259-MONOMER,5.365926437641392,-1.2049696441326918e-35
PGK_FWD_1130798.3.peg.1259-MONOMER,0.0,-1.8277041693686616e-06
PGL_REV_1130798.3.peg.570-MONOMER,0.0,0.02125120619489294
PGL_FWD_1130798.3.peg.570-MONOMER,0.0,-0.02125337532570562
PGM_REV_1130798.3.peg.1371-MONOMER,0.0,-1.9267402357400008e-07
PGM_FWD_1130798.3.peg.1371-MONOMER,0.0,-1.0172547961877289e-06
PGM_REV_1130798.3.peg.247-MONOMER,5.365926437641392,-2.0167103046817835e-34
PGM_FWD_1130798.3.peg.247-MONOMER,0.0,-8.245807726137288e-07
PGMT_REV_g.24465.CDS.417-MONOMER,0.0,-1.3041866270751041e-06
PGMT_FWD_g.24465.CDS.417-MONOMER,0.12694640123369275,-7.231288380698062e-37
PGMT2_REV_g.24465.CDS.417-MONOMER,0.0,-1.4325892133939277e-36
PGMT2_FWD_g.24465.CDS.417-MONOMER,0.0,-1.3041866270751041e-06
PGPGT_REV_g.24465.CDS.935-MONOMER,0.0,-1.764435697183338e-06
PGPGT_FWD_g.24465.CDS.935-MONOMER,0.0,-2.2584179648371113e-07
PGPGT_REV_g.24465.CDS.372-MONOMER,0.0,-1.5385939006996268e-06
PGPGT_FWD_g.24465.CDS.372-MONOMER,0.0,6.2492281030128045e-34
PGPP120_REV_g.24465.CDS.110-MONOMER,0.0,-8.83265247603865e-07
PGPP120_FWD_g.24465.CDS.110-MONOMER,0.0,-3.911041008354237e-36
PGPP140_REV_g.24465.CDS.110-MONOMER,0.0,-8.83265247603865e-07
PGPP140_FWD_g.24465.CDS.110-MONOMER,2.9344209055551064e-30,-3.911041008354237e-36
PGPP141_REV_g.24465.CDS.110-MONOMER,0.0,-8.83265247603865e-07
PGPP141_FWD_g.24465.CDS.110-MONOMER,0.0,-3.911041008354237e-36
PGPP160_REV_g.24465.CDS.110-MONOMER,0.0,-8.83265247603865e-07
PGPP160_FWD_g.24465.CDS.110-MONOMER,0.0,-3.911041008354237e-36
PGPP161_REV_g.24465.CDS.110-MONOMER,0.0,-8.83265247603865e-07
PGPP161_FWD_g.24465.CDS.110-MONOMER,0.0,-3.911041008354237e-36
PGPP180_REV_g.24465.CDS.110-MONOMER,0.0,-8.83265247603865e-07
PGPP180_FWD_g.24465.CDS.110-MONOMER,0.003274570124770865,1.3532688670488987e-36
PGPP181_REV_g.24465.CDS.110-MONOMER,0.0,-8.83265247603865e-07
PGPP181_FWD_g.24465.CDS.110-MONOMER,0.0,-3.911041008354237e-36
PGPPAI15_REV_g.24465.CDS.110-MONOMER,0.0,-8.83265247603865e-07
PGPPAI15_FWD_g.24465.CDS.110-MONOMER,0.0,-4.076121013617618e-35
PGPPAI17_REV_g.24465.CDS.110-MONOMER,0.0,-8.83265247603865e-07
PGPPAI17_FWD_g.24465.CDS.110-MONOMER,0.003274570124770865,-3.911041008354237e-36
PGPPI14_REV_g.24465.CDS.110-MONOMER,0.0,-8.83265247603865e-07
PGPPI14_FWD_g.24465.CDS.110-MONOMER,0.0,1.3532688670488987e-36
PGPPI15_REV_g.24465.CDS.110-MONOMER,0.0,-8.83265247603865e-07
PGPPI15_FWD_g.24465.CDS.110-MONOMER,0.0,1.1881888617855169e-35
PGPPI16_REV_g.24465.CDS.110-MONOMER,0.0,3.7242409608245482e-06
PGPPI16_FWD_g.24465.CDS.110-MONOMER,0.0,-4.607506208428413e-06
PGPPI17_REV_g.24465.CDS.110-MONOMER,0.0,-8.83265247603865e-07
PGPPI17_FWD_g.24465.CDS.110-MONOMER,0.003274570124770865,-1.4439660759160508e-35
PGSA120_REV_g.24465.CDS.1782-MONOMER_mod_mg2(1),0.0,-4.671352387245091e-07
PGSA120_FWD_g.24465.CDS.1782-MONOMER_mod_mg2(1),0.0,5.378530482930114e-36
PGSA140_REV_g.24465.CDS.1782-MONOMER_mod_mg2(1),0.0,-4.671352387245091e-07
PGSA140_FWD_g.24465.CDS.1782-MONOMER_mod_mg2(1),2.9344209055551064e-30,-7.567653652534351e-36
PGSA141_REV_g.24465.CDS.1782-MONOMER_mod_mg2(1),0.0,-4.671352387245091e-07
PGSA141_FWD_g.24465.CDS.1782-MONOMER_mod_mg2(1),0.0,5.378530482930114e-36
PGSA160_REV_g.24465.CDS.1782-MONOMER_mod_mg2(1),0.0,-4.671352387245091e-07
PGSA160_FWD_g.24465.CDS.1782-MONOMER_mod_mg2(1),0.0,-7.567653652534351e-36
PGSA161_REV_g.24465.CDS.1782-MONOMER_mod_mg2(1),0.0,-4.671352387245091e-07
PGSA161_FWD_g.24465.CDS.1782-MONOMER_mod_mg2(1),0.0,5.378530482930114e-36
PGSA180_REV_g.24465.CDS.1782-MONOMER_mod_mg2(1),0.0,-4.671352387245091e-07
PGSA180_FWD_g.24465.CDS.1782-MONOMER_mod_mg2(1),0.003274570124770865,3.760257465997055e-36
PGSA181_REV_g.24465.CDS.1782-MONOMER_mod_mg2(1),0.0,-4.671352387245091e-07
PGSA181_FWD_g.24465.CDS.1782-MONOMER_mod_mg2(1),0.0,5.378530482930114e-36
PGSAAI15_REV_g.24465.CDS.1782-MONOMER_mod_mg2(1),0.0,-4.671352387245091e-07
PGSAAI15_FWD_g.24465.CDS.1782-MONOMER_mod_mg2(1),0.0,2.1419844490639974e-36
PGSAAI17_REV_g.24465.CDS.1782-MONOMER_mod_mg2(1),0.0,-4.671352387245091e-07
PGSAAI17_FWD_g.24465.CDS.1782-MONOMER_mod_mg2(1),0.003274570124770865,8.615076516796231e-36
PGSAI14_REV_g.24465.CDS.1782-MONOMER_mod_mg2(1),0.0,-4.671352387245091e-07
PGSAI14_FWD_g.24465.CDS.1782-MONOMER_mod_mg2(1),0.0,-7.567653652534351e-36
PGSAI15_REV_g.24465.CDS.1782-MONOMER_mod_mg2(1),0.0,-4.671352387245091e-07
PGSAI15_FWD_g.24465.CDS.1782-MONOMER_mod_mg2(1),0.0,-1.094561584802119e-36
PGSAI16_REV_g.24465.CDS.1782-MONOMER_mod_mg2(1),0.0,-4.671352387245091e-07
PGSAI16_FWD_g.24465.CDS.1782-MONOMER_mod_mg2(1),0.0,-1.094561584802119e-36
PGSAI17_REV_g.24465.CDS.1782-MONOMER_mod_mg2(1),0.0,-4.671352387245091e-07
PGSAI17_FWD_g.24465.CDS.1782-MONOMER_mod_mg2(1),0.003274570124770865,5.237114321309392e-37
PHETA1_REV_1130798.3.peg.650-MONOMER,0.0,-5.867275722714666e-07
PHETA1_FWD_1130798.3.peg.650-MONOMER,0.0,3.055530517467527e-35
PHEt2r_REV_CPLX_dummy,0.0,-1.0864272705257655e-06
PHEt2r_FWD_CPLX_dummy,0.024980283093350344,7.509514953104212e-37
PIabc_REV_CPLX_dummy,0.0,0.05667853044245946
PIabc_FWD_CPLX_dummy,0.0,-0.05667961686972999
PMANM_REV_g.24465.CDS.1002-MONOMER,0.0,4.65349384315373e-36
PMANM_FWD_g.24465.CDS.1002-MONOMER,0.0,-1.1472614597926895e-06
PMEVKc_REV_g.24465.CDS.433-MONOMER,0.0,-1.4734102860058125e-06
PMEVKc_FWD_g.24465.CDS.433-MONOMER,0.0,-5.352231042476487e-36
PMPK_REV_1130798.3.peg.748-MONOMER,0.0,-2.947633700931674e-06
PMPK_FWD_1130798.3.peg.748-MONOMER,0.0,-2.714636565995772e-36
PMTCOATA_REV_g.24465.CDS.1672-MONOMER,0.0,-5.826108540314266e-36
PMTCOATA_FWD_g.24465.CDS.1672-MONOMER,0.0,-1.2763812617871992e-06
PNP_REV_g.24465.CDS.18-MONOMER,0.0,-8.945236256441067e-37
PNP_FWD_g.24465.CDS.18-MONOMER,0.0,-2.861020492231867e-06
PNTK_REV_1130798.3.peg.1402-MONOMER,0.0,1.1044600468355138e-09
PNTK_FWD_1130798.3.peg.1402-MONOMER,0.0010094951637295755,1.202145768382468e-35
PNTOabc_REV_CPLX_dummy,0.0,-1.0864272705257655e-06
PNTOabc_FWD_CPLX_dummy,0.0010094951637295755,4.3757589892970414e-36
PPA_REV_g.24465.CDS.558-MONOMER,0.0,0.014170776053686981
PPA_FWD_g.24465.CDS.558-MONOMER,0.0,-0.014172223804156085
PPA2_REV_CPLX_dummy,0.0,0.014173773386860647
PPA2_FWD_CPLX_dummy,0.0,-0.014174859814131172
PPAKr_REV_g.24465.CDS.1144-MONOMER_mod_mg2(1),0.0,-2.091083273655562e-06
PPAKr_FWD_g.24465.CDS.1144-MONOMER_mod_mg2(1),0.0,1.1667449620756876e-35
PPAt2_REV_CPLX_dummy,0.0,-1.0864272705257655e-06
PPAt2_FWD_CPLX_dummy,0.0,7.979601407330327e-41
PPCDC_REV_1130798.3.peg.487-MONOMER_mod_mg2(1),0.0,-4.61121485625649e-06
PPCDC_FWD_1130798.3.peg.487-MONOMER_mod_mg2(1),0.0,-1.8175376074609345e-08
PPCDC_REV_1130798.3.peg.487-MONOMER_mod_fmn(1),0.0,-4.59303948018188e-06
PPCDC_FWD_1130798.3.peg.487-MONOMER_mod_fmn(1),0.0010094951637295755,-3.0755921174215065e-37
PPCKr_REV_1130798.3.peg.530-MONOMER,0.18382031490456802,-9.046530938425066e-36
PPCKr_FWD_1130798.3.peg.530-MONOMER,0.0,-1.9949254059301107e-06
PPIACPT_REV_g.24465.CDS.1337-MONOMER,0.0,-1.3466151803200725e-06
PPIACPT_FWD_g.24465.CDS.1337-MONOMER,0.7467301671831384,1.7381049968942292e-35
PPM_REV_g.24465.CDS.181-MONOMER_mod_mn2(1),0.0,-1.935447147217474e-06
PPM_FWD_g.24465.CDS.181-MONOMER_mod_mn2(1),0.0,-6.312605201423702e-07
PPM_REV_g.24465.CDS.417-MONOMER,0.0,-1.3041866270751041e-06
PPM_FWD_g.24465.CDS.417-MONOMER,0.12297944857265244,0.0
PPNCL3_REV_1130798.3.peg.487-MONOMER_mod_mg2(1),0.0,-3.880321989737709e-06
PPNCL3_FWD_1130798.3.peg.487-MONOMER_mod_mg2(1),0.0,-7.490682425933906e-07
PPNCL3_REV_1130798.3.peg.487-MONOMER_mod_fmn(1),0.0,-3.862146613663099e-06
PPNCL3_FWD_1130798.3.peg.487-MONOMER_mod_fmn(1),0.0,-7.308928665187812e-07
PPNDH_REV_1130798.3.peg.1574-MONOMER,0.0,-1.0511686823934007e-06
PPNDH_FWD_1130798.3.peg.1574-MONOMER,0.0,1.505286588942432e-36
PPTT_REV_g.24465.CDS.977-MONOMER_mod_mg2(1),0.0,-1.1915373974400406e-06
PPTT_FWD_g.24465.CDS.977-MONOMER_mod_mg2(1),0.0,1.0039474267553677e-35
PPTT_REV_g.24465.CDS.924-MONOMER_mod_mn2(1),0.0,-1.3165156024840474e-06
PPTT_FWD_g.24465.CDS.924-MONOMER_mod_mn2(1),0.0,-1.2497820504400683e-07
PPTT_REV_g.24465.CDS.924-MONOMER_mod_mg2(1),0.0,-1.3254046256207409e-06
PPTT_FWD_g.24465.CDS.924-MONOMER_mod_mg2(1),0.0,-1.3386722818070034e-07
PRAGS_REV_1130798.3.peg.243-MONOMER,0.0,0.1700984871767547
PRAGS_FWD_1130798.3.peg.243-MONOMER,0.0,-0.17010012057454968
PRAI_REV_1130798.3.peg.1993-MONOMER,0.0,7.853469157571914e-41
PRAI_FWD_1130798.3.peg.1993-MONOMER,0.0,-1.173896918822413e-06
PRAIS_REV_1130798.3.peg.240-MONOMER,0.0,-1.920776940187202e-06
PRAIS_FWD_1130798.3.peg.240-MONOMER,0.0,-5.891644298942324e-35
PRAMPC_REV_g.24465.CDS.472-MONOMER,0.0,3.7243297309239244e-07
PRAMPC_FWD_g.24465.CDS.472-MONOMER,0.010502898740176354,-3.13939256282482e-36
PRASCSi_REV_1130798.3.peg.235-MONOMER,0.0,-6.987359738330312e-07
PRASCSi_FWD_1130798.3.peg.235-MONOMER,0.0,-1.368902859098799e-35
PRATPP_REV_g.24465.CDS.472-MONOMER,0.0,3.7243297309239244e-07
PRATPP_FWD_g.24465.CDS.472-MONOMER,0.010502898740176354,5.3621954250984057e-39
PRFGS_REV_1130798.3.peg.237-MONOMER,0.0,-7.268851271319391e-07
PRFGS_FWD_1130798.3.peg.237-MONOMER,0.0,-7.477301632173921e-07
PRFGS_REV_1130798.3.peg.236-MONOMER,0.0,2.0845036085453e-08
PRFGS_FWD_1130798.3.peg.236-MONOMER,0.0,6.456793962168198e-35
PRFGS_REV_1130798.3.peg.238-MONOMER,0.0,-1.1204057609130823e-06
PRFGS_FWD_1130798.3.peg.238-MONOMER,0.0,-1.1412507969985354e-06
PRMICI_REV_g.24465.CDS.129-MONOMER,0.0,-1.3265148168349086e-06
PRMICI_FWD_g.24465.CDS.129-MONOMER,0.010502898740176354,5.438219778207169e-36
PRO1x_REV_g.24465.CDS.1393-MONOMER,0.0,4.3069952495807773e-07
PRO1x_FWD_g.24465.CDS.1393-MONOMER,0.0,-3.39256821352481e-06
PROt2r_REV_CPLX_dummy,0.0,-1.0864272705257655e-06
PROt2r_FWD_CPLX_dummy,0.030922718050173187,-8.040990071670279e-37
PRPPS_REV_g.24465.CDS.327-MONOMER,0.0,-1.6103281259632591e-06
PRPPS_FWD_g.24465.CDS.327-MONOMER,0.0,-2.2415545012023265e-07
PRPPS_REV_g.24465.CDS.399-MONOMER_mod_mg2(1)_mod_pi(1),0.0,-1.3942413859914313e-06
PRPPS_FWD_g.24465.CDS.399-MONOMER_mod_mg2(1)_mod_pi(1),0.0,-8.068710148404771e-09
PRPPS_REV_g.24465.CDS.399-MONOMER_mod_mn2(1)_mod_pi(1),0.0,-1.3861726758430265e-06
PRPPS_FWD_g.24465.CDS.399-MONOMER_mod_mn2(1)_mod_pi(1),0.011512173502388099,-1.1707016208034958e-35
PSD120_REV_CPLX_dummy,0.0,-1.0864272705257655e-06
PSD120_FWD_CPLX_dummy,0.0,-5.7257633329728185e-39
PSD140_REV_CPLX_dummy,0.0,-1.0864272705257655e-06
PSD140_FWD_CPLX_dummy,0.0,5.0971877758695386e-37
PSD160_REV_CPLX_dummy,0.0,-1.0864272705257655e-06
PSD160_FWD_CPLX_dummy,0.0,-5.211703042528996e-37
PSD180_REV_CPLX_dummy,0.0,-1.0864272705257655e-06
PSD180_FWD_CPLX_dummy,0.0010915233749236217,-5.7257633329728185e-39
PSD181_REV_CPLX_dummy,0.0,-1.0864272705257655e-06
PSD181_FWD_CPLX_dummy,0.0,2.056052400346734e-36
PSDAI17_REV_CPLX_dummy,0.0,-1.0864272705257655e-06
PSDAI17_FWD_CPLX_dummy,0.0010915233749236217,2.056052400346734e-36
PSDI17_REV_CPLX_dummy,0.0,-1.0864272705257655e-06
PSDI17_FWD_CPLX_dummy,0.0010915233749236217,-5.7257633329728185e-39
PSERT_REV_1130798.3.peg.53-MONOMER,0.0,-1.374119633822765e-06
PSERT_FWD_1130798.3.peg.53-MONOMER,0.0,-4.16262201356694e-36
PSP_L_REV_CPLX_dummy,0.0,0.014171939785232717
PSP_L_FWD_CPLX_dummy,0.0,-0.014173026212503242
PSSA120_REV_CPLX_dummy,0.0,-1.0864272705257655e-06
PSSA120_FWD_CPLX_dummy,0.0,-2.511132537773637e-35
PSSA140_REV_CPLX_dummy,0.0,-1.0864272705257655e-06
PSSA140_FWD_CPLX_dummy,0.0,-3.251490353623268e-36
PSSA160_REV_CPLX_dummy,0.0,-1.0864272705257655e-06
PSSA160_FWD_CPLX_dummy,0.0,-3.251490353623268e-36
PSSA180_REV_CPLX_dummy,0.0,-1.0864272705257655e-06
PSSA180_FWD_CPLX_dummy,0.0010915233749236217,-9.497157503369869e-36
PSSA181_REV_CPLX_dummy,0.0,0.007080621475692856
PSSA181_FWD_CPLX_dummy,0.0,-0.0070817079029633825
PSSAAI17_REV_CPLX_dummy,0.0,-1.0864272705257655e-06
PSSAAI17_FWD_CPLX_dummy,0.0010915233749236217,-1.2865677874996812e-37
PSSAI17_REV_CPLX_dummy,0.0,-1.0864272705257655e-06
PSSAI17_FWD_CPLX_dummy,0.0010915233749236217,-9.497157503369869e-36
PTA2_REV_g.24465.CDS.1886-MONOMER,0.0,-1.987881431721865e-06
PTA2_FWD_g.24465.CDS.1886-MONOMER,0.0,1.8916467909603726e-34
PTAr_REV_g.24465.CDS.1886-MONOMER,0.0,-1.987881431721865e-06
PTAr_FWD_g.24465.CDS.1886-MONOMER,1.2412335241676882,1.345421153868253e-35
PTPAT_REV_1130798.3.peg.1358-MONOMER,0.0,-1.1294184507409539e-06
PTPAT_FWD_1130798.3.peg.1358-MONOMER,0.0,-8.67564960991104e-08
PTPAT_REV_1130798.3.peg.615-MONOMER_mod_mg2(1),0.0,-1.0426619546418433e-06
PTPAT_FWD_1130798.3.peg.615-MONOMER_mod_mg2(1),0.001009231072175831,2.614511101679542e-36
PTRCabc_REV_CPLX_PTRCabc-0,0.0,-1.8289287434987863e-06
PTRCabc_FWD_CPLX_PTRCabc-0,0.001009231072175831,-3.311435465581229e-36
PUNP1_REV_g.24465.CDS.18-MONOMER,0.0,-2.861020492231867e-06
PUNP1_FWD_g.24465.CDS.18-MONOMER,0.12270931943605297,-1.3161559144190537e-36
PUNP2_REV_g.24465.CDS.18-MONOMER,0.0,-2.861020492231867e-06
PUNP2_FWD_g.24465.CDS.18-MONOMER,1.0,-8.945236256441067e-37
PUNP3_REV_g.24465.CDS.18-MONOMER,0.005443922222769839,-3.5361898504994074e-35
PUNP3_FWD_g.24465.CDS.18-MONOMER,0.0,-2.861020492231867e-06
PUNP4_REV_g.24465.CDS.18-MONOMER,0.0,-2.861020492231867e-06
PUNP4_FWD_g.24465.CDS.18-MONOMER,0.9942859486406307,-8.945236256441067e-37
PUNP5_REV_g.24465.CDS.18-MONOMER,0.0,-4.728913368691596e-37
PUNP5_FWD_g.24465.CDS.18-MONOMER,0.0,-2.861020492231867e-06
PUNP6_REV_g.24465.CDS.18-MONOMER,0.0,-5.878667506804808e-36
PUNP6_FWD_g.24465.CDS.18-MONOMER,0.0,-2.861020492231867e-06
PUNP7_REV_g.24465.CDS.18-MONOMER,0.0,-2.861020492231867e-06
PUNP7_FWD_g.24465.CDS.18-MONOMER,0.0,4.089620255516595e-36
PYDAMK_REV_g.24465.CDS.85-MONOMER,0.0,-1.828221853886664e-06
PYDAMK_FWD_g.24465.CDS.85-MONOMER,0.0,-3.321483190076273e-36
PYDAMabc_REV_CPLX_dummy,0.0,-1.0864272705257655e-06
PYDAMabc_FWD_CPLX_dummy,0.0,-4.7228431149789564e-36
PYDXK_REV_1130798.3.peg.133-MONOMER,0.0,-2.001336398259992e-06
PYDXK_FWD_1130798.3.peg.133-MONOMER,0.0010093876357807898,7.652776408228394e-36
PYDXNK_REV_g.24465.CDS.85-MONOMER,0.0,-1.828221853886664e-06
PYDXNK_FWD_g.24465.CDS.85-MONOMER,0.0,-3.321483190076273e-36
PYDXNabc_REV_CPLX_dummy,0.0,-1.0864272705257655e-06
PYDXNabc_FWD_CPLX_dummy,0.0,-4.7228431149789564e-36
PYDXabc_REV_CPLX_dummy,0.0,-1.0864272705257655e-06
PYDXabc_FWD_CPLX_dummy,0.0010093876357807898,-9.272144167116955e-36
PYK_REV_CPLX_dummy,0.0,-1.0864272705257655e-06
PYK_FWD_CPLX_dummy,4.718619221162094,8.33922453657328e-36
PYNP1r_REV_g.24465.CDS.136-MONOMER,0.0,-2.3603058147041095e-06
PYNP1r_FWD_g.24465.CDS.136-MONOMER,0.0,2.853762938873474e-36
PYNP2r_REV_g.24465.CDS.136-MONOMER,0.0,-2.3603058147041095e-06
PYNP2r_FWD_g.24465.CDS.136-MONOMER,0.005714051359369326,-2.6926473923753945e-36
PYRCT_REV_g.24465.CDS.818-MONOMER,0.0,5.000514700568756e-36
PYRCT_FWD_g.24465.CDS.818-MONOMER,0.0,-1.449797694120318e-06
PYROX_REV_g.24465.CDS.179-MONOMER_mod_mg2(1)_mod_thmpp(1)_mod_fad(1),0.0,-3.2875327195595835e-06
PYROX_FWD_g.24465.CDS.179-MONOMER_mod_mg2(1)_mod_thmpp(1)_mod_fad(1),0.0,-1.2797444042837255e-36
Q8abc_REV_CPLX_dummy,0.0,-1.0864272705257655e-06
Q8abc_FWD_CPLX_dummy,0.0,-1.6899757468869573e-36
RAFGH_REV_g.24465.CDS.1959-MONOMER,0.0,-1.7675277255603236e-06
RAFGH_FWD_g.24465.CDS.1959-MONOMER,0.0,-1.8110681619649655e-35
RAFH_REV_g.24465.CDS.1386-MONOMER,0.0,0.014171861192507147
RAFH_FWD_g.24465.CDS.1386-MONOMER,0.0,-0.014173821035473898
RB5PE_REV_CPLX_dummy,0.0,-4.350676952252526e-40
RB5PE_FWD_CPLX_dummy,0.0,-1.0864272705257655e-06
RBFK_REV_1130798.3.peg.19-MONOMER,0.0,-1.9190275277657417e-06
RBFK_FWD_1130798.3.peg.19-MONOMER,0.001009231142849167,-1.7558504890242446e-37
RBK_REV_g.24465.CDS.1838-MONOMER_mod_k(1)_mod_mg2(1),0.0,-1.9594346712327447e-06
RBK_FWD_g.24465.CDS.1838-MONOMER_mod_k(1)_mod_mg2(1),0.0,-2.7293170327771365e-07
RBK_D_REV_g.24465.CDS.1173-MONOMER,0.0,-1.600566301265211e-06
RBK_D_FWD_g.24465.CDS.1173-MONOMER,0.0,-1.622803548467365e-07
RBK_D_REV_g.24465.CDS.172-MONOMER,0.0,-1.4382859464184744e-06
RBK_D_FWD_g.24465.CDS.172-MONOMER,0.17885124132898245,-7.586767905076527e-37
RBK_L1_REV_g.24465.CDS.1173-MONOMER,0.0,-1.7628466561119474e-06
RBK_L1_FWD_g.24465.CDS.1173-MONOMER,0.0,4.142878160628091e-36
RBP4E_REV_g.24465.CDS.1297-MONOMER_mod_zn2(1),0.0,-2.140557184228567e-06
RBP4E_FWD_g.24465.CDS.1297-MONOMER_mod_zn2(1),0.0,-2.831315632744631e-07
RBP4E_REV_g.24465.CDS.1846-MONOMER,0.0,-1.857425620954104e-06
RBP4E_FWD_g.24465.CDS.1846-MONOMER,0.0,-1.0357773766729814e-38
RDH1_REV_g.24465.CDS.1933-MONOMER_mod_fe2(1),0.0,-1.930212946597574e-06
RDH1_FWD_g.24465.CDS.1933-MONOMER_mod_fe2(1),0.0,-3.605027011226726e-06
RDH1_REV_g.24465.CDS.1876-MONOMER,0.0,-6.130362631170758e-08
RDH1_FWD_g.24465.CDS.1876-MONOMER,0.0,-1.7361176909408598e-06
RDH1_REV_g.24465.CDS.1368-MONOMER,0.0,-2.5612001234940875e-07
RDH1_FWD_g.24465.CDS.1368-MONOMER,0.0,-1.930934076978561e-06
RDH1_REV_g.24465.CDS.1807-MONOMER,0.0,-3.493615546316977e-07
RDH1_FWD_g.24465.CDS.1807-MONOMER,0.0,-2.02417561926085e-06
RDH1_REV_g.24465.CDS.163-MONOMER,0.0,3.704554105281974e-36
RDH1_FWD_g.24465.CDS.163-MONOMER,0.0,-1.6748140646291522e-06
RDH1_REV_g.24465.CDS.666-MONOMER,0.0,-1.5458718673032543e-07
RDH1_FWD_g.24465.CDS.666-MONOMER,0.0,-1.8294012513594776e-06
RE1944C_REV_g.24465.CDS.396-MONOMER,0.0,2.1478462045766943e-36
RE1944C_FWD_g.24465.CDS.396-MONOMER,0.0,-7.712604387113575e-07
RHC_REV_CPLX_dummy,0.0,-1.0864272705257655e-06
RHC_FWD_CPLX_dummy,6.829132898243778e-05,-2.013506461582337e-35
RHCCE_REV_g.24465.CDS.1831-MONOMER,0.0,0.02833543809007563
RHCCE_FWD_g.24465.CDS.1831-MONOMER,0.0,-0.02833704791269996
RIBABCte_REV_g.24465.CDS.1465-MONOMER,0.0,0.028346437556297042
RIBABCte_FWD_g.24465.CDS.1465-MONOMER,0.0,-0.028346968861577587
RIBFLVt2r_REV_CPLX_dummy,0.0,-1.0864272705257655e-06
RIBFLVt2r_FWD_CPLX_dummy,0.002018462215024998,2.661197069344664e-37
RIBabc_REV_g.24465.CDS.1465-MONOMER,0.0,-5.313052805456813e-07
RIBabc_FWD_g.24465.CDS.1465-MONOMER,0.17878295,1.4344417566547026e-35
RMPA_REV_g.24465.CDS.1222-MONOMER,0.0,2.936556098731433e-37
RMPA_FWD_g.24465.CDS.1222-MONOMER,0.0,-2.1616412476692712e-06
RMPA2_REV_g.24465.CDS.1222-MONOMER,0.0,-2.1616412476692712e-06
RMPA2_FWD_g.24465.CDS.1222-MONOMER,0.0,1.5024338873163918e-36
RNDR1_REV_CPLX_RNDR1-0,0.0,-1.3591866941754811e-06
RNDR1_FWD_CPLX_RNDR1-0,0.0,-1.3110130483639851e-08
RNDR2_REV_CPLX_RNDR1-0,0.0,8.084013136780274e-06
RNDR2_FWD_CPLX_RNDR1-0,0.0,-9.456309961439396e-06
RNDR3_REV_CPLX_RNDR1-0,0.0,0.014175821518167157
RNDR3_FWD_CPLX_RNDR1-0,0.0,-0.014177193814991816
RNDR4_REV_CPLX_RNDR1-0,0.0,3.415584137047788e-06
RNDR4_FWD_CPLX_RNDR1-0,0.0,-4.7878809617069085e-06
RNTR1_REV_g.24465.CDS.1005-MONOMER,0.0,-2.0654630681071368e-06
RNTR1_FWD_g.24465.CDS.1005-MONOMER,0.006506952563491712,4.347091902727483e-36
RNTR2_REV_g.24465.CDS.1005-MONOMER,0.0,7.737430015056267e-06
RNTR2_FWD_g.24465.CDS.1005-MONOMER,0.0,-9.802893083163404e-06
RNTR3_REV_g.24465.CDS.1005-MONOMER,0.0,0.014175474935045434
RNTR3_FWD_g.24465.CDS.1005-MONOMER,0.0,-0.014177540398113541
RNTR4_REV_g.24465.CDS.1005-MONOMER,0.0,3.6508446059347192e-06
RNTR4_FWD_g.24465.CDS.1005-MONOMER,0.0,-5.7163076740418565e-06
RPE_REV_g.24465.CDS.180-MONOMER,0.0,-8.084563323250708e-07
RPE_FWD_g.24465.CDS.180-MONOMER,0.7262561820160932,1.1964393062355284e-39
RPE_REV_g.24465.CDS.826-MONOMER,0.0,-1.1684450134535565e-06
RPE_FWD_g.24465.CDS.826-MONOMER,0.0,-3.5998868112848576e-07
RPI_REV_CPLX_dummy,0.0,-1.0864272705257655e-06
RPI_FWD_CPLX_dummy,0.39841915068711076,-7.261762224591268e-40
RZ5PP_REV_CPLX_dummy,0.0,-1.0864272705257655e-06
RZ5PP_FWD_CPLX_dummy,0.0,-3.2064094309329565e-36
S17BPH_REV_g.24465.CDS.201-MONOMER,0.0,0.014172532276533924
S17BPH_FWD_g.24465.CDS.201-MONOMER,0.0,-0.014173761454395657
SADH_REV_g.24465.CDS.506-MONOMER,0.0,-2.17606377902651e-06
SADH_FWD_g.24465.CDS.506-MONOMER,0.0,2.649822744235028e-36
SADT_REV_g.24465.CDS.319-MONOMER,0.0,-1.4890753298616098e-06
SADT_FWD_g.24465.CDS.319-MONOMER,0.0,1.1432809135808423e-35
SADT2_REV_1130798.3.peg.135-MONOMER,0.0,0.01417200193432168
SADT2_FWD_1130798.3.peg.135-MONOMER,0.0,-0.014173665933149915
SALCpts_REV_CPLX_ACGApts-1,0.0,-2.020889386004345e-06
SALCpts_FWD_CPLX_ACGApts-1,0.0,-3.121049028829971e-07
SALCpts_REV_CPLX_ACGApts-0,0.0,-1.708784483121348e-06
SALCpts_FWD_CPLX_ACGApts-0,0.0,-1.7590956135755295e-36
SBTDOX_REV_g.24465.CDS.1763-MONOMER,0.0,4.9323504692753066e-36
SBTDOX_FWD_g.24465.CDS.1763-MONOMER,0.0,-1.0815566665983052e-06
SBTD_D2_REV_g.24465.CDS.1244-MONOMER,0.0,-1.6263948145593073e-06
SBTD_D2_FWD_g.24465.CDS.1244-MONOMER,0.0,2.430509571922519e-35
SBTpts_REV_CPLX_ACGApts-1,0.0,-2.020889386004345e-06
SBTpts_FWD_CPLX_ACGApts-1,0.0,-3.121049028829971e-07
SBTpts_REV_CPLX_ACGApts-0,0.0,-1.708784483121348e-06
SBTpts_FWD_CPLX_ACGApts-0,0.0,-1.7590956135755295e-36
SERATi_REV_CPLX_dummy,0.0,0.007085180716051451
SERATi_FWD_CPLX_dummy,0.0,-0.007086267143321976
SERt2r_REV_g.24465.CDS.1317-MONOMER,0.0,-1.0444404441471744e-06
SERt2r_FWD_g.24465.CDS.1317-MONOMER,0.0,-1.0209552224731069e-07
SERt2r_REV_g.24465.CDS.252-MONOMER,0.0,-9.423449218998636e-07
SERt2r_FWD_g.24465.CDS.252-MONOMER,1.0,5.9174921676796645e-37
SGAT_REV_CPLX_G3PAT120-0,0.0,-1.975850833102766e-06
SGAT_FWD_CPLX_G3PAT120-0,0.0,5.576865742743379e-38
SHEMEabc_REV_CPLX_dummy,0.0,-1.0864272705257655e-06
SHEMEabc_FWD_CPLX_dummy,0.001009231072175831,-1.5337878903300953e-35
SHK3Dr_REV_g.24465.CDS.1321-MONOMER,0.0,5.3959451354997474e-36
SHK3Dr_FWD_g.24465.CDS.1321-MONOMER,0.0,-1.8739897205923273e-06
SHSL1r_REV_1130798.3.peg.995-MONOMER,0.9647698797729808,-1.7413788765037172e-36
SHSL1r_FWD_1130798.3.peg.995-MONOMER,0.0,-1.405133453276726e-06
SHSL2_REV_1130798.3.peg.995-MONOMER,0.0,-1.405133453276726e-06
SHSL2_FWD_1130798.3.peg.995-MONOMER,0.9647698797729808,2.3891530280365113e-36
SHSL4r_REV_g.24465.CDS.415-MONOMER,0.0,-1.3956537049512176e-06
SHSL4r_FWD_g.24465.CDS.415-MONOMER,0.0,-9.479748325508454e-09
SO4t2_REV_CPLX_dummy,0.0,-2.348636082219535e-36
SO4t2_FWD_CPLX_dummy,0.0,-1.0864272705257655e-06
SPMDabc_REV_CPLX_PTRCabc-0,0.0,-1.8289287434987863e-06
SPMDabc_FWD_CPLX_PTRCabc-0,0.001009231072175831,-3.311435465581229e-36
SSALxr_REV_g.24465.CDS.1362-MONOMER,0.0,-6.435173254399742e-07
SSALxr_FWD_g.24465.CDS.1362-MONOMER,0.0,-1.078843287557236e-06
SSALyr_REV_g.24465.CDS.1362-MONOMER,0.0,-1.7223606129972105e-06
SSALyr_FWD_g.24465.CDS.1362-MONOMER,0.0,4.167758430427202e-36
STCOATA_REV_g.24465.CDS.1672-MONOMER,0.0,-6.625656733697423e-07
STCOATA_FWD_g.24465.CDS.1672-MONOMER,0.0,-6.205767195643183e-07
STYSGH_REV_g.24465.CDS.1959-MONOMER,0.0,-5.879815128247938e-36
STYSGH_FWD_g.24465.CDS.1959-MONOMER,0.0,-1.7675277255603236e-06
STYSabc_REV_CPLX_dummy,0.0,-1.0864272705257655e-06
STYSabc_FWD_CPLX_dummy,0.0,-2.1403613639484953e-35
SUCCITRDSs_REV_CPLX_dummy,0.0,-1.0864272705257655e-06
SUCCITRDSs_FWD_CPLX_dummy,0.0,-7.008196562136534e-36
SUCCt2r_REV_CPLX_dummy,0.0,-2.348636082219535e-36
SUCCt2r_FWD_CPLX_dummy,0.0,-1.0864272705257655e-06
SUCD1_REV_g.24465.CDS.1189-MONOMER,0.0,-1.8615891466127696e-06
SUCD1_FWD_g.24465.CDS.1189-MONOMER,0.0,-7.772942682362427e-07
SUCD1_REV_g.24465.CDS.646-MONOMER,0.0,-1.6813514516901435e-06
SUCD1_FWD_g.24465.CDS.646-MONOMER,0.0,-5.970565733136168e-07
SUCD1_REV_g.24465.CDS.448-MONOMER,0.0,-1.0842948783765269e-06
SUCD1_FWD_g.24465.CDS.448-MONOMER,0.0,5.3516748873946136e-36
SUCDi_REV_g.24465.CDS.1189-MONOMER,0.0,-7.772942682362427e-07
SUCDi_FWD_g.24465.CDS.1189-MONOMER,0.0,-1.8615891466127696e-06
SUCDi_REV_g.24465.CDS.646-MONOMER,0.0,-5.970565733136168e-07
SUCDi_FWD_g.24465.CDS.646-MONOMER,0.0,-1.6813514516901435e-06
SUCDi_REV_g.24465.CDS.448-MONOMER,0.0,2.175031891005864e-36
SUCDi_FWD_g.24465.CDS.448-MONOMER,0.0,-1.0842948783765269e-06
SUCORNTC_REV_CPLX_dummy,0.0,1.169462855450206e-06
SUCORNTC_FWD_CPLX_dummy,0.0,-2.2558901259759716e-06
SUCR_REV_g.24465.CDS.334-MONOMER,0.0,0.014172072924643331
SUCR_FWD_g.24465.CDS.334-MONOMER,0.0,-0.014173609303337715
SUCpts_REV_CPLX_SUCpts-1,0.0,-2.5964911667947862e-06
SUCpts_FWD_CPLX_SUCpts-1,0.0,-2.2120294027881056e-08
SUCpts_REV_CPLX_SUCpts-0,0.0,-2.574370872766905e-06
SUCpts_FWD_CPLX_SUCpts-0,0.07449289,-1.3025123579534332e-35
SUDPDGT_REV_CPLX_dummy,0.0,-1.0864272705257655e-06
SUDPDGT_FWD_CPLX_dummy,0.0009183078652628026,-8.348233954383804e-36
SUDPMGT_REV_CPLX_dummy,0.0,-1.0864272705257655e-06
SUDPMGT_FWD_CPLX_dummy,0.0009183078652628026,-8.893754100571126e-36
TALA_REV_1130798.3.peg.1128-MONOMER,0.2869518756168464,-1.6609641430128466e-35
TALA_FWD_1130798.3.peg.1128-MONOMER,0.0,-1.2867447810805215e-06
TCDCHOLBHSe_REV_CPLX_dummy,0.0,-5.432136352628828e-07
TCDCHOLBHSe_FWD_CPLX_dummy,0.0,-5.432136352628828e-07
TCHOLBHSe_REV_CPLX_dummy,0.0,-5.432136352628828e-07
TCHOLBHSe_FWD_CPLX_dummy,0.0,-5.432136352628828e-07
TDCOATA_REV_g.24465.CDS.1672-MONOMER,-5.868841811110213e-30,5.1367576045343795e-37
TDCOATA_FWD_g.24465.CDS.1672-MONOMER,0.0,-1.2763813175336196e-06
TDG3PACT_REV_CPLX_G3PAT120-0,0.0,-1.975850833102766e-06
TDG3PACT_FWD_CPLX_G3PAT120-0,2.9344209055551064e-30,-2.3424299863811626e-36
TDPDRE_REV_g.24465.CDS.180-MONOMER,0.0,-8.084563323250708e-07
TDPDRE_FWD_g.24465.CDS.180-MONOMER,0.0,-4.860962974531494e-37
TDPDRRr_REV_g.24465.CDS.0-MONOMER,0.0,-3.670890779883509e-07
TDPDRRr_FWD_g.24465.CDS.0-MONOMER,0.0,-7.6584613476706e-07
TDPDRRr_REV_g.24465.CDS.287-MONOMER,1000.0,3.9875705677870907e-07
TDPDRRr_FWD_g.24465.CDS.287-MONOMER,1000.0,-6.198075885487758e-36
TDPGDH_REV_g.24465.CDS.1186-MONOMER,0.0,-1.6281480452661907e-06
TDPGDH_FWD_g.24465.CDS.1186-MONOMER,0.0,-4.912471700195369e-08
TDPGDH_REV_g.24465.CDS.186-MONOMER_mod_nad(1),0.0,-1.579023328264237e-06
TDPGDH_FWD_g.24465.CDS.186-MONOMER_mod_nad(1),0.0,3.0105622681566575e-36
TDPGDH_REV_g.24465.CDS.1074-MONOMER,0.0,-1.6934971365890356e-06
TDPGDH_FWD_g.24465.CDS.1074-MONOMER,0.0,-1.1447380832479854e-07
TECA1S180_REV_CPLX_dummy,0.0,-1.0864272705257655e-06
TECA1S180_FWD_CPLX_dummy,0.0009183078652628026,3.3201161124839234e-34
TECA1SAI17_REV_CPLX_dummy,0.0,-1.0864272705257655e-06
TECA1SAI17_FWD_CPLX_dummy,0.0009183078652628026,2.6136708440734396e-34
TECA1SI17_REV_CPLX_dummy,0.0,-1.0864272705257655e-06
TECA1SI17_FWD_CPLX_dummy,0.0009183078652628026,3.3201161124839234e-34
TECA2S140_REV_g.24465.CDS.935-MONOMER,0.0,-2.2584179648371113e-07
TECA2S140_FWD_g.24465.CDS.935-MONOMER,0.0,-1.764435697183338e-06
TECA2S140_REV_g.24465.CDS.372-MONOMER,0.0,-5.153159581666314e-34
TECA2S140_FWD_g.24465.CDS.372-MONOMER,0.0,-1.5385939006996268e-06
TECA2S160_REV_g.24465.CDS.935-MONOMER,0.0,-2.2584179648371113e-07
TECA2S160_FWD_g.24465.CDS.935-MONOMER,0.0,-1.764435697183338e-06
TECA2S160_REV_g.24465.CDS.372-MONOMER,0.0,-5.153159581666314e-34
TECA2S160_FWD_g.24465.CDS.372-MONOMER,0.0,-1.5385939006996268e-06
TECA2S180_REV_g.24465.CDS.935-MONOMER,0.0,-1.764435697183338e-06
TECA2S180_FWD_g.24465.CDS.935-MONOMER,0.0,-2.2584179648371113e-07
TECA2S180_REV_g.24465.CDS.372-MONOMER,0.0,-1.5385939006996268e-06
TECA2S180_FWD_g.24465.CDS.372-MONOMER,0.00022957696631570066,-8.962726225885681e-35
TECA2SAI15_REV_g.24465.CDS.935-MONOMER,0.0,-2.2584179648371113e-07
TECA2SAI15_FWD_g.24465.CDS.935-MONOMER,0.0,-1.764435697183338e-06
TECA2SAI15_REV_g.24465.CDS.372-MONOMER,0.0,-5.153159581666314e-34
TECA2SAI15_FWD_g.24465.CDS.372-MONOMER,0.0,-1.5385939006996268e-06
TECA2SAI17_REV_g.24465.CDS.935-MONOMER,0.0,-1.764435697183338e-06
TECA2SAI17_FWD_g.24465.CDS.935-MONOMER,0.0,-2.2584179648371113e-07
TECA2SAI17_REV_g.24465.CDS.372-MONOMER,0.0,-1.5385939006996268e-06
TECA2SAI17_FWD_g.24465.CDS.372-MONOMER,0.00022957696631570066,-8.962726225885681e-35
TECA2SI14_REV_g.24465.CDS.935-MONOMER,0.0,-2.2584179648371113e-07
TECA2SI14_FWD_g.24465.CDS.935-MONOMER,0.0,-1.764435697183338e-06
TECA2SI14_REV_g.24465.CDS.372-MONOMER,0.0,-5.153159581666314e-34
TECA2SI14_FWD_g.24465.CDS.372-MONOMER,0.0,-1.5385939006996268e-06
TECA2SI15_REV_g.24465.CDS.935-MONOMER,0.0,-2.2584179648371113e-07
TECA2SI15_FWD_g.24465.CDS.935-MONOMER,0.0,-1.764435697183338e-06
TECA2SI15_REV_g.24465.CDS.372-MONOMER,0.0,-5.153159581666314e-34
TECA2SI15_FWD_g.24465.CDS.372-MONOMER,0.0,-1.5385939006996268e-06
TECA2SI16_REV_g.24465.CDS.935-MONOMER,0.0,-2.2584179648371113e-07
TECA2SI16_FWD_g.24465.CDS.935-MONOMER,0.0,-1.764435697183338e-06
TECA2SI16_REV_g.24465.CDS.372-MONOMER,0.0,-5.153159581666314e-34
TECA2SI16_FWD_g.24465.CDS.372-MONOMER,0.0,-1.5385939006996268e-06
TECA2SI17_REV_g.24465.CDS.935-MONOMER,0.0,-1.764435697183338e-06
TECA2SI17_FWD_g.24465.CDS.935-MONOMER,0.0,-2.2584179648371113e-07
TECA2SI17_REV_g.24465.CDS.372-MONOMER,0.0,-1.5385939006996268e-06
TECA2SI17_FWD_g.24465.CDS.372-MONOMER,0.00022957696631570066,-2.31523494228115e-34
TECA3S140_REV_g.24465.CDS.80-MONOMER,0.0,-1.2489027713241502e-06
TECA3S140_FWD_g.24465.CDS.80-MONOMER,0.0,4.2178520283984014e-34
TECA3S160_REV_g.24465.CDS.80-MONOMER,0.0,-1.2489027713241502e-06
TECA3S160_FWD_g.24465.CDS.80-MONOMER,0.0,4.2178520283984014e-34
TECA3S180_REV_g.24465.CDS.80-MONOMER,0.0,-1.2489027713241502e-06
TECA3S180_FWD_g.24465.CDS.80-MONOMER,0.00022957696631570066,-1.8898313571720652e-34
TECA3SAI15_REV_g.24465.CDS.80-MONOMER,0.0,-1.2489027713241502e-06
TECA3SAI15_FWD_g.24465.CDS.80-MONOMER,0.0,1.759413432948654e-34
TECA3SAI17_REV_g.24465.CDS.80-MONOMER,0.0,-1.2489027713241502e-06
TECA3SAI17_FWD_g.24465.CDS.80-MONOMER,0.00022957696631570066,-3.157463757950841e-34
TECA3SI14_REV_g.24465.CDS.80-MONOMER,0.0,-1.2489027713241502e-06
TECA3SI14_FWD_g.24465.CDS.80-MONOMER,0.0,4.2178520283984014e-34
TECA3SI15_REV_g.24465.CDS.80-MONOMER,0.0,-1.2489027713241502e-06
TECA3SI15_FWD_g.24465.CDS.80-MONOMER,0.0,4.2178520283984014e-34
TECA3SI16_REV_g.24465.CDS.80-MONOMER,0.0,-1.2489027713241502e-06
TECA3SI16_FWD_g.24465.CDS.80-MONOMER,0.0,4.2178520283984014e-34
TECA3SI17_REV_g.24465.CDS.80-MONOMER,0.0,-1.2489027713241502e-06
TECA3SI17_FWD_g.24465.CDS.80-MONOMER,0.00022957696631570066,-3.157463757950841e-34
TECA4S_REV_CPLX_dummy,0.0,-1.0864272705257655e-06
TECA4S_FWD_CPLX_dummy,0.0,-3.0481816418267278e-34
TECA5S180_REV_CPLX_dummy,0.0,-1.0864272705257655e-06
TECA5S180_FWD_CPLX_dummy,0.00022957696631570066,-3.174929762914411e-34
TECA5SAI17_REV_CPLX_dummy,0.0,-1.0864272705257655e-06
TECA5SAI17_FWD_CPLX_dummy,0.00022957696631570066,-3.174929762914411e-34
TECA5SI17_REV_CPLX_dummy,0.0,-1.0864272705257655e-06
TECA5SI17_FWD_CPLX_dummy,0.00022957696631570066,-3.174929762914411e-34
TECAAE_REV_CPLX_dummy,0.0,-3.9157501405635953e-35
TECAAE_FWD_CPLX_dummy,0.0,-1.0864272705257655e-06
TECAGE_REV_CPLX_dummy,0.0,-1.2306024010855885e-34
TECAGE_FWD_CPLX_dummy,0.0,-1.0864272705257655e-06
TECAUE_REV_CPLX_dummy,0.0,1.703335562932796e-35
TECAUE_FWD_CPLX_dummy,0.0,-1.0864272705257655e-06
TEICH45_REV_g.24465.CDS.997-MONOMER,0.0,-4.138758201229397e-33
TEICH45_FWD_g.24465.CDS.997-MONOMER,0.0,-2.0076668463029549e-07
THIORDXi_REV_g.24465.CDS.1909-MONOMER,0.0,0.05669406032717314
THIORDXi_FWD_g.24465.CDS.1909-MONOMER,0.0,-0.05669399018533516
THIORDXi_REV_g.24465.CDS.1786-MONOMER,0.0,0.05669393572776644
THIORDXi_FWD_g.24465.CDS.1786-MONOMER,0.0,-0.056694114784741866
THMDt2r_REV_CPLX_dummy,0.0,-1.0864272705257655e-06
THMDt2r_FWD_CPLX_dummy,0.006506952563491712,2.661197069344664e-37
THMabc_REV_CPLX_THMabc-0,0.0,-2.0886420727481443e-06
THMabc_FWD_CPLX_THMabc-0,0.001009231072175831,-1.594647500187018e-35
THRAr_REV_1130798.3.peg.1857-MONOMER,0.0,-1.755348983319456e-06
THRAr_FWD_1130798.3.peg.1857-MONOMER,0.1864137197130976,-9.904361197320613e-35
THRt2r_REV_CPLX_dummy,0.0,-1.0864272705257655e-06
THRt2r_FWD_CPLX_dummy,0.225,8.074055590792642e-37
THZPSN_REV_CPLX_THZPSN-1,0.0,-1.700815424091757e-06
THZPSN_FWD_CPLX_THZPSN-1,0.0,-5.77974703435825e-08
THZPSN_REV_CPLX_THZPSN-0,0.0,-1.6430179537481747e-06
THZPSN_FWD_CPLX_THZPSN-0,0.0,-3.7463218933645443e-35
TKT1_REV_1130798.3.peg.1127-MONOMER,0.2869518756168464,-3.430054808823328e-36
TKT1_FWD_1130798.3.peg.1127-MONOMER,0.0,-2.2383437169048163e-06
TKT2_REV_1130798.3.peg.1127-MONOMER,0.0,-1.1191718584524081e-06
TKT2_FWD_1130798.3.peg.1127-MONOMER,0.0,-1.1191718584524081e-06
TMDK1_REV_g.24465.CDS.1840-MONOMER_mod_mg2(1),0.0,-7.253810541317127e-07
TMDK1_FWD_g.24465.CDS.1840-MONOMER_mod_mg2(1),0.006506952563491712,6.13246686871297e-36
TMDK1_REV_g.24465.CDS.1128-MONOMER,0.0,-8.935375690113115e-07
TMDK1_FWD_g.24465.CDS.1128-MONOMER,0.0,-1.6815651487959866e-07
TMDK2_REV_CPLX_dummy,0.0,-5.462109101210914e-07
TMDK2_FWD_CPLX_dummy,0.0,-5.402163604046741e-07
TMDPK_REV_g.24465.CDS.708-MONOMER,0.0,-1.0224335237308513e-06
TMDPK_FWD_g.24465.CDS.708-MONOMER,0.001009231072175831,5.502917594283099e-35
TMN_REV_g.24465.CDS.1238-MONOMER,0.0,-1.1881751513052117e-06
TMN_FWD_g.24465.CDS.1238-MONOMER,0.0,-2.670741225413574e-07
TMN_REV_g.24465.CDS.644-MONOMER,0.0,-9.211010287638543e-07
TMN_FWD_g.24465.CDS.644-MONOMER,0.0,-8.55562809016534e-35
TMPK_REV_g.24465.CDS.433-MONOMER,0.0,0.014178367915544122
TMPK_FWD_g.24465.CDS.433-MONOMER,0.0,-0.014179841325830127
TMPPP_REV_1130798.3.peg.749-MONOMER_mod_mg2(1),0.0,-2.200727506993622e-06
TMPPP_FWD_1130798.3.peg.749-MONOMER_mod_mg2(1),0.0,6.734728701664128e-36
TPI_REV_1130798.3.peg.1258-MONOMER,0.0,-1.2363252271060274e-06
TPI_FWD_1130798.3.peg.1258-MONOMER,1.3396447484215916,-1.2424600029586404e-36
TRDOXOX_REV_g.24465.CDS.1026-MONOMER,0.0,-3.5467049395344096e-07
TRDOXOX_FWD_g.24465.CDS.1026-MONOMER,0.0,-6.614676188346023e-37
TRDRr_REV_g.24465.CDS.1429-MONOMER,0.0,-1.4231254948746004e-06
TRDRr_FWD_g.24465.CDS.1429-MONOMER,1.0065064058154882,-5.3359668284562525e-36
TRDRr_REV_g.24465.CDS.1280-MONOMER,0.0,-1.5494680322703344e-06
TRDRr_FWD_g.24465.CDS.1280-MONOMER,0.0,-1.2634253739573397e-07
TREGLUDR2_REV_g.24465.CDS.282-MONOMER,0.0,-6.862294712987862e-36
TREGLUDR2_FWD_g.24465.CDS.282-MONOMER,0.0,-1.0000489962065213e-06
TREpts_REV_CPLX_ACGApts-1,0.0,-2.020889386004345e-06
TREpts_FWD_CPLX_ACGApts-1,0.0,-3.121049028829971e-07
TREpts_REV_CPLX_ACGApts-0,0.0,-1.708784483121348e-06
TREpts_FWD_CPLX_ACGApts-0,0.0,-1.7590956135755295e-36
TRIOK_REV_g.24465.CDS.146-MONOMER_mod_ca2(1),0.0,-7.613426960582322e-07
TRIOK_FWD_g.24465.CDS.146-MONOMER_mod_ca2(1),0.5204753909350729,9.373034026776265e-36
TRIOK_REV_g.24465.CDS.146-MONOMER_mod_mg2(1),0.0,-7.985965685859365e-07
TRIOK_FWD_g.24465.CDS.146-MONOMER_mod_mg2(1),0.0,-3.725387252770427e-08
TRIOK_REV_g.24465.CDS.146-MONOMER_mod_fe2(1),0.0,-7.821268056627236e-07
TRIOK_FWD_g.24465.CDS.146-MONOMER_mod_fe2(1),0.0,-2.0784109604491334e-08
TRIOK_REV_g.24465.CDS.146-MONOMER_mod_mn2(1),0.0,-7.826008404013011e-07
TRIOK_FWD_g.24465.CDS.146-MONOMER_mod_mn2(1),0.0,-2.125814434306891e-08
TRIOK_REV_g.24465.CDS.146-MONOMER_mod_cobalt2(1),0.0,-7.805171421692305e-07
TRIOK_FWD_g.24465.CDS.146-MONOMER_mod_cobalt2(1),0.0,-1.9174446110998288e-08
TRPTA_REV_1130798.3.peg.650-MONOMER,0.0,7.838010281764228e-37
TRPTA_FWD_1130798.3.peg.650-MONOMER,0.0,-5.867275722714666e-07
TRPt2r_REV_CPLX_dummy,0.0,-1.0864272705257655e-06
TRPt2r_FWD_CPLX_dummy,0.007051221552041801,3.381125172403426e-36
TRSARr_REV_g.24465.CDS.991-MONOMER,0.0,-1.8399047252973291e-06
TRSARr_FWD_g.24465.CDS.991-MONOMER,0.0,-2.9075414901759622e-36
TRSARry_REV_g.24465.CDS.991-MONOMER,0.0,-7.61061437740093e-07
TRSARry_FWD_g.24465.CDS.991-MONOMER,0.0,-1.078843287557236e-06
TSULST_REV_g.24465.CDS.1044-MONOMER_mod_pydx5p(2),0.0,-1.9970085875747108e-07
TSULST_FWD_g.24465.CDS.1044-MONOMER_mod_pydx5p(2),0.0,-1.8651968722448453e-06
TSULST_REV_g.24465.CDS.1963-MONOMER,0.0,-7.62193442867484e-37
TSULST_FWD_g.24465.CDS.1963-MONOMER,0.0,-1.6654960134873743e-06
TYRTA_REV_1130798.3.peg.650-MONOMER,0.0,-4.435167147642024e-36
TYRTA_FWD_1130798.3.peg.650-MONOMER,0.0,-5.867275722714666e-07
TYRt2r_REV_CPLX_dummy,0.0,-1.0864272705257655e-06
TYRt2r_FWD_CPLX_dummy,0.029146046283565603,1.3238378845001503e-36
UAAGDS_REV_CPLX_dummy,0.0,-1.0864272705257655e-06
UAAGDS_FWD_CPLX_dummy,0.0,2.712226424998704e-35
UACMAMAT_REV_CPLX_dummy,0.0,-1.0864272705257655e-06
UACMAMAT_FWD_CPLX_dummy,0.0,1.518707828783392e-35
UAG2E_REV_g.24465.CDS.159-MONOMER_mod_nad(1),0.0,-1.3935565811167119e-06
UAG2E_FWD_g.24465.CDS.159-MONOMER_mod_nad(1),0.0,-2.4188634379470358e-36
UAG2EMA_REV_g.24465.CDS.159-MONOMER_mod_nad(1),0.0,-3.572445326500238e-36
UAG2EMA_FWD_g.24465.CDS.159-MONOMER_mod_nad(1),0.0,-1.3935565811167119e-06
UAG4E_REV_g.24465.CDS.1967-MONOMER_mod_nad(1),0.0,-4.3225130129052106e-36
UAG4E_FWD_g.24465.CDS.1967-MONOMER_mod_nad(1),0.0,-2.015994797264951e-06
UAGCVT_r_REV_g.24465.CDS.1801-MONOMER,0.0,-1.7768809355172587e-06
UAGCVT_r_FWD_g.24465.CDS.1801-MONOMER,0.0,-1.7003545990404661e-34
UAGCVT_r_REV_g.24465.CDS.730-MONOMER,0.0,-2.1081015236815683e-06
UAGCVT_r_FWD_g.24465.CDS.730-MONOMER,0.0,-3.312205881643096e-07
UAGDP_REV_1130798.3.peg.280-MONOMER,0.0,-2.500193994433386e-06
UAGDP_FWD_1130798.3.peg.280-MONOMER,0.01652954157473045,-6.548528839714088e-36
UAGPT2_REV_g.24465.CDS.297-MONOMER,0.0,-1.8854585954155722e-06
UAGPT2_FWD_g.24465.CDS.297-MONOMER,0.0,2.5883459044622595e-36
UAGPT3_REV_g.24465.CDS.297-MONOMER,0.0,-1.8854585954155722e-06
UAGPT3_FWD_g.24465.CDS.297-MONOMER,0.0,-4.664201754473079e-36
UAMAGS_REV_g.24465.CDS.416-MONOMER_mod_k(1)_mod_mg2(1),0.0,-1.5838543079167746e-06
UAMAGS_FWD_g.24465.CDS.416-MONOMER_mod_k(1)_mod_mg2(1),0.0,1.306542790458821e-35
UAMAS_REV_g.24465.CDS.714-MONOMER_mod_mg2(1),0.0,-1.8325713943778915e-06
UAMAS_FWD_g.24465.CDS.714-MONOMER_mod_mg2(1),0.0,2.108633764849417e-36
UAPGR_REV_g.24465.CDS.1339-MONOMER_mod_fad(1),0.0,-1.6729049523822216e-06
UAPGR_FWD_g.24465.CDS.1339-MONOMER_mod_fad(1),0.0,-3.275286669671435e-35
UDCPDP_REV_g.24465.CDS.1832-MONOMER,0.0,-2.988667806296835e-07
UDCPDP_FWD_g.24465.CDS.1832-MONOMER,0.0,-1.52263949123108e-34
UDCPDPS_REV_g.24465.CDS.212-MONOMER_mod_mg2(1),0.0,-1.7876317585946564e-06
UDCPDPS_FWD_g.24465.CDS.212-MONOMER_mod_mg2(1),0.00022957696631570066,9.896626842616675e-37
UDPG4E_REV_g.24465.CDS.1967-MONOMER_mod_nad(1),0.14898579,-1.4087611348431671e-36
UDPG4E_FWD_g.24465.CDS.1967-MONOMER_mod_nad(1),0.0,-2.015994797264951e-06
UDPGALM_REV_g.24465.CDS.170-MONOMER_mod_fad(1),0.0,-4.147613962277844e-09
UDPGALM_FWD_g.24465.CDS.170-MONOMER_mod_fad(1),0.0,3.6509906630013795e-37
UDPGALM_REV_g.24465.CDS.275-MONOMER,0.0,-1.118703340976579e-07
UDPGALM_FWD_g.24465.CDS.275-MONOMER,0.0,-1.0772272013538005e-07
UGMDDS_REV_g.24465.CDS.741-MONOMER,0.0,-2.1698797447719176e-06
UGMDDS_FWD_g.24465.CDS.741-MONOMER,0.0,-2.576170992070875e-34
UMPK_REV_1130798.3.peg.33-MONOMER,0.0,-1.5109924365445616e-06
UMPK_FWD_1130798.3.peg.33-MONOMER,0.02668763716645325,4.2446813843875474e-36
UPPRT_REV_CPLX_UPPRT-0,0.0,3.6058255929867196e-06
UPPRT_FWD_CPLX_UPPRT-0,0.0,-4.928029895458735e-06
UPPRT_REV_g.24465.CDS.1061-MONOMER,0.0,3.4916529317453403e-06
UPPRT_FWD_g.24465.CDS.1061-MONOMER,0.0,-5.042202556700114e-06
URAt2_REV_g.24465.CDS.1857-MONOMER,0.0,0.042507553967141544
URAt2_FWD_g.24465.CDS.1857-MONOMER,0.0,-0.042509391602457265
URIDK3_REV_g.24465.CDS.11-MONOMER_mod_mg2(1),0.0,7.103934081269362e-36
URIDK3_FWD_g.24465.CDS.11-MONOMER_mod_mg2(1),0.0,-4.969660497530384e-07
URIDK3_REV_g.24465.CDS.1750-MONOMER,0.0,-5.273995429936113e-07
URIDK3_FWD_g.24465.CDS.1750-MONOMER,0.0,-1.0243655927466496e-06
URIDK3_REV_g.24465.CDS.69-MONOMER,0.0,-8.766415684228028e-07
URIDK3_FWD_g.24465.CDS.69-MONOMER,0.0,-1.373607618175841e-06
URIK1_REV_g.24465.CDS.597-MONOMER_mod_mg2(1),0.0,-1.0534698202300763e-06
URIK1_FWD_g.24465.CDS.597-MONOMER_mod_mg2(1),0.013658070312740626,8.142110509311317e-35
URIK10_REV_g.24465.CDS.597-MONOMER_mod_mg2(1),0.0,-6.937765680224286e-07
URIK10_FWD_g.24465.CDS.597-MONOMER_mod_mg2(1),0.0,-3.5969325220764775e-07
URIK11_REV_g.24465.CDS.597-MONOMER_mod_mg2(1),0.0,-1.0534698202300763e-06
URIK11_FWD_g.24465.CDS.597-MONOMER_mod_mg2(1),0.0,-1.4758756709166562e-35
URIK12_REV_g.24465.CDS.597-MONOMER_mod_mg2(1),0.0,-6.937765680224286e-07
URIK12_FWD_g.24465.CDS.597-MONOMER_mod_mg2(1),0.0,-3.5969325220764775e-07
URIK13_REV_g.24465.CDS.597-MONOMER_mod_mg2(1),0.0,-6.937765680224286e-07
URIK13_FWD_g.24465.CDS.597-MONOMER_mod_mg2(1),0.0,-3.5969325220764775e-07
URIK14_REV_g.24465.CDS.597-MONOMER_mod_mg2(1),0.0,-6.937765680224286e-07
URIK14_FWD_g.24465.CDS.597-MONOMER_mod_mg2(1),0.0,-3.5969325220764775e-07
URIK2_REV_g.24465.CDS.597-MONOMER_mod_mg2(1),0.0,-6.937765680224286e-07
URIK2_FWD_g.24465.CDS.597-MONOMER_mod_mg2(1),0.0,-3.5969325220764775e-07
URIK3_REV_g.24465.CDS.597-MONOMER_mod_mg2(1),0.0,-1.0534698202300763e-06
URIK3_FWD_g.24465.CDS.597-MONOMER_mod_mg2(1),0.0,4.654239940621391e-36
URIK4_REV_g.24465.CDS.597-MONOMER_mod_mg2(1),0.0,-4.7162622961913696e-07
URIK4_FWD_g.24465.CDS.597-MONOMER_mod_mg2(1),0.0,-5.818435906109394e-07
URIK5_REV_g.24465.CDS.597-MONOMER_mod_mg2(1),0.0,-6.937765680224286e-07
URIK5_FWD_g.24465.CDS.597-MONOMER_mod_mg2(1),0.0,-3.5969325220764775e-07
URIK6_REV_g.24465.CDS.597-MONOMER_mod_mg2(1),0.0,-1.0534698202300763e-06
URIK6_FWD_g.24465.CDS.597-MONOMER_mod_mg2(1),0.0,5.637121745346516e-35
URIK7_REV_g.24465.CDS.597-MONOMER_mod_mg2(1),0.0,-6.937765680224286e-07
URIK7_FWD_g.24465.CDS.597-MONOMER_mod_mg2(1),0.0,-3.5969325220764775e-07
URIK8_REV_g.24465.CDS.597-MONOMER_mod_mg2(1),0.0,-6.937765680224286e-07
URIK8_FWD_g.24465.CDS.597-MONOMER_mod_mg2(1),0.0,-3.5969325220764775e-07
URIK9_REV_g.24465.CDS.597-MONOMER_mod_mg2(1),0.0,-6.937765680224286e-07
URIK9_FWD_g.24465.CDS.597-MONOMER_mod_mg2(1),0.0,-3.5969325220764775e-07
URIt2r_REV_CPLX_dummy,0.0,-1.0864272705257655e-06
URIt2r_FWD_CPLX_dummy,0.019372121672109954,2.880875496088468e-36
UTPATPT_REV_1130798.3.peg.1465-MONOMER_mod_mg2(1),0.0,-5.17118146466717e-07
UTPATPT_FWD_1130798.3.peg.1465-MONOMER_mod_mg2(1),0.0,-5.818435906109394e-07
VALabc_REV_g.24465.CDS.330-MONOMER,0.0,-9.64576263077237e-07
VALabc_FWD_g.24465.CDS.330-MONOMER,0.03891051440331579,-4.0092029513179835e-36
VALabc_REV_g.24465.CDS.465-MONOMER,0.0,-1.0524792317616089e-06
VALabc_FWD_g.24465.CDS.465-MONOMER,0.0,-8.7902968684372e-08
VALabc_REV_g.24465.CDS.457-MONOMER,0.0,-1.0449676245919528e-06
VALabc_FWD_g.24465.CDS.457-MONOMER,0.0,-8.039136151471588e-08
VALabc_REV_g.24465.CDS.93-MONOMER,0.0,-1.4473576548504662e-06
VALabc_FWD_g.24465.CDS.93-MONOMER,0.0,-4.827813917732293e-07
VALabc_REV_g.24465.CDS.674-MONOMER,0.0,-1.0929480004706318e-06
VALabc_FWD_g.24465.CDS.674-MONOMER,0.0,-1.2837173739339493e-07
VALt2r_REV_g.24465.CDS.1464-MONOMER,0.0,-4.232876833789095e-07
VALt2r_FWD_g.24465.CDS.1464-MONOMER,0.0,-1.3956972529321011e-06
VALt2r_REV_g.24465.CDS.374-MONOMER,0.0,-3.464268144258085e-07
VALt2r_FWD_g.24465.CDS.374-MONOMER,0.0,-1.3188363839790002e-06
XANt2_REV_g.24465.CDS.1258-MONOMER,0.0,0.03544003627134308
XANt2_FWD_g.24465.CDS.1258-MONOMER,0.0,-0.03544134172454737
XPPT_REV_g.24465.CDS.60-MONOMER,0.0,-4.457063256357011e-07
XPPT_FWD_g.24465.CDS.60-MONOMER,0.0,-1.0906557729570703e-35
XPPT_REV_g.24465.CDS.1982-MONOMER,0.0,-5.779363370286893e-07
XPPT_FWD_g.24465.CDS.1982-MONOMER,0.0,-1.3223001139298827e-07
XTSNH_REV_g.24465.CDS.1768-MONOMER,0.0,0.014171237474773692
XTSNH_FWD_g.24465.CDS.1768-MONOMER,0.0,-0.014172721377372
XTSNH_REV_g.24465.CDS.147-MONOMER,0.0,0.014171061378760248
XTSNH_FWD_g.24465.CDS.147-MONOMER,0.0,-0.014172897473385442
XTSNH_REV_g.24465.CDS.929-MONOMER,0.0,0.01417155655506874
XTSNH_FWD_g.24465.CDS.929-MONOMER,0.0,-0.014172402297076952
XU5PG3PL_REV_g.24465.CDS.1222-MONOMER,0.0,-2.1616412476692712e-06
XU5PG3PL_FWD_g.24465.CDS.1222-MONOMER,1.1919910076329396,1.6029420842093204e-34
XYLI1_REV_g.24465.CDS.1245-MONOMER_mod_mn2(1),0.0,-1.659183782793787e-06
XYLI1_FWD_g.24465.CDS.1245-MONOMER_mod_mn2(1),0.0,-1.1920244955197838e-07
XYLI1_REV_g.24465.CDS.1419-MONOMER,0.0,-1.5399813332418084e-06
XYLI1_FWD_g.24465.CDS.1419-MONOMER,0.17878295,-3.683647059444045e-36
XYLI2_REV_g.24465.CDS.1245-MONOMER_mod_mn2(1),0.0,-1.659183782793787e-06
XYLI2_FWD_g.24465.CDS.1245-MONOMER_mod_mn2(1),0.0,-1.1920244955197838e-07
XYLI2_REV_g.24465.CDS.1419-MONOMER,0.0,-1.5399813332418084e-06
XYLI2_FWD_g.24465.CDS.1419-MONOMER,0.07449289,-4.0375228081992664e-37
XYLK_REV_g.24465.CDS.1171-MONOMER_mod_mg2(1),0.0,-1.4765410921057285e-06
XYLK_FWD_g.24465.CDS.1171-MONOMER_mod_mg2(1),0.17878295,-2.594839915787518e-35
XYLt_REV_g.24465.CDS.1896-MONOMER,0.0,-7.740604468879804e-07
XYLt_FWD_g.24465.CDS.1896-MONOMER,0.17878295,3.8155309362590767e-36
XYLt_REV_g.24465.CDS.1182-MONOMER,0.0,-1.112974901871565e-06
XYLt_FWD_g.24465.CDS.1182-MONOMER,0.0,-3.389144549835845e-07
XYLt_REV_g.24465.CDS.1052-MONOMER,0.0,-8.522008245325707e-07
XYLt_FWD_g.24465.CDS.1052-MONOMER,0.0,-7.814037764459026e-08
YUMPS_REV_CPLX_YUMPS-0,0.0,3.753389532841225e-36
YUMPS_FWD_CPLX_YUMPS-0,0.0,-1.1337220357265987e-06
ZN2t4_REV_g.24465.CDS.1517-MONOMER,1.724004020676208e-07,1.022421134676599e-36
ZN2t4_FWD_g.24465.CDS.1517-MONOMER,0.0,-2.2603463688518727e-06
ZNabc_REV_CPLX_ZNabc-0,0.0,0.028345001378637887
ZNabc_FWD_CPLX_ZNabc-0,0.0,-0.028346024461173916
dreplication_REV_CPLX_dreplication-5,0.0,-2.6897834011795904e-06
dreplication_FWD_CPLX_dreplication-5,0.0,-2.5010408411119737e-08
dreplication_REV_CPLX_dreplication-2,0.0,-2.7253692391557068e-06
dreplication_FWD_CPLX_dreplication-2,0.0,-6.059624638723591e-08
dreplication_REV_CPLX_dreplication-3,0.0,-2.664772992768471e-06
dreplication_FWD_CPLX_dreplication-3,0.0,0.0
dreplication_REV_CPLX_dreplication-6,0.0,-2.7252956144704175e-06
dreplication_FWD_CPLX_dreplication-6,0.0,-6.052262170194661e-08
dreplication_REV_CPLX_dreplication-4,0.0,-2.749122831282246e-06
dreplication_FWD_CPLX_dreplication-4,0.0,-8.434983851377534e-08
dreplication_REV_CPLX_dreplication-1,0.0,-2.6896251847686916e-06
dreplication_FWD_CPLX_dreplication-1,0.0,-2.48521920002209e-08
dreplication_REV_CPLX_dreplication-7,0.0,-2.665115471691011e-06
dreplication_FWD_CPLX_dreplication-7,0.0,-3.424789225404214e-10
dreplication_REV_CPLX_dreplication-0,0.0,-2.749365684269161e-06
dreplication_FWD_CPLX_dreplication-0,0.0,-8.459269150069029e-08
pbiosynthesis_REV_CPLX_pbiosynthesis-1,0.0,-3.374621871414962e-06
pbiosynthesis_FWD_CPLX_pbiosynthesis-1,0.0,3.1894254826129364e-40
pbiosynthesis_REV_CPLX_pbiosynthesis-0,0.0,-3.4720994368574966e-06
pbiosynthesis_FWD_CPLX_pbiosynthesis-0,0.0,-9.747756544253443e-08
r0082_REV_g.24465.CDS.556-MONOMER,0.0,-1.1111837345283858e-06
r0082_FWD_g.24465.CDS.556-MONOMER,0.0,8.917861606077434e-37
r0120_REV_g.24465.CDS.296-MONOMER,0.0,-6.831420060299627e-07
r0120_FWD_g.24465.CDS.296-MONOMER,0.0,-3.961186521559486e-36
r0120_REV_g.24465.CDS.671-MONOMER_mod_mn2(1),0.0,-1.9204162940844935e-06
r0120_FWD_g.24465.CDS.671-MONOMER_mod_mn2(1),0.0,-1.237274288054531e-06
r0127_REV_1130798.3.peg.1813-MONOMER,0.0,-1.6926543470343465e-06
r0127_FWD_1130798.3.peg.1813-MONOMER,0.20044675770964845,9.566369063447124e-35
r0191_REV_g.24465.CDS.1872-MONOMER,0.0,0.007087489210177423
r0191_FWD_g.24465.CDS.1872-MONOMER,0.0,-0.007087793010826544
r0191_REV_g.24465.CDS.1140-MONOMER,0.0,0.007087467509891633
r0191_FWD_g.24465.CDS.1140-MONOMER,0.0,-0.0070878147111123335
r0191_REV_g.24465.CDS.328-MONOMER,0.0,0.007087713023185715
r0191_FWD_g.24465.CDS.328-MONOMER,0.0,-0.0070875691978182515
r0339_REV_g.24465.CDS.146-MONOMER_mod_ca2(1),0.0,-7.613426960582322e-07
r0339_FWD_g.24465.CDS.146-MONOMER_mod_ca2(1),0.0,-4.2420369659495215e-36
r0339_REV_g.24465.CDS.146-MONOMER_mod_mg2(1),0.0,-7.985965685859365e-07
r0339_FWD_g.24465.CDS.146-MONOMER_mod_mg2(1),0.0,-3.725387252770427e-08
r0339_REV_g.24465.CDS.146-MONOMER_mod_fe2(1),0.0,-7.821268056627236e-07
r0339_FWD_g.24465.CDS.146-MONOMER_mod_fe2(1),0.0,-2.0784109604491334e-08
r0339_REV_g.24465.CDS.85-MONOMER,0.0,-1.2947822749724482e-06
r0339_FWD_g.24465.CDS.85-MONOMER,0.0,-5.334395789142158e-07
r0339_REV_g.24465.CDS.146-MONOMER_mod_mn2(1),0.0,-7.826008404013011e-07
r0339_FWD_g.24465.CDS.146-MONOMER_mod_mn2(1),0.0,-2.125814434306891e-08
r0339_REV_g.24465.CDS.146-MONOMER_mod_cobalt2(1),0.0,-7.805171421692305e-07
r0339_FWD_g.24465.CDS.146-MONOMER_mod_cobalt2(1),0.0,-1.9174446110998288e-08
r0345_REV_g.24465.CDS.1215-MONOMER,0.0,1.5989052905073244e-36
r0345_FWD_g.24465.CDS.1215-MONOMER,0.0,-1.096682957698594e-06
r0398_REV_g.24465.CDS.1729-MONOMER,0.0,8.584399399711416e-07
r0398_FWD_g.24465.CDS.1729-MONOMER,0.0,-1.078843287557236e-06
r0422_REV_g.24465.CDS.556-MONOMER,0.0,-7.657836067774565e-07
r0422_FWD_g.24465.CDS.556-MONOMER,0.0,-3.4540012775092943e-07
r0456_REV_CPLX_DADNK-0,0.0,-1.2214998583754027e-07
r0456_FWD_CPLX_DADNK-0,0.0,-2.659753533007602e-07
r0456_REV_g.24465.CDS.1872-MONOMER,0.0,-7.998764082888184e-08
r0456_FWD_g.24465.CDS.1872-MONOMER,0.0,-2.2381300829210174e-07
r0456_REV_CPLX_DADNK-2,0.0,2.4280609876999933e-08
r0456_FWD_CPLX_DADNK-2,0.0,-1.1954475758621998e-07
r0456_REV_CPLX_DADNK-1,0.0,4.773605969529302e-09
r0456_FWD_CPLX_DADNK-1,0.0,-1.390517614936906e-07
r0456_REV_g.24465.CDS.1140-MONOMER,0.0,-1.0168792661835087e-07
r0456_FWD_g.24465.CDS.1140-MONOMER,0.0,-2.4551329408157077e-07
r0456_REV_g.24465.CDS.328-MONOMER,0.0,1.438253674632199e-07
r0456_FWD_g.24465.CDS.328-MONOMER,0.005714051359369326,-5.8264304697085824e-36
r0570_REV_g.24465.CDS.181-MONOMER_mod_mn2(1),0.0,-2.5667076673598445e-06
r0570_FWD_g.24465.CDS.181-MONOMER_mod_mn2(1),1.9885718972812614,3.103921202937438e-37
r0578_REV_g.24465.CDS.1610-MONOMER_mod_mg2(1),299.31863867837325,8.359991902219111e-36
r0578_FWD_g.24465.CDS.1610-MONOMER_mod_mg2(1),299.31863867837325,-2.1689831052725543e-35
r0671_REV_g.24465.CDS.244-MONOMER,0.0,-2.424401709280913e-06
r0671_FWD_g.24465.CDS.244-MONOMER,0.0010094951637295755,7.416639528542161e-36
r0679_REV_g.24465.CDS.1610-MONOMER_mod_mg2(1),0.0,-1.846897140667769e-35
r0679_FWD_g.24465.CDS.1610-MONOMER_mod_mg2(1),0.0,5.139132256171258e-36
r0708_REV_g.24465.CDS.296-MONOMER,0.0,-6.831420060299627e-07
r0708_FWD_g.24465.CDS.296-MONOMER,0.0,-1.134383918069822e-35
r0708_REV_g.24465.CDS.671-MONOMER_mod_mn2(1),0.0,-1.9204162940844935e-06
r0708_FWD_g.24465.CDS.671-MONOMER_mod_mn2(1),0.0,-1.237274288054531e-06
r0739_REV_g.24465.CDS.1933-MONOMER_mod_fe2(1),0.0,-3.605027011226726e-06
r0739_FWD_g.24465.CDS.1933-MONOMER_mod_fe2(1),0.0,-1.930212946597574e-06
r0739_REV_g.24465.CDS.1876-MONOMER,0.0,-1.7361176909408598e-06
r0739_FWD_g.24465.CDS.1876-MONOMER,0.0,-6.130362631170758e-08
r0739_REV_g.24465.CDS.1368-MONOMER,0.0,-1.930934076978561e-06
r0739_FWD_g.24465.CDS.1368-MONOMER,0.0,-2.5612001234940875e-07
r0739_REV_g.24465.CDS.1807-MONOMER,0.0,-2.02417561926085e-06
r0739_FWD_g.24465.CDS.1807-MONOMER,0.0,-3.493615546316977e-07
r0739_REV_g.24465.CDS.163-MONOMER,0.0,-1.6748140646291522e-06
r0739_FWD_g.24465.CDS.163-MONOMER,0.0,-3.6013979623992675e-36
r0739_REV_g.24465.CDS.666-MONOMER,0.0,-1.8294012513594776e-06
r0739_FWD_g.24465.CDS.666-MONOMER,0.0,-1.5458718673032543e-07
r0775_REV_g.24465.CDS.296-MONOMER,0.0,-5.655830271461983e-07
r0775_FWD_g.24465.CDS.296-MONOMER,0.0,-1.1755897888376436e-07
r0775_REV_g.24465.CDS.671-MONOMER_mod_mn2(1),0.0,-1.8028573152007294e-06
r0775_FWD_g.24465.CDS.671-MONOMER_mod_mn2(1),0.0,-1.3548332669382954e-06
r0777_REV_g.24465.CDS.296-MONOMER,0.0,-6.831420060299627e-07
r0777_FWD_g.24465.CDS.296-MONOMER,0.0,-8.275905906981191e-36
r0777_REV_g.24465.CDS.671-MONOMER_mod_mn2(1),0.0,-1.9204162940844935e-06
r0777_FWD_g.24465.CDS.671-MONOMER_mod_mn2(1),0.0,-1.237274288054531e-06
r0792_REV_CPLX_dummy,0.001009231072175831,-9.864348441972262e-37
r0792_FWD_CPLX_dummy,0.0,-1.0864272705257655e-06
r1144_REV_g.24465.CDS.1704-MONOMER,0.0,-1.5484352537630411e-06
r1144_FWD_g.24465.CDS.1704-MONOMER,6.771779352257273e-10,1.7300926065188395e-36
r1667_REV_g.24465.CDS.817-MONOMER,0.0,-8.099263205253947e-07
r1667_FWD_g.24465.CDS.817-MONOMER,0.15,2.576745107671167e-33
r1667_REV_g.24465.CDS.177-MONOMER,0.0,-9.129822848874482e-07
r1667_FWD_g.24465.CDS.177-MONOMER,0.0,-1.030559643620534e-07
r1667_REV_g.24465.CDS.850-MONOMER,0.0,-1.1890712115826069e-06
r1667_FWD_g.24465.CDS.850-MONOMER,0.0,-3.791448910572122e-07
r1667_REV_g.24465.CDS.1383-MONOMER,0.0,-1.0496455490711976e-06
r1667_FWD_g.24465.CDS.1383-MONOMER,0.0,-2.3971922854580287e-07
r2137_REV_g.24465.CDS.1021-MONOMER,0.0,0.0
r2137_FWD_g.24465.CDS.1021-MONOMER,0.0,-1.3972813549726474e-06
rtranscription_REV_CPLX_rtranscription-0,0.0,-2.772562621064522e-06
rtranscription_FWD_CPLX_rtranscription-0,0.0,2.4274105398530387e-40
sink_PGPm1[c]_REV_CPLX_dummy,0.0,0.0
sink_PGPm1[c]_FWD_CPLX_dummy,0.0,-1.0864272705257655e-06
dummy_reaction_REV_SPONT,0.0,1.0
dummy_reaction_FWD_SPONT,1.8053355288360067e-07,0.0
GAM,0.12711199065151468,-0.5847444871300735
ATPM,1.0,-0.014173218778148521
DNA_replication,0.024442007845722077,0.15251253420898667
formation_ribosome,4.552755265495852e-06,-9.860761315262648e-31
formation_RNAP_g24465CDS1451MONOMER,1.7210396509766372e-07,0.0
formation_RNA_degradosome,1.1300946825852847e-10,0.0
formation_rRNA_containing_excision_machinery,1.4838712429393414e-11,-6.030500726653609e-34
formation_monocistronic_excision_machinery,4.0112835646341656e-11,0.0
CPLX_dummy_mod_2fe2s(1)_to_generic_2fe2s_transfer_complex,0.0,0.0
CPLX_dummy_2fe2s_unloading,0.0,1.553713762924542e-34
CPLX_dummy_mod_4fe4s(1)_to_generic_4fe4s_transfer_complex,1.3434318202318849e-18,1.686124288138231e-34
CPLX_dummy_4fe4s_unloading,0.0,1.045914087950583e-34
translocation_g.24465.CDS.1792_Membrane,0.0,1.9031713863004232e-34
translocation_g.24465.CDS.1933_Membrane,8.940567870713031e-07,-1.0863216394058059e-33
translocation_g.24465.CDS.1144_Membrane,1.5250054044840117e-06,5.041176533620001e-34
translocation_1130798.3.peg.1771_Membrane,5.177639184702923e-09,-4.785818924516475e-34
translocation_g.24465.CDS.562_Inner_Membrane,0.0,-5.693525597958202e-34
translocation_g.24465.CDS.1294_Membrane,1.3871566888589828e-07,-5.029978381574124e-34
translocation_g.24465.CDS.1905_Periplasm,0.0,-4.076285346918895e-34
translocation_g.24465.CDS.1116_Inner_Membrane,0.0,-9.94652144404667e-34
translocation_g.24465.CDS.1517_Inner_Membrane,9.198538585972957e-14,3.1550600995545242e-34
translocation_g.24465.CDS.536_Inner_Membrane,0.0,0.0
translocation_g.24465.CDS.375_Periplasm,0.0,1.9879924657118563e-34
translocation_g.24465.CDS.467_Inner_Membrane,0.0,0.0
translocation_g.24465.CDS.1070_Inner_Membrane,1.1770795949065002e-09,0.0
translocation_g.24465.CDS.252_Inner_Membrane,4.6665293871243875e-07,0.0
translocation_g.24465.CDS.904_Inner_Membrane,7.789446560456652e-09,-8.515151875665139e-35
translocation_g.24465.CDS.62_Membrane,1.4826487269248295e-06,-3.1037799235110454e-34
translocation_g.24465.CDS.136_Membrane,5.706935570255605e-09,4.706068592328403e-34
translocation_g.24465.CDS.18_Membrane,2.155773845698133e-06,0.0
translocation_g.24465.CDS.1832_Inner_Membrane,0.0,0.0
translocation_g.24465.CDS.1513_Membrane,7.916459682530115e-08,1.7807273639780194e-34
translocation_g.24465.CDS.895_Inner_Membrane,5.466245685056226e-09,0.0
translocation_g.24465.CDS.1860_Periplasm,0.0,4.079806881247187e-34
translocation_g.24465.CDS.1638_Inner_Membrane,0.0,8.087117237035884e-35
translocation_g.24465.CDS.1326_Inner_Membrane,5.908911505642875e-08,0.0
translocation_g.24465.CDS.409_Inner_Membrane,6.137593952388515e-08,0.0
translocation_g.24465.CDS.990_Inner_Membrane,0.0,-3.6030734440283593e-34
translocation_g.24465.CDS.928_Membrane,0.0,0.0
translocation_g.24465.CDS.1704_Inner_Membrane,3.348558796230691e-08,-3.3290618786687228e-34
translocation_g.24465.CDS.1119_Inner_Membrane,0.0,3.938225607505553e-34
translocation_g.24465.CDS.1887_Inner_Membrane,1.691648821004374e-06,-1.2362166733958156e-34
translocation_g.24465.CDS.639_Inner_Membrane,0.0,0.0
translocation_g.24465.CDS.330_Inner_Membrane,8.122785655904659e-08,1.6394988316198085e-34
translocation_g.24465.CDS.465_Inner_Membrane,0.0,0.0
translocation_g.24465.CDS.93_Periplasm,0.0,0.0
translocation_g.24465.CDS.1464_Inner_Membrane,0.0,-6.785050375854014e-34
translocation_g.24465.CDS.1394_Inner_Membrane,1.6698434365203087e-08,0.0
translocation_g.24465.CDS.533_Inner_Membrane,0.0,0.0
translocation_g.24465.CDS.759_Inner_Membrane,0.0,1.5281022928361397e-34
translocation_g.24465.CDS.1152_Inner_Membrane,4.4870389283854e-07,-1.4790160907081836e-34
translocation_g.24465.CDS.1818_Inner_Membrane,4.4870389283854e-07,8.993538624515547e-35
translocation_g.24465.CDS.1686_Inner_Membrane,3.7976896092144214e-13,-6.557373683059409e-34
translocation_g.24465.CDS.751_Inner_Membrane,0.0,2.7388792134170323e-34
translocation_g.24465.CDS.1849_Inner_Membrane,8.821723549993238e-07,-5.399346098770998e-34
translocation_g.24465.CDS.874_Periplasm,3.4521540863915864e-08,8.14499850685999e-34
translocation_g.24465.CDS.765_Inner_Membrane,0.0,3.501996063894221e-34
translocation_g.24465.CDS.1782_Inner_Membrane,7.257118948874477e-09,-4.250563147145911e-35
translocation_g.24465.CDS.1316_Inner_Membrane,2.992763853362423e-10,0.0
translocation_g.24465.CDS.1459_Inner_Membrane,2.992763853362423e-10,0.0
translocation_g.24465.CDS.1725_Periplasm,2.992763853362423e-10,0.0
translocation_g.24465.CDS.179_Inner_Membrane,0.0,0.0
translocation_g.24465.CDS.1901_Inner_Membrane,1.3519793132964178e-08,0.0
translocation_g.24465.CDS.1786_Inner_Membrane,1.0934963040802339e-06,-7.955853872212599e-36
translocation_g.24465.CDS.297_Inner_Membrane,0.0,-2.1979117232568803e-34
translocation_g.24465.CDS.1356_Membrane,0.0,0.0
translocation_g.24465.CDS.1857_Inner_Membrane,0.0,-3.120591038528507e-34
translocation_g.24465.CDS.1182_Inner_Membrane,0.0,0.0
translocation_g.24465.CDS.1433_Membrane,4.552810217043928e-06,0.0
translocation_g.24465.CDS.1579_Membrane,9.387873869046904e-08,0.0
translocation_g.24465.CDS.27_Membrane,4.965768067435476e-08,0.0
translocation_g.24465.CDS.380_Membrane,2.0634898082740547e-08,0.0
translocation_g.24465.CDS.6_Membrane,3.1720011058547555e-08,0.0
translocation_g.24465.CDS.850_Inner_Membrane,0.0,0.0
translocation_g.24465.CDS.111_Inner_Membrane,3.073288130681161e-12,-4.8673339723723715e-34
translocation_g.24465.CDS.128_Membrane,4.758570139849557e-09,1.1083180768948145e-33
translocation_g.24465.CDS.1425_Membrane,3.9591634721274593e-11,0.0
translocation_g.24465.CDS.1451_Membrane,3.4443394913184444e-07,0.0
translocation_g.24465.CDS.1659_Inner_Membrane,5.1675815314324625e-08,4.892399574139874e-34
translocation_g.24465.CDS.1724_Inner_Membrane,2.2338960970784724e-10,0.0
translocation_g.24465.CDS.239_Membrane,3.3024625535748174e-07,-1.8095916067001709e-34
translocation_g.24465.CDS.337_Membrane,4.552755265495852e-06,-1.4252286078393646e-34
translocation_g.24465.CDS.381_Inner_Membrane,2.090766998562389e-09,0.0
translocation_g.24465.CDS.412_Inner_Membrane,3.302462553574808e-07,-3.6482485233659326e-34
translocation_g.24465.CDS.693_Membrane,6.146576261362322e-12,-4.126084928521625e-34
translocation_g.24465.CDS.837_Membrane,2.3792850699247755e-09,0.0
biomass_constituent_demand,0.12711199065151468,0.14706696062444843
TS_4fe4s_c,-2.473120081664053e-12,0.0
TS_adocbl_c,-0.001009231072175831,0.0
