,fluxes,reduced_costs
biomass_dilution,0.002121636672080758,0.014977567210685178
protein_biomass_to_biomass,0.0007881980289421376,3.5236007145872623e-37
mRNA_biomass_to_biomass,2.0313572735648495e-06,0.0
tRNA_biomass_to_biomass,1.1882878285615218e-05,0.0
rRNA_biomass_to_biomass,8.873090085478282e-05,0.0
ncRNA_biomass_to_biomass,0.0,0.0
tmRNA_biomass_to_biomass,0.0,0.0
DNA_biomass_to_biomass,0.0001258429925386506,0.0
lipid_biomass_to_biomass,0.0,0.0
constituent_biomass_to_biomass,0.0006613119766492471,0.0
prosthetic_group_biomass_to_biomass,2.7714625680733806e-07,2.267812124202886e-36
peptidoglycan_biomass_to_biomass,0.0,0.0
DM_2HYMEPH,0.0,-1.9496258041572862e-07
DM_5MTR,0.0,0.0
DM_HQN,0.0,-1.9496258041572862e-07
DM_atp_c_,0.0,-1.2364632759497406e-07
DM_dhptd(c),1.0369586078912693e-06,0.0
DM_hcys_L[c],0.0,-4.926989538336106e-08
EX_26dap_M(e),6.372367644529809e-56,0.0
EX_2dmmq8(e),-1.6845158685319593e-05,0.0
EX_2obut(e),1.0369586078912693e-06,0.0
EX_34dhphe(e),3.1861838222649046e-56,0.0
EX_3mop(e),-0.00017640475408215787,0.0
EX_4hbz(e),0.0,0.0
EX_5htrp(e),0.0,0.0
EX_ac(e),1.0025518649201384,0.0
EX_acald(e),0.0,-3.70717699303891e-08
EX_acgam(e),-0.0002758959355280441,0.0
EX_ade(e),-0.00026284819698305437,0.0
EX_ala_L(e),0.1702149176785032,0.0
EX_alaasp(e),0.0,0.0
EX_alagln(e),0.0,0.0
EX_alaglu(e),0.0,0.0
EX_alagly(e),0.0,0.0
EX_alahis(e),0.0,0.0
EX_alaleu(e),0.0,0.0
EX_alathr(e),0.0,0.0
EX_arab_L(e),0.0,0.0
EX_arbt(e),0.0,0.0
EX_arg_L(e),-0.00044748097136155943,0.0
EX_asn_L(e),-0.0004922364835200515,0.0
EX_asp_L(e),-0.17889915231243722,0.0
EX_biomass(e),0.0,0.0
EX_btn(e),0.0,0.0
EX_ca2(e),0.0,0.0
EX_cd2(e),0.0,-0.0003141530127852752
EX_cellb(e),1.0440487148797639e-50,0.0
EX_cgly(e),0.0,0.0
EX_cl(e),-2.621247216383816e-30,0.0
EX_co2(e),0.1787640320190916,0.0
EX_cobalt2(e),-1.6845170956498722e-05,0.0
EX_csn(e),0.0004289042710707233,0.0
EX_cu2(e),0.0,0.0
EX_cys_L(e),-6.827520795495055e-05,0.0
EX_cytd(e),0.0,-2.617231076015323e-07
EX_dad_2(e),-1.6504173304055868e-22,0.0
EX_dcyt(e),-7.899303662752303e-05,0.0
EX_dgsn(e),-2.0639813907345492e-27,0.0
EX_dopa(e),0.0,-5.959590833475075e-08
EX_etoh(e),-2.0880974297595278e-51,0.0
EX_fe2(e),-7.990974138935814e-46,0.0
EX_fe3(e),-7.640027147072031e-13,0.0
EX_fol(e),-5.0535476055958776e-05,0.0
EX_for(e),1.006222674438493,0.0
EX_fru(e),-1.6407952212241046e-43,0.0
EX_galt(e),0.0,0.0
EX_gam(e),0.0,0.0
EX_gcald(e),0.0,0.0
EX_glc_D(e),-0.00036786124737072545,0.0
EX_gln_L(e),-0.0004671913723840018,0.0
EX_glu_L(e),-0.0009353399627570675,0.0
EX_gly(e),-0.000733550464839453,0.0
EX_glyasn(e),0.0,0.0
EX_glyasp(e),0.0,0.0
EX_glyb(e),0.0,0.0
EX_glyc(e),-0.0015196538787642568,0.0
EX_glycys(e),0.0,0.0
EX_glygln(e),0.0,0.0
EX_glyglu(e),0.0,0.0
EX_glyleu(e),0.0,-1.149508007339227e-07
EX_glymet(e),0.0,0.0
EX_glyphe(e),0.0,0.0
EX_glypro(e),0.0,0.0
EX_glytyr(e),0.0,0.0
EX_gua(e),-0.00014817395679445807,0.0
EX_h(e),0.785689396516941,0.0
EX_h2o(e),-0.9525852759216342,0.0
EX_hg2(e),0.0,0.0
EX_his_L(e),-0.00017825016543810118,0.0
EX_hista(e),0.0,-5.959590833475075e-08
EX_ile_L(e),-0.0008388157066276991,0.0
EX_k(e),-3.871092823090027e-10,0.0
EX_lac_L(e),0.0,-2.1620518687682373e-09
EX_leu_L(e),-0.0012247000906818262,0.0
EX_lys_L(e),-0.0007893162490970184,0.0
EX_malt(e),0.0,0.0
EX_malthx(e),0.0,-9.699075672659661e-08
EX_malttr(e),0.0,0.0
EX_man(e),-9.925986624016667e-44,0.0
EX_met_D(e),0.0,0.0
EX_met_L(e),-0.00033115376909323326,0.0
EX_metala(e),0.0,0.0
EX_metsox_R_L(e),0.0,0.0
EX_metsox_S_L(e),0.0,0.0
EX_mg2(e),-1.057633922318313e-05,0.0
EX_mn2(e),1.016048279409707e-47,0.0
EX_mnl(e),0.0,0.0
EX_mqn8(e),-1.6845158685319593e-05,0.0
EX_na1(e),6.44065289243503e-52,0.0
EX_nac(e),-1.6845158685319593e-05,0.0
EX_nh4(e),1.005949212032949,0.0
EX_no2(e),2.0130859412291204e-27,0.0
EX_no3(e),-2.0130859412291204e-27,0.0
EX_o2(e),0.0,-1.35538107750201e-07
EX_orn(e),-7.108300700085214e-21,0.0
EX_pb(e),0.0,0.0
EX_phe_L(e),-0.00048391706932640697,0.0
EX_pheme(e),-1.6845158685319593e-05,0.0
EX_pi(e),-0.002229791299647507,0.0
EX_pnto_R(e),-1.6845158685319593e-05,0.0
EX_ppa(e),1.0440487148797639e-51,0.0
EX_pro_L(e),-0.0002914270097443945,0.0
EX_ptrc(e),-1.6845158685319593e-05,0.0
EX_pydam(e),0.0,0.0
EX_pydx(e),-1.6845159941090563e-05,0.0
EX_pydxn(e),0.0,0.0
EX_q8(e),0.0,0.0
EX_ribflv(e),-3.3690317370639186e-05,0.0
EX_salcn(e),0.0,0.0
EX_sbt_D(e),0.0,0.0
EX_ser_L(e),-1.0,-3.74192713321024e-08
EX_sheme(e),-1.6845158685319593e-05,0.0
EX_so4(e),0.0,0.0
EX_spmd(e),-1.6845158685319593e-05,0.0
EX_srtn(e),0.0,0.0
EX_succ(e),0.0,-1.312008366358203e-07
EX_sucr(e),-1.566073072319646e-50,0.0
EX_thm(e),-1.6845158685319593e-05,0.0
EX_thr_L(e),-0.0006022049730404367,0.0
EX_thymd(e),-0.0001253752520655045,0.0
EX_tre(e),0.0,0.0
EX_trp_L(e),-7.027976177114713e-05,0.0
EX_trypta(e),0.0,-5.959590833475075e-08
EX_tym(e),0.0,-5.959590833475075e-08
EX_tyr_L(e),-0.0004158793880548477,0.0
EX_ura(e),0.0,0.0
EX_uri(e),-0.0006122401864486982,0.0
EX_val_L(e),-0.0007919138656460746,0.0
EX_zn2(e),-6.852188652676395e-08,0.0
translation_g.24158.CDS.0,-3.24412536569402e-42,1.4013224138846278e-32
transcription_TU_g.24158.CDS.0,2.1444552045482473e-39,1.1041639595639787e-33
translation_g.24158.CDS.8,-2.5975668327295782e-30,-1.3922178985401156e-34
transcription_TU_g.24158.CDS.8,0.0,-5.015502194505421
translation_g.24158.CDS.10,7.192431761899686e-12,5.10784653931358e-33
transcription_TU_g.24158.CDS.10,7.98214179412083e-12,1.1157623204837685e-33
translation_g.24158.CDS.18,0.0,-8.362015474958465e-34
transcription_TU_g.24158.CDS.18,0.0,-2.511431751165128e-33
translation_g.24158.CDS.19,9.766849632366756e-11,-1.873554649336844e-33
transcription_TU_g.24158.CDS.19,1.0839223954877984e-10,-2.7739413199830347e-34
translation_g.24158.CDS.22,1.1306311607974628e-59,-2.5177298622206318e-33
transcription_TU_g.24158.CDS.22,0.0,-4.129197933625217
translation_g.24158.CDS.24,0.0,-8.047040103314752e-34
transcription_TU_g.24158.CDS.24,0.0,-5.2299062892902235
translation_g.24158.CDS.34,0.0,-2.9843205266402844e-34
transcription_TU_g.24158.CDS.34,0.0,-0.6703761442808623
translation_g.24158.CDS.49,-8.252859889686578e-32,1.842898302051786e-33
transcription_TU_g.24158.CDS.49,0.0,-3.4899990176813414
translation_g.24158.CDS.55,3.7800210604668746e-13,-9.916097556646804e-34
transcription_TU_g.24158.CDS.55,4.1950574003694523e-13,7.713683235721464e-34
translation_g.24158.CDS.62,-9.74886847579401e-31,4.6043687616818906e-34
transcription_TU_g.24158.CDS.62,0.0,-4.424460417136865
translation_g.24158.CDS.65,0.0,-3.982948964742057e-33
transcription_TU_g.24158.CDS.65,0.0,-4.3020530266973465
translation_g.24158.CDS.66,7.719473604863308e-32,1.1479715438312924e-33
transcription_TU_g.24158.CDS.66,0.0,-4.459770111648907
translation_g.24158.CDS.68,2.6253442397809106e-30,1.6297640170026935e-33
transcription_TU_g.24158.CDS.68,0.0,-5.479267216213071
translation_g.24158.CDS.69,0.0,-1.3491542829605592e-33
transcription_TU_g.24158.CDS.69,0.0,-2.4949638275376023
translation_g.24158.CDS.75,1.805887860089907e-30,-4.598086284277779e-34
transcription_TU_g.24158.CDS.75,0.0,-2.2754383029396883
translation_g.24158.CDS.77,6.099757745868065e-08,8.096511451867317e-34
transcription_TU_g.24158.CDS.77,6.769495053846131e-08,-7.845131326145747e-34
translation_g.24158.CDS.82,4.742673628375637e-52,-1.3580770248654335e-32
transcription_TU_g.24158.CDS.82,0.0,-1.2630131572412326
translation_g.24158.CDS.86,0.0,-2.848546011045215e-33
transcription_TU_g.24158.CDS.86,0.0,-6.469030400149559
translation_g.24158.CDS.94,3.7800210604668746e-13,9.385109711066873e-35
transcription_TU_g.24158.CDS.94,4.1950574003694523e-13,-6.838393598308003e-34
translation_g.24158.CDS.95,-7.685038654059488e-59,-2.212214723981091e-33
transcription_TU_g.24158.CDS.95,-9.94662242382484e-59,-2.1881725452629006e-33
translation_g.24158.CDS.99,-1.3853413376845833e-58,-7.810613718359648e-34
transcription_TU_g.24158.CDS.99,0.0,-1.7000546989537344
translation_g.24158.CDS.102,1.4111051103000298e-12,1.2229440573426178e-33
transcription_TU_g.24158.CDS.102,1.5660407286016941e-12,-1.4248973001992297e-33
translation_g.24158.CDS.103,-3.1913774741424183e-55,-1.589353592600943e-33
transcription_TU_g.24158.CDS.103,0.0,-1.4161264029750646
translation_g.24158.CDS.107,-3.6063396518444686e-66,-7.404999887900818e-34
transcription_TU_g.24158.CDS.107,0.0,-2.4549680704391634
translation_g.24158.CDS.110,2.9640864280252924e-59,-4.458400814681214e-34
transcription_TU_g.24158.CDS.110,0.0,-6.318791937229233
translation_g.24158.CDS.111,6.701363976184162e-13,-4.6872951655365e-33
transcription_TU_g.24158.CDS.111,7.437156061079831e-13,0.0
translation_g.24158.CDS.112,-7.215361580246443e-36,2.524762765361144e-33
transcription_TU_g.24158.CDS.112,0.0,-5.649480494229713
translation_g.24158.CDS.114,1.1061083006193708e-15,-1.7086052654118088e-33
transcription_TU_g.24158.CDS.114,1.2275560738675502e-15,-7.411610369099387e-34
translation_g.24158.CDS.118,-6.70825066197367e-32,-1.8585450794362275e-33
transcription_TU_g.24158.CDS.118,0.0,-4.08815448706316
translation_g.24158.CDS.119,-8.37438877760568e-59,-1.3681534824450397e-33
transcription_TU_g.24158.CDS.119,0.0,-4.457484163349854
translation_g.24158.CDS.120,-2.921688384967699e-31,1.421125399693354e-33
transcription_TU_g.24158.CDS.120,0.0,-6.907778476963913
translation_g.24158.CDS.126,0.0,-6.324606878449369e-33
transcription_TU_g.24158.CDS.126,0.0,-11.692420914950665
translation_g.24158.CDS.128,5.7277557925803355e-12,2.5116636730926653e-33
transcription_TU_g.24158.CDS.128,6.35664826751134e-12,-2.23973370308521e-33
translation_g.24158.CDS.130,4.033622620557296e-59,-1.9448658005431514e-33
transcription_TU_g.24158.CDS.130,0.0,-3.639370719560534
translation_g.24158.CDS.131,0.0,-1.703186547211894e-33
transcription_TU_g.24158.CDS.131,0.0,-5.315187642817094
translation_g.24158.CDS.136,5.530541503096847e-16,-1.6093393284972044e-33
transcription_TU_g.24158.CDS.136,6.137780369337744e-16,-7.843069395315563e-34
translation_g.24158.CDS.143,0.0,-5.644022977557944e-34
transcription_TU_g.24158.CDS.143,0.0,-1.5433964085802356
translation_g.24158.CDS.146,2.389057408112493e-39,2.4146023515971426e-33
transcription_TU_g.24158.CDS.146,0.0,-12.531286201987426
translation_g.24158.CDS.147,1.1061083006193695e-15,9.007514989347848e-34
transcription_TU_g.24158.CDS.147,1.2275560738675488e-15,-5.740415431234578e-34
translation_g.24158.CDS.150,2.7476614401747176e-56,2.938039656948596e-33
transcription_TU_g.24158.CDS.150,0.0,-6.27384526243445
translation_g.24158.CDS.158,6.099757745868065e-08,1.5915416102281687e-34
transcription_TU_g.24158.CDS.158,6.769495053846131e-08,-2.5794754685612274e-34
translation_g.24158.CDS.160,0.0,-0.9539388948476472
transcription_TU_g.24158.CDS.160,0.0,-4.392551696878659
translation_g.24158.CDS.164,0.0,-0.7853814217646579
transcription_TU_g.24158.CDS.164,0.0,-3.8992933663557756
translation_g.24158.CDS.166,1.2827588375240679e-51,1.0770579761633039e-34
transcription_TU_g.24158.CDS.166,0.0,-3.2603409701779884
translation_g.24158.CDS.169,1.5120084241867498e-12,-1.5713140827689672e-33
transcription_TU_g.24158.CDS.169,1.678022960147781e-12,1.122914643050972e-33
translation_g.24158.CDS.170,0.0,2.3264543570857156e-33
transcription_TU_g.24158.CDS.170,0.0,-11.498718569595535
translation_g.24158.CDS.175,1.5472430374203967e-32,-7.61984830095925e-34
transcription_TU_g.24158.CDS.175,0.0,-3.408814168850571
translation_g.24158.CDS.176,-2.5975668327295782e-30,-3.421739519938976e-33
transcription_TU_g.24158.CDS.176,0.0,-4.76616303254857
translation_g.24158.CDS.182,-3.5511323450394336e-60,1.6519382634528385e-33
transcription_TU_g.24158.CDS.182,2.525198333498207e-54,1.2896475248067932e-33
translation_g.24158.CDS.189,1.8345064993196776e-13,-8.05082069732847e-34
transcription_TU_g.24158.CDS.189,2.03593047310862e-13,6.7270493334780214e-34
translation_g.24158.CDS.192,1.6688472449303133e-13,2.669876350172435e-33
transcription_TU_g.24158.CDS.192,1.8520822696332789e-13,-1.2128277143147194e-33
translation_g.24158.CDS.193,-2.858732933442249e-28,-1.1116508520914135e-33
transcription_TU_g.24158.CDS.193,-3.1726142675606063e-28,-1.202492286028418e-34
translation_g.24158.CDS.199,4.9159775688042047e-60,8.825901300273655e-34
transcription_TU_g.24158.CDS.199,0.0,-4.750623328316372
translation_g.24158.CDS.200,7.617682470509578e-12,-7.813120709438535e-33
transcription_TU_g.24158.CDS.200,8.454083908630091e-12,-3.0543123646174175e-33
translation_g.24158.CDS.203,-9.541932760939215e-30,-1.560746474489671e-33
transcription_TU_g.24158.CDS.203,0.0,-4.5337395260696285
translation_g.24158.CDS.208,-1.3063930445011368e-28,4.362235169544715e-33
transcription_TU_g.24158.CDS.208,0.0,-6.270196304249419
translation_g.24158.CDS.209,5.530541503087946e-16,-7.549090016633848e-33
transcription_TU_g.24158.CDS.209,6.137780369327866e-16,-1.3812359148700658e-33
translation_g.24158.CDS.211,4.467910932672205e-14,2.077454625576534e-33
transcription_TU_g.24158.CDS.211,4.9584757657363766e-14,4.771754492795204e-34
translation_g.24158.CDS.213,5.225520764292453e-38,1.7205280893237913e-33
transcription_TU_g.24158.CDS.213,0.0,-3.8861459155939233
translation_g.24158.CDS.215,2.0997466479051168e-30,-1.3124828761229135e-33
transcription_TU_g.24158.CDS.215,0.0,-7.105603407319261
translation_g.24158.CDS.219,-1.3856847509831923e-30,-3.675193553736678e-34
transcription_TU_g.24158.CDS.219,0.0,-1.9415264446666014
translation_g.24158.CDS.220,5.225520764292189e-38,7.705783901396856e-34
transcription_TU_g.24158.CDS.220,0.0,-3.373907079995956
translation_g.24158.CDS.221,6.318909877939932e-31,-5.16119107668035e-34
transcription_TU_g.24158.CDS.221,0.0,-5.418349401041309
translation_g.24158.CDS.227,3.350681988092077e-13,1.1024866181138999e-32
transcription_TU_g.24158.CDS.227,3.7185780305399115e-13,4.221803374803448e-34
translation_g.24158.CDS.230,-2.6808528561465255e-56,-4.684229548429735e-33
transcription_TU_g.24158.CDS.230,0.0,-5.648527818652988
translation_g.24158.CDS.232,6.099757745868065e-08,-4.045367891970179e-34
transcription_TU_g.24158.CDS.232,6.769495053846131e-08,-1.6701639724497158e-34
translation_g.24158.CDS.234,2.6698207309334736e-30,-7.035546268881848e-34
transcription_TU_g.24158.CDS.234,0.0,-5.574506530783759
translation_g.24158.CDS.235,1.0932460870190466e-11,7.778832354509602e-33
transcription_TU_g.24158.CDS.235,1.2132816231472922e-11,-1.769007781621701e-33
translation_g.24158.CDS.236,5.530541503091849e-16,2.093843707664814e-34
transcription_TU_g.24158.CDS.236,6.137780369337744e-16,-1.0838023926159035e-34
translation_g.24158.CDS.237,3.2446141427198984e-12,2.5254210100500273e-33
transcription_TU_g.24158.CDS.237,3.600864215576446e-12,-1.930482739760551e-34
translation_g.24158.CDS.238,1.8297348777768916e-30,1.8974023992680892e-33
transcription_TU_g.24158.CDS.238,0.0,-5.63733280924124
translation_g.24158.CDS.240,0.0,-6.36717194201386e-34
transcription_TU_g.24158.CDS.240,0.0,-3.1591538651393565
translation_g.24158.CDS.252,1.3743495949336318e-30,-1.179706303649526e-33
transcription_TU_g.24158.CDS.252,0.0,-4.059172793038967
translation_g.24158.CDS.254,-5.403360001689946e-30,8.610409460949478e-34
transcription_TU_g.24158.CDS.254,0.0,-1.2119802725615558
translation_g.24158.CDS.256,-2.75921275789177e-57,1.764436349344366e-33
transcription_TU_g.24158.CDS.256,0.0,-9.2171014947046
translation_g.24158.CDS.260,0.0,5.78088995219778e-33
transcription_TU_g.24158.CDS.260,0.0,-6.462876284108675
translation_g.24158.CDS.264,3.325917645356365e-13,-1.2643165086458208e-33
transcription_TU_g.24158.CDS.264,3.6910946283056647e-13,-1.3991489389572966e-33
translation_g.24158.CDS.266,0.0,-4.436750128916469e-34
transcription_TU_g.24158.CDS.266,0.0,-1.5339217786755486
translation_g.24158.CDS.267,1.4752260344502188e-29,-7.2831409490815754e-34
transcription_TU_g.24158.CDS.267,5.0414069624975393e-26,-1.5281742606561125e-33
translation_g.24158.CDS.269,6.003306402102404e-30,8.05921879583679e-34
transcription_TU_g.24158.CDS.269,0.0,-3.2392380397951395
translation_g.24158.CDS.275,-8.744842133021448e-36,-1.9038749291295178e-33
transcription_TU_g.24158.CDS.275,0.0,-9.888879785095948
translation_g.24158.CDS.277,6.099756517007466e-08,2.5351244847384153e-33
transcription_TU_g.24158.CDS.277,6.769493690059881e-08,-4.839738270474466e-34
translation_g.24158.CDS.283,0.0,2.14733930332372e-34
transcription_TU_g.24158.CDS.283,0.0,-1.3185475618153788
translation_g.24158.CDS.284,4.182705752737645e-55,-2.568374213731151e-33
transcription_TU_g.24158.CDS.284,0.0,-6.156767295631062
translation_g.24158.CDS.287,1.1061083006193695e-15,-7.472700012785174e-34
transcription_TU_g.24158.CDS.287,1.2275560738675488e-15,6.94277884658611e-34
translation_g.24158.CDS.290,0.0,-1.7800908861624014e-33
transcription_TU_g.24158.CDS.290,0.0,-2.6685629867374225
translation_g.24158.CDS.297,6.099757745868065e-08,-1.103783266356255e-34
transcription_TU_g.24158.CDS.297,6.769495053846131e-08,-5.1496722483866235e-34
translation_g.24158.CDS.298,-1.273325319627304e-29,-2.6372662913288317e-33
transcription_TU_g.24158.CDS.298,0.0,-7.984511734321398
translation_g.24158.CDS.299,0.0,-2.838090345820175e-35
transcription_TU_g.24158.CDS.299,0.0,-2.363584171791622
translation_g.24158.CDS.300,7.454955512285533e-32,3.637112300896504e-33
transcription_TU_g.24158.CDS.300,0.0,-6.859341521110246
translation_g.24158.CDS.303,0.0,-5.399606513371049e-33
transcription_TU_g.24158.CDS.303,0.0,-9.304050580540224
translation_g.24158.CDS.304,0.0,-1.4582577921847533e-33
transcription_TU_g.24158.CDS.304,0.0,-1.9614868355617319
translation_g.24158.CDS.315,-2.668543162092925e-48,1.0852479330041031e-33
transcription_TU_g.24158.CDS.315,0.0,-3.730478894267865
translation_g.24158.CDS.317,1.1399255032407326e-11,7.310853475261475e-34
transcription_TU_g.24158.CDS.317,1.2650863161194323e-11,4.196286980779911e-34
translation_g.24158.CDS.323,1.248424406516043e-59,-5.053956138818353e-34
transcription_TU_g.24158.CDS.323,0.0,-7.48293975276047
translation_g.24158.CDS.328,6.099757745868065e-08,6.42351778358895e-34
transcription_TU_g.24158.CDS.328,6.769495053846131e-08,-3.5659805001277843e-34
translation_g.24158.CDS.331,0.0,-1.070529197469345e-32
transcription_TU_g.24158.CDS.331,0.0,2.4465582524204376e-33
translation_g.24158.CDS.335,1.9827917606246294e-11,-1.8393071541362792e-33
transcription_TU_g.24158.CDS.335,2.2004970648953397e-11,-4.7720811651090257e-35
translation_g.24158.CDS.336,4.937303989966808e-30,1.404438026677373e-33
transcription_TU_g.24158.CDS.336,0.0,-5.0981582909738945
translation_g.24158.CDS.340,2.375045029842298e-35,1.1501437064491423e-35
transcription_TU_g.24158.CDS.340,0.0,-4.706768410884407
translation_g.24158.CDS.341,0.0,1.1210929947821099e-33
transcription_TU_g.24158.CDS.341,0.0,-3.389030252875892
translation_g.24158.CDS.342,1.4483089180114052e-30,9.259038555768003e-34
transcription_TU_g.24158.CDS.342,0.0,-6.027798027399874
translation_g.24158.CDS.344,6.852262134012461e-08,-5.924651432888402e-34
transcription_TU_g.24158.CDS.344,7.604622438534759e-08,-1.6933606942892952e-33
translation_g.24158.CDS.348,-7.362645249276461e-27,-1.6593993580638928e-33
transcription_TU_g.24158.CDS.348,0.0,-4.187411569541637
translation_g.24158.CDS.351,6.099757745868065e-08,2.650860370993433e-34
transcription_TU_g.24158.CDS.351,6.769495053846131e-08,-2.8949508855795074e-34
translation_g.24158.CDS.355,0.0,-3.3069128143160574e-33
transcription_TU_g.24158.CDS.355,0.0,-6.391573025137407
translation_g.24158.CDS.357,0.0,-3.90484043578631e-33
transcription_TU_g.24158.CDS.357,0.0,-7.233784134114934
translation_g.24158.CDS.360,0.0,9.499222828790517e-34
transcription_TU_g.24158.CDS.360,0.0,-0.046820200677203744
translation_g.24158.CDS.363,1.8375153068143642e-13,-1.0718310335918425e-33
transcription_TU_g.24158.CDS.363,2.0392696397283195e-13,1.547221346699945e-33
translation_g.24158.CDS.364,-1.884194593256264e-38,2.294847733203142e-33
transcription_TU_g.24158.CDS.364,0.0,-5.860371101976957
translation_g.24158.CDS.365,2.0704777689252792e-50,7.297596280297979e-34
transcription_TU_g.24158.CDS.365,0.0,-7.891723831321408
translation_g.24158.CDS.366,1.3401063689357819e-09,1.3575207058422798e-33
transcription_TU_g.24158.CDS.366,1.48724651274613e-09,-2.7639409554566382e-33
translation_g.24158.CDS.371,6.852110933170043e-08,-5.034915883037497e-34
transcription_TU_g.24158.CDS.371,7.604454636238745e-08,6.736328022213854e-34
translation_g.24158.CDS.375,0.0,2.0423260604228987e-33
transcription_TU_g.24158.CDS.375,0.0,-2.310477207604886
translation_g.24158.CDS.376,-2.0516822370878093e-28,2.2634903949614607e-33
transcription_TU_g.24158.CDS.376,0.0,-3.317539468376101
translation_g.24158.CDS.378,0.0,4.459211801482492e-34
transcription_TU_g.24158.CDS.378,0.0,-1.533723775834606
translation_g.24158.CDS.380,1.4786668794307835e-30,1.0543698109736855e-33
transcription_TU_g.24158.CDS.380,0.0,-4.06288773703889
translation_g.24158.CDS.383,1.3657282005798374e-30,-4.720775356625209e-34
transcription_TU_g.24158.CDS.383,0.0,-3.1369018892604816
translation_g.24158.CDS.390,6.099757745868065e-08,-7.347577746237049e-35
transcription_TU_g.24158.CDS.390,6.769495053846131e-08,3.954783332294512e-34
translation_g.24158.CDS.392,6.099757745868065e-08,1.6094583986154562e-34
transcription_TU_g.24158.CDS.392,6.769495053846131e-08,-9.345701487812761e-35
translation_g.24158.CDS.396,1.0291875343391294e-30,-2.0510282893714615e-33
transcription_TU_g.24158.CDS.396,0.0,-5.464925241134337
translation_g.24158.CDS.397,6.852262134012461e-08,-5.654426477131453e-33
transcription_TU_g.24158.CDS.397,7.604622438534759e-08,-1.2899954756343868e-33
translation_g.24158.CDS.401,1.3393149841968033e-11,-4.6561692466271524e-34
transcription_TU_g.24158.CDS.401,1.4863682360506608e-11,-2.1197679899715186e-33
translation_g.24158.CDS.409,2.888597317313686e-12,-2.5493896246141297e-33
transcription_TU_g.24158.CDS.409,3.205757681992237e-12,-1.4684813631222616e-33
translation_g.24158.CDS.410,3.194868068396266e-30,1.344837254854168e-34
transcription_TU_g.24158.CDS.410,0.0,-4.092500087798585
translation_g.24158.CDS.411,-2.028592340448521e-46,1.2553528013496011e-33
transcription_TU_g.24158.CDS.411,0.0,-3.0639134011078633
translation_g.24158.CDS.417,6.144302992696338e-15,-3.8266580947184335e-33
transcription_TU_g.24158.CDS.417,6.8189312512558756e-15,9.424054859359785e-34
translation_g.24158.CDS.419,7.768458380332571e-58,3.3851842052511534e-33
transcription_TU_g.24158.CDS.419,0.0,-9.494480227210639
translation_g.24158.CDS.421,2.263755494977468e-13,-5.438146041060784e-33
transcription_TU_g.24158.CDS.421,2.512309876035269e-13,5.505355316593507e-34
translation_g.24158.CDS.424,1.5120084241867498e-12,-4.732325648930223e-35
transcription_TU_g.24158.CDS.424,1.678022960147781e-12,-8.278652283192109e-34
translation_g.24158.CDS.427,1.9158070276253172e-13,1.7898812557966776e-33
transcription_TU_g.24158.CDS.427,2.1261575849333342e-13,2.185131197288378e-34
translation_g.24158.CDS.428,-2.5975668327295782e-30,2.127290061569375e-33
transcription_TU_g.24158.CDS.428,0.0,-4.798203199406679
translation_g.24158.CDS.429,1.7525976971618178e-28,-6.107512989587572e-34
transcription_TU_g.24158.CDS.429,0.0,-4.591086659536262
translation_g.24158.CDS.434,0.0,1.1020519649377952e-33
transcription_TU_g.24158.CDS.434,0.0,-8.274904216702724
translation_g.24158.CDS.445,1.9827917606246294e-11,-3.6960376060800935e-34
transcription_TU_g.24158.CDS.445,2.2004970648953397e-11,-2.8427582614404535e-34
translation_g.24158.CDS.446,1.525850230272282e-12,4.281077652760392e-34
transcription_TU_g.24158.CDS.446,1.69338456002374e-12,-2.8984303938554443e-34
translation_g.24158.CDS.450,2.2122166012387377e-15,-1.636682294508033e-33
transcription_TU_g.24158.CDS.450,2.4551121477350965e-15,-2.121597953583308e-34
translation_g.24158.CDS.455,0.0,-3.961304075463146e-34
transcription_TU_g.24158.CDS.455,0.0,-2.490016225297174
translation_g.24158.CDS.461,3.17212021941319e-64,1.4073927506533165e-33
transcription_TU_g.24158.CDS.461,0.0,-2.2535958294830696
translation_g.24158.CDS.462,0.0,-2.2767599307056385e-34
transcription_TU_g.24158.CDS.462,0.0,-4.268436625507307
translation_g.24158.CDS.467,2.829517129599569e-14,5.24807305755401e-35
transcription_TU_g.24158.CDS.467,3.140190645533792e-14,-3.280132451725723e-33
translation_g.24158.CDS.472,0.0,-8.376339731882536e-34
transcription_TU_g.24158.CDS.472,0.0,-11.623099854516353
translation_g.24158.CDS.473,7.5536985278629e-12,1.8004032041998365e-33
transcription_TU_g.24158.CDS.473,8.383074697884688e-12,-7.382743337476799e-34
translation_g.24158.CDS.480,2.1694192101726064e-35,5.012005466643273e-34
transcription_TU_g.24158.CDS.480,0.0,-4.024917387966085
translation_g.24158.CDS.482,0.0,-9.484795787567456e-34
transcription_TU_g.24158.CDS.482,0.0,-3.1191066965074064
translation_g.24158.CDS.483,1.4752260344502188e-29,-1.2991811249841323e-33
transcription_TU_g.24158.CDS.483,0.0,-4.206885700967416
translation_g.24158.CDS.486,9.766849632366756e-11,1.384004447198301e-32
transcription_TU_g.24158.CDS.486,1.0839223954877984e-10,-1.662818343867182e-33
translation_g.24158.CDS.487,1.3657282005798374e-30,9.713219771415003e-34
transcription_TU_g.24158.CDS.487,0.0,-3.4574913405227474
translation_g.24158.CDS.500,0.0,-0.8862835673107071
transcription_TU_g.24158.CDS.500,0.0,-3.911706925774066
translation_g.24158.CDS.506,2.7263800702995793e-12,8.421185022075862e-34
transcription_TU_g.24158.CDS.506,3.0257294092211755e-12,-8.60714363857593e-34
translation_g.24158.CDS.510,-3.923452615093977e-30,-7.520508973090437e-34
transcription_TU_g.24158.CDS.510,0.0,-2.473254670648033
translation_g.24158.CDS.512,1.4752260344502188e-29,-2.872628262991216e-32
transcription_TU_g.24158.CDS.512,0.0,-6.755038766485144
translation_g.24158.CDS.516,7.915824220463283e-33,-3.7789193914897208e-34
transcription_TU_g.24158.CDS.516,0.0,-5.823298122197067
translation_g.24158.CDS.523,-2.5975668327295782e-30,-1.1582195539134093e-33
transcription_TU_g.24158.CDS.523,0.0,-8.150324659436523
translation_g.24158.CDS.528,1.1399255032407326e-11,1.8654475775632895e-34
transcription_TU_g.24158.CDS.528,1.2650863161194323e-11,-6.94612948418516e-34
translation_g.24158.CDS.531,5.374293801401445e-60,-1.4062661119817858e-32
transcription_TU_g.24158.CDS.531,0.0,-8.689227091185531
translation_g.24158.CDS.532,-1.427671181102904e-30,1.4175805509100637e-33
transcription_TU_g.24158.CDS.532,0.0,-2.070445804990247
translation_g.24158.CDS.539,0.0,-2.194225089899007e-34
transcription_TU_g.24158.CDS.539,0.0,-0.6345897035597174
translation_g.24158.CDS.542,6.099756517007466e-08,-8.594501379684188e-34
transcription_TU_g.24158.CDS.542,6.769493690059881e-08,3.391360732946506e-34
translation_g.24158.CDS.547,0.0,-2.0694424773712767
transcription_TU_g.24158.CDS.547,0.0,-9.762553259381063
translation_g.24158.CDS.552,2.4764342735712186e-15,-4.6856822131357233e-35
transcription_TU_g.24158.CDS.552,2.7483402234205825e-15,-5.876502866026777e-34
translation_g.24158.CDS.553,-1.2067672485257674e-30,-4.916794190069526e-33
transcription_TU_g.24158.CDS.553,0.0,-6.825083724411438
translation_g.24158.CDS.555,7.530364581291244e-10,2.7906263893000115e-34
transcription_TU_g.24158.CDS.555,8.357178745539607e-10,1.7784153410344196e-35
translation_g.24158.CDS.558,4.069519541451218e-12,-4.142779254103836e-33
transcription_TU_g.24158.CDS.558,4.5163420508044655e-12,-1.2167453828920707e-33
translation_g.24158.CDS.559,9.968773799400184e-30,2.0458135947573525e-33
transcription_TU_g.24158.CDS.559,0.0,-3.336101903144515
translation_g.24158.CDS.560,1.5120084241867498e-12,-3.574577928768253e-34
transcription_TU_g.24158.CDS.560,1.678022960147781e-12,3.5515487010661446e-34
translation_g.24158.CDS.562,0.0,-1.0865205670255619e-33
transcription_TU_g.24158.CDS.562,0.0,-6.088940877091264
translation_g.24158.CDS.563,6.099757745868065e-08,1.219541928687145e-34
transcription_TU_g.24158.CDS.563,6.769495053846131e-08,2.7836066207495262e-36
translation_g.24158.CDS.566,-5.086416095729413e-60,6.731418943462884e-34
transcription_TU_g.24158.CDS.566,0.0,-4.618143829521081
translation_g.24158.CDS.572,3.8984425547523316e-30,7.624398311084159e-34
transcription_TU_g.24158.CDS.572,0.0,-3.8078663789067217
translation_g.24158.CDS.573,-1.5459518628786635e-30,9.223813170324833e-34
transcription_TU_g.24158.CDS.573,0.0,-4.872814918120647
translation_g.24158.CDS.575,1.8887647621233704e-30,5.869345145232833e-33
transcription_TU_g.24158.CDS.575,0.0,-2.8939046152883705
translation_g.24158.CDS.577,5.530541503096847e-16,-5.785822693880387e-34
transcription_TU_g.24158.CDS.577,6.137780369337744e-16,-2.834639408796601e-34
translation_g.24158.CDS.581,1.2929189249351086e-12,-1.9339471999877766e-34
transcription_TU_g.24158.CDS.581,1.4348780118851601e-12,9.66535914496e-34
translation_g.24158.CDS.584,8.860653921526417e-30,5.946564688721529e-35
transcription_TU_g.24158.CDS.584,0.0,-0.818813727081915
translation_g.24158.CDS.586,3.1916604064431444e-30,-2.0698785043984512e-33
transcription_TU_g.24158.CDS.586,0.0,-3.7299842791059836
translation_g.24158.CDS.589,9.389886667839064e-30,1.2681240716389273e-33
transcription_TU_g.24158.CDS.589,0.0,-4.324231420274678
translation_g.24158.CDS.594,0.0,-7.062580732150138e-33
transcription_TU_g.24158.CDS.594,0.0,-4.897540704077245
translation_g.24158.CDS.597,8.005559348906312e-14,3.3818415643537563e-34
transcription_TU_g.24158.CDS.597,8.884548644969272e-14,-3.976433606011453e-34
translation_g.24158.CDS.598,8.938331125406043e-12,-1.000475168343857e-34
transcription_TU_g.24158.CDS.598,9.919736301669167e-12,-5.325967334367427e-34
translation_g.24158.CDS.599,1.7354854911826382e-14,1.750380959888703e-33
transcription_TU_g.24158.CDS.599,1.9260372195175873e-14,-1.2744278978664915e-33
translation_g.24158.CDS.600,8.047311003271166e-32,2.869549853789299e-33
transcription_TU_g.24158.CDS.600,0.0,-5.222873172678471
translation_g.24158.CDS.604,5.909414421896596e-31,8.738074503323956e-34
transcription_TU_g.24158.CDS.604,0.0,-2.9931238374800806
translation_g.24158.CDS.607,5.340758389167593e-59,-2.1685221074162076e-33
transcription_TU_g.24158.CDS.607,0.0,-3.4976904964704914
translation_g.24158.CDS.615,8.07783296718821e-14,-1.0735529571380822e-33
transcription_TU_g.24158.CDS.615,8.964757715864636e-14,7.896164114192823e-34
translation_g.24158.CDS.616,4.1913589328915485e-13,1.7144765375666146e-33
transcription_TU_g.24158.CDS.616,4.651559085985518e-13,-7.382743337476799e-34
translation_g.24158.CDS.618,4.286881080188354e-30,2.283395794685004e-34
transcription_TU_g.24158.CDS.618,0.0,-4.501183275872932
translation_g.24158.CDS.620,0.0,-2.3069069271293935e-33
transcription_TU_g.24158.CDS.620,0.0,-5.56593214112633
translation_g.24158.CDS.621,1.1118079010723897e-28,-2.3238934904025376e-34
transcription_TU_g.24158.CDS.621,0.0,-1.5439825928774173
translation_g.24158.CDS.623,-1.497760074380417e-27,7.070998627404369e-34
transcription_TU_g.24158.CDS.623,0.0,-2.010226523881865
translation_g.24158.CDS.624,1.615566593437642e-13,1.679646018832853e-33
transcription_TU_g.24158.CDS.624,1.792951543172927e-13,-1.2950858673714057e-33
translation_g.24158.CDS.625,-1.6490435201215248e-58,-1.2845309923356e-34
transcription_TU_g.24158.CDS.625,0.0,-0.5462038408892614
translation_g.24158.CDS.627,0.0,2.108359252653569e-33
transcription_TU_g.24158.CDS.627,0.0,-7.965557684759843
translation_g.24158.CDS.630,6.099757745868065e-08,-2.524885530352123e-35
transcription_TU_g.24158.CDS.630,6.769495053846131e-08,-2.4975137180613806e-34
translation_g.24158.CDS.631,0.0,-7.874312524309035e-34
transcription_TU_g.24158.CDS.631,0.0,-4.6755336773411384
translation_g.24158.CDS.639,-1.081176421014243e-30,7.383135278104543e-34
transcription_TU_g.24158.CDS.639,0.0,-5.300589212257889
translation_g.24158.CDS.643,-1.1169793566028106e-29,9.979362064147361e-34
transcription_TU_g.24158.CDS.643,0.0,-3.4469363730739935
translation_g.24158.CDS.645,0.0,8.100884045384866e-34
transcription_TU_g.24158.CDS.645,0.0,-7.488140826883453
translation_g.24158.CDS.646,0.0,-0.9096976052111256
transcription_TU_g.24158.CDS.646,0.0,-4.071880337713352
translation_g.24158.CDS.652,1.2276369051660456e-28,-7.575357936542311e-34
transcription_TU_g.24158.CDS.652,0.0,-6.7616118392260685
translation_g.24158.CDS.655,6.099757745868065e-08,1.6538768532075429e-34
transcription_TU_g.24158.CDS.655,6.769495053846131e-08,8.250300734277068e-35
translation_g.24158.CDS.657,1.3393149841968033e-11,6.919718913626122e-35
transcription_TU_g.24158.CDS.657,1.4863682360506608e-11,-4.665633986000733e-34
translation_g.24158.CDS.659,6.136147571018448e-39,3.050136796873549e-33
transcription_TU_g.24158.CDS.659,0.0,-5.4947295355961465
translation_g.24158.CDS.660,0.0,1.1950838555128233e-33
transcription_TU_g.24158.CDS.660,0.0,-6.400212523522863
translation_g.24158.CDS.661,1.7037034379693986e-31,5.1100572012025924e-33
transcription_TU_g.24158.CDS.661,0.0,-10.84214249300731
translation_g.24158.CDS.665,-7.901415857541658e-28,6.12692921189891e-34
transcription_TU_g.24158.CDS.665,0.0,-6.105663404077817
translation_g.24158.CDS.667,6.099757745868065e-08,2.4639164293270394e-34
transcription_TU_g.24158.CDS.667,6.769495053846131e-08,-3.547938605363667e-34
translation_g.24158.CDS.674,4.442238720894331e-52,2.315517224880985e-33
transcription_TU_g.24158.CDS.674,0.0,-6.028444185877572
translation_g.24158.CDS.678,5.432911808627257e-31,1.4118876782976422e-33
transcription_TU_g.24158.CDS.678,0.0,-7.819500677019039
translation_g.24158.CDS.680,8.032089985545303e-31,2.0212783268000322e-34
transcription_TU_g.24158.CDS.680,0.0,-6.4782720802112435
translation_g.24158.CDS.682,-1.0120254475941888e-58,2.4209604602865418e-32
transcription_TU_g.24158.CDS.682,0.0,-6.477798803930395
translation_g.24158.CDS.684,0.0,1.5069188126868612e-34
transcription_TU_g.24158.CDS.684,0.0,-8.487896006450516
translation_g.24158.CDS.688,0.0,1.739835349039445e-33
transcription_TU_g.24158.CDS.688,0.0,-3.0359357559959657
translation_g.24158.CDS.689,8.005559348906312e-14,-3.123294983974935e-33
transcription_TU_g.24158.CDS.689,8.884548644969272e-14,-2.6542204611554278e-34
translation_g.24158.CDS.694,0.0,5.966744595838373e-34
transcription_TU_g.24158.CDS.694,0.0,-1.3328169718882001
translation_g.24158.CDS.696,3.347427367097604e-30,-1.9405713699224907e-33
transcription_TU_g.24158.CDS.696,0.0,-6.192840192565358
translation_g.24158.CDS.699,0.0,1.281261150146051e-34
transcription_TU_g.24158.CDS.699,0.0,-0.9470592479013125
translation_g.24158.CDS.706,0.0,-2.911106484011793e-33
transcription_TU_g.24158.CDS.706,0.0,-5.739648676890032
translation_g.24158.CDS.708,0.0,-2.31330632959006e-33
transcription_TU_g.24158.CDS.708,0.0,-9.314130656701508
translation_g.24158.CDS.711,0.0,1.0440498072906321e-34
transcription_TU_g.24158.CDS.711,0.0,-0.8752471894819829
translation_g.24158.CDS.714,6.822862286865427e-14,-2.111247478643275e-33
transcription_TU_g.24158.CDS.714,7.571994565734318e-14,5.104052028768784e-34
translation_g.24158.CDS.717,3.65405436929525e-28,-1.6193944477602492e-33
transcription_TU_g.24158.CDS.717,0.0,-3.2057148370312207
translation_g.24158.CDS.722,2.8455562236825743e-11,3.69882656211016e-34
transcription_TU_g.24158.CDS.722,3.157990789832412e-11,4.697207301837939e-34
translation_g.24158.CDS.723,6.099757745868065e-08,-1.0965965675912907e-33
transcription_TU_g.24158.CDS.723,6.769495053846131e-08,-3.0026867714566647e-34
translation_g.24158.CDS.731,9.014075031563113e-30,9.907766635885893e-34
transcription_TU_g.24158.CDS.731,0.0,-3.025053398112968
translation_g.24158.CDS.733,8.07783296718821e-14,-2.8811499630616333e-33
transcription_TU_g.24158.CDS.733,8.964757715864636e-14,-4.886002843476738e-34
translation_g.24158.CDS.734,2.2297582333972242e-35,-5.941070158742183e-34
transcription_TU_g.24158.CDS.734,0.0,-3.056831079179893
translation_g.24158.CDS.744,2.1202142971901183e-12,9.952081398287582e-34
transcription_TU_g.24158.CDS.744,2.353008233424489e-12,-2.2874545147363006e-34
translation_g.24158.CDS.746,0.0,5.0942861773188435e-34
transcription_TU_g.24158.CDS.746,0.0,-2.1806348003570135
translation_g.24158.CDS.747,-1.8556298415904836e-30,3.495960833040191e-34
transcription_TU_g.24158.CDS.747,0.0,-3.3620036532885806
translation_g.24158.CDS.750,-4.442695337916815e-31,8.748176763203373e-34
transcription_TU_g.24158.CDS.750,0.0,-3.99606662175252
translation_g.24158.CDS.752,-4.931910661242667e-30,-2.474037142194812e-33
transcription_TU_g.24158.CDS.752,0.0,-6.123004915890101
translation_g.24158.CDS.753,9.766849632366756e-11,6.824724211280344e-33
transcription_TU_g.24158.CDS.753,1.0839223954877984e-10,4.438950465357288e-34
translation_g.24158.CDS.755,0.0,-2.2984568150841125
transcription_TU_g.24158.CDS.755,0.0,-10.630448865116994
translation_g.24158.CDS.756,1.4752260344502188e-29,-3.207371834036257e-34
transcription_TU_g.24158.CDS.756,0.0,-2.5686298040310307
translation_g.24158.CDS.760,1.98315879387809e-13,9.995306645491023e-34
transcription_TU_g.24158.CDS.760,2.200904397431715e-13,-1.5281484865207353e-34
translation_g.24158.CDS.773,0.0,-3.323547686353591e-33
transcription_TU_g.24158.CDS.773,0.0,-4.48978067717728
translation_g.24158.CDS.777,0.0,-1.131474820104786e-33
transcription_TU_g.24158.CDS.777,0.0,-2.708886134270103
translation_g.24158.CDS.781,-2.1345389923288836e-31,4.5953089046235505e-33
transcription_TU_g.24158.CDS.781,0.0,-5.308905192308574
translation_g.24158.CDS.783,5.504574349110378e-28,-2.4066201024708612e-33
transcription_TU_g.24158.CDS.783,0.0,-6.962749907695643
translation_g.24158.CDS.784,-5.243709406724485e-59,-6.794022745961236e-33
transcription_TU_g.24158.CDS.784,0.0,-3.161211702114954
translation_g.24158.CDS.787,1.2918403601322746e-30,1.856707885570943e-33
transcription_TU_g.24158.CDS.787,0.0,-3.5972164541303946
translation_g.24158.CDS.789,1.0053342164876385e-58,-1.0139328553527514e-34
transcription_TU_g.24158.CDS.789,0.0,-1.8687928579945288
translation_g.24158.CDS.791,1.479711975453586e-13,9.31429711662535e-33
transcription_TU_g.24158.CDS.791,1.6421804465489342e-13,-2.029713160963196e-33
translation_g.24158.CDS.796,-9.368989363052207e-49,1.1944615407373137e-33
transcription_TU_g.24158.CDS.796,0.0,-5.1232834346596485
translation_g.24158.CDS.797,-1.2062317239193415e-59,-1.478892768149595e-33
transcription_TU_g.24158.CDS.797,0.0,-3.8752799990899502
translation_g.24158.CDS.803,6.099756517007466e-08,-3.027942976061291e-33
transcription_TU_g.24158.CDS.803,6.769493690059881e-08,1.4474754427897535e-33
translation_g.24158.CDS.804,1.1118079010723897e-28,-5.400650738501764e-34
transcription_TU_g.24158.CDS.804,0.0,-6.406949804432978
translation_g.24158.CDS.807,3.5383756650015324e-13,-4.4028462208492494e-34
transcription_TU_g.24158.CDS.807,3.9268799779963396e-13,5.846535385696219e-35
translation_g.24158.CDS.809,4.9702640444569615e-21,1.333582760938212e-33
transcription_TU_g.24158.CDS.809,0.0,-2.522399356251518
translation_g.24158.CDS.813,-4.514939909750479e-60,-1.160904112847206e-32
transcription_TU_g.24158.CDS.813,0.0,-10.395251303293609
translation_g.24158.CDS.816,-3.9169209147396504e-60,-2.4982576694688572e-33
transcription_TU_g.24158.CDS.816,0.0,-7.826966564645013
translation_1035184.3.peg.821,7.681613501307416e-13,1.2531714733267024e-33
transcription_TU_1035184.3.peg.821,8.525034397945247e-13,-4.289073868138228e-34
translation_g.24158.CDS.823,4.286881087571537e-30,-2.601141767331993e-33
transcription_TU_g.24158.CDS.823,0.0,-3.859398128926662
translation_g.24158.CDS.828,3.0794093614228633e-30,-2.9681000857325988e-33
transcription_TU_g.24158.CDS.828,0.0,-6.557066960209088
translation_g.24158.CDS.829,0.0,3.4891578624985925e-32
transcription_TU_g.24158.CDS.829,0.0,-11.714904321239734
translation_g.24158.CDS.839,0.0,1.945937405603267e-34
transcription_TU_g.24158.CDS.839,0.0,-9.312585812478073
translation_g.24158.CDS.842,0.0,-2.7545389430501084e-34
transcription_TU_g.24158.CDS.842,0.0,-4.734570763497189
translation_g.24158.CDS.847,6.099757745868065e-08,1.7423523172263392e-34
transcription_TU_g.24158.CDS.847,6.769495053846131e-08,-6.520856250459539e-36
translation_g.24158.CDS.852,0.0,4.7953941641768625e-34
transcription_TU_g.24158.CDS.852,0.0,-1.6234328449544153
translation_g.24158.CDS.854,6.100596200611934e-16,4.036797233859448e-33
transcription_TU_g.24158.CDS.854,6.770425568708848e-16,-4.428254199175705e-34
translation_g.24158.CDS.855,1.3393149841968033e-11,1.4717058616333642e-33
transcription_TU_g.24158.CDS.855,1.4863682360506608e-11,1.0584148692692526e-34
translation_g.24158.CDS.861,3.52969040014924e-12,1.4035585536084416e-33
transcription_TU_g.24158.CDS.861,3.917241093976927e-12,-4.008393533879318e-34
translation_g.24158.CDS.868,6.938716427154999e-31,1.4788436960869142e-33
transcription_TU_g.24158.CDS.868,0.0,-4.574967409180367
translation_g.24158.CDS.872,8.07783296718821e-14,-2.4034502732970824e-33
transcription_TU_g.24158.CDS.872,8.964757715864636e-14,-1.029702482458929e-33
translation_g.24158.CDS.875,2.2709691334762067e-37,1.545331095648364e-33
transcription_TU_g.24158.CDS.875,0.0,-2.235105812509878
translation_g.24158.CDS.877,-7.494848434080266e-31,5.50246346782974e-34
transcription_TU_g.24158.CDS.877,0.0,-1.1773286218917822
translation_g.24158.CDS.878,1.4337759262855086e-11,-8.735706826401014e-34
transcription_TU_g.24158.CDS.878,1.5912007403717213e-11,-2.220080924860011e-33
translation_g.24158.CDS.880,7.540499519642036e-09,2.8227137625417715e-34
transcription_TU_g.24158.CDS.880,8.368426473383093e-09,2.0902823790998757e-33
translation_g.24158.CDS.881,-1.1204387435377154e-31,2.920771837629391e-34
transcription_TU_g.24158.CDS.881,0.0,-3.4396331871217387
translation_g.24158.CDS.882,9.515140056509435e-09,9.626073113878289e-34
transcription_TU_g.24158.CDS.882,1.05598773316574e-08,-1.9485246345246683e-35
translation_g.24158.CDS.884,1.4147585647997845e-14,-4.781933338174434e-34
transcription_TU_g.24158.CDS.884,1.570095322766896e-14,-6.959016551873816e-35
translation_g.24158.CDS.892,0.0,-1.8835520492526212
transcription_TU_g.24158.CDS.892,0.0,-8.669889964624222
translation_g.24158.CDS.894,0.0,-1.3695615409074509
transcription_TU_g.24158.CDS.894,0.0,-6.26983064933296
translation_g.24158.CDS.895,6.099756517007466e-08,-1.7195466478656613e-33
transcription_TU_g.24158.CDS.895,6.769493690059881e-08,5.315915421570276e-34
translation_g.24158.CDS.901,3.7165716088733585e-11,1.1751486203850185e-33
transcription_TU_g.24158.CDS.901,4.1246413663847406e-11,-1.3027278985107783e-33
translation_g.24158.CDS.903,1.890010530233437e-12,-3.515195631545497e-33
transcription_TU_g.24158.CDS.903,2.097528700184726e-12,6.088366258828269e-34
translation_g.24158.CDS.906,4.7426735475650466e-52,-3.5225483882662414e-33
transcription_TU_g.24158.CDS.906,5.263406848509829e-52,-4.126825685938059e-33
translation_g.24158.CDS.911,5.530541503091849e-16,7.533837366908393e-34
transcription_TU_g.24158.CDS.911,6.137780369332198e-16,6.052970574110716e-34
translation_g.24158.CDS.913,1.0823539658568062e-11,-2.2611769194245114e-33
transcription_TU_g.24158.CDS.913,1.2011935758172771e-11,-2.9377617244412197e-33
translation_g.24158.CDS.920,9.51723919987378e-10,7.221921183394769e-35
transcription_TU_g.24158.CDS.920,1.0562206955425143e-09,4.135717762643231e-34
translation_g.24158.CDS.922,6.099756517007466e-08,2.628784766682876e-35
transcription_TU_g.24158.CDS.922,6.769493690059881e-08,3.0939147225666426e-34
translation_g.24158.CDS.925,0.0,3.515917389102282e-33
transcription_TU_g.24158.CDS.925,0.0,-6.473701243239129
translation_g.24158.CDS.926,3.612418125846816e-30,-5.015053653582521e-34
transcription_TU_g.24158.CDS.926,0.0,-0.8015033446785956
translation_g.24158.CDS.933,-4.392665001466146e-58,2.3383870000577166e-33
transcription_TU_g.24158.CDS.933,0.0,-3.405858774805518
translation_g.24158.CDS.939,-3.0764942679462832e-28,1.7455485859070993e-34
transcription_TU_g.24158.CDS.939,0.0,-6.0447611955285785
translation_g.24158.CDS.942,0.0,-3.5942896194966974e-34
transcription_TU_g.24158.CDS.942,0.0,-4.743192702396766
translation_g.24158.CDS.946,6.099757745868065e-08,1.1994338303297191e-34
transcription_TU_g.24158.CDS.946,6.769495053846131e-08,-5.608451858102749e-35
translation_g.24158.CDS.947,0.0,-3.089014862784916e-30
transcription_TU_g.24158.CDS.947,0.0,-10.292258318882594
translation_g.24158.CDS.948,0.0,-2.334240823117177e-33
transcription_TU_g.24158.CDS.948,0.0,-5.801897522736793
translation_g.24158.CDS.949,5.284634453919173e-12,-1.0770044742475802e-32
transcription_TU_g.24158.CDS.949,5.864873374917877e-12,2.667365270197856e-33
translation_g.24158.CDS.951,0.0,-4.615166553099456e-33
transcription_TU_g.24158.CDS.951,0.0,-5.595408155891023
translation_g.24158.CDS.952,-3.9359279550272595e-42,-8.605708808329317e-34
transcription_TU_g.24158.CDS.952,0.0,-3.8369065284399446
translation_g.24158.CDS.956,6.099756517007466e-08,-2.1187604147943325e-32
transcription_TU_g.24158.CDS.956,6.769493690059881e-08,3.47546173668267e-33
translation_g.24158.CDS.961,1.0291874657144026e-30,-1.0365002984397718e-33
transcription_TU_g.24158.CDS.961,0.0,-5.472972400509968
translation_g.24158.CDS.967,3.293629114073849e-30,-1.4472115932228102e-33
transcription_TU_g.24158.CDS.967,0.0,-3.3616255022752797
translation_g.24158.CDS.968,4.406023509528305e-12,-3.140062624224103e-33
transcription_TU_g.24158.CDS.968,4.8897932668040705e-12,-8.327494269732113e-34
translation_g.24158.CDS.969,3.350681988092077e-13,-1.9369900892220997e-33
transcription_TU_g.24158.CDS.969,3.7185780305399115e-13,-6.829114909572171e-34
translation_g.24158.CDS.970,1.3189471673540363e-08,2.6362916069204416e-33
transcription_TU_g.24158.CDS.970,1.4637640866533908e-08,-1.7954262703834443e-34
translation_g.24158.CDS.973,0.0,7.909687419751327e-35
transcription_TU_g.24158.CDS.973,0.0,-5.18984640416803
translation_g.24158.CDS.974,0.0,-1.0273709512225222
transcription_TU_g.24158.CDS.974,0.0,-4.738908581835734
translation_g.24158.CDS.977,4.352125609477799e-30,4.246808655192947e-34
transcription_TU_g.24158.CDS.977,0.0,-4.397815897536605
translation_g.24158.CDS.984,6.099757745868065e-08,-4.064866319644363e-34
transcription_TU_g.24158.CDS.984,6.769495053846131e-08,1.411133911907746e-34
translation_g.24158.CDS.991,1.6411586751607624e-30,-1.6267084169943286e-33
transcription_TU_g.24158.CDS.991,0.0,-3.652612926379254
translation_g.24158.CDS.994,6.852110933170043e-08,-9.253776466825417e-35
transcription_TU_g.24158.CDS.994,7.604454636238745e-08,-8.139022579877686e-34
translation_g.24158.CDS.995,0.0,5.410727940498405e-34
transcription_TU_g.24158.CDS.995,0.0,-9.452934962562754
translation_g.24158.CDS.1004,-1.3506877457558844e-41,1.2731381675953567e-33
transcription_TU_g.24158.CDS.1004,0.0,-3.485329345598417
translation_g.24158.CDS.1005,0.0,-4.994248752362937e-34
transcription_TU_g.24158.CDS.1005,0.0,-21.04898160857774
translation_g.24158.CDS.1009,5.618260078633377e-59,1.4116333884655581e-33
transcription_TU_g.24158.CDS.1009,0.0,-2.6274170167671356
translation_g.24158.CDS.1011,4.8691904613519185e-30,-5.459480086552528e-34
transcription_TU_g.24158.CDS.1011,0.0,-4.55465144308068
translation_g.24158.CDS.1012,2.0367663072647872e-27,1.6298358629793037e-33
transcription_TU_g.24158.CDS.1012,0.0,-8.444609139271284
translation_g.24158.CDS.1017,6.099757745868065e-08,-5.901870385406414e-35
transcription_TU_g.24158.CDS.1017,6.769495053846131e-08,-1.943369807449206e-34
translation_g.24158.CDS.1018,0.0,1.6554849178233115e-33
transcription_TU_g.24158.CDS.1018,0.0,-0.018735016395279157
translation_g.24158.CDS.1020,3.1069780274597795e-11,3.0233738312513856e-33
transcription_TU_g.24158.CDS.1020,3.448116017975465e-11,2.1740483190761347e-34
translation_g.24158.CDS.1023,0.0,-5.1021125286003974e-33
transcription_TU_g.24158.CDS.1023,0.0,-6.427557147494862
translation_g.24158.CDS.1024,2.28007995261767e-30,-1.74937364845361e-33
transcription_TU_g.24158.CDS.1024,0.0,-7.089285728798785
translation_g.24158.CDS.1025,6.099758360298364e-08,-9.858360631786088e-34
transcription_TU_g.24158.CDS.1025,6.769495735739256e-08,-1.4381967540539218e-34
translation_g.24158.CDS.1026,0.0,-1.3223222886587173e-34
transcription_TU_g.24158.CDS.1026,0.0,-4.397613242346068
translation_g.24158.CDS.1027,0.0,1.155141623735835e-33
transcription_TU_g.24158.CDS.1027,0.0,-2.62176255773133
translation_g.24158.CDS.1031,0.0,-2.4599312754530203e-33
transcription_TU_g.24158.CDS.1031,0.0,-6.1053634742767215
translation_g.24158.CDS.1032,-3.551433399868005e-30,-7.310260566920532e-34
transcription_TU_g.24158.CDS.1032,0.0,-2.6459606514911327
translation_g.24158.CDS.1039,0.0,-0.901665304030826
transcription_TU_g.24158.CDS.1039,0.0,-4.060152402352652
translation_g.24158.CDS.1043,-4.104020065385052e-31,5.044171336321361e-34
transcription_TU_g.24158.CDS.1043,0.0,-3.02263711608346
translation_g.24158.CDS.1049,2.2649052996870692e-11,-3.1795679775148584e-33
transcription_TU_g.24158.CDS.1049,2.513585926268544e-11,1.8995537773077785e-34
translation_g.24158.CDS.1051,7.218240872417088e-12,-2.2876570641789675e-33
transcription_TU_g.24158.CDS.1051,8.010784676882866e-12,6.701661810131371e-34
translation_g.24158.CDS.1055,-4.379678077704181e-29,-2.1311035698468716e-34
transcription_TU_g.24158.CDS.1055,0.0,-7.231786627852924
translation_g.24158.CDS.1056,3.609705416227303e-12,-1.6766440465748453e-33
transcription_TU_g.24158.CDS.1056,4.006041547722944e-12,-1.7616234918361016e-33
translation_g.24158.CDS.1058,3.475657772253763e-31,4.028864317447349e-34
transcription_TU_g.24158.CDS.1058,3.8572766061484192e-31,-2.4994904486070117e-34
translation_g.24158.CDS.1062,2.000435806214017e-15,4.195648630525315e-34
transcription_TU_g.24158.CDS.1062,2.220078380141524e-15,-1.4877217551814239e-33
translation_g.24158.CDS.1063,4.000871612428034e-15,-8.779876361651484e-33
transcription_TU_g.24158.CDS.1063,4.440156760283048e-15,-2.754610718450052e-34
translation_g.24158.CDS.1069,1.2843596550666817e-30,1.4152144055597605e-33
transcription_TU_g.24158.CDS.1069,0.0,-0.0150049482759581
translation_g.24158.CDS.1071,0.0,-2.5518055305047387e-33
transcription_TU_g.24158.CDS.1071,0.0,-0.015372657202343227
translation_g.24158.CDS.1082,-1.704826423178785e-30,1.523438914138674e-33
transcription_TU_g.24158.CDS.1082,0.0,-0.014827071566756451
translation_g.24158.CDS.1090,1.2288605985392676e-14,1.713971017740099e-33
transcription_TU_g.24158.CDS.1090,1.3637862502511751e-14,-8.796196921568503e-34
translation_g.24158.CDS.1095,6.099757745868065e-08,5.107970217931527e-34
transcription_TU_g.24158.CDS.1095,6.769495053846131e-08,-2.2402878469958222e-34
translation_g.24158.CDS.1097,2.550091124160352e-59,8.72576670560228e-35
transcription_TU_g.24158.CDS.1097,0.0,-3.6310609853202274
translation_g.24158.CDS.1098,-7.807994372587541e-46,-3.929958864792424e-33
transcription_TU_g.24158.CDS.1098,0.0,-5.622009811559262
translation_g.24158.CDS.1101,6.099758360298364e-08,6.482199142188181e-34
transcription_TU_g.24158.CDS.1101,6.769495735739256e-08,-5.033688639188727e-34
translation_g.24158.CDS.1103,-1.2923512737650346e-30,-1.5136787334370903e-33
transcription_TU_g.24158.CDS.1103,0.0,-4.5250582042002065
translation_g.24158.CDS.1106,2.5006263696959073e-13,-2.4869248496495744e-33
transcription_TU_g.24158.CDS.1106,2.7751885478797176e-13,-1.0786475655404414e-33
translation_g.24158.CDS.1108,4.256009160115243e-12,-1.5407638302912464e-33
transcription_TU_g.24158.CDS.1108,4.723307737596688e-12,-7.849770670513664e-34
translation_g.24158.CDS.1109,6.099757745868065e-08,-5.712138774900758e-34
transcription_TU_g.24158.CDS.1109,6.769495053846131e-08,-1.8000656147513602e-34
translation_g.24158.CDS.1110,0.0,2.117989188055705e-33
transcription_TU_g.24158.CDS.1110,0.0,-0.022753619359273683
translation_g.24158.CDS.1115,1.5258502302722823e-12,1.6165630484106233e-34
transcription_TU_g.24158.CDS.1115,1.6933845600237405e-12,9.458299083933351e-35
translation_g.24158.CDS.1118,-1.0078111875352387e-59,-2.1036333390676856e-33
transcription_TU_g.24158.CDS.1118,0.0,-4.647242897239654
translation_g.24158.CDS.1121,2.062126057530707e-12,1.6175992077422726e-32
transcription_TU_g.24158.CDS.1121,2.2885420583001765e-12,-3.742404456785474e-34
translation_g.24158.CDS.1124,6.516673338941658e-12,3.1688065596503687e-34
transcription_TU_g.24158.CDS.1124,7.232186879123098e-12,2.410397140486071e-34
translation_g.24158.CDS.1126,5.9876715285734616e-30,-2.9856279195870518e-33
transcription_TU_g.24158.CDS.1126,0.0,-6.711114339305253
translation_g.24158.CDS.1130,1.2288605985392676e-14,-4.644721476487405e-33
transcription_TU_g.24158.CDS.1130,1.3637862502511751e-14,1.3696980431962005e-33
translation_g.24158.CDS.1131,6.099757745868065e-08,-7.459107480875456e-34
transcription_TU_g.24158.CDS.1131,6.769495053846131e-08,-9.276626805001568e-34
translation_g.24158.CDS.1133,0.0,1.1836491986751187e-34
transcription_TU_g.24158.CDS.1133,0.0,-4.846925758801978
translation_g.24158.CDS.1134,0.0,4.479073614212106e-34
transcription_TU_g.24158.CDS.1134,0.0,-1.1543668393414683
translation_g.24158.CDS.1140,2.034201304292912e-29,1.4510905878478908e-33
transcription_TU_g.24158.CDS.1140,2.2575512410339013e-29,-1.3756042662901234e-33
translation_g.24158.CDS.1142,6.099757745868065e-08,1.7130749650488666e-34
transcription_TU_g.24158.CDS.1142,6.769495053846131e-08,-2.0928597926376068e-34
translation_g.24158.CDS.1143,1.8235638274006742e-30,-2.2170743394365613e-34
transcription_TU_g.24158.CDS.1143,0.0,-1.9197057906823516
translation_g.24158.CDS.1144,2.457721197078538e-14,-1.1915645785523224e-33
transcription_TU_g.24158.CDS.1144,2.7275725005023534e-14,-6.391985573572986e-35
translation_g.24158.CDS.1147,7.560042120933749e-13,-7.705267324276883e-34
transcription_TU_g.24158.CDS.1147,8.390114800738905e-13,7.014688684288806e-34
translation_g.24158.CDS.1148,1.5120084241867498e-12,2.164973626999118e-34
transcription_TU_g.24158.CDS.1148,1.678022960147781e-12,-1.3732459329030997e-34
translation_g.24158.CDS.1150,1.2843596550666817e-30,-5.1709616687908935e-33
transcription_TU_g.24158.CDS.1150,1.4253789562497023e-30,-6.717255162034644e-34
translation_g.24158.CDS.1151,7.537662121913576e-14,-3.4958779165555405e-33
transcription_TU_g.24158.CDS.1151,8.365277536869736e-14,9.124043923567892e-34
translation_g.24158.CDS.1152,6.099758360298364e-08,-2.255675068104043e-33
transcription_TU_g.24158.CDS.1152,6.769495735739256e-08,9.866339022434432e-35
translation_g.24158.CDS.1154,2.705985805887808e-57,2.1145817652696187e-34
transcription_TU_g.24158.CDS.1154,0.0,-0.014161915822024732
translation_g.24158.CDS.1158,4.000871612428034e-15,7.026681078694167e-34
transcription_TU_g.24158.CDS.1158,4.440156760283048e-15,-9.526893659515253e-34
translation_g.24158.CDS.1162,0.0,-3.5203944727065036e-34
transcription_TU_g.24158.CDS.1162,0.0,-4.887845360989788
translation_g.24158.CDS.1166,-7.726462688954177e-32,-2.4573866311352692e-33
transcription_TU_g.24158.CDS.1166,0.0,-6.350121909528884
translation_g.24158.CDS.1173,1.2271179129998969e-11,-1.1566316805950772e-33
transcription_TU_g.24158.CDS.1173,1.3618522224371738e-11,3.3300182907485073e-34
translation_g.24158.CDS.1175,9.065224688843189e-60,-8.190057049383292e-34
transcription_TU_g.24158.CDS.1175,0.0,-5.1622443891478325
translation_g.24158.CDS.1179,6.099757745868065e-08,-3.6899801030337277e-35
transcription_TU_g.24158.CDS.1179,6.769495053846131e-08,1.769909876359907e-34
translation_g.24158.CDS.1185,4.980509397793275e-13,3.0918828284198254e-33
transcription_TU_g.24158.CDS.1185,5.527356189978926e-13,-1.123288368013943e-33
translation_g.24158.CDS.1187,1.4477009479163543e-14,1.2263589797447365e-33
transcription_TU_g.24158.CDS.1187,1.606654692640328e-14,-9.716849037246031e-34
translation_g.24158.CDS.1188,6.099757745868065e-08,2.9579703761114417e-34
transcription_TU_g.24158.CDS.1188,6.769495053846131e-08,0.0
translation_g.24158.CDS.1190,6.039802468150499e-09,-1.4773816910285122e-33
transcription_TU_g.24158.CDS.1190,6.70295684481054e-09,-5.0406476557406004e-34
translation_g.24158.CDS.1192,1.7724885766539853e-59,4.455151875797812e-34
transcription_TU_g.24158.CDS.1192,0.0,-2.6381507430124365
translation_g.24158.CDS.1193,4.209592588661999e-12,6.483803286742482e-34
transcription_TU_g.24158.CDS.1193,4.671794749055123e-12,-5.112557493443297e-34
translation_g.24158.CDS.1204,6.099757745868065e-08,-7.240435934703547e-34
transcription_TU_g.24158.CDS.1204,6.769495053846131e-08,4.743858486870871e-34
translation_g.24158.CDS.1209,-6.713711274654633e-30,4.953979386859853e-34
transcription_TU_g.24158.CDS.1209,0.0,-0.020048061191714962
translation_g.24158.CDS.1212,0.0,3.568801388238666e-33
transcription_TU_g.24158.CDS.1212,0.0,-0.034984034455022454
translation_g.24158.CDS.1214,1.2288605985392676e-14,1.9400128799559453e-33
transcription_TU_g.24158.CDS.1214,1.3637862502511751e-14,9.469417337623851e-35
translation_g.24158.CDS.1220,3.012205172810364e-59,-1.1743993519785703e-34
transcription_TU_g.24158.CDS.1220,0.0,-0.02594491665211502
translation_g.24158.CDS.1224,0.0,1.9517367316407844e-33
transcription_TU_g.24158.CDS.1224,0.0,-0.02882992688814217
translation_g.24158.CDS.1230,1.5120084241867498e-12,5.034920293364182e-34
transcription_TU_g.24158.CDS.1230,1.678022960147781e-12,5.2888525794241e-34
translation_g.24158.CDS.1234,7.218240872417088e-12,-3.3701355871085106e-33
transcription_TU_g.24158.CDS.1234,8.010784676882866e-12,5.775983738055267e-34
translation_g.24158.CDS.1236,1.1522420251961118e-12,7.880503715414101e-34
transcription_TU_g.24158.CDS.1236,1.2787551596917866e-12,-1.386648483299301e-33
translation_g.24158.CDS.1238,3.352656212567917e-13,-9.485836779088105e-35
transcription_TU_g.24158.CDS.1238,3.720769019654755e-13,-1.6862856941282233e-33
translation_g.24158.CDS.1239,-1.5798505665455978e-30,2.64301478296485e-33
transcription_TU_g.24158.CDS.1239,-1.7533139907549626e-30,2.1261084272743374e-34
translation_g.24158.CDS.1242,-2.521738751390608e-61,-3.8343815910753617e-34
transcription_TU_g.24158.CDS.1242,0.0,-0.012128059263684607
translation_g.24158.CDS.1244,-4.875376354823835e-30,-8.181095131057966e-34
transcription_TU_g.24158.CDS.1244,0.0,-1.3117746200282142e-34
translation_g.24158.CDS.1246,6.099757745868065e-08,4.418223772598725e-34
transcription_TU_g.24158.CDS.1246,6.769495053846131e-08,-1.09226919608735e-33
translation_g.24158.CDS.1247,6.852110933170043e-08,1.9096952580386509e-34
transcription_TU_g.24158.CDS.1247,7.604454636238745e-08,-2.771363906445304e-34
translation_g.24158.CDS.1254,0.0,-1.20838052487777e-32
transcription_TU_g.24158.CDS.1254,0.0,-0.03960773603378495
translation_g.24158.CDS.1255,0.0,-1.7094191331095345
transcription_TU_g.24158.CDS.1255,0.0,-0.03159294894041091
translation_g.24158.CDS.1256,-1.7288570787184322e-29,-2.7556357999653263e-34
transcription_TU_g.24158.CDS.1256,0.0,-0.01771114519778183
translation_g.24158.CDS.1263,6.099757745868065e-08,-8.494295104112348e-36
transcription_TU_g.24158.CDS.1263,6.769495053846131e-08,-9.345701487812761e-35
translation_g.24158.CDS.1266,3.7800210604668746e-13,-1.4961827416144265e-32
transcription_TU_g.24158.CDS.1266,4.1950574003694523e-13,-1.2243242703091504e-33
translation_g.24158.CDS.1274,2.8449172192768967e-13,-1.3681534824450397e-33
transcription_TU_g.24158.CDS.1274,3.157281624428827e-13,-5.029307036174584e-34
translation_g.24158.CDS.1288,2.2122166012387417e-15,-2.3224998734522355e-33
transcription_TU_g.24158.CDS.1288,2.4551121477351004e-15,-2.95577784506996e-34
translation_g.24158.CDS.1290,6.099758360298364e-08,2.3053792399881397e-34
transcription_TU_g.24158.CDS.1290,6.769495735739256e-08,-1.1378507545021235e-33
translation_g.24158.CDS.1292,5.530541503096847e-16,-8.237109365676675e-34
transcription_TU_g.24158.CDS.1292,6.137780369337744e-16,-4.165100276973365e-34
translation_g.24158.CDS.1295,1.6210106935485824e-30,1.552109198716466e-33
transcription_TU_g.24158.CDS.1295,0.0,-4.4801442881052065
translation_g.24158.CDS.1298,2.5115419446169234e-12,1.4505555069073983e-33
transcription_TU_g.24158.CDS.1298,2.787302624129345e-12,-8.276074869654378e-34
translation_g.24158.CDS.1305,7.560042120933749e-13,-4.3105289962550554e-33
transcription_TU_g.24158.CDS.1305,8.390114800738905e-13,2.2597602062733805e-33
translation_g.24158.CDS.1308,6.099756517007466e-08,2.6699830656647075e-34
transcription_TU_g.24158.CDS.1308,6.769493690059881e-08,-3.8699864269031606e-35
translation_g.24158.CDS.1310,-3.206547448905877e-31,2.7916425798801338e-33
transcription_TU_g.24158.CDS.1310,0.0,-2.8019965504852506
translation_g.24158.CDS.1315,2.349222195634272e-11,-1.984787834949058e-33
transcription_TU_g.24158.CDS.1315,2.607160594944016e-11,-8.46706121280025e-34
translation_g.24158.CDS.1316,0.0,2.3638488181393164e-34
transcription_TU_g.24158.CDS.1316,0.0,-0.020407160314161673
translation_g.24158.CDS.1317,0.0,-8.841883955685643e-33
transcription_TU_g.24158.CDS.1317,0.0,7.91227294880364e-34
translation_g.24158.CDS.1318,0.0,-1.2469617403080138e-35
transcription_TU_g.24158.CDS.1318,0.0,-0.015496419508132447
translation_g.24158.CDS.1319,4.751934945632424e-12,-2.1221089225166427e-33
transcription_TU_g.24158.CDS.1319,5.2736848660010805e-12,1.1609959280709482e-33
translation_g.24158.CDS.1321,6.099757745868065e-08,4.67009143806754e-34
transcription_TU_g.24158.CDS.1321,6.769495053846131e-08,-3.2990893282957347e-35
translation_g.24158.CDS.1322,1.4980330580617495e-14,-1.8047355764347144e-33
transcription_TU_g.24158.CDS.1322,1.6625131356923815e-14,-9.376114967557988e-34
translation_g.24158.CDS.1327,2.0367663072647872e-27,3.514598734877677e-33
transcription_TU_g.24158.CDS.1327,-8.912021629291417e-40,-1.5827252181821902e-33
translation_g.24158.CDS.1330,1.2867169810175718e-12,1.1978249238883509e-33
transcription_TU_g.24158.CDS.1330,1.427995110887586e-12,-1.9816414729365227e-34
translation_g.24158.CDS.1331,1.8535998376389773e-13,-4.5285775835238286e-35
transcription_TU_g.24158.CDS.1331,2.0571202096029035e-13,1.3660291749974527e-34
translation_g.24158.CDS.1334,2.672305819522774e-30,-2.4203587357939837e-33
transcription_TU_g.24158.CDS.1334,0.0,-0.020953693061766622
translation_g.24158.CDS.1342,0.0,-4.729308985468865e-34
transcription_TU_g.24158.CDS.1342,0.0,-3.3650711148616494e-34
translation_g.24158.CDS.1343,2.237610161546294e-30,-1.5306550397981804e-34
transcription_TU_g.24158.CDS.1343,0.0,-0.023773470637021787
translation_g.24158.CDS.1345,1.0196376479339744e-13,-3.093983249445795e-33
transcription_TU_g.24158.CDS.1345,1.1315911716461206e-13,1.0090574000217033e-33
translation_g.24158.CDS.1346,1.5375140918294237e-09,-2.539072881820494e-33
transcription_TU_g.24158.CDS.1346,1.7063290828079937e-09,2.727547876303876e-34
translation_g.24158.CDS.1350,-8.340587926432737e-56,-9.090591958107505e-34
transcription_TU_g.24158.CDS.1350,0.0,-0.014408568897548674
translation_g.24158.CDS.1353,1.2288605985392676e-14,-5.247432844167395e-33
transcription_TU_g.24158.CDS.1353,1.3637862502511751e-14,-1.4201548592898046e-34
translation_g.24158.CDS.1354,-5.335378797504505e-32,-8.108907054761822e-34
transcription_TU_g.24158.CDS.1354,0.0,-0.021257447298106996
translation_g.24158.CDS.1356,1.209574174553314e-44,7.46791690355429e-34
transcription_TU_g.24158.CDS.1356,0.0,-0.008043655286022489
translation_g.24158.CDS.1359,9.5169972782123e-12,5.1042751706720945e-33
transcription_TU_g.24158.CDS.1359,1.0561938471403476e-11,-1.7613399763469512e-33
translation_g.24158.CDS.1363,6.039802468150499e-09,1.3857349947606723e-33
transcription_TU_g.24158.CDS.1363,6.70295684481054e-09,1.3410282636814615e-34
translation_g.24158.CDS.1372,-2.846502200133164e-30,1.1930009546313012e-34
transcription_TU_g.24158.CDS.1372,0.0,-0.019930313258100765
translation_g.24158.CDS.1373,9.848283826849392e-32,1.0659113941968038e-33
transcription_TU_g.24158.CDS.1373,0.0,-0.0115289542141658
translation_g.24158.CDS.1379,0.0,-1.3414979546301977e-33
transcription_TU_g.24158.CDS.1379,0.0,-0.0208294822624036
translation_g.24158.CDS.1380,5.530541503096847e-16,-1.3862413044808206e-33
transcription_TU_g.24158.CDS.1380,6.137780369337744e-16,-1.8673361080861405e-34
translation_g.24158.CDS.1382,5.183655848024993e-52,-1.3213514305221892e-34
transcription_TU_g.24158.CDS.1382,0.0,-3.441248504383952
translation_g.24158.CDS.1383,6.099757745868065e-08,-1.6697556551292667e-34
transcription_TU_g.24158.CDS.1383,6.769495053846131e-08,-1.9000692600153246e-34
translation_g.24158.CDS.1396,-3.709135547813538e-31,-3.6556976347149805e-33
transcription_TU_g.24158.CDS.1396,0.0,-0.07459000867156813
translation_g.24158.CDS.1398,6.099756517007466e-08,-9.386370112518213e-34
transcription_TU_g.24158.CDS.1398,6.769493690059881e-08,-4.5682077542745e-34
translation_g.24158.CDS.1399,1.0760927189387269e-12,-5.6422872688274175e-33
transcription_TU_g.24158.CDS.1399,1.1942448605061552e-12,8.798774335106234e-34
translation_g.24158.CDS.1401,6.786354040858883e-12,9.386698020572806e-35
transcription_TU_g.24158.CDS.1401,7.531477810633134e-12,5.4877000338600495e-34
translation_g.24158.CDS.1403,7.218240872417088e-12,-4.1346317829814185e-35
transcription_TU_g.24158.CDS.1403,8.010784676882866e-12,-1.0352439215650506e-33
translation_g.24158.CDS.1406,-4.8869965179079084e-29,3.2934261377322123e-34
transcription_TU_g.24158.CDS.1406,0.0,-0.02461623846296231
translation_g.24158.CDS.1407,1.725365965476634e-30,-8.955117007216184e-34
transcription_TU_g.24158.CDS.1407,0.0,-6.982683894714113
translation_g.24158.CDS.1412,0.0,-2.712172322396593e-33
transcription_TU_g.24158.CDS.1412,0.0,-5.121485189712134
translation_g.24158.CDS.1417,1.0501455202865735e-31,1.0697955775085613e-33
transcription_TU_g.24158.CDS.1417,0.0,-1.7915016875448828
translation_g.24158.CDS.1423,2.9286469408354382e-30,8.05819743985339e-34
transcription_TU_g.24158.CDS.1423,0.0,-4.088414670301912
translation_g.24158.CDS.1425,1.518645073990466e-12,-4.370676489991562e-34
transcription_TU_g.24158.CDS.1425,1.6853882965909863e-12,-6.053055693361354e-34
translation_g.24158.CDS.1426,1.471453213191989e-09,-3.839054995953493e-33
transcription_TU_g.24158.CDS.1426,1.6330148939794665e-09,-5.0125538481793316e-34
translation_g.24158.CDS.1432,1.3895936639575024e-30,-9.680887569977745e-34
transcription_TU_g.24158.CDS.1432,0.0,-4.819062611536374
translation_g.24158.CDS.1437,1.219951426287553e-07,-6.573036680946242e-34
transcription_TU_g.24158.CDS.1437,1.3538988743906012e-07,6.386830746497524e-35
translation_g.24158.CDS.1438,6.099757745868065e-08,3.5717626810788548e-34
transcription_TU_g.24158.CDS.1438,6.769495053846131e-08,8.807022058426973e-35
translation_g.24158.CDS.1441,1.2288605985392676e-14,-3.0259660850236963e-34
transcription_TU_g.24158.CDS.1441,1.3637862502511751e-14,-2.902811996869587e-34
translation_g.24158.CDS.1442,3.350681988092077e-13,8.848687911974719e-34
transcription_TU_g.24158.CDS.1442,3.7185780305399115e-13,-1.6539262671620102e-34
translation_g.24158.CDS.1444,0.0,-1.126610648571277e-33
transcription_TU_g.24158.CDS.1444,-7.815203333005231e-59,5.3674636923248965e-34
translation_g.24158.CDS.1447,-2.8326124676213452e-42,-8.194394823943628e-33
transcription_TU_g.24158.CDS.1447,-1.2454097134404028e-39,2.591801175402157e-34
translation_g.24158.CDS.1451,-7.50909993683291e-29,-1.1287858864975624e-33
transcription_TU_g.24158.CDS.1451,0.0,-0.020351386735110975
translation_g.24158.CDS.1461,2.0182723863999324e-12,2.626265639666462e-33
transcription_TU_g.24158.CDS.1461,2.2398733697749854e-12,-1.3996773087325313e-33
translation_g.24158.CDS.1464,3.350681988092077e-13,1.4620857744037103e-34
transcription_TU_g.24158.CDS.1464,3.7185780305399115e-13,-2.743012357530262e-34
translation_g.24158.CDS.1468,0.0,1.1306473131397548e-33
transcription_TU_g.24158.CDS.1468,0.0,-0.020769221718396076
translation_g.24158.CDS.1469,1.5768992242973704e-11,3.509669389468115e-33
transcription_TU_g.24158.CDS.1469,1.7500385989141775e-11,1.911049041686059e-33
translation_g.24158.CDS.1471,0.0,1.1037914715053813e-33
transcription_TU_g.24158.CDS.1471,5.542101825168687e-26,-1.3337053807362594e-34
translation_g.24158.CDS.1475,7.560042120933749e-13,2.3596174292932535e-33
transcription_TU_g.24158.CDS.1475,8.390114800738905e-13,-1.4075255329549225e-33
translation_g.24158.CDS.1476,6.099757745868065e-08,6.223349654236373e-34
transcription_TU_g.24158.CDS.1476,6.769495053846131e-08,-6.298554332830236e-34
translation_g.24158.CDS.1482,0.0,3.4625284759096124e-34
transcription_TU_g.24158.CDS.1482,0.0,-0.002281174613959166
translation_g.24158.CDS.1485,9.402469523101006e-12,-2.561338021645024e-33
transcription_TU_g.24158.CDS.1485,1.0434835870930664e-11,1.5170656083084917e-34
translation_g.24158.CDS.1487,3.0410525906583144e-13,-3.4006476122097096e-33
transcription_TU_g.24158.CDS.1487,3.3749521421391706e-13,-9.084996108471267e-34
translation_g.24158.CDS.1489,-3.229206674502923e-31,1.4370460018379564e-33
transcription_TU_g.24158.CDS.1489,0.0,-0.010566177552617847
translation_g.24158.CDS.1492,2.285689861327104e-09,-2.122797044000624e-33
transcription_TU_g.24158.CDS.1492,2.536652577942356e-09,-5.759746032767562e-34
translation_g.24158.CDS.1493,2.0979984445168496e-12,-4.133368351909065e-35
transcription_TU_g.24158.CDS.1493,2.328353138738058e-12,4.182101973328368e-34
translation_g.24158.CDS.1494,0.0,-1.8802422589752055
transcription_TU_g.24158.CDS.1494,0.0,-8.806916752423797
translation_g.24158.CDS.1496,8.052442880197063e-56,-2.5935533188405978e-33
transcription_TU_g.24158.CDS.1496,1.1830179097474354e-55,9.938377730814014e-34
translation_g.24158.CDS.1498,5.338374857989195e-59,2.1506877989683847e-33
transcription_TU_g.24158.CDS.1498,0.0,-6.600522428814165
translation_g.24158.CDS.1499,6.099758360298364e-08,6.931875322312448e-35
transcription_TU_g.24158.CDS.1499,6.769495735739256e-08,-6.680655889798863e-35
translation_g.24158.CDS.1500,-2.0759731251649527e-29,-2.647677386680023e-33
transcription_TU_g.24158.CDS.1500,0.0,-0.022985382134270305
translation_g.24158.CDS.1501,3.899619833763344e-30,6.405341233856003e-34
transcription_TU_g.24158.CDS.1501,4.327787789546036e-30,-6.540484824791293e-34
translation_g.24158.CDS.1510,6.144302992696338e-15,-4.424641107991927e-34
transcription_TU_g.24158.CDS.1510,6.818931251244901e-15,2.7426227013351483e-34
translation_g.24158.CDS.1513,0.0,1.4448942710397362e-34
transcription_TU_g.24158.CDS.1513,-1.345540520500861e-38,3.181043788267653e-34
translation_g.24158.CDS.1514,1.1699667677787012e-13,6.348436636695018e-34
transcription_TU_g.24158.CDS.1514,1.298426032248129e-13,-9.522512056501111e-34
translation_g.24158.CDS.1518,6.099757745868065e-08,-1.945371040324487e-35
transcription_TU_g.24158.CDS.1518,6.769495053846131e-08,2.886703162258768e-35
translation_g.24158.CDS.1521,0.0,-8.28529021031652e-35
transcription_TU_g.24158.CDS.1521,0.0,-0.003662970641294931
translation_g.24158.CDS.1522,4.32116170076373e-30,-3.6387174818090024e-33
transcription_TU_g.24158.CDS.1522,0.0,-0.018244975527627376
translation_g.24158.CDS.1523,2.05022070205441e-31,-2.3135325754814633e-34
transcription_TU_g.24158.CDS.1523,0.0,-0.00798007696094664
translation_g.24158.CDS.1525,-5.968379713410313e-28,-3.493432216124887e-33
transcription_TU_g.24158.CDS.1525,-6.623692060029003e-28,-5.4772615090322386e-34
translation_g.24158.CDS.1539,9.575856302007252e-11,1.4096630874267304e-34
transcription_TU_g.24158.CDS.1539,1.0627260060727912e-10,-2.8787131802918016e-34
translation_g.24158.CDS.1540,1.6290632533989224e-30,-4.5716072024162215e-34
transcription_TU_g.24158.CDS.1540,0.0,-0.012492289633565721
translation_g.24158.CDS.1542,0.0,-6.527092043548093e-30
transcription_TU_g.24158.CDS.1542,0.0,-4.457279149493925
translation_g.24158.CDS.1550,5.530541503096847e-16,9.63797779896577e-34
transcription_TU_g.24158.CDS.1550,6.137780369337744e-16,3.5524490790546963e-34
translation_g.24158.CDS.1552,5.466724963640145e-12,-2.7102669216207072e-33
transcription_TU_g.24158.CDS.1552,6.066956942210927e-12,8.903675066091887e-34
translation_g.24158.CDS.1555,0.0,-0.8959587655459796
transcription_TU_g.24158.CDS.1555,0.0,-4.046409003548936
translation_g.24158.CDS.1561,1.8028382031534247e-12,-4.623517762377471e-33
transcription_TU_g.24158.CDS.1561,2.0007850815713247e-12,5.489890835367121e-36
translation_g.24158.CDS.1564,0.0,-3.8083590920520706e-33
transcription_TU_g.24158.CDS.1564,0.0,-1.2356120499882618e-34
translation_g.24158.CDS.1565,1.2288605985392676e-14,-1.7399748754941146e-33
transcription_TU_g.24158.CDS.1565,1.3637862502511751e-14,-3.675133963450694e-34
translation_g.24158.CDS.1570,6.118463658856257e-32,7.990869986553491e-34
transcription_TU_g.24158.CDS.1570,6.790254804311257e-32,5.1650265922430755e-34
translation_g.24158.CDS.1574,1.0296030740674234e-30,2.3344887592524847e-33
transcription_TU_g.24158.CDS.1574,3.52192424655236e-26,2.0719311947112307e-33
translation_g.24158.CDS.1576,1.1678184433090465e-51,1.296188851086298e-33
transcription_TU_g.24158.CDS.1576,0.0,-0.011888791028134749
translation_g.24158.CDS.1579,6.099756517007466e-08,2.7032821804379864e-33
transcription_TU_g.24158.CDS.1579,6.769493690059881e-08,-1.4760074106524363e-33
translation_g.24158.CDS.1580,-3.2115060745083086e-30,-5.220628088166496e-33
transcription_TU_g.24158.CDS.1580,0.0,-0.022333196072128397
translation_g.24158.CDS.1582,0.0,-3.2737406285162e-33
transcription_TU_g.24158.CDS.1582,0.0,-0.04435910592353064
translation_g.24158.CDS.1585,2.669742296674514e-12,-1.1912298371938553e-33
transcription_TU_g.24158.CDS.1585,2.962872957475128e-12,-1.295531344793898e-34
translation_g.24158.CDS.1588,-2.7897185258705327e-30,5.677689351609762e-34
transcription_TU_g.24158.CDS.1588,-3.0960222600760152e-30,7.956475590975729e-35
translation_g.24158.CDS.1589,6.099757745868065e-08,-5.780713894126143e-34
transcription_TU_g.24158.CDS.1589,6.769495053846131e-08,-1.1041639595639787e-34
translation_g.24158.CDS.1592,1.5120084241867498e-12,7.017792772236144e-34
transcription_TU_g.24158.CDS.1592,1.678022960147781e-12,-2.6722623559195453e-33
translation_g.24158.CDS.1597,1.5050434022545382e-51,2.8711170394108235e-34
transcription_TU_g.24158.CDS.1597,1.670293262111022e-51,-1.257777806412749e-33
translation_g.24158.CDS.1602,-3.514197465804808e-29,-4.309561260201119e-34
transcription_TU_g.24158.CDS.1602,0.0,-3.366452242978055
translation_g.24158.CDS.1603,-1.512608482708986e-58,-3.562121915426085e-34
transcription_TU_g.24158.CDS.1603,0.0,-1.5110783151954463
translation_g.24158.CDS.1606,1.1770929682883792e-09,2.225321342747489e-33
transcription_TU_g.24158.CDS.1606,1.306334670773267e-09,2.7281922296883087e-34
translation_g.24158.CDS.1607,8.124495261574963e-11,-5.174833348974269e-34
transcription_TU_g.24158.CDS.1607,9.016543407069538e-11,4.495524692510485e-34
translation_g.24158.CDS.1609,0.0,-1.8586778730063684e-33
transcription_TU_g.24158.CDS.1609,0.0,-0.043652797830481184
translation_g.24158.CDS.1610,7.152578057962421e-12,-7.493838370253136e-33
transcription_TU_g.24158.CDS.1610,7.937912258634193e-12,1.8924658900790182e-34
translation_g.24158.CDS.1618,0.0,2.290728491213211e-34
transcription_TU_g.24158.CDS.1618,0.0,-0.045814131934779935
translation_g.24158.CDS.1624,-7.412761008594325e-46,-3.515214942927537e-33
transcription_TU_g.24158.CDS.1624,0.0,-0.025638838591562647
translation_g.24158.CDS.1631,6.099757745868065e-08,1.0957473060336198e-35
transcription_TU_g.24158.CDS.1631,6.769495053846131e-08,-7.6502788626932815e-34
translation_g.24158.CDS.1633,-6.783284579473354e-30,-2.4619805921952144e-34
transcription_TU_g.24158.CDS.1633,0.0,-7.5236018606263375
translation_g.24158.CDS.1638,8.375904448024973e-52,-4.046515576665372e-33
transcription_TU_g.24158.CDS.1638,0.0,-4.523876270708724
translation_g.24158.CDS.1639,1.45922407027428e-46,-8.281277331801712e-34
transcription_TU_g.24158.CDS.1639,0.0,-3.920188611880903
translation_g.24158.CDS.1640,0.0,-1.3999892756854377
transcription_TU_g.24158.CDS.1640,0.0,-6.4803604912151735
translation_g.24158.CDS.1642,0.0,1.8221140187430605e-33
transcription_TU_g.24158.CDS.1642,0.0,-0.06207237360835333
translation_g.24158.CDS.1643,1.2522066291145553e-30,-6.272017533875057e-34
transcription_TU_g.24158.CDS.1643,0.0,-5.423582564994604
translation_g.24158.CDS.1644,0.0,-6.516751034050388e-34
transcription_TU_g.24158.CDS.1644,0.0,-11.403247365569158
translation_g.24158.CDS.1645,6.099757745868065e-08,5.157584861772409e-35
transcription_TU_g.24158.CDS.1645,6.769495053846131e-08,-1.5402623301480712e-34
translation_g.24158.CDS.1648,-1.194007997961651e-29,-1.1273521557553164e-33
transcription_TU_g.24158.CDS.1648,0.0,-0.00888532827165318
translation_g.24158.CDS.1654,1.1061083006193695e-15,4.7952986361477846e-35
transcription_TU_g.24158.CDS.1654,1.2275560738675488e-15,-1.4196393765822583e-34
translation_g.24158.CDS.1658,6.099757745868065e-08,-4.5836553953373035e-34
transcription_TU_g.24158.CDS.1658,6.769495053846131e-08,4.897085721688981e-35
translation_g.24158.CDS.1660,4.4145437752795723e-10,-3.9736343666827075e-34
transcription_TU_g.24158.CDS.1660,4.89924903525647e-10,-7.336865376505186e-34
translation_g.24158.CDS.1661,7.218240872417088e-12,1.2372727441046363e-33
transcription_TU_g.24158.CDS.1661,8.010784676882866e-12,-7.042939211562407e-34
translation_g.24158.CDS.1663,-1.0091239947721632e-30,2.123463934468056e-33
transcription_TU_g.24158.CDS.1663,0.0,-0.019991582533344175
translation_g.24158.CDS.1664,6.401969123057837e-13,-1.327925353645408e-33
transcription_TU_g.24158.CDS.1664,7.10488844295048e-13,3.324863463673045e-34
translation_g.24158.CDS.1666,6.852262134012461e-08,-3.274401194568938e-33
transcription_TU_g.24158.CDS.1666,7.604622438534759e-08,-6.1053771881772944e-34
translation_g.24158.CDS.1670,8.434021242889143e-14,-3.6218263651582376e-33
transcription_TU_g.24158.CDS.1670,9.3600545245336e-14,9.50163500684549e-34
translation_g.24158.CDS.1672,-4.875376354823308e-30,-5.899542656268728e-34
transcription_TU_g.24158.CDS.1672,0.0,1.1005555806111553e-34
translation_g.24158.CDS.1674,6.099757745868065e-08,-1.1999891743416256e-34
transcription_TU_g.24158.CDS.1674,6.769495053846131e-08,-1.6914276341359968e-34
translation_g.24158.CDS.1675,6.099757745868065e-08,6.708331722999399e-35
transcription_TU_g.24158.CDS.1675,6.769495053846131e-08,-2.1645118889865297e-34
translation_g.24158.CDS.1683,6.099757745868065e-08,7.201159692224727e-34
transcription_TU_g.24158.CDS.1683,6.769495053846131e-08,-1.574026447492348e-34
translation_g.24158.CDS.1689,0.0,-5.444186675281527e-33
transcription_TU_g.24158.CDS.1689,0.0,-8.498363513470668
translation_g.24158.CDS.1694,0.0,-0.9198756693688435
transcription_TU_g.24158.CDS.1694,0.0,-4.1759261151992035
translation_g.24158.CDS.1700,0.0,3.516602281221755e-33
transcription_TU_g.24158.CDS.1700,0.0,-4.735750326908588
translation_g.24158.CDS.1703,3.1367487764958295e-13,2.472671664819837e-34
transcription_TU_g.24158.CDS.1703,3.481155516713812e-13,-1.0823074927640194e-33
translation_g.24158.CDS.1713,3.252547407776821e-12,-1.2884671815920608e-34
transcription_TU_g.24158.CDS.1713,3.6096685322068994e-12,-2.557438582813627e-34
translation_g.24158.CDS.1714,0.0,-1.9172637994548904
transcription_TU_g.24158.CDS.1714,0.0,-9.362536395679303
translation_g.24158.CDS.1715,3.475657772253763e-31,-1.6308021867191838e-33
transcription_TU_g.24158.CDS.1715,0.0,-5.989035690115729
translation_g.24158.CDS.1716,6.099757745868065e-08,-1.4780875961781143e-35
transcription_TU_g.24158.CDS.1716,6.769495053846131e-08,-3.3957423359606487e-34
translation_g.24158.CDS.1717,0.0,4.466990962846203e-33
transcription_TU_g.24158.CDS.1717,0.0,-0.07068268332083275
translation_g.24158.CDS.1718,2.97030530496413e-13,9.040513800109895e-34
transcription_TU_g.24158.CDS.1718,3.2964369911228e-13,-7.886885425456991e-35
translation_g.24158.CDS.1723,3.4735680479460037e-13,4.883104592159262e-33
transcription_TU_g.24158.CDS.1723,3.854956655565029e-13,-1.1188294425936684e-33
translation_g.24158.CDS.1724,8.488273610278844e-31,2.1145817652696187e-34
transcription_TU_g.24158.CDS.1724,9.420263658732872e-31,2.1450172577136536e-34
translation_g.24158.CDS.1736,-1.0813310571530557e-30,-4.74559578870201e-33
transcription_TU_g.24158.CDS.1736,0.0,-0.025350559745816438
translation_g.24158.CDS.1737,1.599723171146335e-11,-4.565095069320901e-33
transcription_TU_g.24158.CDS.1737,1.7753685549125082e-11,9.106666223095228e-34
translation_g.24158.CDS.1738,-2.1674733253752796e-30,3.808749389098411e-34
transcription_TU_g.24158.CDS.1738,0.0,-3.023736400882635
translation_g.24158.CDS.1739,0.0,1.9294727207725054e-34
transcription_TU_g.24158.CDS.1739,0.0,-2.689278641579005
translation_g.24158.CDS.1741,3.350681988092077e-13,-1.0229806051833107e-33
transcription_TU_g.24158.CDS.1741,3.7185780305399115e-13,1.965922175904353e-34
translation_g.24158.CDS.1743,1.1061083006193695e-15,-1.1980345993031504e-33
transcription_TU_g.24158.CDS.1743,1.2275560738675488e-15,4.433151284897393e-34
translation_g.24158.CDS.1752,1.838547260925632e-12,5.965231871093116e-35
transcription_TU_g.24158.CDS.1752,2.0404148996784798e-12,-1.554850490771629e-33
translation_g.24158.CDS.1753,7.560042120933749e-13,1.790941361532477e-33
transcription_TU_g.24158.CDS.1753,8.390114800738905e-13,1.4838169736717613e-34
translation_g.24158.CDS.1754,6.099757745868065e-08,-1.6856456209438847e-34
transcription_TU_g.24158.CDS.1754,6.769495053846131e-08,1.5083024022802062e-34
translation_g.24158.CDS.1755,1.1061083006193695e-15,-1.3516166539643903e-34
transcription_TU_g.24158.CDS.1755,1.2275560738675488e-15,5.1419400077734306e-36
translation_g.24158.CDS.1761,0.0,-5.905728259512602e-33
transcription_TU_g.24158.CDS.1761,0.0,-6.469078958142148
translation_g.24158.CDS.1769,2.123588570293504e-30,-8.682685191507782e-34
transcription_TU_g.24158.CDS.1769,0.0,-7.156703961109425
translation_g.24158.CDS.1775,5.530541503091849e-16,-8.72365496883615e-34
transcription_TU_g.24158.CDS.1775,6.137780369337744e-16,-3.1251583531742302e-34
translation_g.24158.CDS.1777,6.099757745868065e-08,-8.851673336527414e-34
transcription_TU_g.24158.CDS.1777,6.769495053846131e-08,1.9557376628327774e-34
translation_g.24158.CDS.1779,2.621247216383816e-30,-5.3839254004555006e-34
transcription_TU_g.24158.CDS.1779,0.0,-0.013149518553235031
translation_g.24158.CDS.1783,0.0,4.484108554233538e-34
transcription_TU_g.24158.CDS.1783,-1.9175447353146856e-59,3.568880090357732e-33
translation_g.24158.CDS.1791,6.099757745868065e-08,-4.4495536002014937e-35
transcription_TU_g.24158.CDS.1791,6.769495053846131e-08,-9.619680546873571e-34
translation_g.24158.CDS.1792,3.9400185724132365e-10,6.590316553098066e-34
transcription_TU_g.24158.CDS.1792,4.372622217018486e-10,-7.3220452486632325e-34
translation_g.24158.CDS.1794,3.0144749853935515e-30,-2.4255332585463447e-34
transcription_TU_g.24158.CDS.1794,0.0,-0.0184901463936347
translation_g.24158.CDS.1798,1.1061083006193695e-15,7.039008634807066e-34
transcription_TU_g.24158.CDS.1798,1.2275560738675488e-15,-1.3553071346804916e-33
translation_g.24158.CDS.1799,-2.516196885034256e-59,-1.745799594567428e-33
transcription_TU_g.24158.CDS.1799,0.0,-7.449314488503316
translation_g.24158.CDS.1801,-2.368471843050573e-59,-2.1375675035018535e-33
transcription_TU_g.24158.CDS.1801,0.0,-3.948883498396282
translation_g.24158.CDS.1803,3.2960475065656134e-09,-2.5018891273125964e-33
transcription_TU_g.24158.CDS.1803,3.6579448270797614e-09,3.6689481709601392e-34
translation_g.24158.CDS.1807,6.099757745868065e-08,1.18006048543235e-33
transcription_TU_g.24158.CDS.1807,6.769495053846131e-08,-7.994750182011035e-34
translation_g.24158.CDS.1809,1.3361656565829296e-14,-8.377298578943018e-34
transcription_TU_g.24158.CDS.1809,1.4828731205734107e-14,-8.443606749606896e-35
translation_g.24158.CDS.1811,0.0,-1.2150436495028151e-33
transcription_TU_g.24158.CDS.1811,0.0,-9.207294380836605e-34
translation_g.24158.CDS.1812,1.8793790207836986e-09,6.214105443461973e-36
transcription_TU_g.24158.CDS.1812,2.085729879045694e-09,-1.0889572196913655e-34
translation_g.24158.CDS.1817,3.705942303400545e-12,2.9097383589672296e-34
transcription_TU_g.24158.CDS.1817,4.112844991213485e-12,-5.721858053762915e-34
transcription_TU_ANG2_RS09630,3.6240339406907763e-08,4.042738743572061e-30
transcription_TU_ANG2_RS09080,-4.874732630086362e-28,8.484619447276457e-35
transcription_TU_ANG2_RS09085,1.423995152982431e-29,1.3299872597049637e-34
transcription_TU_ANG2_RS09090,3.27985715069747e-08,3.783505571397482e-30
transcription_TU_ANG2_RS09095,2.755869490643177e-08,3.8241685512414774e-30
transcription_TU_ANG2_RS09100,4.7973119862040026e-08,4.3014917521437585e-30
transcription_TU_ANG2_RS09105,3.6121464729407333e-08,2.5251589781760204e-35
transcription_TU_ANG2_RS09110,2.753017879761414e-08,-1.817198169080983e-35
transcription_TU_ANG2_RS08930,6.099756517007466e-08,-5.619641677582262e-35
transcription_TU_ANG2_RS08935,6.099756517007466e-08,1.655899679287261e-34
transcription_TU_ANG2_RS08940,3.918912251319877e-08,3.846458581807488e-30
transcription_TU_ANG2_RS08945,6.099756517007466e-08,-2.9674641740997503e-34
transcription_TU_ANG2_RS08720,1.3336568790673536e-08,3.8800423575737495e-30
transcription_TU_ANG2_RS08725,0.0,8.484619447276457e-35
transcription_TU_ANG2_RS08370,0.0,-0.40509434292802576
transcription_TU_ANG2_RS08375,2.0609185345859536e-08,-8.292469629565422e-33
transcription_TU_ANG2_RS08380,8.157258983644703e-09,-2.1801970259207192e-35
transcription_TU_ANG2_RS08385,3.2162114221160667e-09,1.2470033317491428e-35
transcription_TU_ANG2_RS08390,0.0,-0.3904232546585941
transcription_TU_ANG2_RS08395,0.0,-0.35184060853242616
transcription_TU_ANG2_RS08400,0.0,-0.356473765336047
transcription_TU_ANG2_RS08405,0.0,-0.43217305950967494
transcription_TU_ANG2_RS08410,0.0,-0.3468283911697062
transcription_TU_ANG2_RS08415,0.0,-0.3555758569709304
transcription_TU_ANG2_RS08420,0.0,-0.34342388884354286
transcription_TU_ANG2_RS07800,0.0,-0.4215533195899127
transcription_TU_ANG2_RS07805,0.0,-0.3555758569709304
transcription_TU_ANG2_RS07810,0.0,-0.34342388884354286
transcription_TU_ANG2_RS07815,2.21454877834188e-08,-4.701821599079303e-35
transcription_TU_ANG2_RS07820,0.0,-0.356473765336047
transcription_TU_ANG2_RS07825,0.0,-0.43217305950967494
transcription_TU_ANG2_RS07830,3.838670747762739e-08,-9.227825045872091e-33
transcription_TU_ANG2_RS07835,1.442383990217739e-08,6.967483809602128e-35
transcription_TU_ANG2_RS07840,0.0,2.5250536230568276e-35
transcription_TU_ANG2_RS07445,2.6972442230114796e-37,-7.546986882664151e-35
transcription_TU_ANG2_RS07375,2.252620897940184e-08,1.5014717528178172e-35
transcription_TU_ANG2_RS06965,0.0,-0.0007628661721082112
transcription_TU_ANG2_RS06975,-8.482268009737348e-26,1.3299872597049637e-34
transcription_TU_ANG2_RS05980,2.0478063314430455e-08,3.774666811617379e-30
transcription_TU_ANG2_RS05990,0.0,-0.346843037370882
transcription_TU_ANG2_RS05995,1.903188064922789e-08,-4.412759813793276e-36
transcription_TU_ANG2_RS05335,0.0,-0.35057943527019125
transcription_TU_ANG2_RS04890,0.0,-0.4199039648714382
transcription_TU_ANG2_RS04770,0.0,-0.3559809835499556
transcription_TU_ANG2_RS04775,3.6039185791172506e-08,-6.095643498572513e-35
transcription_TU_ANG2_RS04795,0.0,-0.356714557319712
transcription_TU_ANG2_RS03525,0.0,-0.3473381180785832
transcription_TU_ANG2_RS00980,0.0,-0.3997097397710471
transcription_TU_ANG2_RS00985,2.728381586905797e-08,4.68977887742749e-30
transcription_TU_ANG2_RS01150,1.6301620176506195e-09,7.132802924257949e-35
charging_tRNA_ANG2_RS09630_GUU,0.0003285425860625923,8.1838352142082e-40
charging_tRNA_ANG2_RS09630_GUC,0.00013860412240190745,-4.501266307096708e-40
charging_tRNA_ANG2_RS09630_GUA,0.00018300134274015098,1.7691192777248203e-40
charging_tRNA_ANG2_RS09630_GUG,0.0001417295741020169,1.4128463016763343e-39
charging_tRNA_ANG2_RS09080_CGU,0.0,-4.74993337190359e-07
charging_tRNA_ANG2_RS09080_CGC,0.0,-4.74993337190359e-07
charging_tRNA_ANG2_RS09080_CGA,0.0,-4.74993337190359e-07
charging_tRNA_ANG2_RS09080_CGG,0.0,-4.74993337190359e-07
charging_tRNA_ANG2_RS09080_AGA,0.0,-4.74993337190359e-07
charging_tRNA_ANG2_RS09080_AGG,0.0,-4.74993337190359e-07
charging_tRNA_ANG2_RS09085_UUA,0.0,-8.78725798782198e-07
charging_tRNA_ANG2_RS09085_UUG,0.0,-8.78725798782198e-07
charging_tRNA_ANG2_RS09085_CUU,0.0,-8.78725798782198e-07
charging_tRNA_ANG2_RS09085_CUC,0.0,-8.78725798782198e-07
charging_tRNA_ANG2_RS09085_CUA,0.0,-8.78725798782198e-07
charging_tRNA_ANG2_RS09085_CUG,0.0,-8.78725798782198e-07
charging_tRNA_ANG2_RS09090_GGU,0.00029346451710478326,2.5808424605262236e-39
charging_tRNA_ANG2_RS09090_GGC,0.00010610948147087226,5.266420145433803e-39
charging_tRNA_ANG2_RS09090_GGA,0.00024619030652526006,7.759179344049679e-40
charging_tRNA_ANG2_RS09090_GGG,7.09082024817108e-05,-5.286300898003127e-39
charging_tRNA_ANG2_RS09095_ACU,0.00018376439842034505,1.2305105269905909e-39
charging_tRNA_ANG2_RS09095_ACC,6.892721095140555e-05,3.894990304705971e-40
charging_tRNA_ANG2_RS09095_ACA,0.0002457057149729556,-2.186395377860309e-39
charging_tRNA_ANG2_RS09095_ACG,0.00010378009000082407,1.5989071344649438e-40
charging_tRNA_ANG2_RS09100_UUA,0.0002728602532543971,-2.2797262001073758e-39
charging_tRNA_ANG2_RS09100_UUG,0.0002801922854337087,-1.740051787684167e-39
charging_tRNA_ANG2_RS09100_CUU,0.00022239529065501998,1.4004143585942683e-39
charging_tRNA_ANG2_RS09100_CUC,6.911886681109806e-05,-1.2379698934971244e-39
charging_tRNA_ANG2_RS09100_CUA,0.0001013812707736219,1.9021484886454765e-39
charging_tRNA_ANG2_RS09100_CUG,0.00010229939655196056,4.8847631239870896e-40
charging_tRNA_ANG2_RS09105_AAA,0.0005801211251460025,-2.56650541325863e-35
charging_tRNA_ANG2_RS09105_AAG,0.00020915900248628643,6.992188229243209e-33
charging_tRNA_ANG2_RS09110_GAU,0.0004562647000437724,-4.346628748282131e-35
charging_tRNA_ANG2_RS09110_GAC,0.00014528961670104426,-2.1597585921427337e-35
charging_tRNA_ANG2_RS08940_GCU,0.0003604204752323237,5.877381665971807e-40
charging_tRNA_ANG2_RS08940_GCC,0.00010411021878056478,2.3239853631609318e-40
charging_tRNA_ANG2_RS08940_GCA,0.00028570117675284074,-2.0459854798138424e-39
charging_tRNA_ANG2_RS08940_GCG,0.00010607879799386628,-1.197618401370091e-41
charging_tRNA_ANG2_RS08720_CCU,0.00010701812181471349,-1.5842935769880768e-39
charging_tRNA_ANG2_RS08720_CCC,5.870697065981334e-07,2.9382576884475334e-39
charging_tRNA_ANG2_RS08720_CCA,0.00014805503577353858,-1.7181314966092526e-40
charging_tRNA_ANG2_RS08720_CCG,3.575344588075363e-05,7.37795205690798e-40
charging_tRNA_ANG2_RS08725_CGU,0.0,-4.74993337190359e-07
charging_tRNA_ANG2_RS08725_CGC,0.0,-4.74993337190359e-07
charging_tRNA_ANG2_RS08725_CGA,0.0,-4.74993337190359e-07
charging_tRNA_ANG2_RS08725_CGG,0.0,-4.74993337190359e-07
charging_tRNA_ANG2_RS08725_AGA,0.0,-4.74993337190359e-07
charging_tRNA_ANG2_RS08725_AGG,0.0,-4.74993337190359e-07
charging_tRNA_ANG2_RS08370_UUA,0.0,-4.2400974015867723e-07
charging_tRNA_ANG2_RS08370_UUG,0.0,-4.2400974015867723e-07
charging_tRNA_ANG2_RS08370_CUU,0.0,-4.2400974015867723e-07
charging_tRNA_ANG2_RS08370_CUC,0.0,-4.2400974015867723e-07
charging_tRNA_ANG2_RS08370_CUA,0.0,-4.2400974015867723e-07
charging_tRNA_ANG2_RS08370_CUG,0.0,-4.2400974015867723e-07
charging_tRNA_ANG2_RS08375_CAA,0.0003153943899216623,-2.2413799328199142e-39
charging_tRNA_ANG2_RS08375_CAG,0.00013493121459167402,1.0042348000898019e-39
charging_tRNA_ANG2_RS08380_CAU,0.00013862270614840375,2.7171240355262446e-34
charging_tRNA_ANG2_RS08380_CAC,3.961930203071377e-05,-1.0235302582733634e-33
charging_tRNA_ANG2_RS08385_UGG,7.027654555972502e-05,5.026813462890036e-35
charging_tRNA_ANG2_RS08390_UAU,0.0,6.140202788400275e-34
charging_tRNA_ANG2_RS08390_UAC,-3.888902863460898e-27,3.0285320515317805e-39
charging_tRNA_ANG2_RS08395_UUU,0.0,-1.1447530608666087e-32
charging_tRNA_ANG2_RS08395_UUC,-2.160698253942909e-24,-5.574027878660906e-40
charging_tRNA_ANG2_RS08400_AUG,0.0,1.5082185861069388e-32
charging_tRNA_ANG2_RS08400_START,1.22522935208902e-56,-6.204448145133188e-39
charging_tRNA_ANG2_RS08405_UCU,0.0,-2.455081002241802e-08
charging_tRNA_ANG2_RS08405_UCC,0.0,-2.455081002241802e-08
charging_tRNA_ANG2_RS08405_UCA,0.0,-2.455081002241802e-08
charging_tRNA_ANG2_RS08405_UCG,0.0,-2.455081002241802e-08
charging_tRNA_ANG2_RS08405_AGU,0.0,-2.455081002241802e-08
charging_tRNA_ANG2_RS08405_AGC,0.0,-2.455081002241802e-08
charging_tRNA_ANG2_RS08410_GAA,3.3619666077099334e-27,3.393012131296004e-39
charging_tRNA_ANG2_RS08410_GAG,0.0,-5.893252023812371e-34
charging_tRNA_ANG2_RS08415_AUU,0.0,1.6252184662784806e-39
charging_tRNA_ANG2_RS08415_AUC,0.0,1.2348169869141658e-39
charging_tRNA_ANG2_RS08415_AUA,-1.5429880556896416e-25,9.18138495034639e-40
charging_tRNA_ANG2_RS08420_GGU,0.0,2.5808424605262236e-39
charging_tRNA_ANG2_RS08420_GGC,0.0,5.266420145433803e-39
charging_tRNA_ANG2_RS08420_GGA,0.0,7.759179344049679e-40
charging_tRNA_ANG2_RS08420_GGG,-2.5655328715875084e-26,-2.7347231843311013e-39
charging_tRNA_ANG2_RS07800_UCU,0.0,-1.9987416436721737e-39
charging_tRNA_ANG2_RS07800_UCC,0.0,-6.242465833867432e-39
charging_tRNA_ANG2_RS07800_UCA,0.0,-6.647710270846643e-40
charging_tRNA_ANG2_RS07800_UCG,2.157375581743452e-27,-4.81646050310263e-40
charging_tRNA_ANG2_RS07800_AGU,0.0,-3.3394850457713796e-39
charging_tRNA_ANG2_RS07800_AGC,0.0,3.12395994280548e-39
charging_tRNA_ANG2_RS07805_AUU,0.0,1.6252184662784806e-39
charging_tRNA_ANG2_RS07805_AUC,0.0,1.2348169869141658e-39
charging_tRNA_ANG2_RS07805_AUA,7.444680203276667e-56,9.18138495034639e-40
charging_tRNA_ANG2_RS07810_GGU,0.0,2.5808424605262236e-39
charging_tRNA_ANG2_RS07810_GGC,0.0,5.266420145433803e-39
charging_tRNA_ANG2_RS07810_GGA,0.0,7.759179344049679e-40
charging_tRNA_ANG2_RS07810_GGG,0.0,-2.7347231843311013e-39
charging_tRNA_ANG2_RS07815_UUU,0.0003765829924487449,-1.1271800092118021e-32
charging_tRNA_ANG2_RS07815_UUC,0.00010731193138987864,1.7572722339950371e-34
charging_tRNA_ANG2_RS07820_AUG,0.0,1.5082188783060555e-32
charging_tRNA_ANG2_RS07820_START,-9.964321815650454e-28,-3.7589689686064813e-39
charging_tRNA_ANG2_RS07825_UCU,0.0,-2.455081002241802e-08
charging_tRNA_ANG2_RS07825_UCC,0.0,-2.455081002241802e-08
charging_tRNA_ANG2_RS07825_UCA,0.0,-2.455081002241802e-08
charging_tRNA_ANG2_RS07825_UCG,0.0,-2.455081002241802e-08
charging_tRNA_ANG2_RS07825_AGU,0.0,-2.455081002241802e-08
charging_tRNA_ANG2_RS07825_AGC,0.0,-2.455081002241802e-08
charging_tRNA_ANG2_RS07830_AUU,0.0005529501919728466,-2.1399935460951938e-39
charging_tRNA_ANG2_RS07830_AUC,0.00021780187675389436,-1.169085284188697e-39
charging_tRNA_ANG2_RS07830_AUA,6.802525119348046e-05,-6.9174818119048145e-40
charging_tRNA_ANG2_RS07835_AUG,0.00027821592072296977,1.526078964925863e-32
charging_tRNA_ANG2_RS07835_START,3.695541256102979e-05,1.7859692173030637e-34
charging_tRNA_ANG2_RS07840_CCU,0.0,1.7756873648516493e-34
charging_tRNA_ANG2_RS07840_CCC,0.0,1.775718844206382e-34
charging_tRNA_ANG2_RS07840_CCA,0.0,1.7757019104555654e-34
charging_tRNA_ANG2_RS07840_CCG,0.0,1.7756967902831798e-34
charging_tRNA_ANG2_RS07445_AAA,0.0,-3.089092103084219e-08
charging_tRNA_ANG2_RS07445_AAG,0.0,-3.089092103084219e-08
charging_tRNA_ANG2_RS07375_AAU,0.00037782716946252833,1.7657192517912913e-34
charging_tRNA_ANG2_RS07375_AAC,0.0001143867878485438,-8.56851250087937e-34
charging_tRNA_ANG2_RS06965_ACU,0.0,-1.6202649925532215e-39
charging_tRNA_ANG2_RS06965_ACC,0.0,-1.2723634995372839e-39
charging_tRNA_ANG2_RS06965_ACA,0.0,-4.826570928484078e-39
charging_tRNA_ANG2_RS06965_ACG,0.0,-1.477390192245608e-39
charging_tRNA_ANG2_RS06975_UUA,0.0,-8.82224876939969e-07
charging_tRNA_ANG2_RS06975_UUG,0.0,-8.82224876939969e-07
charging_tRNA_ANG2_RS06975_CUU,0.0,-8.82224876939969e-07
charging_tRNA_ANG2_RS06975_CUC,0.0,-8.82224876939969e-07
charging_tRNA_ANG2_RS06975_CUA,0.0,-8.82224876939969e-07
charging_tRNA_ANG2_RS06975_CUG,0.0,-8.82224876939969e-07
charging_tRNA_ANG2_RS05980_CGU,0.00019935170359110157,-9.003196795036857e-40
charging_tRNA_ANG2_RS05980_CGC,7.741619941011598e-05,-2.9622394242306e-39
charging_tRNA_ANG2_RS05980_CGA,6.742911224174058e-05,-2.204340053599779e-39
charging_tRNA_ANG2_RS05980_CGG,3.537595437126623e-05,1.022133096076546e-39
charging_tRNA_ANG2_RS05980_AGA,6.751603690940938e-05,1.9941170430023048e-39
charging_tRNA_ANG2_RS05980_AGG,3.714867746112941e-07,-2.7339708069401143e-39
charging_tRNA_ANG2_RS05990_CAA,-3.481401456826477e-27,5.485511338276834e-42
charging_tRNA_ANG2_RS05990_CAG,0.0,1.0042348000898019e-39
charging_tRNA_ANG2_RS05995_UAU,0.00030791691592477183,6.135745268233793e-34
charging_tRNA_ANG2_RS05995_UAC,0.00010794344024942663,-4.4776690271997816e-37
charging_tRNA_ANG2_RS05335_ACU,0.0,1.2305105269905909e-39
charging_tRNA_ANG2_RS05335_ACC,0.0,3.713224090486359e-39
charging_tRNA_ANG2_RS05335_ACA,1.955283051701355e-49,-2.186395377860309e-39
charging_tRNA_ANG2_RS05335_ACG,0.0,3.434452524830699e-39
charging_tRNA_ANG2_RS04890_UCU,0.0,8.24308622700662e-40
charging_tRNA_ANG2_RS04890_UCC,0.0,-2.4667511180492096e-39
charging_tRNA_ANG2_RS04890_UCA,0.0,2.7559602881650655e-39
charging_tRNA_ANG2_RS04890_UCG,0.0,3.5281552140613575e-39
charging_tRNA_ANG2_RS04890_AGU,0.0,3.9987825226189485e-39
charging_tRNA_ANG2_RS04890_AGC,0.0,3.12395994280548e-39
charging_tRNA_ANG2_RS04770_AAU,-3.779181578273998e-27,-9.155196512400127e-40
charging_tRNA_ANG2_RS04770_AAC,0.0,-1.0334229184891646e-33
charging_tRNA_ANG2_RS04775_GAA,0.0006141732752952559,-3.923139563238388e-37
charging_tRNA_ANG2_RS04775_GAG,0.00017330899803190135,-5.897186251655404e-34
charging_tRNA_ANG2_RS04795_CGU,0.0,-4.221979910509739e-07
charging_tRNA_ANG2_RS04795_CGC,0.0,-4.221979910509739e-07
charging_tRNA_ANG2_RS04795_CGA,0.0,-4.221979910509739e-07
charging_tRNA_ANG2_RS04795_CGG,0.0,-4.221979910509739e-07
charging_tRNA_ANG2_RS04795_AGA,0.0,-4.221979910509739e-07
charging_tRNA_ANG2_RS04795_AGG,0.0,-4.221979910509739e-07
charging_tRNA_ANG2_RS03525_CGU,0.0,-9.003196795036857e-40
charging_tRNA_ANG2_RS03525_CGC,0.0,-1.1663050426958846e-39
charging_tRNA_ANG2_RS03525_CGA,-2.1019028432238508e-26,-2.204340053599779e-39
charging_tRNA_ANG2_RS03525_CGG,0.0,4.891502006917149e-39
charging_tRNA_ANG2_RS03525_AGA,0.0,4.0588044565860867e-39
charging_tRNA_ANG2_RS03525_AGG,0.0,-6.648014748583131e-40
charging_tRNA_ANG2_RS00980_UUA,0.0,-1.7849812593768105e-07
charging_tRNA_ANG2_RS00980_UUG,0.0,-1.7849812593768105e-07
charging_tRNA_ANG2_RS00980_CUU,0.0,-1.7849812593768105e-07
charging_tRNA_ANG2_RS00980_CUC,0.0,-1.7849812593768105e-07
charging_tRNA_ANG2_RS00980_CUA,0.0,-1.7849812593768105e-07
charging_tRNA_ANG2_RS00980_CUG,0.0,-1.7849812593768105e-07
charging_tRNA_ANG2_RS00985_UCU,0.00017666372273234774,8.24308622700662e-40
charging_tRNA_ANG2_RS00985_UCC,3.429875780834098e-05,-2.4667511180492096e-39
charging_tRNA_ANG2_RS00985_UCA,0.00014488129716300603,2.7559602881650655e-39
charging_tRNA_ANG2_RS00985_UCG,3.4316515434035725e-05,1.5232545818755475e-39
charging_tRNA_ANG2_RS00985_AGU,0.00013632546399330845,3.2964873842378427e-40
charging_tRNA_ANG2_RS00985_AGC,6.968535145344059e-05,3.12395994280548e-39
charging_tRNA_ANG2_RS01150_UGU,3.478955595485128e-05,1.0969443792046121e-33
charging_tRNA_ANG2_RS01150_UGC,8.306630753336988e-07,5.28218281926906e-35
DM_RNA_g.24158.CDS.0,0.0,-0.04170959634303944
DM_RNA_g.24158.CDS.8,2.8827728180034665e-30,-6.091590379832113e-34
DM_RNA_g.24158.CDS.10,0.0,-0.053083930106069016
DM_RNA_g.24158.CDS.18,0.0,-0.026084472079963946
DM_RNA_g.24158.CDS.19,0.0,-0.020881667268097544
DM_RNA_g.24158.CDS.22,0.0,-0.12254707131998724
DM_RNA_g.24158.CDS.24,1.581126138888313e-60,6.064078594735636e-34
DM_RNA_g.24158.CDS.34,0.0,0.0
DM_RNA_g.24158.CDS.49,9.159002132693356e-32,4.021487908195231e-34
DM_RNA_g.24158.CDS.55,0.0,-0.010740636162764312
DM_RNA_g.24158.CDS.62,0.0,-3.9193899165660104
DM_RNA_g.24158.CDS.65,0.0,4.61519928924303e-34
DM_RNA_g.24158.CDS.66,-8.567051440988198e-32,-5.317744058956528e-34
DM_RNA_g.24158.CDS.68,-2.9136001110665606e-30,0.0
DM_RNA_g.24158.CDS.69,0.0,0.0
DM_RNA_g.24158.CDS.75,-2.004169582793759e-30,0.0
DM_RNA_g.24158.CDS.77,0.0,-0.008286420406007822
DM_RNA_g.24158.CDS.82,0.0,-67.23948472827028
DM_RNA_g.24158.CDS.86,0.0,-7.198114139278297e-34
DM_RNA_g.24158.CDS.94,0.0,-0.009657111817059397
DM_RNA_g.24158.CDS.95,0.0,-0.020180288627110746
DM_RNA_g.24158.CDS.99,1.230220074778692e-58,0.0
DM_RNA_g.24158.CDS.102,0.0,-0.012783609280073069
DM_RNA_g.24158.CDS.103,3.540442039254403e-55,1.6792740420741303e-34
DM_RNA_g.24158.CDS.107,0.0,-3.0258333734231034e-34
DM_RNA_g.24158.CDS.110,-3.397877729815771e-59,-6.772278889455726e-34
DM_RNA_g.24158.CDS.111,0.0,-0.056639435763507856
DM_RNA_g.24158.CDS.112,8.007589246028097e-36,6.204353965720142e-34
DM_RNA_g.24158.CDS.114,0.0,-0.017534351587117816
DM_RNA_g.24158.CDS.118,0.0,-1.653373101607057
DM_RNA_g.24158.CDS.119,1.1859328106056386e-58,0.0
DM_RNA_g.24158.CDS.120,3.242482061573061e-31,7.54188757494962e-34
DM_RNA_g.24158.CDS.126,0.0,0.0
DM_RNA_g.24158.CDS.128,0.0,-0.039989898072792164
DM_RNA_g.24158.CDS.130,0.0,-0.006619296420354825
DM_RNA_g.24158.CDS.131,-3.242120201783667e-60,0.0
DM_RNA_g.24158.CDS.136,0.0,-0.02167085093394175
DM_RNA_g.24158.CDS.143,0.0,0.0
DM_RNA_g.24158.CDS.146,-2.6509942811086968e-39,0.0
DM_RNA_g.24158.CDS.147,0.0,-0.023293717661326447
DM_RNA_g.24158.CDS.150,0.0,-0.01196327537415153
DM_RNA_g.24158.CDS.158,0.0,-0.004802538618433812
DM_RNA_g.24158.CDS.160,5.945527663314093e-59,5.16048968158504e-34
DM_RNA_g.24158.CDS.164,0.0,0.0
DM_RNA_g.24158.CDS.166,-1.4236024643222452e-51,-3.901741490750953e-34
DM_RNA_g.24158.CDS.169,0.0,-0.022267417384977953
DM_RNA_g.24158.CDS.170,0.0,-1.1983162143956548e-33
DM_RNA_g.24158.CDS.175,0.0,-0.02845780892106934
DM_RNA_g.24158.CDS.176,2.882772818003466e-30,-5.89110345817382e-34
DM_RNA_g.24158.CDS.182,0.0,-0.027494768000159747
DM_RNA_g.24158.CDS.189,0.0,-0.01734746907096405
DM_RNA_g.24158.CDS.192,0.0,-0.018434141385612342
DM_RNA_g.24158.CDS.193,0.0,-0.025414101690919108
DM_RNA_g.24158.CDS.199,0.0,-5.338958565183682e-34
DM_RNA_g.24158.CDS.200,0.0,-0.05590780489240351
DM_RNA_g.24158.CDS.203,1.0589611804348454e-29,-5.224446712151435e-34
DM_RNA_g.24158.CDS.208,1.4498315542318128e-28,0.0
DM_RNA_g.24158.CDS.209,0.0,-0.027311227905645892
DM_RNA_g.24158.CDS.211,0.0,-0.015008694177391651
DM_RNA_g.24158.CDS.213,-5.799269158124909e-38,4.881016280963885e-34
DM_RNA_g.24158.CDS.215,-2.3302932902462076e-30,-7.369167603915611e-34
DM_RNA_g.24158.CDS.219,1.5378292808964323e-30,0.0
DM_RNA_g.24158.CDS.220,-5.799269158124909e-38,0.0
DM_RNA_g.24158.CDS.221,-7.012709511847399e-31,-6.006538723105731e-34
DM_RNA_g.24158.CDS.227,0.0,-0.03092719408480953
DM_RNA_g.24158.CDS.230,0.0,-0.253804456722423
DM_RNA_g.24158.CDS.232,0.0,-0.004924901444666964
DM_RNA_g.24158.CDS.234,-2.9629600036087945e-30,6.411508809516639e-34
DM_RNA_g.24158.CDS.235,0.0,-0.03908886836151537
DM_RNA_g.24158.CDS.236,0.0,-0.007019083618332679
DM_RNA_g.24158.CDS.237,0.0,-0.025633465052135443
DM_RNA_g.24158.CDS.238,-2.0306349401090355e-30,0.0
DM_RNA_g.24158.CDS.240,0.0,0.0
DM_RNA_g.24158.CDS.252,-1.525249554617294e-30,0.0
DM_RNA_g.24158.CDS.254,5.996634674609466e-30,0.0
DM_RNA_g.24158.CDS.256,1.5438320046569157e-57,0.0
DM_RNA_g.24158.CDS.260,0.0,-1.4090944660489462e-33
DM_RNA_g.24158.CDS.264,0.0,-0.01956825086653594
DM_RNA_g.24158.CDS.266,0.0,0.0
DM_RNA_g.24158.CDS.267,0.0,-0.030150858180345377
DM_RNA_g.24158.CDS.269,-6.662453606995108e-30,-7.5845323958814525e-34
DM_RNA_g.24158.CDS.275,9.70500272838776e-36,0.0
DM_RNA_g.24158.CDS.277,0.0,-0.024014655939328146
DM_RNA_g.24158.CDS.283,0.0,0.0
DM_RNA_g.24158.CDS.284,0.0,-0.17567976002772748
DM_RNA_g.24158.CDS.287,0.0,-0.01800609310611633
DM_RNA_g.24158.CDS.290,0.0,0.0
DM_RNA_g.24158.CDS.297,0.0,-0.015665662981485983
DM_RNA_g.24158.CDS.298,1.4131330804068492e-29,-8.421103313863139e-34
DM_RNA_g.24158.CDS.299,0.0,0.0
DM_RNA_g.24158.CDS.300,-8.273489959105878e-32,0.0
DM_RNA_g.24158.CDS.303,0.0,0.0
DM_RNA_g.24158.CDS.304,0.0,-0.1043246281846152
DM_RNA_g.24158.CDS.315,0.0,-0.019196166919592802
DM_RNA_g.24158.CDS.317,0.0,-0.019515928738647565
DM_RNA_g.24158.CDS.323,1.9383891655947813e-59,0.0
DM_RNA_g.24158.CDS.328,0.0,-0.0069679185178093545
DM_RNA_g.24158.CDS.331,0.0,-0.0450939026664385
DM_RNA_g.24158.CDS.335,0.0,-0.017294828910179378
DM_RNA_g.24158.CDS.336,-5.479406942358593e-30,0.0
DM_RNA_g.24158.CDS.340,0.0,-5.654749665948406
DM_RNA_g.24158.CDS.341,0.0,-4.110769223300482e-34
DM_RNA_g.24158.CDS.342,-1.6073294162478554e-30,6.750523098214864e-34
DM_RNA_g.24158.CDS.344,0.0,-0.07283766523996155
DM_RNA_g.24158.CDS.348,-1.029150592704507e-35,-5.2075447531437905e-34
DM_RNA_g.24158.CDS.351,0.0,-0.006300794596490701
DM_RNA_g.24158.CDS.355,0.0,0.0
DM_RNA_g.24158.CDS.357,0.0,-2.241095917635649
DM_RNA_g.24158.CDS.360,0.0,1.4826903222971593e-33
DM_RNA_g.24158.CDS.363,0.0,-0.023903946298256016
DM_RNA_g.24158.CDS.364,2.091074188671195e-38,7.034500050115476e-34
DM_RNA_g.24158.CDS.365,-2.2978107617601273e-50,-8.233284009911242e-34
DM_RNA_g.24158.CDS.366,0.0,-0.022281800263556892
DM_RNA_g.24158.CDS.371,0.0,-0.009424482345950452
DM_RNA_g.24158.CDS.375,0.0,-0.09847557301964115
DM_RNA_g.24158.CDS.376,2.276951533925771e-28,0.0
DM_RNA_g.24158.CDS.378,0.0,2.1213763013245545e-34
DM_RNA_g.24158.CDS.380,-1.641020601740024e-30,0.0
DM_RNA_g.24158.CDS.383,-1.5156815539086096e-30,-3.669783235719147e-34
DM_RNA_g.24158.CDS.390,0.0,-0.005824293343215232
DM_RNA_g.24158.CDS.392,0.0,-0.004739718282730941
DM_RNA_g.24158.CDS.396,-1.1421896103838362e-30,0.0
DM_RNA_g.24158.CDS.397,0.0,-0.07139537961007723
DM_RNA_g.24158.CDS.401,0.0,-0.027376668339777605
DM_RNA_g.24158.CDS.409,0.0,-0.02311588293329756
DM_RNA_g.24158.CDS.410,-3.5456561535332915e-30,-4.536294335197538e-34
DM_RNA_g.24158.CDS.411,1.2186219306022818e-46,0.0
DM_RNA_g.24158.CDS.417,0.0,-0.03487813136460078
DM_RNA_g.24158.CDS.419,0.0,-25.340845260770976
DM_RNA_g.24158.CDS.421,0.0,-0.01891660762609729
DM_RNA_g.24158.CDS.424,0.0,-0.010205029665610696
DM_RNA_g.24158.CDS.427,0.0,-0.012674233802184461
DM_RNA_g.24158.CDS.428,2.882772818003466e-30,0.0
DM_RNA_g.24158.CDS.429,-1.9450283005674736e-28,0.0
DM_RNA_g.24158.CDS.434,0.0,0.0
DM_RNA_g.24158.CDS.445,0.0,-0.015428591561571106
DM_RNA_g.24158.CDS.446,0.0,-0.012565000870880767
DM_RNA_g.24158.CDS.450,0.0,-0.017942918256092625
DM_RNA_g.24158.CDS.455,0.0,0.0
DM_RNA_g.24158.CDS.461,-6.881375614329833e-64,0.0
DM_RNA_g.24158.CDS.462,0.0,-5.578488277511144e-34
DM_RNA_g.24158.CDS.467,0.0,-0.03247422232090868
DM_RNA_g.24158.CDS.472,0.0,-1.206983102815463e-33
DM_RNA_g.24158.CDS.473,0.0,-0.02515440992640574
DM_RNA_g.24158.CDS.480,0.0,-5.237633570100772
DM_RNA_g.24158.CDS.482,0.0,0.0
DM_RNA_g.24158.CDS.483,-1.6372019610583077e-29,0.0
DM_RNA_g.24158.CDS.486,0.0,-0.023960021401475573
DM_RNA_g.24158.CDS.487,-1.5156815539086096e-30,4.0123060602987054e-34
DM_RNA_g.24158.CDS.500,0.0,4.552410240262967e-34
DM_RNA_g.24158.CDS.506,0.0,-0.014234072573592604
DM_RNA_g.24158.CDS.510,4.354237361290254e-30,0.0
DM_RNA_g.24158.CDS.512,0.0,-62.41630846512178
DM_RNA_g.24158.CDS.516,-8.784960836164434e-33,6.738773590279585e-34
DM_RNA_g.24158.CDS.523,2.8827728180034665e-30,0.0
DM_RNA_g.24158.CDS.528,0.0,-0.02468079051765978
DM_RNA_g.24158.CDS.531,0.0,-7.530609410653161
DM_RNA_g.24158.CDS.532,1.5844257102737427e-30,-2.456062039423453e-34
DM_RNA_g.24158.CDS.539,0.0,0.0
DM_RNA_g.24158.CDS.542,0.0,-0.010623740940051857
DM_RNA_g.24158.CDS.547,2.8967712803235027e-59,0.0
DM_RNA_g.24158.CDS.552,0.0,-0.021599139393544176
DM_RNA_g.24158.CDS.553,1.3392671086933661e-30,0.0
DM_RNA_g.24158.CDS.555,0.0,-0.00846282368784449
DM_RNA_g.24158.CDS.558,0.0,-0.033798905523384236
DM_RNA_g.24158.CDS.559,-1.1063318862730798e-29,0.0
DM_RNA_g.24158.CDS.560,0.0,-0.00719758299730607
DM_RNA_g.24158.CDS.562,0.0,-7.07934975188984e-34
DM_RNA_g.24158.CDS.563,0.0,-0.0035408818143960654
DM_RNA_g.24158.CDS.566,7.519745763862098e-60,0.0
DM_RNA_g.24158.CDS.572,-4.3264812623052004e-30,4.3934193928970885e-34
DM_RNA_g.24158.CDS.573,1.7156932988577223e-30,0.0
DM_RNA_g.24158.CDS.575,0.0,-14.314927222151203
DM_RNA_g.24158.CDS.577,0.0,-0.014521515363138433
DM_RNA_g.24158.CDS.581,0.0,-0.010265432343822474
DM_RNA_g.24158.CDS.584,-9.833530345733307e-30,0.0
DM_RNA_g.24158.CDS.586,-3.5420962987602436e-30,0.0
DM_RNA_g.24158.CDS.589,-1.0420871451357334e-29,0.0
DM_RNA_g.24158.CDS.594,0.0,-17.163585360047136
DM_RNA_g.24158.CDS.597,0.0,-0.01310141432288005
DM_RNA_g.24158.CDS.598,0.0,-0.026965094693276362
DM_RNA_g.24158.CDS.599,0.0,-0.017168353094545983
DM_RNA_g.24158.CDS.600,0.0,-2.55513441667954
DM_RNA_g.24158.CDS.604,-6.558252535070639e-31,0.0
DM_RNA_g.24158.CDS.607,0.0,-0.009654548353500627
DM_RNA_g.24158.CDS.615,0.0,-0.016169683577818308
DM_RNA_g.24158.CDS.616,0.0,-0.011300317041261712
DM_RNA_g.24158.CDS.618,-4.7575693114545936e-30,5.370034120573746e-34
DM_RNA_g.24158.CDS.620,0.0,0.0
DM_RNA_g.24158.CDS.621,-1.2338814754134966e-28,0.0
DM_RNA_g.24158.CDS.623,1.66221017912303e-27,0.0
DM_RNA_g.24158.CDS.624,0.0,-0.02317389802372197
DM_RNA_g.24158.CDS.625,1.0297385172279055e-58,0.0
DM_RNA_g.24158.CDS.627,0.0,-8.650285225188665e-34
DM_RNA_g.24158.CDS.630,0.0,-0.005884034650515235
DM_RNA_g.24158.CDS.631,7.230972381596267e-60,-1.0607782929789607e-33
DM_RNA_g.24158.CDS.639,1.1998867396576257e-30,6.001158933020837e-34
DM_RNA_g.24158.CDS.643,1.2396207431175032e-29,3.889987022736977e-34
DM_RNA_g.24158.CDS.645,0.0,0.0
DM_RNA_g.24158.CDS.646,0.0,-4.866903794991659e-34
DM_RNA_g.24158.CDS.652,-1.3624281985739488e-28,0.0
DM_RNA_g.24158.CDS.655,0.0,-0.0027033395569073244
DM_RNA_g.24158.CDS.657,0.0,-0.009902165194175696
DM_RNA_g.24158.CDS.659,-6.809880232477918e-39,5.963054034704682e-34
DM_RNA_g.24158.CDS.660,0.0,-18.464214871515974
DM_RNA_g.24158.CDS.661,-1.8907655807096624e-31,0.0
DM_RNA_g.24158.CDS.665,8.768970473006464e-28,0.0
DM_RNA_g.24158.CDS.667,0.0,-0.005464766592883089
DM_RNA_g.24158.CDS.674,0.0,-2.276979786617958
DM_RNA_g.24158.CDS.678,-6.029431191984252e-31,8.395033357379728e-34
DM_RNA_g.24158.CDS.680,-8.913992275517501e-31,7.162128555998485e-34
DM_RNA_g.24158.CDS.682,0.0,-25.66173126992177
DM_RNA_g.24158.CDS.684,0.0,8.729245501078915e-34
DM_RNA_g.24158.CDS.688,0.0,-3.715533224872828e-34
DM_RNA_g.24158.CDS.689,0.0,-0.02672653589874898
DM_RNA_g.24158.CDS.694,0.0,1.6362491321486735e-34
DM_RNA_g.24158.CDS.696,-3.714966060746659e-30,0.0
DM_RNA_g.24158.CDS.699,0.0,-0.7540690325034309
DM_RNA_g.24158.CDS.706,0.0,6.728509245251373e-34
DM_RNA_g.24158.CDS.708,0.0,0.0
DM_RNA_g.24158.CDS.711,0.0,-1.1372776800359046e-34
DM_RNA_g.24158.CDS.714,0.0,-0.018068943511522922
DM_RNA_g.24158.CDS.717,-4.055259898835345e-28,7.53940799442227e-34
DM_RNA_g.24158.CDS.722,0.0,-0.015309522118518232
DM_RNA_g.24158.CDS.723,0.0,-0.009429321605512865
DM_RNA_g.24158.CDS.731,-1.0003796688893006e-29,0.0
DM_RNA_g.24158.CDS.733,0.0,-0.02142798558793802
DM_RNA_g.24158.CDS.734,0.0,-22.531977516535505
DM_RNA_g.24158.CDS.744,0.0,-0.016107843461186284
DM_RNA_g.24158.CDS.746,0.0,0.0
DM_RNA_g.24158.CDS.747,2.0593731026326835e-30,3.6674054784508585e-34
DM_RNA_g.24158.CDS.750,4.930491565201194e-31,0.0
DM_RNA_g.24158.CDS.752,5.473421440369342e-30,0.0
DM_RNA_g.24158.CDS.753,0.0,-0.04166758929017761
DM_RNA_g.24158.CDS.755,0.0,0.0
DM_RNA_g.24158.CDS.756,-1.6372019610583077e-29,0.0
DM_RNA_g.24158.CDS.760,0.0,-0.011884261337358475
DM_RNA_g.24158.CDS.773,6.762522920502869e-59,0.0
DM_RNA_g.24158.CDS.777,0.0,0.0
DM_RNA_g.24158.CDS.781,2.3689057422977585e-31,0.0
DM_RNA_g.24158.CDS.783,-6.108962090350691e-28,-8.359821492774203e-34
DM_RNA_g.24158.CDS.784,8.055357089510324e-59,0.0
DM_RNA_g.24158.CDS.787,-1.433681023512469e-30,4.209048033922066e-34
DM_RNA_g.24158.CDS.789,0.0,0.0
DM_RNA_g.24158.CDS.791,0.0,-0.045105957048189295
DM_RNA_g.24158.CDS.796,1.0397679677514359e-48,-5.5903331885630715e-34
DM_RNA_g.24158.CDS.797,0.0,-1.8612649224423214
DM_RNA_g.24158.CDS.803,0.0,-0.014406725514564976
DM_RNA_g.24158.CDS.804,-1.2338814754134966e-28,0.0
DM_RNA_g.24158.CDS.807,0.0,-0.009965805385894437
DM_RNA_g.24158.CDS.809,-5.5159859238758074e-21,-3.1731674393589403e-28
DM_RNA_g.24158.CDS.813,0.0,-2.3465735291606795
DM_RNA_g.24158.CDS.816,4.271357647226943e-59,-8.950887502426703e-34
DM_RNA_1035184.3.peg.821,0.0,-0.02612420031765248
DM_RNA_g.24158.CDS.823,-4.7575693114545936e-30,0.0
DM_RNA_g.24158.CDS.828,-3.41752038513997e-30,-7.210347344230233e-34
DM_RNA_g.24158.CDS.829,0.0,-19.16914260761479
DM_RNA_g.24158.CDS.839,0.0,1.0217515766760454e-33
DM_RNA_g.24158.CDS.842,0.0,-0.27738164513749314
DM_RNA_g.24158.CDS.847,0.0,-0.003662520418114852
DM_RNA_g.24158.CDS.852,0.0,-0.31593674210775535
DM_RNA_g.24158.CDS.854,0.0,-0.017418712727168266
DM_RNA_g.24158.CDS.855,0.0,-0.018735469992831204
DM_RNA_g.24158.CDS.861,0.0,-0.025565432616988494
DM_RNA_g.24158.CDS.868,-7.700569184978685e-31,0.0
DM_RNA_g.24158.CDS.872,0.0,-0.015509207622585107
DM_RNA_g.24158.CDS.875,0.0,-4.683717429304345
DM_RNA_g.24158.CDS.877,8.317763019064362e-31,0.0
DM_RNA_g.24158.CDS.878,0.0,-0.02978208136827671
DM_RNA_g.24158.CDS.880,0.0,-0.024015143136412655
DM_RNA_g.24158.CDS.881,1.243459961611432e-31,0.0
DM_RNA_g.24158.CDS.882,0.0,-0.015966891690210865
DM_RNA_g.24158.CDS.884,0.0,-0.005639443655473385
DM_RNA_g.24158.CDS.892,0.0,-9.154332914995982e-34
DM_RNA_g.24158.CDS.894,0.0,0.0
DM_RNA_g.24158.CDS.895,0.0,-0.0088795821540097
DM_RNA_g.24158.CDS.901,0.0,-0.018549689452002565
DM_RNA_g.24158.CDS.903,0.0,-0.02388550129031119
DM_RNA_g.24158.CDS.906,0.0,-0.034700723618891476
DM_RNA_g.24158.CDS.911,0.0,-0.010621368301082474
DM_RNA_g.24158.CDS.913,0.0,-0.025578104319478285
DM_RNA_g.24158.CDS.920,0.0,-0.05402692111889296
DM_RNA_g.24158.CDS.922,0.0,-0.011048916067572216
DM_RNA_g.24158.CDS.925,0.0,6.902162477605925e-34
DM_RNA_g.24158.CDS.926,-4.009052105701948e-30,0.0
DM_RNA_g.24158.CDS.933,0.0,-1.7494651710231002
DM_RNA_g.24158.CDS.939,3.4142852220903274e-28,6.858747966195288e-34
DM_RNA_g.24158.CDS.942,0.0,0.0
DM_RNA_g.24158.CDS.946,0.0,-0.0030017105715653483
DM_RNA_g.24158.CDS.947,5.50277713520223e-59,0.0
DM_RNA_g.24158.CDS.948,0.0,0.0
DM_RNA_g.24158.CDS.949,0.0,-0.037218577592705825
DM_RNA_g.24158.CDS.951,0.0,-0.2555441642770445
DM_RNA_g.24158.CDS.952,-7.88626916291697e-42,0.0
DM_RNA_g.24158.CDS.956,0.0,-0.038410738911885095
DM_RNA_g.24158.CDS.961,-1.1421895342242955e-30,0.0
DM_RNA_g.24158.CDS.967,-3.655260901472659e-30,3.998302472615989e-34
DM_RNA_g.24158.CDS.968,0.0,-0.020953220075965742
DM_RNA_g.24158.CDS.969,0.0,-0.011161612036353626
DM_RNA_g.24158.CDS.970,0.0,-0.01957453035681293
DM_RNA_g.24158.CDS.973,0.0,0.0
DM_RNA_g.24158.CDS.974,-5.476116696592778e-59,0.0
DM_RNA_g.24158.CDS.977,-4.829977519522672e-30,9.379238062816573e-34
DM_RNA_g.24158.CDS.984,0.0,-0.007146478033819364
DM_RNA_g.24158.CDS.991,-1.8213535679516397e-30,0.0
DM_RNA_g.24158.CDS.994,0.0,-0.011756668180459756
DM_RNA_g.24158.CDS.995,0.0,1.0591533701913454e-33
DM_RNA_g.24158.CDS.1004,1.5232390801266934e-41,0.0
DM_RNA_g.24158.CDS.1005,0.0,2.159677706822162e-33
DM_RNA_g.24158.CDS.1009,-4.441990679856323e-59,-3.2377622552957774e-34
DM_RNA_g.24158.CDS.1011,-5.4038147280004336e-30,0.0
DM_RNA_g.24158.CDS.1012,-1.479360748194836e-47,0.0
DM_RNA_g.24158.CDS.1017,0.0,-0.007325884515928398
DM_RNA_g.24158.CDS.1018,0.0,-6.112692982513722e-34
DM_RNA_g.24158.CDS.1020,0.0,-0.05240583827827984
DM_RNA_g.24158.CDS.1023,0.0,-6.994350999677587e-34
DM_RNA_g.24158.CDS.1024,-2.5304267160568137e-30,-7.886140953477725e-34
DM_RNA_g.24158.CDS.1025,0.0,-0.012546769798220576
DM_RNA_g.24158.CDS.1026,1.122248975215871e-64,0.0
DM_RNA_g.24158.CDS.1027,0.0,3.470459107948123e-34
DM_RNA_g.24158.CDS.1031,0.0,7.226476773537741e-34
DM_RNA_g.24158.CDS.1032,3.9413714177019415e-30,-2.8910021126546647e-34
DM_RNA_g.24158.CDS.1039,0.0,0.0
DM_RNA_g.24158.CDS.1043,4.554630641244679e-31,0.0
DM_RNA_g.24158.CDS.1049,0.0,-0.013989980934529654
DM_RNA_g.24158.CDS.1051,0.0,-0.017728368034056703
DM_RNA_g.24158.CDS.1055,0.0,-1.0176337739105714
DM_RNA_g.24158.CDS.1056,0.0,-0.01945770267018844
DM_RNA_g.24158.CDS.1058,0.0,-0.00480061168785602
DM_RNA_g.24158.CDS.1062,0.0,-0.03649429836576222
DM_RNA_g.24158.CDS.1063,0.0,-0.022690201960349005
DM_RNA_g.24158.CDS.1069,-1.4253789567664385e-30,0.0
DM_RNA_g.24158.CDS.1071,0.0,5.046428535583243e-34
DM_RNA_g.24158.CDS.1082,1.8920118667323545e-30,0.0
DM_RNA_g.24158.CDS.1090,0.0,-0.04814728772639815
DM_RNA_g.24158.CDS.1095,0.0,-0.00690451954352598
DM_RNA_g.24158.CDS.1097,0.0,-0.029099166722555834
DM_RNA_g.24158.CDS.1098,8.66529155547089e-46,-6.213227209346214e-34
DM_RNA_g.24158.CDS.1101,0.0,-0.012491172860137935
DM_RNA_g.24158.CDS.1103,1.4342480341142023e-30,-5.646081578014716e-34
DM_RNA_g.24158.CDS.1106,0.0,-0.02491213282113847
DM_RNA_g.24158.CDS.1108,0.0,-0.03229672617342294
DM_RNA_g.24158.CDS.1109,0.0,-0.008824151667919961
DM_RNA_g.24158.CDS.1110,0.0,0.0
DM_RNA_g.24158.CDS.1115,0.0,-0.019984318709719187
DM_RNA_g.24158.CDS.1118,0.0,-0.004406392448569319
DM_RNA_g.24158.CDS.1121,0.0,-0.033950960755987275
DM_RNA_g.24158.CDS.1124,0.0,-0.018317279342939478
DM_RNA_g.24158.CDS.1126,-6.645102065600963e-30,0.0
DM_RNA_g.24158.CDS.1130,0.0,-0.02555981821850116
DM_RNA_g.24158.CDS.1131,0.0,-0.009909437802323095
DM_RNA_g.24158.CDS.1133,0.0,-16.750473227568712
DM_RNA_g.24158.CDS.1134,0.0,-1.6777249773163526e-34
DM_RNA_g.24158.CDS.1140,0.0,-0.035147389435393785
DM_RNA_g.24158.CDS.1142,0.0,-0.005581553528349074
DM_RNA_g.24158.CDS.1143,-2.0237863246821134e-30,-4.755034290350828e-34
DM_RNA_g.24158.CDS.1144,0.0,-0.01861318800436762
DM_RNA_g.24158.CDS.1147,0.0,-0.014044481724559875
DM_RNA_g.24158.CDS.1148,0.0,-0.014704681385385597
DM_RNA_g.24158.CDS.1150,0.0,-0.017589193815860365
DM_RNA_g.24158.CDS.1151,0.0,-0.025394982502860732
DM_RNA_g.24158.CDS.1152,0.0,-0.00894636094095967
DM_RNA_g.24158.CDS.1154,6.600343804452799e-59,0.0
DM_RNA_g.24158.CDS.1158,0.0,-0.010737576027759708
DM_RNA_g.24158.CDS.1162,0.0,0.0
DM_RNA_g.24158.CDS.1166,8.574807908046985e-32,-6.855786992209211e-34
DM_RNA_g.24158.CDS.1173,0.0,-0.022275118038132938
DM_RNA_g.24158.CDS.1175,0.0,-0.19941067270732982
DM_RNA_g.24158.CDS.1179,0.0,-0.0037251047157182853
DM_RNA_g.24158.CDS.1185,0.0,-0.03344257297629141
DM_RNA_g.24158.CDS.1187,0.0,-0.009670883030104351
DM_RNA_g.24158.CDS.1188,0.0,-0.010026345678780487
DM_RNA_g.24158.CDS.1190,0.0,-0.017472560110804856
DM_RNA_g.24158.CDS.1192,3.8720833640649795e-59,0.0
DM_RNA_g.24158.CDS.1193,0.0,-0.010267623409913261
DM_RNA_g.24158.CDS.1204,0.0,-0.013804138128917457
DM_RNA_g.24158.CDS.1209,7.45085906034744e-30,-6.5161551935577965e-34
DM_RNA_g.24158.CDS.1212,0.0,1.1158658245603475e-33
DM_RNA_g.24158.CDS.1214,0.0,-0.04082085998038249
DM_RNA_g.24158.CDS.1220,-3.657586514211069e-59,-8.388546392245427e-34
DM_RNA_g.24158.CDS.1224,0.0,0.0
DM_RNA_g.24158.CDS.1230,0.0,-0.024436791062368686
DM_RNA_g.24158.CDS.1234,0.0,-0.018269735845097054
DM_RNA_g.24158.CDS.1236,0.0,-0.043639348083451414
DM_RNA_g.24158.CDS.1238,0.0,-0.025469300401531104
DM_RNA_g.24158.CDS.1239,0.0,-0.018014774887944215
DM_RNA_g.24158.CDS.1242,5.973804875294006e-61,0.0
DM_RNA_g.24158.CDS.1244,0.0,-0.021864541944191563
DM_RNA_g.24158.CDS.1246,0.0,-0.013087545009192904
DM_RNA_g.24158.CDS.1247,0.0,-0.006299357080342093
DM_RNA_g.24158.CDS.1254,0.0,-1.2617937811278875e-33
DM_RNA_g.24158.CDS.1255,0.0,-1.0151849614744421e-33
DM_RNA_g.24158.CDS.1256,1.9186810248520385e-29,0.0
DM_RNA_g.24158.CDS.1263,0.0,-0.005940689702428636
DM_RNA_g.24158.CDS.1266,0.0,-0.06992063420217212
DM_RNA_g.24158.CDS.1274,0.0,-0.018671352870731406
DM_RNA_g.24158.CDS.1288,0.0,-0.02311157334684299
DM_RNA_g.24158.CDS.1290,0.0,-0.012254173168316515
DM_RNA_g.24158.CDS.1292,0.0,-0.026289063463788308
DM_RNA_g.24158.CDS.1295,-1.798993391113301e-30,-5.040527269610584e-34
DM_RNA_g.24158.CDS.1298,0.0,-0.022157820817807945
DM_RNA_g.24158.CDS.1305,0.0,-0.027074768323332592
DM_RNA_g.24158.CDS.1308,0.0,-0.00852692470409901
DM_RNA_g.24158.CDS.1310,3.558617899210054e-31,-3.3248769147481763e-34
DM_RNA_g.24158.CDS.1315,0.0,-0.014304759274538342
DM_RNA_g.24158.CDS.1316,0.0,0.0
DM_RNA_g.24158.CDS.1317,0.0,-0.03919390336798292
DM_RNA_g.24158.CDS.1318,0.0,5.09024863767963e-34
DM_RNA_g.24158.CDS.1319,0.0,-0.027606115674573144
DM_RNA_g.24158.CDS.1321,0.0,-0.00828342837967015
DM_RNA_g.24158.CDS.1322,0.0,-0.02999818141838706
DM_RNA_g.24158.CDS.1327,0.0,-0.034965239934462336
DM_RNA_g.24158.CDS.1330,0.0,-0.020527350230167888
DM_RNA_g.24158.CDS.1331,0.0,-0.012846593032790734
DM_RNA_g.24158.CDS.1334,-2.9657179483689837e-30,0.0
DM_RNA_g.24158.CDS.1342,0.0,-0.005469972110909329
DM_RNA_g.24158.CDS.1343,-2.48329385397056e-30,-7.6889907613208856e-34
DM_RNA_g.24158.CDS.1345,0.0,-0.029235214481930026
DM_RNA_g.24158.CDS.1346,0.0,-0.030071741843887237
DM_RNA_g.24158.CDS.1350,9.939829269038685e-56,0.0
DM_RNA_g.24158.CDS.1353,0.0,-0.029245337799844437
DM_RNA_g.24158.CDS.1354,5.921189313554006e-32,0.0
DM_RNA_g.24158.CDS.1356,-1.3423822277934397e-44,2.6882683454594805e-34
DM_RNA_g.24158.CDS.1359,0.0,-0.05007277614787301
DM_RNA_g.24158.CDS.1363,0.0,-0.01344874030650475
DM_RNA_g.24158.CDS.1372,3.15904063200158e-30,0.0
DM_RNA_g.24158.CDS.1373,-1.0929599409073287e-31,-3.819077568223604e-34
DM_RNA_g.24158.CDS.1379,0.0,0.0
DM_RNA_g.24158.CDS.1380,0.0,-0.01902719837382582
DM_RNA_g.24158.CDS.1382,-5.7528082000767015e-52,0.0
DM_RNA_g.24158.CDS.1383,0.0,-0.010869096166490722
DM_RNA_g.24158.CDS.1396,4.116388845438536e-31,2.3321549788705568e-33
DM_RNA_g.24158.CDS.1398,0.0,-0.019146206520443954
DM_RNA_g.24158.CDS.1399,0.0,-0.04424593138910103
DM_RNA_g.24158.CDS.1401,0.0,-0.012726513701474785
DM_RNA_g.24158.CDS.1403,0.0,-0.016089846793729164
DM_RNA_g.24158.CDS.1406,5.423575842589932e-29,0.0
DM_RNA_g.24158.CDS.1407,-1.9148065965866245e-30,-7.206757828941928e-34
DM_RNA_g.24158.CDS.1412,0.0,-5.317999974566925e-34
DM_RNA_g.24158.CDS.1417,-1.1654487278964792e-31,2.0757271136388737e-34
DM_RNA_g.24158.CDS.1423,-3.2502046485168595e-30,0.0
DM_RNA_g.24158.CDS.1425,0.0,-0.01398714912053163
DM_RNA_g.24158.CDS.1426,0.0,-0.024317612097313753
DM_RNA_g.24158.CDS.1432,-1.5421673822027392e-30,-5.477020689836185e-34
DM_RNA_g.24158.CDS.1437,0.0,-0.007381523437554577
DM_RNA_g.24158.CDS.1438,0.0,-0.00611866811508818
DM_RNA_g.24158.CDS.1441,0.0,-0.006061332551439455
DM_RNA_g.24158.CDS.1442,0.0,-0.01115914344109976
DM_RNA_g.24158.CDS.1444,0.0,-0.013885657423844554
DM_RNA_g.24158.CDS.1447,0.0,-0.037505870135184555
DM_RNA_g.24158.CDS.1451,8.333579299220612e-29,0.0
DM_RNA_g.24158.CDS.1461,0.0,-0.0344083435611095
DM_RNA_g.24158.CDS.1464,0.0,-0.0043823863757436726
DM_RNA_g.24158.CDS.1468,0.0,-6.745050268575274e-34
DM_RNA_g.24158.CDS.1469,0.0,-0.05307658717665146
DM_RNA_g.24158.CDS.1471,0.0,-0.015490810837837087
DM_RNA_g.24158.CDS.1475,0.0,-0.0206506614008043
DM_RNA_g.24158.CDS.1476,0.0,-0.007691626917604514
DM_RNA_g.24158.CDS.1482,0.0,7.926193571754438e-35
DM_RNA_g.24158.CDS.1485,0.0,-0.05041895610837063
DM_RNA_g.24158.CDS.1487,0.0,-0.02035413014496195
DM_RNA_g.24158.CDS.1489,3.5837650479975763e-31,0.0
DM_RNA_g.24158.CDS.1492,0.0,-0.013329229424794312
DM_RNA_g.24158.CDS.1493,0.0,-0.010813951918728743
DM_RNA_g.24158.CDS.1494,0.0,-9.762260562903223e-34
DM_RNA_g.24158.CDS.1496,0.0,-0.01701084694313742
DM_RNA_g.24158.CDS.1498,-4.404295459779556e-59,-7.40173975399561e-34
DM_RNA_g.24158.CDS.1499,0.0,-0.006183791996133808
DM_RNA_g.24158.CDS.1500,2.3039094974290164e-29,-7.4387290542263966e-34
DM_RNA_g.24158.CDS.1501,0.0,-0.013437412133798477
DM_RNA_g.24158.CDS.1510,0.0,-0.008521640230995576
DM_RNA_g.24158.CDS.1513,0.0,-0.0064186791621902006
DM_RNA_g.24158.CDS.1514,0.0,-0.011045192759062595
DM_RNA_g.24158.CDS.1518,0.0,-0.004138070119941242
DM_RNA_g.24158.CDS.1521,0.0,0.0
DM_RNA_g.24158.CDS.1522,-4.79561385532148e-30,0.0
DM_RNA_g.24158.CDS.1523,-2.2753295262015586e-31,-2.6632513295759534e-34
DM_RNA_g.24158.CDS.1525,0.0,-0.01857101418147141
DM_RNA_g.24158.CDS.1539,0.0,-0.013565625665395901
DM_RNA_g.24158.CDS.1540,-1.8079301007907637e-30,0.0
DM_RNA_g.24158.CDS.1542,0.0,-44811.70129448889
DM_RNA_g.24158.CDS.1550,0.0,-0.014291349647341177
DM_RNA_g.24158.CDS.1552,0.0,-0.03476343369268701
DM_RNA_g.24158.CDS.1555,0.0,0.0
DM_RNA_g.24158.CDS.1561,0.0,-0.018246639387751003
DM_RNA_g.24158.CDS.1564,0.0,-0.02095797159592855
DM_RNA_g.24158.CDS.1565,0.0,-0.02869535007124837
DM_RNA_g.24158.CDS.1570,0.0,-0.013018407224348867
DM_RNA_g.24158.CDS.1574,0.0,-0.029726709786838564
DM_RNA_g.24158.CDS.1576,-1.2960413539079227e-51,0.0
DM_RNA_g.24158.CDS.1579,0.0,-0.025679021404634943
DM_RNA_g.24158.CDS.1580,3.564120968821674e-30,7.251902169608014e-34
DM_RNA_g.24158.CDS.1582,0.0,0.0
DM_RNA_g.24158.CDS.1585,0.0,-0.010863668821648674
DM_RNA_g.24158.CDS.1588,0.0,-0.011643356596822689
DM_RNA_g.24158.CDS.1589,0.0,-0.007386517730120707
DM_RNA_g.24158.CDS.1592,0.0,-0.022454442032965302
DM_RNA_g.24158.CDS.1597,0.0,-0.0176496008581452
DM_RNA_g.24158.CDS.1602,3.9000470763151595e-29,0.0
DM_RNA_g.24158.CDS.1603,1.2829169659396184e-58,-1.7936761481464531e-34
DM_RNA_g.24158.CDS.1606,0.0,-0.026965136919503686
DM_RNA_g.24158.CDS.1607,0.0,-0.012549531118880842
DM_RNA_g.24158.CDS.1609,0.0,0.0
DM_RNA_g.24158.CDS.1610,0.0,-0.029169765093579134
DM_RNA_g.24158.CDS.1618,0.0,1.4540500974115127e-33
DM_RNA_g.24158.CDS.1624,8.226662610825531e-46,-8.298956826806861e-34
DM_RNA_g.24158.CDS.1631,0.0,-0.007870435865364045
DM_RNA_g.24158.CDS.1633,7.528071330485397e-30,-8.361500308124857e-34
DM_RNA_g.24158.CDS.1638,-9.295560899704602e-52,-4.848236050848907e-34
DM_RNA_g.24158.CDS.1639,-1.6194430234325788e-46,0.0
DM_RNA_g.24158.CDS.1640,4.153995026868969e-59,7.386102766049025e-34
DM_RNA_g.24158.CDS.1642,0.0,-1.9489883675944737e-33
DM_RNA_g.24158.CDS.1643,-1.3896956133916058e-30,0.0
DM_RNA_g.24158.CDS.1644,0.0,-1.1846156687918891e-33
DM_RNA_g.24158.CDS.1645,0.0,-0.004022698597809058
DM_RNA_g.24158.CDS.1648,1.3251069260790518e-29,0.0
DM_RNA_g.24158.CDS.1654,0.0,-0.014887960207297086
DM_RNA_g.24158.CDS.1658,0.0,-0.005222038939282043
DM_RNA_g.24158.CDS.1660,0.0,-0.018963447599787478
DM_RNA_g.24158.CDS.1661,0.0,-0.017343148803054646
DM_RNA_g.24158.CDS.1663,1.119923147104499e-30,0.0
DM_RNA_g.24158.CDS.1664,0.0,-0.016497813635652118
DM_RNA_g.24158.CDS.1666,0.0,-0.018783646844270984
DM_RNA_g.24158.CDS.1670,0.0,-0.023263850578329547
DM_RNA_g.24158.CDS.1672,0.0,-0.009850162574252492
DM_RNA_g.24158.CDS.1674,0.0,-0.0036632312469791345
DM_RNA_g.24158.CDS.1675,0.0,-0.007203763647035737
DM_RNA_g.24158.CDS.1683,0.0,-0.00798137209783648
DM_RNA_g.24158.CDS.1689,0.0,0.0
DM_RNA_g.24158.CDS.1694,0.0,-9.35178735277321e-34
DM_RNA_g.24158.CDS.1700,0.0,-5.578993114110142e-34
DM_RNA_g.24158.CDS.1703,0.0,-0.030684335972901596
DM_RNA_g.24158.CDS.1713,0.0,-0.018008931009052286
DM_RNA_g.24158.CDS.1714,0.0,0.0
DM_RNA_g.24158.CDS.1715,-3.8572758260886225e-31,0.0
DM_RNA_g.24158.CDS.1716,0.0,-0.005402914484682886
DM_RNA_g.24158.CDS.1717,0.0,2.208153420576266e-33
DM_RNA_g.24158.CDS.1718,0.0,-0.013869514896183656
DM_RNA_g.24158.CDS.1723,0.0,-0.018729097658976363
DM_RNA_g.24158.CDS.1724,0.0,-0.014161762763681852
DM_RNA_g.24158.CDS.1736,1.2000583544365155e-30,8.201522417580258e-34
DM_RNA_g.24158.CDS.1737,0.0,-0.013801528886381823
DM_RNA_g.24158.CDS.1738,2.4054561782245485e-30,0.0
DM_RNA_g.24158.CDS.1739,0.0,-3.1901666344728435e-34
DM_RNA_g.24158.CDS.1741,0.0,-0.012306276921489355
DM_RNA_g.24158.CDS.1743,0.0,-0.017054469873239077
DM_RNA_g.24158.CDS.1752,0.0,-0.0270677099732528
DM_RNA_g.24158.CDS.1753,0.0,-0.013746399582696432
DM_RNA_g.24158.CDS.1754,0.0,-0.0037811791567610685
DM_RNA_g.24158.CDS.1755,0.0,-0.014589271579235593
DM_RNA_g.24158.CDS.1761,0.0,0.0
DM_RNA_g.24158.CDS.1769,-2.356752992812543e-30,7.88321058581123e-34
DM_RNA_g.24158.CDS.1775,0.0,-0.01038172362283525
DM_RNA_g.24158.CDS.1777,0.0,-0.009054857660551493
DM_RNA_g.24158.CDS.1779,-2.9090532453093244e-30,-4.339501211939239e-34
DM_RNA_g.24158.CDS.1783,0.0,-0.04636061162161672
DM_RNA_g.24158.CDS.1791,0.0,-0.010742931076670759
DM_RNA_g.24158.CDS.1792,0.0,-0.012783148870288724
DM_RNA_g.24158.CDS.1794,-3.3454563859339735e-30,0.0
DM_RNA_g.24158.CDS.1798,0.0,-0.014640621535041072
DM_RNA_g.24158.CDS.1799,3.7280191507696437e-59,1.64601269023935e-33
DM_RNA_g.24158.CDS.1801,0.0,-1.398036155280954
DM_RNA_g.24158.CDS.1803,0.0,-0.020355693039162036
DM_RNA_g.24158.CDS.1807,0.0,-0.016695138732630847
DM_RNA_g.24158.CDS.1809,0.0,-0.01387125761941602
DM_RNA_g.24158.CDS.1811,0.0,-0.027167378192957222
DM_RNA_g.24158.CDS.1812,0.0,-0.017182782396099206
DM_RNA_g.24158.CDS.1817,0.0,-0.006300855228377891
DM_RNA_ANG2_RS09630,0.0,-0.0014640032956971796
DM_RNA_ANG2_RS09080,0.0,-0.0014839494359010978
DM_RNA_ANG2_RS09085,0.0,-0.0017238537348728438
DM_RNA_ANG2_RS09090,0.0,-0.0014443672191299616
DM_RNA_ANG2_RS09095,0.0,-0.0014640646674895029
DM_RNA_ANG2_RS09100,0.0,-0.0016442567415344894
DM_RNA_ANG2_RS09105,0.0,-0.001464065407394636
DM_RNA_ANG2_RS09110,0.0,-0.0014652741124275396
DM_RNA_ANG2_RS08930,0.0,-0.0023237490495447216
DM_RNA_ANG2_RS08935,0.0,-0.05807384185874946
DM_RNA_ANG2_RS08940,0.0,-0.0014647570930646449
DM_RNA_ANG2_RS08945,0.0,-0.031140685375928935
DM_RNA_ANG2_RS08720,0.0,-0.0014843305654545491
DM_RNA_ANG2_RS08725,0.0,-0.0014839494359010978
DM_RNA_ANG2_RS08370,-5.932098034849421e-29,0.0
DM_RNA_ANG2_RS08375,0.0,-0.0014440578953983842
DM_RNA_ANG2_RS08380,0.0,-0.001464829638791652
DM_RNA_ANG2_RS08385,0.0,-0.0014237718692793593
DM_RNA_ANG2_RS08390,0.0,-0.0016244360571104537
DM_RNA_ANG2_RS08395,0.0,-0.0014648192047621012
DM_RNA_ANG2_RS08400,0.0,-0.002701204222762326
DM_RNA_ANG2_RS08405,-1.6802805847499545e-37,-4.62460913685491e-35
DM_RNA_ANG2_RS08410,0.0,-0.00144416100330891
DM_RNA_ANG2_RS08415,0.0,-0.002982893035386271
DM_RNA_ANG2_RS08420,0.0,-0.004800449131517941
DM_RNA_ANG2_RS07800,0.0,-0.010043157167138182
DM_RNA_ANG2_RS07805,0.0,-0.002982893035386271
DM_RNA_ANG2_RS07810,0.0,-0.004800449131517941
DM_RNA_ANG2_RS07815,0.0,-0.0014648192047621012
DM_RNA_ANG2_RS07820,0.0,-0.002701204222762326
DM_RNA_ANG2_RS07825,-2.115500574789795e-29,-4.62460913685491e-35
DM_RNA_ANG2_RS07830,0.0,-0.0014845695631745186
DM_RNA_ANG2_RS07835,0.0,-0.0014853226206368508
DM_RNA_ANG2_RS07840,0.0,-0.0014843305654545491
DM_RNA_ANG2_RS07445,0.0,-0.001464406033214865
DM_RNA_ANG2_RS07375,0.0,-0.001484434413270208
DM_RNA_ANG2_RS06965,0.0,-0.0007009204737383662
DM_RNA_ANG2_RS06975,0.0,-0.0017243595803010552
DM_RNA_ANG2_RS05980,0.0,-0.0014442126809768156
DM_RNA_ANG2_RS05990,0.0,-0.0014440578953983842
DM_RNA_ANG2_RS05995,0.0,-0.0016244360571104537
DM_RNA_ANG2_RS05335,0.0,-0.0013298827397083322
DM_RNA_ANG2_RS04890,0.0,-0.011691850022221052
DM_RNA_ANG2_RS04770,0.0,-0.001484434413270208
DM_RNA_ANG2_RS04775,0.0,-0.00144416100330891
DM_RNA_ANG2_RS04795,-1.1245547407640842e-30,4.166735786500784e-35
DM_RNA_ANG2_RS03525,0.0,-0.00011110345760127198
DM_RNA_ANG2_RS00980,-7.491222645433675e-30,0.0
DM_RNA_ANG2_RS00985,0.0,-0.0017851490598820622
DM_RNA_ANG2_RS01150,0.0,-0.0014241124950995884
formation_CPLX_3OAS100-0,1.1399255032407326e-11,2.45856083574158e-34
formation_CPLX_5AIZCDC-0,-3.8955815504614904e-30,1.844724013566589e-34
formation_CPLX_ACCOACL-0,1.9827917606246294e-11,0.0
formation_CPLX_ACGApts-0,-2.17000046997809e-31,1.266160383666146e-32
formation_CPLX_ACTNDH-0,-4.620663303006276e-30,0.0
formation_CPLX_ALAPGPL-0,3.475657772253763e-31,1.3331646430319205e-33
formation_CPLX_ARBTpts-0,0.0,-1.218560996892252e-32
formation_CPLX_ARBTpts-1,0.0,-2.25035852848082e-32
formation_CPLX_ARBTpts-2,0.0,-1.218560996892252e-32
formation_CPLX_ARBTpts-3,0.0,-1.218560996892252e-32
formation_CPLX_ARBTpts-4,0.0,1.2600482916712244e-32
formation_CPLX_ARBTpts-5,0.0,1.2107124908868712e-32
formation_CPLX_ARBTpts-6,0.0,0.0
formation_CPLX_ATPS4-0,1.4752260344502188e-29,2.806736040174894e-33
formation_CPLX_BTNCLi-0,1.3393149841968033e-11,-7.15508620364755e-34
formation_CPLX_CELBpts-0,0.0,1.9553525288691795e-34
formation_CPLX_CELBpts-1,0.0,0.0
formation_CPLX_CELBpts-10,0.0,0.0
formation_CPLX_CELBpts-11,0.0,-2.1735795626594515e-34
formation_CPLX_CELBpts-12,0.0,-4.360653784884238e-34
formation_CPLX_CELBpts-13,0.0,7.887936808121099e-35
formation_CPLX_CELBpts-14,0.0,0.0
formation_CPLX_CELBpts-2,0.0,0.0
formation_CPLX_CELBpts-3,0.0,7.88836355928547e-35
formation_CPLX_CELBpts-4,-2.44118494107906e-52,0.0
formation_CPLX_CELBpts-5,0.0,2.2381539590050692e-34
formation_CPLX_CELBpts-6,0.0,2.2277641397875574e-34
formation_CPLX_CELBpts-7,0.0,-2.234685700491137e-34
formation_CPLX_CELBpts-8,0.0,0.0
formation_CPLX_CELBpts-9,0.0,2.2598032272368827e-34
formation_CPLX_CYTBD-0,0.0,-4.056214109850153e-34
formation_CPLX_CYTBD-1,1.0489615900324826e-30,0.0
formation_CPLX_CYTBD-2,0.0,0.0
formation_CPLX_CYTBD-3,0.0,0.0
formation_CPLX_CYTBD-4,0.0,4.062485894101014e-34
formation_CPLX_CYTBD-5,0.0,0.0
formation_CPLX_DHFS-0,-3.862724116205912e-32,0.0
formation_CPLX_DHORD2-0,0.0,0.0
formation_CPLX_DHORD2-1,2.0684486384249005e-55,0.0
formation_CPLX_FRUK-0,8.632112790901321e-59,0.0
formation_CPLX_FRUpts-0,4.951057275484041e-52,-4.01709890691206e-34
formation_CPLX_G3PAT120-0,1.5258502302722823e-12,-1.7647416293759025e-34
formation_CPLX_GLCpts-0,9.711915418371482e-59,0.0
formation_CPLX_GLGC-0,6.168202801690708e-30,-3.6171068499070885e-34
formation_CPLX_MALTTRabc-0,-1.803916148656184e-30,0.0
formation_CPLX_MALTpts-0,1.9575474014681988e-31,-1.0109423844469385e-32
formation_CPLX_MALTpts-1,0.0,-2.211436465977678e-33
formation_CPLX_MALTpts-2,0.0,-6.635408660628234e-34
formation_CPLX_MANpts-0,0.0,-1.3421070762128287e-32
formation_CPLX_METDabc-0,-4.099150084193859e-30,-1.2622884663479567e-34
formation_CPLX_MNabc-0,-8.86999980735897e-56,9.151834419975425e-32
formation_CPLX_OCOAT1r-0,1.3657282005798374e-30,-2.891299570371961e-34
formation_CPLX_PIabc-0,1.42872238043038e-59,0.0
formation_CPLX_PIabc-1,7.218240872417088e-12,1.073750736265095e-33
formation_CPLX_PPCDC-0,1.1699667677787012e-13,-1.3641224514833432e-34
formation_CPLX_PTRCabc-0,8.07783296718821e-14,-1.9467097092091287e-33
formation_CPLX_RNDR1-0,-7.888774396959597e-60,-9.723257572790976e-34
formation_CPLX_SUCpts-0,3.4434464812588432e-59,0.0
formation_CPLX_SUCpts-1,0.0,2.7919830290579545e-32
formation_CPLX_SUCpts-2,0.0,2.644862674651482e-32
formation_CPLX_THMabc-0,8.005559348906312e-14,0.0
formation_CPLX_THZPSN-0,-2.353124595885073e-32,3.7327353767966726e-34
formation_CPLX_THZPSN-1,3.144707017931401e-32,0.0
formation_CPLX_TREpts-0,0.0,-4.984650058755443e-33
formation_CPLX_UPPRT-0,0.0,-1.101469342025367e-34
formation_CPLX_YUMPS-0,2.5687193101333635e-30,1.775583865578803e-34
formation_CPLX_YUMPS-1,5.530541503096847e-16,3.1172337171714477e-34
formation_CPLX_YUMPS-2,1.2489366716919496e-29,0.0
formation_CPLX_ZNabc-0,5.225520764292183e-38,0.0
formation_CPLX_dreplication-0,0.0,0.0
formation_CPLX_dreplication-1,0.0,1.3831047307303587e-32
formation_CPLX_pbiosynthesis-0,6.144302992696338e-15,4.123050452665163e-32
formation_CPLX_pbiosynthesis-1,6.144302992696338e-15,7.98009765031967e-34
formation_CPLX_r0060-0,6.039802468150499e-09,1.5987204492428284e-34
formation_CPLX_rtranscription-0,3.7800210604668746e-13,7.880532754227681e-33
formation_CPLX_rtranscription-1,3.7800210604668746e-13,7.880532754227681e-33
formation_CPLX_rtranscription-2,3.7800210604668746e-13,2.3641598262683045e-32
formation_CPLX_rtranscription-3,3.7800210604668746e-13,-1.5761065508455362e-32
formation_g.24158.CDS.10-MONOMER,7.180143155914294e-12,-3.0025083810498842e-34
formation_g.24158.CDS.1004-MONOMER,-1.3700318888886844e-41,8.011120012606675e-35
formation_g.24158.CDS.1011-MONOMER,9.738380922703837e-30,-1.7504686740715793e-34
formation_g.24158.CDS.1017-MONOMER,6.099756517007466e-08,0.0
formation_g.24158.CDS.1020-MONOMER,7.7643729171531e-12,0.0
formation_g.24158.CDS.1024-MONOMER,-2.3999833954443623e-59,2.0159145250886156e-34
formation_g.24158.CDS.1025-MONOMER,6.099757131437765e-08,0.0
formation_g.24158.CDS.1026-MONOMER,9.779213269574387e-31,0.0
formation_g.24158.CDS.1027-MONOMER,0.0,-5.612811108710387e-35
formation_g.24158.CDS.103-MONOMER,1.8863243734290942e-56,0.0
formation_g.24158.CDS.1032-MONOMER,-4.23798694753364e-30,0.0
formation_g.24158.CDS.1043-MONOMER,-1.4784930577804952e-30,0.0
formation_g.24158.CDS.1049-MONOMER,2.2649052996870692e-11,8.631779120086681e-35
formation_g.24158.CDS.1055-MONOMER,-4.379678077704181e-29,0.0
formation_g.24158.CDS.1056-MONOMER,3.609705416227303e-12,0.0
formation_g.24158.CDS.1062-MONOMER,2.000435806214017e-15,-2.3269812377416632e-34
formation_g.24158.CDS.1071-MONOMER,-1.6866528649205295e-64,0.0
formation_g.24158.CDS.1082-MONOMER,-1.704826423178785e-30,0.0
formation_g.24158.CDS.1090-MONOMER,-1.4711296464218996e-42,0.0
formation_g.24158.CDS.1095-MONOMER,6.099756517007466e-08,5.908044920261331e-35
formation_g.24158.CDS.1098-MONOMER,-1.1550785250705766e-57,0.0
formation_g.24158.CDS.110-MONOMER,1.0617627947700361e-59,0.0
formation_g.24158.CDS.1101-MONOMER,6.099757131437765e-08,-8.119516574653e-35
formation_g.24158.CDS.1103-MONOMER,-1.1631161463885303e-29,0.0
formation_g.24158.CDS.1106-MONOMER,2.5006263696959073e-13,0.0
formation_g.24158.CDS.1109-MONOMER,6.099756517007466e-08,-6.651838960672947e-35
formation_g.24158.CDS.111-MONOMER,6.701363976184162e-13,0.0
formation_g.24158.CDS.1118-MONOMER,-7.915627510027704e-60,0.0
formation_g.24158.CDS.1121-MONOMER,2.062126057530707e-12,0.0
formation_g.24158.CDS.1124-MONOMER,6.504384732956265e-12,0.0
formation_g.24158.CDS.1126-MONOMER,5.987671535468209e-30,0.0
formation_g.24158.CDS.1131-MONOMER,6.099756517007466e-08,-6.784088112818806e-35
formation_g.24158.CDS.1134-MONOMER,0.0,0.0
formation_g.24158.CDS.114-MONOMER,1.1061083006193708e-15,0.0
formation_g.24158.CDS.1140-MONOMER,3.3453948242034966e-63,0.0
formation_g.24158.CDS.1142-MONOMER,6.099756517007466e-08,-5.360609714495219e-35
formation_g.24158.CDS.1143-MONOMER,1.8235638274006742e-30,-6.823276719111397e-35
formation_g.24158.CDS.1144-MONOMER,1.228860598539269e-14,3.4687719849732997e-34
formation_g.24158.CDS.1151-MONOMER,7.537662121913576e-14,0.0
formation_g.24158.CDS.1152-MONOMER,6.099757131437765e-08,0.0
formation_g.24158.CDS.1154-MONOMER,1.1757793066400739e-58,0.0
formation_g.24158.CDS.1158-MONOMER,2.000435806214017e-15,0.0
formation_g.24158.CDS.1166-MONOMER,3.656793696203353e-30,2.1580559291183695e-34
formation_g.24158.CDS.1175-MONOMER,-5.688546417974759e-60,-1.6855049550291226e-34
formation_g.24158.CDS.1179-MONOMER,6.099756517007466e-08,0.0
formation_g.24158.CDS.118-MONOMER,-3.354125330986835e-32,0.0
formation_g.24158.CDS.1185-MONOMER,4.980509397793275e-13,0.0
formation_g.24158.CDS.1187-MONOMER,1.4477009479163543e-14,-9.662027392790628e-35
formation_g.24158.CDS.1188-MONOMER,6.099756517007466e-08,-7.001992805174746e-35
formation_g.24158.CDS.1192-MONOMER,0.0,0.0
formation_g.24158.CDS.120-MONOMER,-4.697676164081315e-30,0.0
formation_g.24158.CDS.1204-MONOMER,6.099756517007466e-08,0.0
formation_g.24158.CDS.1209-MONOMER,0.0,-1.8169249730517866e-34
formation_g.24158.CDS.1214-MONOMER,0.0,-2.8097448555219086e-34
formation_g.24158.CDS.1220-MONOMER,0.0,0.0
formation_g.24158.CDS.1236-MONOMER,3.8408067506537065e-13,8.95094298597799e-34
formation_g.24158.CDS.1238-MONOMER,3.2297701527139897e-13,0.0
formation_g.24158.CDS.1239-MONOMER,-3.1597011330911935e-30,0.0
formation_g.24158.CDS.1244-MONOMER,0.0,2.1056909028500605e-34
formation_g.24158.CDS.1246-MONOMER,6.099756517007466e-08,-1.3540751056102305e-34
formation_g.24158.CDS.1254-MONOMER,0.0,0.0
formation_g.24158.CDS.1255-MONOMER,0.0,0.0
formation_g.24158.CDS.1256-MONOMER,0.0,0.0
formation_g.24158.CDS.1263-MONOMER,6.099756517007466e-08,0.0
formation_g.24158.CDS.1274-MONOMER,2.8449172192768967e-13,1.5328280483819856e-34
formation_g.24158.CDS.128-MONOMER,2.8577335932974717e-12,5.114920842810328e-34
formation_g.24158.CDS.1288-MONOMER,1.1061083006193708e-15,0.0
formation_g.24158.CDS.1290-MONOMER,6.099757131437765e-08,0.0
formation_g.24158.CDS.1292-MONOMER,5.530541503096847e-16,0.0
formation_g.24158.CDS.1295-MONOMER,7.108568946931624e-30,0.0
formation_g.24158.CDS.130-MONOMER,-5.481845026374366e-43,0.0
formation_g.24158.CDS.1308-MONOMER,6.099756517007466e-08,0.0
formation_g.24158.CDS.131-MONOMER,0.0,0.0
formation_g.24158.CDS.1310-MONOMER,-5.344245748176462e-32,-8.38981357379181e-34
formation_g.24158.CDS.1315-MONOMER,5.87305548908568e-12,0.0
formation_g.24158.CDS.1317-MONOMER,1.2641174579047583e-29,0.0
formation_g.24158.CDS.1318-MONOMER,0.0,0.0
formation_g.24158.CDS.1321-MONOMER,6.099756517007466e-08,-6.358413149929143e-35
formation_g.24158.CDS.1322-MONOMER,1.4980330580617495e-14,-2.0428250371308275e-34
formation_g.24158.CDS.1330-MONOMER,6.372141875160895e-13,-3.3465790988989898e-34
formation_g.24158.CDS.1343-MONOMER,5.024399466245317e-30,1.8737072956150823e-34
formation_g.24158.CDS.1345-MONOMER,1.0196376479339744e-13,0.0
formation_g.24158.CDS.1354-MONOMER,7.765164465325291e-30,3.545825021229507e-34
formation_g.24158.CDS.1359-MONOMER,9.504708672226907e-12,0.0
formation_g.24158.CDS.1372-MONOMER,-1.7079013200798986e-29,0.0
formation_g.24158.CDS.1373-MONOMER,0.0,6.551648736529434e-35
formation_g.24158.CDS.1380-MONOMER,5.530541503096847e-16,0.0
formation_g.24158.CDS.1382-MONOMER,5.183657727897959e-52,0.0
formation_g.24158.CDS.1383-MONOMER,6.099756517007466e-08,0.0
formation_g.24158.CDS.1396-MONOMER,-1.1127406643440613e-30,0.0
formation_g.24158.CDS.1398-MONOMER,6.099756517007466e-08,0.0
formation_g.24158.CDS.1399-MONOMER,5.380463594693634e-13,0.0
formation_g.24158.CDS.1406-MONOMER,-4.8869965179079084e-29,0.0
formation_g.24158.CDS.1407-MONOMER,1.0352195792859804e-29,0.0
formation_g.24158.CDS.1412-MONOMER,0.0,0.0
formation_g.24158.CDS.1417-MONOMER,1.0501455202865735e-31,0.0
formation_g.24158.CDS.1423-MONOMER,0.0,-8.897821372539329e-35
formation_g.24158.CDS.1426-MONOMER,7.357266065959945e-10,0.0
formation_g.24158.CDS.1432-MONOMER,1.2506342975617521e-29,0.0
formation_g.24158.CDS.1437-MONOMER,6.099756517007466e-08,1.0332315120846145e-34
formation_g.24158.CDS.1438-MONOMER,6.099756517007466e-08,6.15067541638884e-35
formation_g.24158.CDS.1442-MONOMER,3.350681988092077e-13,0.0
formation_g.24158.CDS.1447-MONOMER,2.3474662880856436e-30,0.0
formation_g.24158.CDS.1451-MONOMER,-2.5030333122776366e-29,0.0
formation_g.24158.CDS.146-MONOMER,-1.9226689307287988e-41,-3.3710181998281023e-34
formation_g.24158.CDS.1461-MONOMER,2.0182723863999324e-12,0.0
formation_g.24158.CDS.1464-MONOMER,3.350681988092077e-13,0.0
formation_g.24158.CDS.147-MONOMER,5.530541503096847e-16,0.0
formation_g.24158.CDS.1476-MONOMER,6.099756517007466e-08,0.0
formation_g.24158.CDS.1482-MONOMER,0.0,0.0
formation_g.24158.CDS.1485-MONOMER,9.402469523101006e-12,0.0
formation_g.24158.CDS.1487-MONOMER,3.041052590658314e-13,0.0
formation_g.24158.CDS.1489-MONOMER,-3.229206674502923e-31,0.0
formation_g.24158.CDS.1492-MONOMER,2.285689861327104e-09,0.0
formation_g.24158.CDS.1499-MONOMER,6.099757131437765e-08,0.0
formation_g.24158.CDS.150-MONOMER,1.828195388498618e-56,0.0
formation_g.24158.CDS.1501-MONOMER,7.799239667526689e-30,-8.111581050343893e-35
formation_g.24158.CDS.1510-MONOMER,6.144302992696338e-15,0.0
formation_g.24158.CDS.1518-MONOMER,6.099756517007466e-08,2.543970728453183e-35
formation_g.24158.CDS.1521-MONOMER,0.0,0.0
formation_g.24158.CDS.1523-MONOMER,2.05022070205441e-31,6.371792967019703e-35
formation_g.24158.CDS.1525-MONOMER,-2.3984580354397216e-29,0.0
formation_g.24158.CDS.1540-MONOMER,3.258126506797845e-30,-8.573009534754906e-35
formation_g.24158.CDS.1550-MONOMER,5.530541503096847e-16,-1.56964224326368e-34
formation_g.24158.CDS.1552-MONOMER,5.460580660647448e-12,2.725584675039476e-34
formation_g.24158.CDS.1555-MONOMER,4.4125561201003634e-30,0.0
formation_g.24158.CDS.1561-MONOMER,1.8028382031534247e-12,0.0
formation_g.24158.CDS.1564-MONOMER,-1.8693702561238916e-29,0.0
formation_g.24158.CDS.1570-MONOMER,6.118463658856257e-32,0.0
formation_g.24158.CDS.1574-MONOMER,3.64072848194661e-33,0.0
formation_g.24158.CDS.1576-MONOMER,1.1678171776397363e-51,-1.407943384699219e-34
formation_g.24158.CDS.1579-MONOMER,6.099756517007466e-08,0.0
formation_g.24158.CDS.158-MONOMER,6.099756517007466e-08,0.0
formation_g.24158.CDS.1585-MONOMER,6.674355741686285e-13,0.0
formation_g.24158.CDS.1588-MONOMER,-8.369155577488822e-30,0.0
formation_g.24158.CDS.1589-MONOMER,6.099756517007466e-08,0.0
formation_g.24158.CDS.1597-MONOMER,1.5050434118988762e-51,0.0
formation_g.24158.CDS.160-MONOMER,8.733908457610337e-52,1.7230057486634565e-39
formation_g.24158.CDS.1602-MONOMER,0.0,0.0
formation_g.24158.CDS.1603-MONOMER,-1.7866923091297592e-58,-3.756467293104187e-35
formation_g.24158.CDS.1606-MONOMER,1.1770929682883792e-09,0.0
formation_g.24158.CDS.1609-MONOMER,0.0,0.0
formation_g.24158.CDS.1610-MONOMER,7.1402894519770285e-12,-2.383510339300569e-34
formation_g.24158.CDS.1624-MONOMER,2.4699256886470737e-59,0.0
formation_g.24158.CDS.1631-MONOMER,6.099756517007466e-08,-6.314203720926301e-35
formation_g.24158.CDS.1633-MONOMER,-5.681408696764211e-60,0.0
formation_g.24158.CDS.1638-MONOMER,8.375913640479002e-52,0.0
formation_g.24158.CDS.1643-MONOMER,0.0,0.0
formation_g.24158.CDS.1645-MONOMER,6.099756517007466e-08,2.8597792409839087e-35
formation_g.24158.CDS.1654-MONOMER,5.530541503096847e-16,0.0
formation_g.24158.CDS.1658-MONOMER,6.099756517007466e-08,-5.550814729982634e-35
formation_g.24158.CDS.166-MONOMER,6.413785482994267e-52,-2.5502814731338153e-34
formation_g.24158.CDS.1660-MONOMER,4.4145437752795723e-10,0.0
formation_g.24158.CDS.1663-MONOMER,-1.0091239947721623e-29,0.0
formation_g.24158.CDS.1664-MONOMER,6.401969123057837e-13,0.0
formation_g.24158.CDS.1672-MONOMER,0.0,0.0
formation_g.24158.CDS.1674-MONOMER,6.099756517007466e-08,0.0
formation_g.24158.CDS.1675-MONOMER,6.099756517007466e-08,0.0
formation_g.24158.CDS.1683-MONOMER,6.099756517007466e-08,0.0
formation_g.24158.CDS.1700-MONOMER,7.552508213111142e-30,-1.136269110086567e-34
formation_g.24158.CDS.1703-MONOMER,3.1367487764958295e-13,2.1025059890992203e-34
formation_g.24158.CDS.1713-MONOMER,3.2525474077768205e-12,-1.6903055819921394e-34
formation_g.24158.CDS.1716-MONOMER,6.099756517007466e-08,-5.711860731115154e-35
formation_g.24158.CDS.1718-MONOMER,1.800338537185429e-13,7.55874145121426e-35
formation_g.24158.CDS.1724-MONOMER,1.6976547220557687e-30,0.0
formation_g.24158.CDS.1736-MONOMER,-3.243993171459167e-30,0.0
formation_g.24158.CDS.1737-MONOMER,1.599723171146335e-11,-8.390194872617627e-35
formation_g.24158.CDS.1738-MONOMER,-6.502419976125839e-30,0.0
formation_g.24158.CDS.1739-MONOMER,0.0,0.0
formation_g.24158.CDS.175-MONOMER,1.5472430374203967e-32,0.0
formation_g.24158.CDS.1752-MONOMER,1.838547260925632e-12,0.0
formation_g.24158.CDS.1754-MONOMER,6.099756517007466e-08,2.469317281325863e-35
formation_g.24158.CDS.1755-MONOMER,5.530541503096847e-16,0.0
formation_g.24158.CDS.1769-MONOMER,6.370765710880511e-30,0.0
formation_g.24158.CDS.1775-MONOMER,5.530541503096847e-16,0.0
formation_g.24158.CDS.1777-MONOMER,6.099756517007466e-08,0.0
formation_g.24158.CDS.1791-MONOMER,6.099756517007466e-08,6.55118812007542e-35
formation_g.24158.CDS.1794-MONOMER,6.028949970787103e-30,-1.1578356394000138e-34
formation_g.24158.CDS.1798-MONOMER,5.530541503096847e-16,0.0
formation_g.24158.CDS.1803-MONOMER,1.6480237532828067e-09,-2.427576469539756e-34
formation_g.24158.CDS.1807-MONOMER,6.099756517007466e-08,0.0
formation_g.24158.CDS.1809-MONOMER,6.680828282914648e-15,-1.7005560520890795e-34
formation_g.24158.CDS.1811-MONOMER,0.0,-2.0863721836542328e-34
formation_g.24158.CDS.1812-MONOMER,1.8793790207836986e-09,0.0
formation_g.24158.CDS.1817-MONOMER,3.705942303400545e-12,3.9580572231983824e-35
formation_g.24158.CDS.182-MONOMER,-5.104826525972122e-60,0.0
formation_g.24158.CDS.19-MONOMER,9.766849632366756e-11,2.0233829101668454e-34
formation_g.24158.CDS.193-MONOMER,-4.190670049392245e-58,0.0
formation_g.24158.CDS.200-MONOMER,7.605393864524185e-12,-3.0640010553461627e-34
formation_g.24158.CDS.203-MONOMER,-9.541932760939215e-30,9.7400748575995e-35
formation_g.24158.CDS.208-MONOMER,0.0,0.0
formation_g.24158.CDS.215-MONOMER,1.0498733239525586e-29,0.0
formation_g.24158.CDS.219-MONOMER,0.0,0.0
formation_g.24158.CDS.22-MONOMER,-9.646703599305111e-60,0.0
formation_g.24158.CDS.221-MONOMER,1.2637819755879863e-29,1.1966831899704117e-34
formation_g.24158.CDS.227-MONOMER,3.350681988092077e-13,0.0
formation_g.24158.CDS.230-MONOMER,-2.680426348260069e-56,0.0
formation_g.24158.CDS.232-MONOMER,6.099756517007466e-08,0.0
formation_g.24158.CDS.235-MONOMER,5.460086132102537e-12,0.0
formation_g.24158.CDS.236-MONOMER,5.530541503096847e-16,0.0
formation_g.24158.CDS.237-MONOMER,1.616162768367253e-12,0.0
formation_g.24158.CDS.238-MONOMER,1.9923386595161646e-63,-1.1749198190605642e-34
formation_g.24158.CDS.240-MONOMER,0.0,8.198137573961689e-35
formation_g.24158.CDS.252-MONOMER,6.871747974668158e-30,0.0
formation_g.24158.CDS.254-MONOMER,-1.0806720018286951e-29,0.0
formation_g.24158.CDS.256-MONOMER,-1.1139571502992417e-58,0.0
formation_g.24158.CDS.264-MONOMER,3.325917645356365e-13,0.0
formation_g.24158.CDS.266-MONOMER,0.0,4.1960615316872557e-35
formation_g.24158.CDS.269-MONOMER,6.003306402102404e-30,0.0
formation_g.24158.CDS.275-MONOMER,0.0,0.0
formation_g.24158.CDS.277-MONOMER,6.099756517007466e-08,1.32788008669906e-34
formation_g.24158.CDS.284-MONOMER,-5.9139345149261725e-52,0.0
formation_g.24158.CDS.287-MONOMER,5.530541503096847e-16,-2.8173168395979475e-34
formation_g.24158.CDS.290-MONOMER,0.0,0.0
formation_g.24158.CDS.297-MONOMER,6.099756517007466e-08,1.3715148076619492e-34
formation_g.24158.CDS.298-MONOMER,0.0,0.0
formation_g.24158.CDS.300-MONOMER,7.454955512092563e-32,0.0
formation_g.24158.CDS.304-MONOMER,2.3046315893073667e-38,0.0
formation_g.24158.CDS.315-MONOMER,-2.6685431620838148e-48,1.0906345502145542e-34
formation_g.24158.CDS.323-MONOMER,1.70114431272509e-59,0.0
formation_g.24158.CDS.328-MONOMER,6.099756517007466e-08,0.0
formation_g.24158.CDS.331-MONOMER,-1.0055297203501014e-31,0.0
formation_g.24158.CDS.340-MONOMER,5.937612574605745e-36,0.0
formation_g.24158.CDS.342-MONOMER,2.8966178360228103e-30,0.0
formation_g.24158.CDS.348-MONOMER,-8.376625139349089e-32,-1.3364450775567639e-34
formation_g.24158.CDS.351-MONOMER,6.099756517007466e-08,0.0
formation_g.24158.CDS.360-MONOMER,0.0,3.0884918723198103e-34
formation_g.24158.CDS.364-MONOMER,-1.884194593256264e-38,1.775958566214862e-34
formation_g.24158.CDS.365-MONOMER,2.0726925998460694e-50,0.0
formation_g.24158.CDS.366-MONOMER,1.3401063689357819e-09,0.0
formation_g.24158.CDS.371-MONOMER,6.852110933170043e-08,0.0
formation_g.24158.CDS.375-MONOMER,0.0,1.2369071104273418e-34
formation_g.24158.CDS.376-MONOMER,0.0,-7.864690955634834e-35
formation_g.24158.CDS.378-MONOMER,0.0,0.0
formation_g.24158.CDS.380-MONOMER,2.957333758861567e-30,0.0
formation_g.24158.CDS.383-MONOMER,0.0,7.501224034392598e-35
formation_g.24158.CDS.390-MONOMER,6.099756517007466e-08,0.0
formation_g.24158.CDS.392-MONOMER,6.099756517007466e-08,0.0
formation_g.24158.CDS.410-MONOMER,0.0,-2.5723385780632815e-34
formation_g.24158.CDS.411-MONOMER,-1.8736614928385506e-46,-7.877131048983185e-35
formation_g.24158.CDS.417-MONOMER,2.509743375578625e-45,0.0
formation_g.24158.CDS.421-MONOMER,2.263755494977468e-13,-3.456117744059521e-34
formation_g.24158.CDS.427-MONOMER,1.9158070276253172e-13,0.0
formation_g.24158.CDS.429-MONOMER,1.2484070006897531e-29,0.0
formation_g.24158.CDS.455-MONOMER,0.0,0.0
formation_g.24158.CDS.461-MONOMER,3.179646689712722e-30,-8.909537586980506e-35
formation_g.24158.CDS.467-MONOMER,2.0210836639996923e-15,3.6731161281605086e-33
formation_g.24158.CDS.473-MONOMER,3.770704960938754e-12,-4.136826161846961e-34
formation_g.24158.CDS.486-MONOMER,9.766849632366756e-11,0.0
formation_g.24158.CDS.487-MONOMER,0.0,0.0
formation_g.24158.CDS.500-MONOMER,3.719215343780982e-31,0.0
formation_g.24158.CDS.506-MONOMER,2.7263800702995793e-12,-9.307788742145428e-35
formation_g.24158.CDS.510-MONOMER,-7.846905230187954e-30,0.0
formation_g.24158.CDS.523-MONOMER,-1.0621643747648056e-47,2.2017449515808423e-34
formation_g.24158.CDS.531-MONOMER,-5.197787012095833e-56,0.0
formation_g.24158.CDS.532-MONOMER,0.0,0.0
formation_g.24158.CDS.539-MONOMER,0.0,0.0
formation_g.24158.CDS.542-MONOMER,6.099756517007466e-08,9.859354971313101e-35
formation_g.24158.CDS.55-MONOMER,3.7800210604668746e-13,0.0
formation_g.24158.CDS.552-MONOMER,2.4764342735712186e-15,0.0
formation_g.24158.CDS.553-MONOMER,-3.6203017455773025e-30,-1.9184860981026057e-34
formation_g.24158.CDS.555-MONOMER,7.530364581291244e-10,0.0
formation_g.24158.CDS.558-MONOMER,4.057230935465825e-12,2.7308306600213464e-34
formation_g.24158.CDS.559-MONOMER,2.4049794022891044e-55,0.0
formation_g.24158.CDS.563-MONOMER,6.099756517007466e-08,0.0
formation_g.24158.CDS.572-MONOMER,5.847663832128498e-30,0.0
formation_g.24158.CDS.573-MONOMER,-4.6378555886359906e-30,0.0
formation_g.24158.CDS.581-MONOMER,1.2929189249351086e-12,0.0
formation_g.24158.CDS.584-MONOMER,1.7721307843052834e-29,-2.725804553441053e-35
formation_g.24158.CDS.586-MONOMER,0.0,0.0
formation_g.24158.CDS.598-MONOMER,4.463021259710325e-12,0.0
formation_g.24158.CDS.600-MONOMER,1.0059138754088957e-32,0.0
formation_g.24158.CDS.604-MONOMER,5.909414421896596e-31,0.0
formation_g.24158.CDS.607-MONOMER,0.0,0.0
formation_g.24158.CDS.616-MONOMER,4.1913589328915485e-13,0.0
formation_g.24158.CDS.62-MONOMER,-3.2496228252646697e-31,0.0
formation_g.24158.CDS.620-MONOMER,3.6889084459145363e-59,-2.0793301465702475e-34
formation_g.24158.CDS.625-MONOMER,0.0,-1.580074968307412e-35
formation_g.24158.CDS.630-MONOMER,6.099756517007466e-08,0.0
formation_g.24158.CDS.631-MONOMER,0.0,0.0
formation_g.24158.CDS.639-MONOMER,-5.246780486676408e-30,0.0
formation_g.24158.CDS.643-MONOMER,0.0,0.0
formation_g.24158.CDS.646-MONOMER,1.070886500883777e-30,1.6795388784365774e-39
formation_g.24158.CDS.652-MONOMER,-2.695506372502135e-52,0.0
formation_g.24158.CDS.655-MONOMER,6.099756517007466e-08,0.0
formation_g.24158.CDS.659-MONOMER,1.7139515584057186e-45,-1.7953519982118595e-34
formation_g.24158.CDS.660-MONOMER,9.156997791601728e-30,-2.3779471875542226e-33
formation_g.24158.CDS.661-MONOMER,-3.8061769856637265e-30,2.865196380426508e-34
formation_g.24158.CDS.667-MONOMER,6.099756517007466e-08,0.0
formation_g.24158.CDS.674-MONOMER,-5.007712160408583e-59,0.0
formation_g.24158.CDS.678-MONOMER,5.432911808627257e-31,0.0
formation_g.24158.CDS.68-MONOMER,5.297984309048862e-30,1.1707678698405373e-34
formation_g.24158.CDS.680-MONOMER,8.032089985545303e-31,0.0
formation_g.24158.CDS.682-MONOMER,-9.066096130361238e-59,0.0
formation_g.24158.CDS.688-MONOMER,0.0,0.0
formation_g.24158.CDS.69-MONOMER,1.892089585156129e-58,0.0
formation_g.24158.CDS.694-MONOMER,0.0,-3.135941912293218e-35
formation_g.24158.CDS.696-MONOMER,-9.777508118392211e-60,0.0
formation_g.24158.CDS.699-MONOMER,3.984186311904252e-50,1.6988622629587895e-34
formation_g.24158.CDS.706-MONOMER,0.0,0.0
formation_g.24158.CDS.711-MONOMER,0.0,-2.3820978104887942e-35
formation_g.24158.CDS.717-MONOMER,-3.280516984505917e-30,0.0
formation_g.24158.CDS.722-MONOMER,2.8455562236825743e-11,0.0
formation_g.24158.CDS.723-MONOMER,6.099756517007466e-08,8.858212919452103e-35
formation_g.24158.CDS.731-MONOMER,3.1473273650953996e-60,7.534230788794105e-35
formation_g.24158.CDS.734-MONOMER,2.2297582333972242e-35,0.0
formation_g.24158.CDS.747-MONOMER,-1.2989408891133385e-29,0.0
formation_g.24158.CDS.75-MONOMER,1.805887860089907e-30,0.0
formation_g.24158.CDS.750-MONOMER,0.0,-9.526601042353779e-35
formation_g.24158.CDS.752-MONOMER,-3.627473633501733e-30,2.36450864255508e-34
formation_g.24158.CDS.753-MONOMER,9.766849632366756e-11,4.161618123286013e-34
formation_g.24158.CDS.755-MONOMER,1.2233035269993625e-29,0.0
formation_g.24158.CDS.760-MONOMER,1.98315879387809e-13,0.0
formation_g.24158.CDS.77-MONOMER,6.099756517007466e-08,0.0
formation_g.24158.CDS.773-MONOMER,-1.1056610912681955e-59,0.0
formation_g.24158.CDS.781-MONOMER,3.564425171654045e-30,0.0
formation_g.24158.CDS.783-MONOMER,0.0,-1.495670027653902e-34
formation_g.24158.CDS.784-MONOMER,-4.173159577446698e-59,-6.892671844777127e-35
formation_g.24158.CDS.787-MONOMER,9.185152001288924e-30,-9.205243216817491e-35
formation_g.24158.CDS.789-MONOMER,8.744977423144723e-59,0.0
formation_g.24158.CDS.796-MONOMER,1.1176071966505102e-29,-2.4161699663191417e-34
formation_g.24158.CDS.797-MONOMER,0.0,0.0
formation_g.24158.CDS.8-MONOMER,0.0,0.0
formation_g.24158.CDS.803-MONOMER,6.099756517007466e-08,0.0
formation_g.24158.CDS.809-MONOMER,4.9702640396920356e-21,0.0
formation_g.24158.CDS.816-MONOMER,-3.336288953376512e-59,2.267665989040245e-34
formation_g.24158.CDS.828-MONOMER,3.0794093614228633e-30,0.0
formation_g.24158.CDS.829-MONOMER,9.73299367446934e-60,3.152353241386815e-33
formation_g.24158.CDS.842-MONOMER,0.0,0.0
formation_g.24158.CDS.847-MONOMER,6.099756517007466e-08,-2.5692025729805653e-35
formation_g.24158.CDS.852-MONOMER,0.0,0.0
formation_g.24158.CDS.854-MONOMER,6.100596200611934e-16,0.0
formation_g.24158.CDS.86-MONOMER,0.0,0.0
formation_g.24158.CDS.861-MONOMER,1.76484520007462e-12,0.0
formation_g.24158.CDS.868-MONOMER,-7.607341684612298e-53,0.0
formation_g.24158.CDS.875-MONOMER,2.270969133475932e-37,-9.463435222135796e-34
formation_g.24158.CDS.877-MONOMER,-1.4989696868160532e-30,-5.507089477001865e-35
formation_g.24158.CDS.878-MONOMER,7.1627353284348464e-12,3.871617414909169e-34
formation_g.24158.CDS.881-MONOMER,-1.1204387435377154e-31,0.0
formation_g.24158.CDS.882-MONOMER,9.515140056509435e-09,0.0
formation_g.24158.CDS.884-MONOMER,2.0210836639996923e-15,0.0
formation_g.24158.CDS.894-MONOMER,-7.892772486902177e-31,0.0
formation_g.24158.CDS.895-MONOMER,6.099756517007466e-08,0.0
formation_g.24158.CDS.901-MONOMER,3.7165716088733585e-11,-1.0208446838040277e-34
formation_g.24158.CDS.903-MONOMER,3.7800210604668746e-13,-1.8594020069283546e-34
formation_g.24158.CDS.911-MONOMER,5.530541503096847e-16,0.0
formation_g.24158.CDS.913-MONOMER,5.4056255262913345e-12,0.0
formation_g.24158.CDS.922-MONOMER,6.099756517007466e-08,1.0007997481086633e-34
formation_g.24158.CDS.926-MONOMER,7.224836251693632e-30,-2.677684327346341e-35
formation_g.24158.CDS.933-MONOMER,-1.8009635981262657e-32,0.0
formation_g.24158.CDS.939-MONOMER,0.0,0.0
formation_g.24158.CDS.94-MONOMER,3.7800210604668746e-13,6.748241101114424e-35
formation_g.24158.CDS.942-MONOMER,0.0,0.0
formation_g.24158.CDS.946-MONOMER,6.099756517007466e-08,-2.3446029479449832e-35
formation_g.24158.CDS.947-MONOMER,-3.75070643607197e-55,0.0
formation_g.24158.CDS.948-MONOMER,0.0,0.0
formation_g.24158.CDS.949-MONOMER,2.6423172269595864e-12,-7.568516914110646e-34
formation_g.24158.CDS.95-MONOMER,1.2217176410046149e-30,4.1889124257079795e-34
formation_g.24158.CDS.951-MONOMER,5.236610679070649e-57,-1.9371654759573775e-34
formation_g.24158.CDS.952-MONOMER,0.0,-0.005846010275584118
formation_g.24158.CDS.956-MONOMER,6.099756517007466e-08,3.1096018477573624e-34
formation_g.24158.CDS.967-MONOMER,1.4983733051065534e-29,8.770820903706178e-35
formation_g.24158.CDS.968-MONOMER,4.393734903542913e-12,1.2205191177955202e-34
formation_g.24158.CDS.969-MONOMER,3.350681988092077e-13,-6.755024501899861e-35
formation_g.24158.CDS.970-MONOMER,2.198245278923394e-09,0.0
formation_g.24158.CDS.974-MONOMER,2.573263906485006e-29,0.0
formation_g.24158.CDS.977-MONOMER,1.0880314023694497e-30,0.0
formation_g.24158.CDS.984-MONOMER,6.099756517007466e-08,0.0
formation_g.24158.CDS.99-MONOMER,-1.5578202461673417e-58,-3.692880432642548e-35
formation_g.24158.CDS.991-MONOMER,4.923476025482287e-30,9.503050108068899e-35
formation_g.24158.CDS.995-MONOMER,0.0,0.0
formation_g.24158.CDS.1469-MONOMER_mod_fe2(1),3.942248060743426e-13,1.3870772714095004e-32
formation_g.24158.CDS.920-MONOMER_mod_mg2(1),2.379309799968445e-10,0.0
formation_g.24158.CDS.1670-MONOMER_mod_mg2(1),8.434021242889143e-14,0.0
formation_g.24158.CDS.880-MONOMER_mod_mg2(1),7.540499519642036e-09,1.558383732194098e-34
formation_g.24158.CDS.419-MONOMER_mod_thmpp(1)_mod_mn2(1)_mod_mg2(1),2.937025374953994e-52,1.04333259609258e-32
formation_g.24158.CDS.1356-MONOMER_mod_mg2(1),6.047870872766557e-45,0.0
formation_g.24158.CDS.1356-MONOMER_mod_mn2(1),0.0,0.0
formation_g.24158.CDS.1792-MONOMER_mod_mg2(1),3.9400185724132365e-10,1.2273364184385035e-33
formation_g.24158.CDS.1193-MONOMER_mod_mg2(1),2.1047962943309996e-12,0.0
formation_g.24158.CDS.1193-MONOMER_mod_mn2(1),0.0,0.0
formation_g.24158.CDS.409-MONOMER_mod_zn2(1),7.221493293284215e-13,0.0
formation_g.24158.CDS.599-MONOMER_mod_fe2(2),1.7354854911826382e-14,0.0
formation_g.24158.CDS.1298-MONOMER_mod_pydx5p(1),1.2557709723084617e-12,-1.0900012781543338e-33
formation_g.24158.CDS.24-MONOMER_mod_mn2(1),8.652108948028205e-31,1.2203980185550468e-33
formation_g.24158.CDS.1108-MONOMER_mod_mg2(1),1.0640022900288107e-12,0.0
formation_g.24158.CDS.234-MONOMER_mod_fmnh2(1),0.0,8.405857374329937e-34
formation_g.24158.CDS.234-MONOMER_mod_fadh2(1),6.674551827333684e-31,0.0
formation_g.24158.CDS.66-MONOMER_mod_pydx5p(2),3.859736802431654e-32,9.995355791657836e-34
formation_g.24158.CDS.1401-MONOMER_mod_mg2(1),6.786354040858883e-12,7.552002635422275e-34
formation_g.24158.CDS.1539-MONOMER_mod_mg2(1),9.575856302007252e-11,-2.4682211806946874e-34
formation_g.24158.CDS.744-MONOMER_mod_mg2(1)_mod_k(1),2.1202142971901183e-12,0.0
formation_g.24158.CDS.1379-MONOMER_mod_fe2(1),4.077027365836223e-29,0.0
formation_g.24158.CDS.1607-MONOMER_mod_mg2(1),4.0622476307874813e-11,0.0
formation_g.24158.CDS.665-MONOMER_mod_cobalt2(1)_mod_zn2(1),9.881087784174184e-31,-6.0252870774989764e-34
formation_g.24158.CDS.665-MONOMER_mod_mn2(1)_mod_zn2(1),-9.88124725634215e-31,-6.000728531616746e-34
formation_g.24158.CDS.665-MONOMER_mod_ni2(1)_mod_zn2(1),0.0,-5.561681752507211e-34
formation_g.24158.CDS.336-MONOMER_mod_cobalt2(1)_mod_nad(1),8.188513937833724e-29,1.4220765123857317e-34
formation_g.24158.CDS.714-MONOMER_mod_mg2(1),6.822862286865425e-14,0.0
formation_g.24158.CDS.714-MONOMER_mod_mn2(1),-1.550318643980244e-47,1.5326318005861255e-33
formation_g.24158.CDS.102-MONOMER_mod_mg2(1),1.4111051103000298e-12,-1.228379660815951e-34
formation_g.24158.CDS.575-MONOMER_mod_mg2(1),1.8887647621233704e-30,-5.879925461247159e-33
formation_g.24158.CDS.1648-MONOMER_mod_zn2(1),-3.238281266751264e-29,0.0
formation_g.24158.CDS.1522-MONOMER_mod_mg2(1),2.160580850381865e-30,0.0
formation_g.24158.CDS.112-MONOMER_mod_mg2(1),-3.736037899558855e-30,0.0
formation_g.24158.CDS.211-MONOMER_mod_mg2(1),2.2339554663361025e-14,-1.7051923179884309e-34
formation_g.24158.CDS.1133-MONOMER_mod_mg2(1),0.0,-9.713212483987626e-33
formation_g.24158.CDS.1319-MONOMER_mod_mg2(1),1.583978315210808e-12,0.0
formation_g.24158.CDS.1694-MONOMER_mod_mg2(1),1.5004994225592493e-30,0.0
formation_g.24158.CDS.1334-MONOMER_mod_nad(1),3.4739975653796066e-29,2.761570906671163e-34
formation_g.24158.CDS.170-MONOMER_mod_pydx5p(1),-7.0481182457290085e-31,-6.026053183858668e-34
formation_g.24158.CDS.260-MONOMER_mod_mn2(1),1.5265657192941614e-31,0.0
formation_g.24158.CDS.791-MONOMER_mod_mg2(1),1.479711975453586e-13,3.4103846359768617e-34
formation_g.24158.CDS.1723-MONOMER_mod_mg2(1)_mod_k(1),3.350681988092077e-13,-1.7275992533218036e-34
formation_g.24158.CDS.1224-MONOMER_mod_mg2(1),-6.251759353538672e-30,0.0
formation_g.24158.CDS.1610-MONOMER_mod_mg2(1)_mod_zn2(1),5.671297370216177e-32,0.0
formation_g.24158.CDS.357-MONOMER_mod_mg2(1),-1.4632197181106046e-32,0.0
formation_g.24158.CDS.357-MONOMER_mod_mn2(1),2.801009512348427e-54,0.0
formation_g.24158.CDS.645-MONOMER_mod_mg2(1),-1.2196725129931567e-59,0.0
formation_g.24158.CDS.1640-MONOMER_mod_fad(1),5.570104323217391e-31,-1.0374810317916124e-36
formation_g.24158.CDS.1582-MONOMER_mod_mn2(1),-6.077601340915723e-31,2.6135204247140507e-34
formation_g.24158.CDS.189-MONOMER_mod_k(1)_mod_mg2(1),9.172532496598388e-14,0.0
formation_g.24158.CDS.594-MONOMER_mod_pydx5p(6),0.0,2.7880982846231706e-32
formation_g.24158.CDS.594-MONOMER_mod_pydx5p(1),2.5611223800910136e-30,-1.1626680300312894e-32
formation_g.24158.CDS.192-MONOMER_mod_mg2(1),8.344236224651566e-14,0.0
formation_g.24158.CDS.363-MONOMER_mod_k(4)_mod_mg2(1),0.0,-6.910397013287214e-34
formation_g.24158.CDS.363-MONOMER_mod_k(4)_mod_mn2(1),0.0,-8.50556128148422e-34
formation_g.24158.CDS.363-MONOMER_mod_k(4)_mod_cobalt2(1),0.0,0.0
formation_g.24158.CDS.363-MONOMER_mod_k(4)_mod_zn2(1),4.5937882670359104e-14,0.0
formation_g.24158.CDS.363-MONOMER_mod_k(4)_mod_cd2(1),-1.5940693593118062e-57,0.0
formation_g.24158.CDS.363-MONOMER_mod_k(4)_mod_ni2(1),0.0,0.0
formation_g.24158.CDS.363-MONOMER_mod_k(4)_mod_ca2(1),0.0,-8.29503447576794e-34
formation_g.24158.CDS.363-MONOMER_mod_nh4(4)_mod_mg2(1),0.0,6.910397013287214e-34
formation_g.24158.CDS.363-MONOMER_mod_nh4(4)_mod_mn2(1),0.0,0.0
formation_g.24158.CDS.363-MONOMER_mod_nh4(4)_mod_cobalt2(1),0.0,0.0
formation_g.24158.CDS.363-MONOMER_mod_nh4(4)_mod_zn2(1),0.0,0.0
formation_g.24158.CDS.363-MONOMER_mod_nh4(4)_mod_cd2(1),0.0,8.814637496704426e-34
formation_g.24158.CDS.363-MONOMER_mod_nh4(4)_mod_ni2(1),0.0,8.550253717567877e-34
formation_g.24158.CDS.363-MONOMER_mod_nh4(4)_mod_ca2(1),0.0,7.734288067272506e-34
formation_g.24158.CDS.363-MONOMER_mod_tl(4)_mod_mg2(1),0.0,-1.3641538543907447e-33
formation_g.24158.CDS.363-MONOMER_mod_tl(4)_mod_mn2(1),0.0,-7.145662576913417e-34
formation_g.24158.CDS.363-MONOMER_mod_tl(4)_mod_cobalt2(1),0.0,-7.363511134662173e-34
formation_g.24158.CDS.363-MONOMER_mod_tl(4)_mod_zn2(1),0.0,-6.946895471143989e-34
formation_g.24158.CDS.363-MONOMER_mod_tl(4)_mod_cd2(1),0.0,0.0
formation_g.24158.CDS.363-MONOMER_mod_tl(4)_mod_ni2(1),0.0,-6.6618573681006374e-34
formation_g.24158.CDS.363-MONOMER_mod_tl(4)_mod_ca2(1),0.0,-6.276711674015424e-34
formation_g.24158.CDS.363-MONOMER_mod_cs(4)_mod_mg2(1),0.0,-1.3641538543907447e-33
formation_g.24158.CDS.363-MONOMER_mod_cs(4)_mod_mn2(1),0.0,-7.145662576913417e-34
formation_g.24158.CDS.363-MONOMER_mod_cs(4)_mod_cobalt2(1),0.0,-7.363511134662173e-34
formation_g.24158.CDS.363-MONOMER_mod_cs(4)_mod_zn2(1),0.0,-6.946895471143989e-34
formation_g.24158.CDS.363-MONOMER_mod_cs(4)_mod_cd2(1),0.0,0.0
formation_g.24158.CDS.363-MONOMER_mod_cs(4)_mod_ni2(1),0.0,-6.6618573681006374e-34
formation_g.24158.CDS.363-MONOMER_mod_cs(4)_mod_ca2(1),0.0,-6.276711674015424e-34
formation_g.24158.CDS.363-MONOMER_mod_na1(4)_mod_mg2(1),0.0,-6.910397013287214e-34
formation_g.24158.CDS.363-MONOMER_mod_na1(4)_mod_mn2(1),0.0,0.0
formation_g.24158.CDS.363-MONOMER_mod_na1(4)_mod_cobalt2(1),0.0,-8.281773001032403e-34
formation_g.24158.CDS.363-MONOMER_mod_na1(4)_mod_zn2(1),0.0,0.0
formation_g.24158.CDS.363-MONOMER_mod_na1(4)_mod_cd2(1),0.0,0.0
formation_g.24158.CDS.363-MONOMER_mod_na1(4)_mod_ni2(1),-3.6894954492072914e-51,0.0
formation_g.24158.CDS.363-MONOMER_mod_na1(4)_mod_ca2(1),0.0,7.893013072292242e-34
formation_g.24158.CDS.1471-MONOMER_mod_mg2(1),2.4799842329142454e-30,0.0
formation_g.24158.CDS.1639-MONOMER_mod_mg2(1),1.4198526721999234e-31,-6.8207692719537235e-34
formation_g.24158.CDS.1801-MONOMER_mod_mg2(1),2.1518729387443484e-34,-6.8207692719537235e-34
formation_g.24158.CDS.1801-MONOMER_mod_mn2(1),-5.367212946990962e-60,-1.4291325153826833e-33
formation_g.24158.CDS.1331-MONOMER_mod_mg2(1),1.8535998376389773e-13,-2.5577884769826465e-34
formation_g.24158.CDS.1514-MONOMER_mod_fmn(1),0.0,0.0
formation_g.24158.CDS.1514-MONOMER_mod_mg2(1),-1.8476913309495368e-30,0.0
formation_g.24158.CDS.1783-MONOMER_mod_glycyl(1),2.551274262794935e-47,-1.9221921624334787e-33
formation_g.24158.CDS.1779-MONOMER_mod_mg2(1)_mod_cl(1),2.621247216383816e-30,1.294490840089974e-34
formation_g.24158.CDS.1493-MONOMER_mod_mg2(1),2.0979984445168496e-12,1.2220893654013556e-34
formation_g.24158.CDS.1162-MONOMER_mod_k(1)_mod_mg2(1),-9.866627920955939e-30,0.0
formation_g.24158.CDS.973-MONOMER_mod_mg2(1)_mod_pi(1),0.0,-1.2854199991230906e-34
formation_g.24158.CDS.973-MONOMER_mod_mn2(1)_mod_pi(1),-2.6028034418141026e-30,-1.2854199991230906e-34
formation_g.24158.CDS.807-MONOMER_mod_mg2(1),5.897292775002553e-14,0.0
formation_g.24158.CDS.1346-MONOMER_mod_mg2(1)_mod_k(1),3.843785229573559e-10,6.910397013287214e-34
formation_g.24158.CDS.1346-MONOMER_mod_mn2(1)_mod_k(1),0.0,6.438980598089777e-34
formation_g.24158.CDS.892-MONOMER_mod_mg2(1)_mod_thmpp(1)_mod_fad(1),0.0,-8.43554322911037e-37
formation_g.24158.CDS.1242-MONOMER_mod_mn2(1),0.0,3.0994386473346222e-34
formation_g.24158.CDS.480-MONOMER_mod_mg2(1),1.0847096050863032e-35,0.0
formation_g.24158.CDS.1173-MONOMER_mod_mg2(1),-5.327197062197873e-31,0.0
formation_g.24158.CDS.1173-MONOMER_mod_cobalt2(1),1.2271179129998969e-11,0.0
formation_g.24158.CDS.1173-MONOMER_mod_mn2(1),0.0,-2.433545090241421e-34
formation_g.24158.CDS.1173-MONOMER_mod_fe2(1),0.0,1.6023694299623653e-34
formation_g.24158.CDS.1173-MONOMER_mod_ca2(1),0.0,-1.1117438344467174e-34
formation_g.24158.CDS.1580-MONOMER_mod_pydx5p(2),-3.2429531446876224e-30,0.0
formation_g.24158.CDS.1500-MONOMER_mod_nad(1),-4.1519462503303325e-29,-5.573099991879485e-34
formation_g.24158.CDS.1316-MONOMER_mod_nad(1),0.0,2.899016833618482e-34
formation_g.24158.CDS.961-MONOMER_mod_mg2(1),0.0,6.14296271980499e-34
formation_g.24158.CDS.925-MONOMER_mod_k(1)_mod_mg2(1),1.1421197783170874e-29,-1.3788676337483818e-34
formation_g.24158.CDS.355-MONOMER_mod_mg2(1),2.081511521637465e-29,0.0
formation_g.24158.CDS.589-MONOMER_mod_fad(1),2.7651555231332894e-29,1.6332994635890593e-34
formation_1035184.3.peg.821-MONOMER_mod_mg2(4),3.8408067506537065e-13,-5.483742536499526e-34
formation_g.24158.CDS.1063-MONOMER_mod_zn2(4),2.000435806214017e-15,0.0
formation_g.24158.CDS.1144-MONOMER_mod_zn2(2),-2.030557102387963e-45,4.902334633283067e-34
formation_RNAP-CPLX_mod_zn2(1)_mod_mg2(2),6.852110933170043e-08,-1.4042177935828287e-33
formation_g.24158.CDS.1266-MONOMER_mod_mg2(1),3.7800210604668746e-13,0.0
formation_g.24158.CDS.136-MONOMER_mod_4fe4s(1),5.530541503096847e-16,-1.9259299730858284e-34
formation_g.24158.CDS.1425-MONOMER_mod_mg2(2),3.3183249018581123e-15,-1.9770670594782185e-34
formation_g.24158.CDS.1741-MONOMER_mod_fe2(1),3.350681988092077e-13,-2.168391890695633e-30
formation_g.24158.CDS.1743-MONOMER_mod_zn2(2),5.530541503096847e-16,-2.8666490556416657e-33
formation_g.24158.CDS.209-MONOMER_mod_4fe4s(1),5.530541503096847e-16,-2.8698592549372254e-42
formation_g.24158.CDS.450-MONOMER_mod_mg2(1),1.659162450929053e-15,1.7051923179884309e-34
formation_g.24158.CDS.878-MONOMER_mod_mg2(6),1.7463231654757006e-48,4.635279042643944e-34
formation_g.24158.CDS.878-MONOMER_mod_lys__L(1),-1.0878984016657738e-43,-3.2602466099680303e-34
g.24158.CDS.1380-MONOMER_to_generic_16Sm4Cm1402,5.530541503096847e-16,-1.6555038739909293e-34
g.24158.CDS.22-MONOMER_to_generic_16Sm4Cm1402,-1.168764072407607e-59,-1.6407200393589405e-34
RNA_ANG2_RS08945_to_generic_16s_rRNAs,6.099756517007466e-08,0.0
RNA_ANG2_RS08935_to_generic_23s_rRNAs,6.099756517007466e-08,0.0
RNA_ANG2_RS08930_to_generic_5s_rRNAs,6.099756517007466e-08,-1.1911801200271945e-34
g.24158.CDS.631-MONOMER_to_generic_Dus,0.0,0.0
CPLX_pbiosynthesis-0_to_generic_LYSINEaaRS,0.0,-67.9798452037837
CPLX_pbiosynthesis-1_to_generic_LYSINEaaRS,0.0,-60.639271080166225
g.24158.CDS.878-MONOMER_to_generic_LYSINEaaRS,6.144302992696338e-15,0.0
g.24158.CDS.878-MONOMER_mod_lys__L(1)_to_generic_LYSINEaaRS,0.0,-0.0022046231640135507
g.24158.CDS.878-MONOMER_mod_mg2(6)_to_generic_LYSINEaaRS,0.0,-0.002184230870286412
g.24158.CDS.264-MONOMER_to_generic_RF,3.3127809056419045e-13,1.0623592527698252e-34
g.24158.CDS.552-MONOMER_to_generic_RF,0.0,-0.10893462743233917
g.24158.CDS.1144-MONOMER_to_generic_RNase,1.228860598539269e-14,-3.440674759708974e-34
g.24158.CDS.1144-MONOMER_mod_zn2(2)_to_generic_RNase,0.0,-0.0019594021236118394
g.24158.CDS.486-MONOMER_to_generic_Tuf,9.766849632366756e-11,0.0
CPLX_pbiosynthesis-0_to_generic_asp_ligase,0.0,-69.34114043563544
CPLX_pbiosynthesis-1_to_generic_asp_ligase,0.0,-62.00056631201795
g.24158.CDS.1552-MONOMER_to_generic_asp_ligase,5.460580660647448e-12,-3.11989881114272e-34
g.24158.CDS.417-MONOMER_to_generic_asp_ligase,0.0,-1.9075742023179754
CPLX_pbiosynthesis-0_to_generic_gly_c_ligase,0.0,-70.22795413478552
CPLX_pbiosynthesis-1_to_generic_gly_c_ligase,0.0,-62.887380011168034
g.24158.CDS.1124-MONOMER_to_generic_gly_c_ligase,6.504384732956265e-12,0.0
g.24158.CDS.1214-MONOMER_to_generic_gly_c_ligase,0.0,-1.2033382410697926
CPLX_pbiosynthesis-0_to_generic_phe_ligase,0.0,-70.10247933494298
CPLX_pbiosynthesis-1_to_generic_phe_ligase,0.0,-62.76190521132551
g.24158.CDS.1090-MONOMER_to_generic_phe_ligase,0.0,-1.4019721098179334
g.24158.CDS.968-MONOMER_to_generic_phe_ligase,4.393734903542913e-12,-1.5859794831633988e-34
transcription_RNA_dummy,3.649742039608173e-05,1.1905073130779686e-34
DM_RNA_dummy,0.0,-0.01836970055880036
translation_dummy,3.288656258618825e-05,1.911625484550589e-33
formation_CPLX_dummy,1.993865526548912e-05,0.0
dummy_protein_to_mass,1.2947907320699131e-05,0.0
formation_CPLX_dummy_mod_2fe2s(1),0.0,0.0
formation_CPLX_dummy_mod_4fe4s(1),1.0028888606338473e-23,0.0
26DAPLLAT_REV_CPLX_dummy,5.316643593814844e-56,-3.5222796278002614e-41
26DAPLLAT_FWD_CPLX_dummy,0.0,-1.8133646769920992e-08
2DHPL_REV_g.24158.CDS.1633-MONOMER,0.0,1.4955916922979229e-40
2DHPL_FWD_g.24158.CDS.1633-MONOMER,0.0,-1.9187905746744586e-08
2DMMQ8abc_REV_CPLX_dummy,0.0,-1.8133646769920992e-08
2DMMQ8abc_FWD_CPLX_dummy,1.6845158685319593e-05,7.104569036415152e-41
2HBO_REV_g.24158.CDS.842-MONOMER,0.0,1.3798216362377258e-40
2HBO_FWD_g.24158.CDS.842-MONOMER,0.0,-2.2244826958486528e-08
2HMCOXT_REV_g.24158.CDS.711-MONOMER,0.0,0.0
2HMCOXT_FWD_g.24158.CDS.711-MONOMER,0.0,-1.1321192274897227e-08
2MBCOATA_REV_g.24158.CDS.901-MONOMER,0.0,-1.7183752054834597e-08
2MBCOATA_FWD_g.24158.CDS.901-MONOMER,0.00017640475408215787,-1.1919129549422006e-40
2OBUTt2r_REV_CPLX_dummy,1.0369586078912693e-06,1.7448812500517483e-42
2OBUTt2r_FWD_CPLX_dummy,0.0,-1.8133646769920992e-08
34DHOXPEGOX_REV_g.24158.CDS.1469-MONOMER_mod_fe2(1),0.0,-5.623902053073924e-08
34DHOXPEGOX_FWD_g.24158.CDS.1469-MONOMER_mod_fe2(1),0.0,4.667672960770917e-41
34DHOXPEGOX_REV_g.24158.CDS.699-MONOMER,0.0,-5.623902053073924e-08
34DHOXPEGOX_FWD_g.24158.CDS.699-MONOMER,0.0,9.980118044594347e-41
34DHPHEt2_REV_CPLX_dummy,0.0,-1.8133646769920992e-08
34DHPHEt2_FWD_CPLX_dummy,-3.3538645929009156e-56,-3.4897625001034966e-42
3HAD10M12_REV_CPLX_dummy,0.0,-1.8133646769920992e-08
3HAD10M12_FWD_CPLX_dummy,0.00017640475408215787,-1.9224767801587615e-40
3HAD11M12_REV_CPLX_dummy,0.0,-1.8133646769920992e-08
3HAD11M12_FWD_CPLX_dummy,0.00017640475408215787,-1.9224767801587615e-40
3HAD12M14_REV_CPLX_dummy,0.0,-1.8133646769920992e-08
3HAD12M14_FWD_CPLX_dummy,0.00017640475408215787,0.0
3HAD13M14_REV_CPLX_dummy,0.0,-1.8133646769920992e-08
3HAD13M14_FWD_CPLX_dummy,0.00017640475408215787,-1.9224767801587615e-40
3HAD14M16_REV_CPLX_dummy,0.0,-1.8133646769920992e-08
3HAD14M16_FWD_CPLX_dummy,0.00017640475408215787,-1.9224767801587615e-40
3HAD15M16_REV_CPLX_dummy,0.0,-1.8133646769920992e-08
3HAD15M16_FWD_CPLX_dummy,0.00017640475408215787,-3.844953560317523e-40
3HAD4M6_REV_CPLX_dummy,0.0,-1.8133646769920992e-08
3HAD4M6_FWD_CPLX_dummy,0.00017640475408215787,1.9224767801587615e-40
3HAD5M6_REV_CPLX_dummy,0.0,-1.8133646769920992e-08
3HAD5M6_FWD_CPLX_dummy,0.00017640475408215787,-1.9224767801587615e-40
3HAD6M8_REV_CPLX_dummy,0.0,-1.8133646769920992e-08
3HAD6M8_FWD_CPLX_dummy,0.00017640475408215787,-1.9224767801587615e-40
3HAD7M8_REV_CPLX_dummy,0.0,-1.8133646769920992e-08
3HAD7M8_FWD_CPLX_dummy,0.00017640475408215787,-1.9224767801587615e-40
3HAD8M10_REV_CPLX_dummy,0.0,-1.8133646769920992e-08
3HAD8M10_FWD_CPLX_dummy,0.00017640475408215787,0.0
3HAD9M10_REV_CPLX_dummy,0.0,-1.8133646769920992e-08
3HAD9M10_FWD_CPLX_dummy,0.00017640475408215787,1.9224767801587615e-40
3HLYTCL_REV_g.24158.CDS.920-MONOMER_mod_mg2(1),0.0,-3.199653587067821e-08
3HLYTCL_FWD_g.24158.CDS.920-MONOMER_mod_mg2(1),0.0,-8.555200313093724e-42
3MOPt2r_REV_CPLX_dummy,0.0,-1.8133646769920992e-08
3MOPt2r_FWD_CPLX_dummy,0.00017640475408215787,-1.7448812500517483e-42
3OAR100_REV_g.24158.CDS.952-MONOMER,0.0,-1.6050629207272195e-08
3OAR100_FWD_g.24158.CDS.952-MONOMER,0.0,-1.7418635594941108e-40
3OAR100_REV_g.24158.CDS.607-MONOMER,0.0,-1.6050629207272195e-08
3OAR100_FWD_g.24158.CDS.607-MONOMER,0.0,1.2507610023334018e-40
3OAR100_REV_g.24158.CDS.1049-MONOMER,0.0,-1.6050629207272195e-08
3OAR100_FWD_g.24158.CDS.1049-MONOMER,0.0,-1.9068242947333897e-40
3OAR10M11_REV_g.24158.CDS.952-MONOMER,0.0,-1.6050629207272195e-08
3OAR10M11_FWD_g.24158.CDS.952-MONOMER,0.0,-1.7418635594941108e-40
3OAR10M11_REV_g.24158.CDS.607-MONOMER,0.0,-1.6050629207272195e-08
3OAR10M11_FWD_g.24158.CDS.607-MONOMER,0.0,-1.0694912918503e-40
3OAR10M11_REV_g.24158.CDS.1049-MONOMER,0.0,-1.6050629207272195e-08
3OAR10M11_FWD_g.24158.CDS.1049-MONOMER,0.0,-4.242455966751322e-40
3OAR10M12_REV_g.24158.CDS.952-MONOMER,0.0,-1.6050629207272195e-08
3OAR10M12_FWD_g.24158.CDS.952-MONOMER,0.0,-1.7418635594941108e-40
3OAR10M12_REV_g.24158.CDS.607-MONOMER,0.0,-1.6050629207272195e-08
3OAR10M12_FWD_g.24158.CDS.607-MONOMER,0.0,3.5710132965171036e-40
3OAR10M12_REV_g.24158.CDS.1049-MONOMER,0.0,-1.6050629207272195e-08
3OAR10M12_FWD_g.24158.CDS.1049-MONOMER,0.00017640475408215787,-1.9068242947333897e-40
3OAR11M12_REV_g.24158.CDS.952-MONOMER,0.0,-1.6050629207272195e-08
3OAR11M12_FWD_g.24158.CDS.952-MONOMER,0.0,-1.7418635594941108e-40
3OAR11M12_REV_g.24158.CDS.607-MONOMER,0.0,-1.6050629207272195e-08
3OAR11M12_FWD_g.24158.CDS.607-MONOMER,0.0,3.5710132965171036e-40
3OAR11M12_REV_g.24158.CDS.1049-MONOMER,0.0,-1.6050629207272195e-08
3OAR11M12_FWD_g.24158.CDS.1049-MONOMER,0.00017640475408215787,-1.9068242947333897e-40
3OAR120_REV_g.24158.CDS.952-MONOMER,0.0,-1.6050629207272195e-08
3OAR120_FWD_g.24158.CDS.952-MONOMER,0.0,-1.7418635594941108e-40
3OAR120_REV_g.24158.CDS.607-MONOMER,0.0,-1.6050629207272195e-08
3OAR120_FWD_g.24158.CDS.607-MONOMER,0.0,1.2507610023334018e-40
3OAR120_REV_g.24158.CDS.1049-MONOMER,0.0,-1.6050629207272195e-08
3OAR120_FWD_g.24158.CDS.1049-MONOMER,0.0,-1.9068242947333897e-40
3OAR12M13_REV_g.24158.CDS.952-MONOMER,0.0,6.300357555616996e-41
3OAR12M13_FWD_g.24158.CDS.952-MONOMER,0.0,-1.6050629207272195e-08
3OAR12M13_REV_g.24158.CDS.607-MONOMER,0.0,-1.0694912918503e-40
3OAR12M13_FWD_g.24158.CDS.607-MONOMER,0.0,-1.6050629207272195e-08
3OAR12M13_REV_g.24158.CDS.1049-MONOMER,0.0,2.764439049302474e-40
3OAR12M13_FWD_g.24158.CDS.1049-MONOMER,0.0,-1.6050629207272195e-08
3OAR12M14_REV_g.24158.CDS.952-MONOMER,0.0,-1.6050629207272195e-08
3OAR12M14_FWD_g.24158.CDS.952-MONOMER,0.0,6.300357555616996e-41
3OAR12M14_REV_g.24158.CDS.607-MONOMER,0.0,-1.6050629207272195e-08
3OAR12M14_FWD_g.24158.CDS.607-MONOMER,0.0,3.5710132965171036e-40
3OAR12M14_REV_g.24158.CDS.1049-MONOMER,0.0,-1.6050629207272195e-08
3OAR12M14_FWD_g.24158.CDS.1049-MONOMER,0.00017640475408215787,-1.9068242947333897e-40
3OAR13M14_REV_g.24158.CDS.952-MONOMER,0.0,-1.6050629207272195e-08
3OAR13M14_FWD_g.24158.CDS.952-MONOMER,0.0,6.300357555616996e-41
3OAR13M14_REV_g.24158.CDS.607-MONOMER,0.0,-1.6050629207272195e-08
3OAR13M14_FWD_g.24158.CDS.607-MONOMER,0.0,3.5710132965171036e-40
3OAR13M14_REV_g.24158.CDS.1049-MONOMER,0.0,-1.6050629207272195e-08
3OAR13M14_FWD_g.24158.CDS.1049-MONOMER,0.00017640475408215787,-1.9068242947333897e-40
3OAR140_REV_g.24158.CDS.952-MONOMER,0.0,3.00193507061751e-40
3OAR140_FWD_g.24158.CDS.952-MONOMER,0.0,-1.6050629207272195e-08
3OAR140_REV_g.24158.CDS.607-MONOMER,0.0,-1.0694912918503e-40
3OAR140_FWD_g.24158.CDS.607-MONOMER,0.0,-1.6050629207272195e-08
3OAR140_REV_g.24158.CDS.1049-MONOMER,0.0,2.764439049302474e-40
3OAR140_FWD_g.24158.CDS.1049-MONOMER,0.0,-1.6050629207272195e-08
3OAR14M15_REV_g.24158.CDS.952-MONOMER,0.0,-1.6050629207272195e-08
3OAR14M15_FWD_g.24158.CDS.952-MONOMER,0.0,-1.7418635594941108e-40
3OAR14M15_REV_g.24158.CDS.607-MONOMER,0.0,-1.6050629207272195e-08
3OAR14M15_FWD_g.24158.CDS.607-MONOMER,0.0,1.2507610023334018e-40
3OAR14M15_REV_g.24158.CDS.1049-MONOMER,0.0,-1.6050629207272195e-08
3OAR14M15_FWD_g.24158.CDS.1049-MONOMER,0.0,-4.242455966751322e-40
3OAR14M16_REV_g.24158.CDS.952-MONOMER,0.0,-1.6050629207272195e-08
3OAR14M16_FWD_g.24158.CDS.952-MONOMER,0.0,-1.7418635594941108e-40
3OAR14M16_REV_g.24158.CDS.607-MONOMER,0.0,-1.6050629207272195e-08
3OAR14M16_FWD_g.24158.CDS.607-MONOMER,0.0,-1.0694912918503e-40
3OAR14M16_REV_g.24158.CDS.1049-MONOMER,0.0,-1.6050629207272195e-08
3OAR14M16_FWD_g.24158.CDS.1049-MONOMER,0.00017640475408215787,-4.242455966751322e-40
3OAR15M16_REV_g.24158.CDS.952-MONOMER,0.0,-1.6050629207272195e-08
3OAR15M16_FWD_g.24158.CDS.952-MONOMER,0.0,6.300357555616996e-41
3OAR15M16_REV_g.24158.CDS.607-MONOMER,0.0,-1.6050629207272195e-08
3OAR15M16_FWD_g.24158.CDS.607-MONOMER,0.0,3.5710132965171036e-40
3OAR15M16_REV_g.24158.CDS.1049-MONOMER,0.0,-1.6050629207272195e-08
3OAR15M16_FWD_g.24158.CDS.1049-MONOMER,0.00017640475408215787,-1.9068242947333897e-40
3OAR160_REV_g.24158.CDS.952-MONOMER,0.0,-4.113762874549921e-40
3OAR160_FWD_g.24158.CDS.952-MONOMER,0.0,-1.6050629207272195e-08
3OAR160_REV_g.24158.CDS.607-MONOMER,0.0,-5.709995880217704e-40
3OAR160_FWD_g.24158.CDS.607-MONOMER,0.0,-1.6050629207272195e-08
3OAR160_REV_g.24158.CDS.1049-MONOMER,0.0,4.2880737728454223e-41
3OAR160_FWD_g.24158.CDS.1049-MONOMER,0.0,-1.6050629207272195e-08
3OAR180_REV_g.24158.CDS.952-MONOMER,0.0,3.00193507061751e-40
3OAR180_FWD_g.24158.CDS.952-MONOMER,0.0,-1.6050629207272195e-08
3OAR180_REV_g.24158.CDS.607-MONOMER,0.0,-1.0694912918503e-40
3OAR180_FWD_g.24158.CDS.607-MONOMER,0.0,-1.6050629207272195e-08
3OAR180_REV_g.24158.CDS.1049-MONOMER,0.0,2.764439049302474e-40
3OAR180_FWD_g.24158.CDS.1049-MONOMER,0.0,-1.6050629207272195e-08
3OAR40_REV_g.24158.CDS.952-MONOMER,0.0,6.300357555616996e-41
3OAR40_FWD_g.24158.CDS.952-MONOMER,0.0,-1.6050629207272195e-08
3OAR40_REV_g.24158.CDS.607-MONOMER,0.0,-1.0694912918503e-40
3OAR40_FWD_g.24158.CDS.607-MONOMER,0.0,-1.6050629207272195e-08
3OAR40_REV_g.24158.CDS.1049-MONOMER,0.0,4.2880737728454223e-41
3OAR40_FWD_g.24158.CDS.1049-MONOMER,0.0,-1.6050629207272195e-08
3OAR4M5_REV_g.24158.CDS.952-MONOMER,0.0,3.00193507061751e-40
3OAR4M5_FWD_g.24158.CDS.952-MONOMER,0.0,-1.6050629207272195e-08
3OAR4M5_REV_g.24158.CDS.607-MONOMER,0.0,-1.0694912918503e-40
3OAR4M5_FWD_g.24158.CDS.607-MONOMER,0.0,-1.6050629207272195e-08
3OAR4M5_REV_g.24158.CDS.1049-MONOMER,0.0,5.100070721320406e-40
3OAR4M5_FWD_g.24158.CDS.1049-MONOMER,0.0,-1.6050629207272195e-08
3OAR4M6_REV_g.24158.CDS.952-MONOMER,0.0,-1.6050629207272195e-08
3OAR4M6_FWD_g.24158.CDS.952-MONOMER,0.0,-1.7418635594941108e-40
3OAR4M6_REV_g.24158.CDS.607-MONOMER,0.0,-1.6050629207272195e-08
3OAR4M6_FWD_g.24158.CDS.607-MONOMER,0.0,-1.0694912918503e-40
3OAR4M6_REV_g.24158.CDS.1049-MONOMER,0.0,-1.6050629207272195e-08
3OAR4M6_FWD_g.24158.CDS.1049-MONOMER,0.00017640475408215787,-4.242455966751322e-40
3OAR5M6_REV_g.24158.CDS.952-MONOMER,0.0,-1.6050629207272195e-08
3OAR5M6_FWD_g.24158.CDS.952-MONOMER,0.0,6.300357555616996e-41
3OAR5M6_REV_g.24158.CDS.607-MONOMER,0.0,-1.6050629207272195e-08
3OAR5M6_FWD_g.24158.CDS.607-MONOMER,0.0,3.5710132965171036e-40
3OAR5M6_REV_g.24158.CDS.1049-MONOMER,0.0,-1.6050629207272195e-08
3OAR5M6_FWD_g.24158.CDS.1049-MONOMER,0.00017640475408215787,-1.9068242947333897e-40
3OAR60_REV_g.24158.CDS.952-MONOMER,0.0,-1.6050629207272195e-08
3OAR60_FWD_g.24158.CDS.952-MONOMER,0.0,-1.7418635594941108e-40
3OAR60_REV_g.24158.CDS.607-MONOMER,0.0,-1.6050629207272195e-08
3OAR60_FWD_g.24158.CDS.607-MONOMER,0.0,1.2507610023334018e-40
3OAR60_REV_g.24158.CDS.1049-MONOMER,0.0,-1.6050629207272195e-08
3OAR60_FWD_g.24158.CDS.1049-MONOMER,0.0,-1.9068242947333897e-40
3OAR6M7_REV_g.24158.CDS.952-MONOMER,0.0,-1.6050629207272195e-08
3OAR6M7_FWD_g.24158.CDS.952-MONOMER,0.0,-1.7418635594941108e-40
3OAR6M7_REV_g.24158.CDS.607-MONOMER,0.0,-1.6050629207272195e-08
3OAR6M7_FWD_g.24158.CDS.607-MONOMER,0.0,1.2507610023334018e-40
3OAR6M7_REV_g.24158.CDS.1049-MONOMER,0.0,-1.6050629207272195e-08
3OAR6M7_FWD_g.24158.CDS.1049-MONOMER,0.0,-1.9068242947333897e-40
3OAR6M8_REV_g.24158.CDS.952-MONOMER,0.0,-1.6050629207272195e-08
3OAR6M8_FWD_g.24158.CDS.952-MONOMER,0.0,3.00193507061751e-40
3OAR6M8_REV_g.24158.CDS.607-MONOMER,0.0,-1.6050629207272195e-08
3OAR6M8_FWD_g.24158.CDS.607-MONOMER,0.0,8.211517884884507e-40
3OAR6M8_REV_g.24158.CDS.1049-MONOMER,0.0,-1.6050629207272195e-08
3OAR6M8_FWD_g.24158.CDS.1049-MONOMER,0.00017640475408215787,2.764439049302474e-40
3OAR7M8_REV_g.24158.CDS.952-MONOMER,0.0,-1.6050629207272195e-08
3OAR7M8_FWD_g.24158.CDS.952-MONOMER,0.0,-1.7418635594941108e-40
3OAR7M8_REV_g.24158.CDS.607-MONOMER,0.0,-1.6050629207272195e-08
3OAR7M8_FWD_g.24158.CDS.607-MONOMER,0.0,3.5710132965171036e-40
3OAR7M8_REV_g.24158.CDS.1049-MONOMER,0.0,-1.6050629207272195e-08
3OAR7M8_FWD_g.24158.CDS.1049-MONOMER,0.00017640475408215787,-1.9068242947333897e-40
3OAR80_REV_g.24158.CDS.952-MONOMER,0.0,-1.6050629207272195e-08
3OAR80_FWD_g.24158.CDS.952-MONOMER,0.0,-1.7418635594941108e-40
3OAR80_REV_g.24158.CDS.607-MONOMER,0.0,-1.6050629207272195e-08
3OAR80_FWD_g.24158.CDS.607-MONOMER,0.0,1.2507610023334018e-40
3OAR80_REV_g.24158.CDS.1049-MONOMER,0.0,-1.6050629207272195e-08
3OAR80_FWD_g.24158.CDS.1049-MONOMER,0.0,-1.9068242947333897e-40
3OAR8M10_REV_g.24158.CDS.952-MONOMER,0.0,-1.6050629207272195e-08
3OAR8M10_FWD_g.24158.CDS.952-MONOMER,0.0,-4.113762874549921e-40
3OAR8M10_REV_g.24158.CDS.607-MONOMER,0.0,-1.6050629207272195e-08
3OAR8M10_FWD_g.24158.CDS.607-MONOMER,0.0,-1.0694912918503e-40
3OAR8M10_REV_g.24158.CDS.1049-MONOMER,0.0,-1.6050629207272195e-08
3OAR8M10_FWD_g.24158.CDS.1049-MONOMER,0.00017640475408215787,-6.578087638769254e-40
3OAR8M9_REV_g.24158.CDS.952-MONOMER,0.0,-1.6050629207272195e-08
3OAR8M9_FWD_g.24158.CDS.952-MONOMER,0.0,-1.7418635594941108e-40
3OAR8M9_REV_g.24158.CDS.607-MONOMER,0.0,-1.6050629207272195e-08
3OAR8M9_FWD_g.24158.CDS.607-MONOMER,0.0,1.2507610023334018e-40
3OAR8M9_REV_g.24158.CDS.1049-MONOMER,0.0,-1.6050629207272195e-08
3OAR8M9_FWD_g.24158.CDS.1049-MONOMER,0.0,-1.9068242947333897e-40
3OAR9M10_REV_g.24158.CDS.952-MONOMER,0.0,-1.6050629207272195e-08
3OAR9M10_FWD_g.24158.CDS.952-MONOMER,0.0,-4.113762874549921e-40
3OAR9M10_REV_g.24158.CDS.607-MONOMER,0.0,-1.6050629207272195e-08
3OAR9M10_FWD_g.24158.CDS.607-MONOMER,0.0,-1.0694912918503e-40
3OAR9M10_REV_g.24158.CDS.1049-MONOMER,0.0,-1.6050629207272195e-08
3OAR9M10_FWD_g.24158.CDS.1049-MONOMER,0.00017640475408215787,-6.578087638769254e-40
3OAS100_REV_CPLX_3OAS100-0,0.0,-2.1318738504781724e-08
3OAS100_FWD_CPLX_3OAS100-0,0.0,-5.697130879180064e-41
3OAS10M11_REV_CPLX_3OAS100-0,0.0,-2.1318738504781724e-08
3OAS10M11_FWD_CPLX_3OAS100-0,0.0,-1.2505897051858678e-41
3OAS10M12_REV_CPLX_3OAS100-0,0.0,-2.1318738504781724e-08
3OAS10M12_FWD_CPLX_3OAS100-0,0.00017640475408215787,5.210790438274449e-40
3OAS11M12_REV_CPLX_3OAS100-0,0.0,-2.1318738504781724e-08
3OAS11M12_FWD_CPLX_3OAS100-0,0.00017640475408215787,-5.460908379311622e-40
3OAS120_REV_CPLX_3OAS100-0,0.0,-2.1318738504781724e-08
3OAS120_FWD_CPLX_3OAS100-0,0.0,-1.2505897051858678e-41
3OAS12M13_REV_CPLX_3OAS100-0,0.0,-2.1318738504781724e-08
3OAS12M13_FWD_CPLX_3OAS100-0,0.0,-1.9036754401162653e-40
3OAS12M14_REV_CPLX_3OAS100-0,0.0,-2.1318738504781724e-08
3OAS12M14_FWD_CPLX_3OAS100-0,0.00017640475408215787,1.6535574990790918e-40
3OAS13M14_REV_CPLX_3OAS100-0,0.0,-2.1318738504781724e-08
3OAS13M14_FWD_CPLX_3OAS100-0,0.00017640475408215787,-2.3247073075288407e-39
3OAS140_REV_CPLX_3OAS100-0,0.0,-2.1318738504781724e-08
3OAS140_FWD_CPLX_3OAS100-0,0.0,-1.2505897051858678e-41
3OAS160_REV_CPLX_3OAS100-0,0.0,-2.1318738504781724e-08
3OAS160_FWD_CPLX_3OAS100-0,0.0,-1.9036754401162653e-40
3OAS180_REV_CPLX_3OAS100-0,0.0,-2.1318738504781724e-08
3OAS180_FWD_CPLX_3OAS100-0,0.0,-3.682291909713944e-40
3OAS2M3_REV_CPLX_3OAS100-0,0.0,-2.1318738504781724e-08
3OAS2M3_FWD_CPLX_3OAS100-0,0.0,-1.9036754401162653e-40
3OAS3M4_REV_CPLX_3OAS100-0,0.0,-2.1318738504781724e-08
3OAS3M4_FWD_CPLX_3OAS100-0,0.00017640475408215787,-1.9036754401162653e-40
3OAS4M3O6_REV_CPLX_3OAS100-0,0.0,-2.1318738504781724e-08
3OAS4M3O6_FWD_CPLX_3OAS100-0,0.00017640475408215787,-3.682291909713944e-40
3OAS4M5_REV_CPLX_3OAS100-0,0.0,-2.1318738504781724e-08
3OAS4M5_FWD_CPLX_3OAS100-0,0.0,-1.2505897051858678e-41
3OAS4M6_REV_CPLX_3OAS100-0,0.0,-2.1318738504781724e-08
3OAS4M6_FWD_CPLX_3OAS100-0,0.00017640475408215787,-1.9036754401162653e-40
3OAS5M6_REV_CPLX_3OAS100-0,0.0,-2.1318738504781724e-08
3OAS5M6_FWD_CPLX_3OAS100-0,0.00017640475408215787,-7.239524848909301e-40
3OAS60_REV_CPLX_3OAS100-0,0.0,-2.1318738504781724e-08
3OAS60_FWD_CPLX_3OAS100-0,0.0,-1.2505897051858678e-41
3OAS6M7_REV_CPLX_3OAS100-0,0.0,-2.1318738504781724e-08
3OAS6M7_FWD_CPLX_3OAS100-0,0.0,-1.2505897051858678e-41
3OAS6M8_REV_CPLX_3OAS100-0,0.0,-2.1318738504781724e-08
3OAS6M8_FWD_CPLX_3OAS100-0,0.00017640475408215787,1.6535574990790918e-40
3OAS7M8_REV_CPLX_3OAS100-0,0.0,-2.1318738504781724e-08
3OAS7M8_FWD_CPLX_3OAS100-0,0.00017640475408215787,1.6535574990790918e-40
3OAS80_REV_CPLX_3OAS100-0,0.0,-2.1318738504781724e-08
3OAS80_FWD_CPLX_3OAS100-0,0.0,-1.2505897051858678e-41
3OAS8M10_REV_CPLX_3OAS100-0,0.0,-2.1318738504781724e-08
3OAS8M10_FWD_CPLX_3OAS100-0,0.00017640475408215787,-4.263711906816607e-36
3OAS8M9_REV_CPLX_3OAS100-0,0.0,-2.1318738504781724e-08
3OAS8M9_FWD_CPLX_3OAS100-0,0.0,-1.2505897051858678e-41
3OAS9M10_REV_CPLX_3OAS100-0,0.0,-2.1318738504781724e-08
3OAS9M10_FWD_CPLX_3OAS100-0,0.00017640475408215787,-7.239524848909301e-40
4HBZt2_REV_CPLX_dummy,0.0,-1.8133646769920992e-08
4HBZt2_FWD_CPLX_dummy,0.0,-1.7448812500517483e-42
4HTHRS_REV_g.24158.CDS.1574-MONOMER,0.0,-1.9347405295347367e-08
4HTHRS_FWD_g.24158.CDS.1574-MONOMER,0.0,-2.0327648006884295e-41
5AIZCDC_REV_CPLX_5AIZCDC-0,0.0,1.3271315097993455e-07
5AIZCDC_FWD_CPLX_5AIZCDC-0,0.0,-1.5233041385728613e-07
5AIZCDC_REV_g.24158.CDS.1672-MONOMER,0.0,1.3521568005768344e-07
5AIZCDC_FWD_g.24158.CDS.1672-MONOMER,0.0,-1.4982788477953725e-07
5AIZCDC_REV_g.24158.CDS.1244-MONOMER,0.0,1.3357508183734774e-07
5AIZCDC_FWD_g.24158.CDS.1244-MONOMER,0.0,-1.5146848299987297e-07
5HLTDL_REV_g.24158.CDS.920-MONOMER_mod_mg2(1),0.0,-3.199653587067821e-08
5HLTDL_FWD_g.24158.CDS.920-MONOMER_mod_mg2(1),0.0,-1.1977280438331214e-41
5HTRPt2_REV_CPLX_dummy,0.0,1.5998267935339104e-08
5HTRPt2_FWD_CPLX_dummy,0.0,-3.4131914705260096e-08
5HXKYNDCL_REV_g.24158.CDS.920-MONOMER_mod_mg2(1),0.0,-3.199653587067821e-08
5HXKYNDCL_FWD_g.24158.CDS.920-MONOMER_mod_mg2(1),0.0,-5.133120187856234e-42
5MTHCYST_REV_g.24158.CDS.659-MONOMER,0.0,-1.785635007262047e-08
5MTHCYST_FWD_g.24158.CDS.659-MONOMER,2.1764251622441858e-26,-1.084646314682368e-40
6PGALSZ2i_REV_g.24158.CDS.877-MONOMER,0.0,-1.1785411796896994e-08
6PGALSZ2i_FWD_g.24158.CDS.877-MONOMER,0.0,-5.330026803012348e-10
6PGALSZ2i_REV_g.24158.CDS.926-MONOMER,0.0,-1.1252409116595758e-08
6PGALSZ2i_FWD_g.24158.CDS.926-MONOMER,0.0,-8.29651200406957e-42
6PHBG_REV_g.24158.CDS.99-MONOMER,0.0,5.7810908567688775e-09
6PHBG_FWD_g.24158.CDS.99-MONOMER,0.0,-1.909857637905343e-08
6PHBG_REV_g.24158.CDS.652-MONOMER,0.0,3.0017506479893205e-09
6PHBG_FWD_g.24158.CDS.652-MONOMER,0.0,-2.1877916587832986e-08
6PHBG_REV_g.24158.CDS.461-MONOMER,0.0,5.230581085836128e-09
6PHBG_FWD_g.24158.CDS.461-MONOMER,0.0,-1.964908614998618e-08
6PHBG_REV_g.24158.CDS.1026-MONOMER,0.0,3.948429410306729e-09
6PHBG_FWD_g.24158.CDS.1026-MONOMER,0.0,-2.0931237825515577e-08
6PHBG_REV_g.24158.CDS.120-MONOMER,0.0,2.992725433821166e-09
6PHBG_FWD_g.24158.CDS.120-MONOMER,0.0,-2.1886941802001142e-08
6PHBG2_REV_g.24158.CDS.99-MONOMER,0.0,-1.3317485522284552e-08
6PHBG2_FWD_g.24158.CDS.99-MONOMER,0.0,2.3863028384113914e-41
6PHBG2_REV_g.24158.CDS.652-MONOMER,0.0,-1.609682573106411e-08
6PHBG2_FWD_g.24158.CDS.652-MONOMER,0.0,-2.779340208779557e-09
6PHBG2_REV_g.24158.CDS.461-MONOMER,0.0,-1.3867995293217302e-08
6PHBG2_FWD_g.24158.CDS.461-MONOMER,0.0,-5.505097709327493e-10
6PHBG2_REV_g.24158.CDS.1026-MONOMER,0.0,-1.51501469687467e-08
6PHBG2_FWD_g.24158.CDS.1026-MONOMER,0.0,-1.832661446462149e-09
6PHBG2_REV_g.24158.CDS.120-MONOMER,0.0,-1.6105850945232263e-08
6PHBG2_FWD_g.24158.CDS.120-MONOMER,0.0,-2.7883654229477117e-09
AACPS6_REV_CPLX_dummy,0.0,-1.8133646769920992e-08
AACPS6_FWD_CPLX_dummy,0.0,-4.718509520715102e-40
AACPS7_REV_CPLX_dummy,0.0,-1.8133646769920992e-08
AACPS7_FWD_CPLX_dummy,0.0,8.224924852622655e-41
AB6PGH_REV_g.24158.CDS.99-MONOMER,0.0,5.7810908567688775e-09
AB6PGH_FWD_g.24158.CDS.99-MONOMER,0.0,-1.909857637905343e-08
AB6PGH_REV_g.24158.CDS.652-MONOMER,0.0,3.0017506479893205e-09
AB6PGH_FWD_g.24158.CDS.652-MONOMER,0.0,-2.1877916587832986e-08
AB6PGH_REV_g.24158.CDS.461-MONOMER,0.0,5.230581085836128e-09
AB6PGH_FWD_g.24158.CDS.461-MONOMER,0.0,-1.964908614998618e-08
AB6PGH_REV_g.24158.CDS.1026-MONOMER,0.0,3.948429410306729e-09
AB6PGH_FWD_g.24158.CDS.1026-MONOMER,0.0,-2.0931237825515577e-08
AB6PGH_REV_g.24158.CDS.120-MONOMER,0.0,2.992725433821166e-09
AB6PGH_FWD_g.24158.CDS.120-MONOMER,0.0,-2.1886941802001142e-08
AB6PGH2_REV_g.24158.CDS.99-MONOMER,0.0,-1.3317485522284552e-08
AB6PGH2_FWD_g.24158.CDS.99-MONOMER,0.0,-5.003538209572272e-41
AB6PGH2_REV_g.24158.CDS.652-MONOMER,0.0,-1.609682573106411e-08
AB6PGH2_FWD_g.24158.CDS.652-MONOMER,0.0,-2.779340208779557e-09
AB6PGH2_REV_g.24158.CDS.461-MONOMER,0.0,-1.3867995293217302e-08
AB6PGH2_FWD_g.24158.CDS.461-MONOMER,0.0,-5.505097709327493e-10
AB6PGH2_REV_g.24158.CDS.1026-MONOMER,0.0,-1.51501469687467e-08
AB6PGH2_FWD_g.24158.CDS.1026-MONOMER,0.0,-1.832661446462149e-09
AB6PGH2_REV_g.24158.CDS.120-MONOMER,0.0,-1.6105850945232263e-08
AB6PGH2_FWD_g.24158.CDS.120-MONOMER,0.0,-2.7883654229477117e-09
ABTOXy_REV_g.24158.CDS.380-MONOMER,0.0,-6.519425529621131e-41
ABTOXy_FWD_g.24158.CDS.380-MONOMER,0.0,-1.6548765903195297e-08
ABUTD_REV_g.24158.CDS.1175-MONOMER,0.0,-2.093775377657266e-08
ABUTD_FWD_g.24158.CDS.1175-MONOMER,0.0,7.347352899107444e-41
ACACT1r_REV_g.24158.CDS.238-MONOMER,0.0,-1.7759732663973254e-08
ACACT1r_FWD_g.24158.CDS.238-MONOMER,0.0,-3.237958399149861e-40
ACACT2r_REV_g.24158.CDS.238-MONOMER,0.0,-1.7759732663973254e-08
ACACT2r_FWD_g.24158.CDS.238-MONOMER,0.0,1.7364809891417899e-40
ACACT3r_REV_g.24158.CDS.238-MONOMER,0.0,-1.5564014791567154e-40
ACACT3r_FWD_g.24158.CDS.238-MONOMER,0.0,-1.7759732663973254e-08
ACACT4r_REV_g.24158.CDS.238-MONOMER,0.0,-1.5564014791567154e-40
ACACT4r_FWD_g.24158.CDS.238-MONOMER,0.0,-1.7759732663973254e-08
ACACT5r_REV_g.24158.CDS.238-MONOMER,0.0,-1.5564014791567154e-40
ACACT5r_FWD_g.24158.CDS.238-MONOMER,0.0,-1.7759732663973254e-08
ACACT6r_REV_g.24158.CDS.238-MONOMER,0.0,-1.5564014791567154e-40
ACACT6r_FWD_g.24158.CDS.238-MONOMER,0.0,-1.7759732663973254e-08
ACACT7r_REV_g.24158.CDS.238-MONOMER,0.0,-1.5564014791567154e-40
ACACT7r_FWD_g.24158.CDS.238-MONOMER,0.0,-1.7759732663973254e-08
ACALD_REV_g.24158.CDS.1469-MONOMER_mod_fe2(1),0.0,-1.7619943622465395e-08
ACALD_FWD_g.24158.CDS.1469-MONOMER_mod_fe2(1),0.0,-3.8619076908273854e-08
ACALDt_REV_CPLX_dummy,0.0,5.234643750155245e-42
ACALDt_FWD_CPLX_dummy,0.0,-1.8133646769920992e-08
ACBIPGT_REV_CPLX_dummy,0.0,-1.8133646769920992e-08
ACBIPGT_FWD_CPLX_dummy,-3.2385308747195565e-27,1.7500305810943907e-40
ACCOACL_REV_CPLX_ACCOACL-0,0.0,-1.987388426655744e-08
ACCOACL_FWD_CPLX_ACCOACL-0,0.0035280950816431573,2.0385932407045767e-42
ACCOALYS2_REV_g.24158.CDS.1175-MONOMER,0.0,-2.093775377657266e-08
ACCOALYS2_FWD_g.24158.CDS.1175-MONOMER,0.0,-3.733892604963209e-40
ACEDIPIT_REV_g.24158.CDS.1343-MONOMER,0.0,-2.0942119502571358e-42
ACEDIPIT_FWD_g.24158.CDS.1343-MONOMER,0.0,-1.7969098449144787e-08
ACGAMK_REV_CPLX_dummy,0.0,-1.8133646769920992e-08
ACGAMK_FWD_CPLX_dummy,0.0002758959355280441,5.929855688005787e-41
ACGAMT_REV_g.24158.CDS.1670-MONOMER_mod_mg2(1),0.0,-1.8211344010842658e-08
ACGAMT_FWD_g.24158.CDS.1670-MONOMER_mod_mg2(1),-5.3105042676963835e-48,7.408938909268613e-41
ACGAMtr2_REV_CPLX_dummy,0.0,-1.8133646769920992e-08
ACGAMtr2_FWD_CPLX_dummy,0.0002758959355280441,-3.4897625001034966e-42
ACGApts_REV_CPLX_ACGApts-0,0.0,-3.9302431843000893e-07
ACGApts_FWD_CPLX_ACGApts-0,0.0,-3.621268626896264e-07
ACKr_REV_g.24158.CDS.880-MONOMER_mod_mg2(1),1.0527368254359137,-1.6205248467373446e-41
ACKr_FWD_g.24158.CDS.880-MONOMER_mod_mg2(1),0.0,-1.836107439853371e-08
ACLDC_REV_g.24158.CDS.643-MONOMER,0.0,-1.5847336156841124e-08
ACLDC_FWD_g.24158.CDS.643-MONOMER,-1.260360657312034e-55,-2.32159557243162e-41
ACLS_a_REV_g.24158.CDS.298-MONOMER,0.0,9.849816291704634e-08
ACLS_a_FWD_g.24158.CDS.298-MONOMER,0.0,-1.1797965590271686e-07
ACLS_b_REV_g.24158.CDS.298-MONOMER,0.0,5.565903849460419e-40
ACLS_b_FWD_g.24158.CDS.298-MONOMER,0.0,-1.948149298567052e-08
ACNML_REV_g.24158.CDS.977-MONOMER,0.0,-2.376953010320955e-08
ACNML_FWD_g.24158.CDS.977-MONOMER,0.0,6.535018971903575e-41
ACOAAGPAT140_REV_g.24158.CDS.506-MONOMER,0.0,-1.619231660088687e-08
ACOAAGPAT140_FWD_g.24158.CDS.506-MONOMER,2.0892468866636986e-56,1.3164958511791268e-40
ACOAAGPAT160_REV_g.24158.CDS.506-MONOMER,0.0,-1.619231660088687e-08
ACOAAGPAT160_FWD_g.24158.CDS.506-MONOMER,1.671397509330959e-55,1.3164958511791268e-40
ACOAAGPAT180_REV_g.24158.CDS.506-MONOMER,0.0,-1.619231660088687e-08
ACOAAGPAT180_FWD_g.24158.CDS.506-MONOMER,0.0,-4.761793504264927e-41
ACOAAGPATAI15_REV_g.24158.CDS.506-MONOMER,0.0,-1.619231660088687e-08
ACOAAGPATAI15_FWD_g.24158.CDS.506-MONOMER,0.0,7.384603860883423e-41
ACOAAGPATAI17_REV_g.24158.CDS.506-MONOMER,0.0,-1.619231660088687e-08
ACOAAGPATAI17_FWD_g.24158.CDS.506-MONOMER,8.820237704107893e-05,4.901846254390366e-40
ACOAAGPATI14_REV_g.24158.CDS.506-MONOMER,0.0,-1.619231660088687e-08
ACOAAGPATI14_FWD_g.24158.CDS.506-MONOMER,1.6245686139572526e-56,2.467538363270802e-40
ACOAAGPATI15_REV_g.24158.CDS.506-MONOMER,0.0,-1.619231660088687e-08
ACOAAGPATI15_FWD_g.24158.CDS.506-MONOMER,-1.949482336748703e-55,7.384603860883423e-41
ACOAAGPATI16_REV_g.24158.CDS.506-MONOMER,0.0,-1.619231660088687e-08
ACOAAGPATI16_FWD_g.24158.CDS.506-MONOMER,-1.949482336748703e-55,2.467538363270802e-40
ACOAAGPATI17_REV_g.24158.CDS.506-MONOMER,0.0,-1.619231660088687e-08
ACOAAGPATI17_FWD_g.24158.CDS.506-MONOMER,8.820237704107893e-05,3.1091710527847464e-40
ACOAD1_REV_g.24158.CDS.131-MONOMER,0.0,-1.7716297373464744e-08
ACOAD1_FWD_g.24158.CDS.131-MONOMER,0.0,2.853119374287449e-41
ACOAD20_REV_g.24158.CDS.131-MONOMER,0.0,-1.7716297373464744e-08
ACOAD20_FWD_g.24158.CDS.131-MONOMER,0.0,1.1437370067204543e-40
ACOADH2_REV_g.24158.CDS.131-MONOMER,0.0,-1.7716297373464744e-08
ACOADH2_FWD_g.24158.CDS.131-MONOMER,0.0,-5.510732850562189e-40
ACOATA_REV_CPLX_3OAS100-0,0.0,-2.1318738504781724e-08
ACOATA_FWD_CPLX_3OAS100-0,0.00017640475408215787,1.2965876504442995e-41
ACOCT_REV_g.24158.CDS.419-MONOMER_mod_thmpp(1)_mod_mn2(1)_mod_mg2(1),0.0,-3.5697199417568255e-07
ACOCT_FWD_g.24158.CDS.419-MONOMER_mod_thmpp(1)_mod_mn2(1)_mod_mg2(1),-1.3762552869571162e-24,8.204322071634521e-41
ACPS1_REV_g.24158.CDS.146-MONOMER,0.0,-1.9116975183490925e-08
ACPS1_FWD_g.24158.CDS.146-MONOMER,0.0,-2.7642449843464716e-09
ACPS1_REV_g.24158.CDS.1356-MONOMER_mod_mn2(1),0.0,-1.635289725696509e-08
ACPS1_FWD_g.24158.CDS.1356-MONOMER_mod_mn2(1),0.0,-1.670578206383811e-13
ACPS1_REV_g.24158.CDS.1356-MONOMER_mod_mg2(1),0.0,-1.635273019914445e-08
ACPS1_FWD_g.24158.CDS.1356-MONOMER_mod_mg2(1),6.437408587049667e-37,-5.982250726882673e-42
ACTNDH_REV_CPLX_ACTNDH-0,1.3853938609809064e-55,-1.4689441376543768e-40
ACTNDH_FWD_CPLX_ACTNDH-0,0.0,-2.528861884766123e-08
ACYP_REV_g.24158.CDS.694-MONOMER,0.0,1.2629153304700935e-07
ACYP_FWD_g.24158.CDS.694-MONOMER,0.0,-1.3886216338563454e-07
ACYP_2_REV_g.24158.CDS.694-MONOMER,0.0,1.081804752263946e-07
ACYP_2_FWD_g.24158.CDS.694-MONOMER,0.0,-1.207511055650198e-07
ACt2r_REV_CPLX_dummy,1.0025518649201384,1.7448812500517483e-42
ACt2r_FWD_CPLX_dummy,0.0,-1.8133646769920992e-08
ADAD_REV_CPLX_dummy,0.0,-1.8133646769920992e-08
ADAD_FWD_CPLX_dummy,7.899303662752303e-05,3.022780094617584e-40
ADEt2r_REV_CPLX_dummy,0.0,-1.8133646769920992e-08
ADEt2r_FWD_CPLX_dummy,0.00026284819698305437,1.7448812500517483e-42
ADK1_REV_g.24158.CDS.1792-MONOMER_mod_mg2(1),0.0,-1.5715509411205537e-08
ADK1_FWD_g.24158.CDS.1792-MONOMER_mod_mg2(1),0.02257344410860878,-2.822209902511772e-40
ADK2_REV_g.24158.CDS.1792-MONOMER_mod_mg2(1),0.0,-1.5715509411205537e-08
ADK2_FWD_g.24158.CDS.1792-MONOMER_mod_mg2(1),-3.2385308747195565e-27,1.59332448567852e-40
ADNCYC_REV_g.24158.CDS.1739-MONOMER,0.0,-1.5036975849509522e-08
ADNCYC_FWD_g.24158.CDS.1739-MONOMER,0.0,-1.1917066264370271e-40
ADNK1_REV_g.24158.CDS.760-MONOMER,0.0,-1.548402655034255e-08
ADNK1_FWD_g.24158.CDS.760-MONOMER,-1.6413985942218428e-22,-6.188978420358974e-36
ADOCBIK_REV_CPLX_dummy,0.0,-1.8133646769920992e-08
ADOCBIK_FWD_CPLX_dummy,-3.2385308747195565e-27,2.444257588470678e-40
ADOCBLS_REV_CPLX_dummy,0.0,-1.8133646769920992e-08
ADOCBLS_FWD_CPLX_dummy,0.0,4.3622031251293706e-41
ADPRDP_REV_g.24158.CDS.1192-MONOMER,0.0,-1.747230973152843e-08
ADPRDP_FWD_g.24158.CDS.1192-MONOMER,0.0,-2.128010274078353e-09
ADPRDP_REV_g.24158.CDS.604-MONOMER,0.0,-1.5344299457450077e-08
ADPRDP_FWD_g.24158.CDS.604-MONOMER,0.0,-2.0472767203543503e-40
ADPT_REV_g.24158.CDS.1193-MONOMER_mod_mg2(1),0.0,-1.767878340845213e-08
ADPT_FWD_g.24158.CDS.1193-MONOMER_mod_mg2(1),0.0002638851555909456,-7.313899279688429e-37
ADPT_REV_g.24158.CDS.1193-MONOMER_mod_mn2(1),0.0,-1.7678803197415166e-08
ADPT_FWD_g.24158.CDS.1193-MONOMER_mod_mn2(1),0.0,-1.9788963033879936e-14
ADSL1r_REV_g.24158.CDS.1220-MONOMER,0.0,-1.8434922988986492e-08
ADSL1r_FWD_g.24158.CDS.1220-MONOMER,-1.9392711580551293e-51,3.263147739203604e-41
ADSL2r_REV_g.24158.CDS.1220-MONOMER,0.0,-1.8434922988986492e-08
ADSL2r_FWD_g.24158.CDS.1220-MONOMER,0.0,5.241633164455529e-41
ADSS_REV_g.24158.CDS.696-MONOMER,0.0,-1.83353419502429e-08
ADSS_FWD_g.24158.CDS.696-MONOMER,-1.449625781471871e-51,8.336631601786592e-40
AGDC_REV_g.24158.CDS.409-MONOMER_mod_zn2(1),0.0,-2.5696862381378865e-08
AGDC_FWD_g.24158.CDS.409-MONOMER_mod_zn2(1),0.0002758959355280441,-1.4117991390689575e-39
AGPAT120_REV_g.24158.CDS.506-MONOMER,0.0,-1.619231660088687e-08
AGPAT120_FWD_g.24158.CDS.506-MONOMER,0.0,1.634971143543829e-40
AGPAT140_REV_g.24158.CDS.506-MONOMER,0.0,-1.619231660088687e-08
AGPAT140_FWD_g.24158.CDS.506-MONOMER,-9.735767917867699e-56,8.65572958346733e-41
AGPAT141_REV_g.24158.CDS.506-MONOMER,0.0,-1.619231660088687e-08
AGPAT141_FWD_g.24158.CDS.506-MONOMER,-2.4339419794669247e-56,8.65572958346733e-41
AGPAT160_REV_g.24158.CDS.506-MONOMER,0.0,-7.60044057346957e-09
AGPAT160_FWD_g.24158.CDS.506-MONOMER,0.0,-8.591876027417299e-09
AGPAT161_REV_g.24158.CDS.506-MONOMER,0.0,-1.619231660088687e-08
AGPAT161_FWD_g.24158.CDS.506-MONOMER,-2.4339419794669247e-56,8.65572958346733e-41
AGPAT180_REV_g.24158.CDS.506-MONOMER,0.0,-1.619231660088687e-08
AGPAT180_FWD_g.24158.CDS.506-MONOMER,8.820237704107893e-05,-1.0487933380700613e-40
AGPAT181_REV_g.24158.CDS.506-MONOMER,0.0,-1.619231660088687e-08
AGPAT181_FWD_g.24158.CDS.506-MONOMER,-2.4339419794669247e-56,1.634971143543829e-40
AHCYSNS_r_REV_g.24158.CDS.1809-MONOMER,0.0,-1.9025391219498393e-08
AHCYSNS_r_FWD_g.24158.CDS.1809-MONOMER,1.0369586078912693e-06,1.0871086585336054e-42
AICART_REV_g.24158.CDS.1633-MONOMER,0.0,-1.9187905746744586e-08
AICART_FWD_g.24158.CDS.1633-MONOMER,3.6895453659802386e-56,2.1599964218094022e-36
AIHDUDPMG_REV_CPLX_dummy,0.0,-1.8133646769920992e-08
AIHDUDPMG_FWD_CPLX_dummy,1.5327551973780228e-05,2.2128485860119153e-40
AIHDUPDG_REV_CPLX_dummy,0.0,-1.8133646769920992e-08
AIHDUPDG_FWD_CPLX_dummy,1.5327551973780228e-05,2.2128485860119153e-40
AIHPDCOATA_REV_g.24158.CDS.901-MONOMER,0.0,-1.7183752054834597e-08
AIHPDCOATA_FWD_g.24158.CDS.901-MONOMER,0.00017640475408215787,2.2365108255657025e-40
AIPDCOATA_REV_g.24158.CDS.901-MONOMER,-4.3697527768272635e-56,-2.906124845196152e-40
AIPDCOATA_FWD_g.24158.CDS.901-MONOMER,0.0,-1.7183752054834597e-08
AIRC4_REV_CPLX_5AIZCDC-0,0.0,-1.961726287735158e-08
AIRC4_FWD_CPLX_5AIZCDC-0,0.0,-2.1652483302881358e-40
ALAALA_REV_CPLX_dummy,0.0,-1.8133646769920992e-08
ALAALA_FWD_CPLX_dummy,-5.765961016577978e-56,3.856766048339654e-41
ALAASP1c_REV_g.24158.CDS.599-MONOMER_mod_fe2(2),0.0,1.1625229929194965e-41
ALAASP1c_FWD_g.24158.CDS.599-MONOMER_mod_fe2(2),0.0,-1.6896130422306295e-08
ALAASP1c_REV_g.24158.CDS.1354-MONOMER,0.0,-2.931713816046045e-10
ALAASP1c_FWD_g.24158.CDS.1354-MONOMER,0.0,-1.71893018039109e-08
ALAASPabc_REV_g.24158.CDS.1525-MONOMER,0.0,1.4842834791942253e-07
ALAASPabc_FWD_g.24158.CDS.1525-MONOMER,0.0,-1.656905045962609e-07
ALAASPabc_REV_g.24158.CDS.1254-MONOMER,0.0,1.468590598291863e-07
ALAASPabc_FWD_g.24158.CDS.1254-MONOMER,0.0,-1.6725979268649717e-07
ALAASPabc_REV_g.24158.CDS.995-MONOMER,0.0,1.468812944884573e-07
ALAASPabc_FWD_g.24158.CDS.995-MONOMER,0.0,-1.6723755802722612e-07
ALAASPabc_REV_g.24158.CDS.1317-MONOMER,0.0,1.466697391842303e-07
ALAASPabc_FWD_g.24158.CDS.1317-MONOMER,0.0,-1.6744911333145314e-07
ALAASPabc_REV_g.24158.CDS.1794-MONOMER,0.0,1.4859827069893942e-07
ALAASPabc_FWD_g.24158.CDS.1794-MONOMER,0.0,-1.65520581816744e-07
ALAASPabc_REV_g.24158.CDS.1412-MONOMER,0.0,1.483095008522117e-07
ALAASPabc_FWD_g.24158.CDS.1412-MONOMER,0.0,-1.6580935166347172e-07
ALAD_R_REV_g.24158.CDS.366-MONOMER,0.17134716347191334,-2.092541387255094e-41
ALAD_R_FWD_g.24158.CDS.366-MONOMER,0.0,-1.7920723220950053e-08
ALAGLN1c_REV_g.24158.CDS.599-MONOMER_mod_fe2(2),0.0,-8.137660950436476e-42
ALAGLN1c_FWD_g.24158.CDS.599-MONOMER_mod_fe2(2),0.0,-1.6896130422306295e-08
ALAGLN1c_REV_g.24158.CDS.1354-MONOMER,0.0,-2.931713816046045e-10
ALAGLN1c_FWD_g.24158.CDS.1354-MONOMER,0.0,-1.71893018039109e-08
ALAGLNabc_REV_g.24158.CDS.1525-MONOMER,0.0,1.4842834791942253e-07
ALAGLNabc_FWD_g.24158.CDS.1525-MONOMER,0.0,-1.656905045962609e-07
ALAGLNabc_REV_g.24158.CDS.1254-MONOMER,0.0,1.468590598291863e-07
ALAGLNabc_FWD_g.24158.CDS.1254-MONOMER,0.0,-1.6725979268649717e-07
ALAGLNabc_REV_g.24158.CDS.995-MONOMER,0.0,1.468812944884573e-07
ALAGLNabc_FWD_g.24158.CDS.995-MONOMER,0.0,-1.6723755802722612e-07
ALAGLNabc_REV_g.24158.CDS.1317-MONOMER,0.0,1.466697391842303e-07
ALAGLNabc_FWD_g.24158.CDS.1317-MONOMER,0.0,-1.6744911333145314e-07
ALAGLNabc_REV_g.24158.CDS.1794-MONOMER,0.0,1.4859827069893942e-07
ALAGLNabc_FWD_g.24158.CDS.1794-MONOMER,0.0,-1.65520581816744e-07
ALAGLNabc_REV_g.24158.CDS.1412-MONOMER,0.0,1.483095008522117e-07
ALAGLNabc_FWD_g.24158.CDS.1412-MONOMER,0.0,-1.6580935166347172e-07
ALAGLU1c_REV_g.24158.CDS.599-MONOMER_mod_fe2(2),0.0,8.137660950436476e-42
ALAGLU1c_FWD_g.24158.CDS.599-MONOMER_mod_fe2(2),0.0,-1.6896130422306295e-08
ALAGLU1c_REV_g.24158.CDS.1354-MONOMER,0.0,-2.931713816046045e-10
ALAGLU1c_FWD_g.24158.CDS.1354-MONOMER,0.0,-1.71893018039109e-08
ALAGLUabc_REV_g.24158.CDS.1525-MONOMER,0.0,1.4842834791942253e-07
ALAGLUabc_FWD_g.24158.CDS.1525-MONOMER,0.0,-1.656905045962609e-07
ALAGLUabc_REV_g.24158.CDS.1254-MONOMER,0.0,1.468590598291863e-07
ALAGLUabc_FWD_g.24158.CDS.1254-MONOMER,0.0,-1.6725979268649717e-07
ALAGLUabc_REV_g.24158.CDS.995-MONOMER,0.0,1.468812944884573e-07
ALAGLUabc_FWD_g.24158.CDS.995-MONOMER,0.0,-1.6723755802722612e-07
ALAGLUabc_REV_g.24158.CDS.1317-MONOMER,0.0,1.466697391842303e-07
ALAGLUabc_FWD_g.24158.CDS.1317-MONOMER,0.0,-1.6744911333145314e-07
ALAGLUabc_REV_g.24158.CDS.1794-MONOMER,0.0,1.4859827069893942e-07
ALAGLUabc_FWD_g.24158.CDS.1794-MONOMER,0.0,-1.65520581816744e-07
ALAGLUabc_REV_g.24158.CDS.1412-MONOMER,0.0,1.483095008522117e-07
ALAGLUabc_FWD_g.24158.CDS.1412-MONOMER,0.0,-1.6580935166347172e-07
ALAGLY1c_REV_g.24158.CDS.599-MONOMER_mod_fe2(2),0.0,5.812614964597483e-42
ALAGLY1c_FWD_g.24158.CDS.599-MONOMER_mod_fe2(2),0.0,-1.6896130422306295e-08
ALAGLY1c_REV_g.24158.CDS.1354-MONOMER,0.0,-2.931713816046045e-10
ALAGLY1c_FWD_g.24158.CDS.1354-MONOMER,0.0,-1.71893018039109e-08
ALAGLYabc_REV_g.24158.CDS.1525-MONOMER,0.0,1.4842834791942253e-07
ALAGLYabc_FWD_g.24158.CDS.1525-MONOMER,0.0,-1.656905045962609e-07
ALAGLYabc_REV_g.24158.CDS.1254-MONOMER,0.0,1.468590598291863e-07
ALAGLYabc_FWD_g.24158.CDS.1254-MONOMER,0.0,-1.6725979268649717e-07
ALAGLYabc_REV_g.24158.CDS.995-MONOMER,0.0,1.468812944884573e-07
ALAGLYabc_FWD_g.24158.CDS.995-MONOMER,0.0,-1.6723755802722612e-07
ALAGLYabc_REV_g.24158.CDS.1317-MONOMER,0.0,1.466697391842303e-07
ALAGLYabc_FWD_g.24158.CDS.1317-MONOMER,0.0,-1.6744911333145314e-07
ALAGLYabc_REV_g.24158.CDS.1794-MONOMER,0.0,1.4859827069893942e-07
ALAGLYabc_FWD_g.24158.CDS.1794-MONOMER,0.0,-1.65520581816744e-07
ALAGLYabc_REV_g.24158.CDS.1412-MONOMER,0.0,1.483095008522117e-07
ALAGLYabc_FWD_g.24158.CDS.1412-MONOMER,0.0,-1.6580935166347172e-07
ALAHIS1c_REV_g.24158.CDS.599-MONOMER_mod_fe2(2),0.0,6.111985918667151e-42
ALAHIS1c_FWD_g.24158.CDS.599-MONOMER_mod_fe2(2),0.0,-1.6896130422306295e-08
ALAHIS1c_REV_g.24158.CDS.1354-MONOMER,0.0,-2.931713816046045e-10
ALAHIS1c_FWD_g.24158.CDS.1354-MONOMER,0.0,-1.71893018039109e-08
ALAHISabc_REV_g.24158.CDS.1525-MONOMER,0.0,1.4842834791942253e-07
ALAHISabc_FWD_g.24158.CDS.1525-MONOMER,0.0,-1.656905045962609e-07
ALAHISabc_REV_g.24158.CDS.1254-MONOMER,0.0,1.468590598291863e-07
ALAHISabc_FWD_g.24158.CDS.1254-MONOMER,0.0,-1.6725979268649717e-07
ALAHISabc_REV_g.24158.CDS.995-MONOMER,0.0,1.468812944884573e-07
ALAHISabc_FWD_g.24158.CDS.995-MONOMER,0.0,-1.6723755802722612e-07
ALAHISabc_REV_g.24158.CDS.1317-MONOMER,0.0,1.466697391842303e-07
ALAHISabc_FWD_g.24158.CDS.1317-MONOMER,0.0,-1.6744911333145314e-07
ALAHISabc_REV_g.24158.CDS.1794-MONOMER,0.0,1.4859827069893942e-07
ALAHISabc_FWD_g.24158.CDS.1794-MONOMER,0.0,-1.65520581816744e-07
ALAHISabc_REV_g.24158.CDS.1412-MONOMER,0.0,1.483095008522117e-07
ALAHISabc_FWD_g.24158.CDS.1412-MONOMER,0.0,-1.6580935166347172e-07
ALALEU1c_REV_g.24158.CDS.599-MONOMER_mod_fe2(2),0.0,1.9762890879631442e-41
ALALEU1c_FWD_g.24158.CDS.599-MONOMER_mod_fe2(2),0.0,-1.6896130422306295e-08
ALALEU1c_REV_g.24158.CDS.1354-MONOMER,0.0,-2.931713816046045e-10
ALALEU1c_FWD_g.24158.CDS.1354-MONOMER,0.0,-1.71893018039109e-08
ALALEUabc_REV_g.24158.CDS.1525-MONOMER,0.0,9.237979555874742e-09
ALALEUabc_FWD_g.24158.CDS.1525-MONOMER,0.0,-2.6500136232713107e-08
ALALEUabc_REV_g.24158.CDS.1254-MONOMER,0.0,7.66869146563849e-09
ALALEUabc_FWD_g.24158.CDS.1254-MONOMER,0.0,-2.8069424322949358e-08
ALALEUabc_REV_g.24158.CDS.995-MONOMER,0.0,7.690926124909526e-09
ALALEUabc_FWD_g.24158.CDS.995-MONOMER,0.0,-2.8047189663678323e-08
ALALEUabc_REV_g.24158.CDS.1317-MONOMER,0.0,7.479370820682504e-09
ALALEUabc_FWD_g.24158.CDS.1317-MONOMER,0.0,-2.8258744967905343e-08
ALALEUabc_REV_g.24158.CDS.1794-MONOMER,0.0,9.407902335391635e-09
ALALEUabc_FWD_g.24158.CDS.1794-MONOMER,0.0,-2.6330213453196214e-08
ALALEUabc_REV_g.24158.CDS.1412-MONOMER,0.0,9.119132488663911e-09
ALALEUabc_FWD_g.24158.CDS.1412-MONOMER,0.0,-2.6618983299923937e-08
ALAPGPL_REV_CPLX_ALAPGPL-0,0.0,-2.510866633392868e-08
ALAPGPL_FWD_CPLX_ALAPGPL-0,0.0,-2.2681548430759023e-35
ALAR_REV_g.24158.CDS.1298-MONOMER_mod_pydx5p(1),0.0,-2.1354358385856587e-08
ALAR_FWD_g.24158.CDS.1298-MONOMER_mod_pydx5p(1),0.0002758959355280441,3.48756897875849e-42
ALATHR1c_REV_g.24158.CDS.599-MONOMER_mod_fe2(2),-1.1511000174145394e-56,-1.2709789233844144e-42
ALATHR1c_FWD_g.24158.CDS.599-MONOMER_mod_fe2(2),0.0,-1.6896130422306295e-08
ALATHR1c_REV_g.24158.CDS.1354-MONOMER,0.0,-2.931713816046045e-10
ALATHR1c_FWD_g.24158.CDS.1354-MONOMER,0.0,-1.71893018039109e-08
ALATHRabc_REV_g.24158.CDS.1525-MONOMER,0.0,1.4842834791942253e-07
ALATHRabc_FWD_g.24158.CDS.1525-MONOMER,0.0,-1.656905045962609e-07
ALATHRabc_REV_g.24158.CDS.1254-MONOMER,0.0,1.468590598291863e-07
ALATHRabc_FWD_g.24158.CDS.1254-MONOMER,0.0,-1.6725979268649717e-07
ALATHRabc_REV_g.24158.CDS.995-MONOMER,0.0,1.468812944884573e-07
ALATHRabc_FWD_g.24158.CDS.995-MONOMER,0.0,-1.6723755802722612e-07
ALATHRabc_REV_g.24158.CDS.1317-MONOMER,0.0,1.466697391842303e-07
ALATHRabc_FWD_g.24158.CDS.1317-MONOMER,0.0,-1.6744911333145314e-07
ALATHRabc_REV_g.24158.CDS.1794-MONOMER,0.0,1.4859827069893942e-07
ALATHRabc_FWD_g.24158.CDS.1794-MONOMER,0.0,-1.65520581816744e-07
ALATHRabc_REV_g.24158.CDS.1412-MONOMER,0.0,1.483095008522117e-07
ALATHRabc_FWD_g.24158.CDS.1412-MONOMER,0.0,-1.6580935166347172e-07
ALAt2r_REV_CPLX_dummy,0.1702149176785032,-1.2269910094886855e-42
ALAt2r_FWD_CPLX_dummy,0.0,-1.8133646769920992e-08
ALCD19_REV_g.24158.CDS.1469-MONOMER_mod_fe2(1),0.0015743099975647308,4.667672960770917e-41
ALCD19_FWD_g.24158.CDS.1469-MONOMER_mod_fe2(1),0.0,-5.623902053073924e-08
ALCD19_REV_g.24158.CDS.699-MONOMER,1.4914917290684534e-42,-3.905263582667353e-41
ALCD19_FWD_g.24158.CDS.699-MONOMER,0.0,-5.623902053073924e-08
ALCD2x_REV_g.24158.CDS.1469-MONOMER_mod_fe2(1),0.0,4.667672960770917e-41
ALCD2x_FWD_g.24158.CDS.1469-MONOMER_mod_fe2(1),0.0,-5.623902053073924e-08
ALCD2x_REV_g.24158.CDS.699-MONOMER,-1.7677200371862723e-51,9.980118044594347e-41
ALCD2x_FWD_g.24158.CDS.699-MONOMER,0.0,-5.623902053073924e-08
AMALT1_REV_g.24158.CDS.323-MONOMER,0.0,-1.934590585885451e-08
AMALT1_FWD_g.24158.CDS.323-MONOMER,0.0,5.928307635245906e-42
AMALT2_REV_g.24158.CDS.323-MONOMER,0.0,-1.934590585885451e-08
AMALT2_FWD_g.24158.CDS.323-MONOMER,-1.974288718949891e-56,1.7784922905737716e-41
AMALT3_REV_g.24158.CDS.323-MONOMER,0.0,-1.934590585885451e-08
AMALT3_FWD_g.24158.CDS.323-MONOMER,1.974288718949891e-56,4.149815344672134e-41
AMALT4_REV_g.24158.CDS.323-MONOMER,0.0,-1.934590585885451e-08
AMALT4_FWD_g.24158.CDS.323-MONOMER,-1.5794309751599129e-55,1.7784922905737716e-41
AMANAPEr_REV_g.24158.CDS.1602-MONOMER,0.0,-1.5720519487315258e-08
AMANAPEr_FWD_g.24158.CDS.1602-MONOMER,0.0,-4.685003447795062e-41
AMANK_REV_g.24158.CDS.1256-MONOMER,0.0,3.05089170836732e-07
AMANK_FWD_g.24158.CDS.1256-MONOMER,0.0,-3.216928023892566e-07
AMPTASECG_REV_g.24158.CDS.599-MONOMER_mod_fe2(2),0.0,8.033304546987427e-09
AMPTASECG_FWD_g.24158.CDS.599-MONOMER_mod_fe2(2),0.0,-2.4929434969293723e-08
AMPTASECG_REV_g.24158.CDS.1354-MONOMER,0.0,7.740133165382823e-09
AMPTASECG_FWD_g.24158.CDS.1354-MONOMER,0.0,-2.5222606350898328e-08
AMPTASEGC_REV_g.24158.CDS.599-MONOMER_mod_fe2(2),0.0,8.033304546987427e-09
AMPTASEGC_FWD_g.24158.CDS.599-MONOMER_mod_fe2(2),0.0,-2.4929434969293723e-08
AMPTASEGC_REV_g.24158.CDS.1354-MONOMER,0.0,7.740133165382823e-09
AMPTASEGC_FWD_g.24158.CDS.1354-MONOMER,0.0,-2.5222606350898328e-08
ARAI_REV_g.24158.CDS.1638-MONOMER,0.0,-1.699032662882496e-08
ARAI_FWD_g.24158.CDS.1638-MONOMER,0.0,-1.7379706153547996e-42
ARBTpts_REV_CPLX_ARBTpts-3,0.0,-4.4111408229896456e-07
ARBTpts_FWD_CPLX_ARBTpts-3,0.0,-2.4471735613345223e-08
ARBTpts_REV_CPLX_ARBTpts-0,0.0,-4.216293553512705e-07
ARBTpts_FWD_CPLX_ARBTpts-0,0.0,-4.987008665651189e-09
ARBTpts_REV_CPLX_ARBTpts-5,0.0,-5.666328955197792e-07
ARBTpts_FWD_CPLX_ARBTpts-5,0.0,-1.4999054883415996e-07
ARBTpts_REV_CPLX_ARBTpts-4,0.0,-5.158269220574016e-07
ARBTpts_FWD_CPLX_ARBTpts-4,0.0,-9.918457537178221e-08
ARBTpts_REV_CPLX_ARBTpts-2,0.0,-4.3490955877249215e-07
ARBTpts_FWD_CPLX_ARBTpts-2,0.0,-1.826721208687285e-08
ARBTpts_REV_CPLX_ARBTpts-1,0.0,-4.166423466856193e-07
ARBTpts_FWD_CPLX_ARBTpts-1,-5.9358861009032595e-58,-2.46471013084076e-41
ARBTpts_REV_CPLX_ARBTpts-6,0.0,-5.289010106053307e-07
ARBTpts_FWD_CPLX_ARBTpts-6,0.0,-1.1225866391971143e-07
ARBabc_REV_g.24158.CDS.1643-MONOMER,0.0,-1.7747168639176042e-08
ARBabc_FWD_g.24158.CDS.1643-MONOMER,-2.0427480157236614e-56,1.4324075701750447e-42
ARGDA_REV_g.24158.CDS.1406-MONOMER,0.0,-1.8175294112191582e-08
ARGDA_FWD_g.24158.CDS.1406-MONOMER,-7.108300700085214e-21,0.0
ARGt2_REV_CPLX_dummy,0.0,-1.8133646769920992e-08
ARGt2_FWD_CPLX_dummy,0.0004474809713615595,0.0
AROH_REV_g.24158.CDS.586-MONOMER,0.0,-1.611935394357201e-08
AROH_FWD_g.24158.CDS.586-MONOMER,-2.3623163790218744e-56,0.0
ASAD_REV_g.24158.CDS.1175-MONOMER,2.4345605327375605e-52,9.748586604091137e-41
ASAD_FWD_g.24158.CDS.1175-MONOMER,0.0,-2.093775377657266e-08
ASCBPL_REV_g.24158.CDS.24-MONOMER_mod_mn2(1),0.0,-2.7674317672802127e-08
ASCBPL_FWD_g.24158.CDS.24-MONOMER_mod_mn2(1),0.0,2.48308918811681e-42
ASNt2r_REV_CPLX_dummy,0.0,-1.8133646769920992e-08
ASNt2r_FWD_CPLX_dummy,0.0004922364835200515,0.0
ASPCT_REV_g.24158.CDS.62-MONOMER,0.0,4.1876132728331465e-07
ASPCT_FWD_g.24158.CDS.62-MONOMER,0.0,-5.388798003320632e-07
ASPKi_REV_g.24158.CDS.680-MONOMER,0.0,-2.623645785629745e-08
ASPKi_FWD_g.24158.CDS.680-MONOMER,2.4344831893231742e-52,-4.833691138847622e-41
ASPTA_REV_g.24158.CDS.1426-MONOMER,0.0,-2.1993186859405376e-08
ASPTA_FWD_g.24158.CDS.1426-MONOMER,0.1782975704655136,-9.35548906325647e-42
ASPTA_REV_g.24158.CDS.951-MONOMER,0.0,-2.1993186859405376e-08
ASPTA_FWD_g.24158.CDS.951-MONOMER,7.354020663984485e-49,5.3781194874982374e-42
ASPTA_REV_g.24158.CDS.230-MONOMER,0.0,-2.1993186859405376e-08
ASPTA_FWD_g.24158.CDS.230-MONOMER,-3.670038396786529e-48,-2.1438393815742368e-41
ASPt2r_REV_CPLX_dummy,0.0,-1.8133646769920992e-08
ASPt2r_FWD_CPLX_dummy,0.17889915231243722,3.230014173023703e-42
ATPS4_REV_CPLX_ATPS4-0,0.0,-3.7847001714618935e-07
ATPS4_FWD_CPLX_ATPS4-0,5.790842015779056e-21,-5.779441858922787e-37
BCOAACT_REV_g.24158.CDS.383-MONOMER,0.0,-1.7859235363745626e-40
BCOAACT_FWD_g.24158.CDS.383-MONOMER,0.0,-1.5360996884181175e-08
BCOAACT_REV_g.24158.CDS.487-MONOMER,0.0,-2.296576937571244e-10
BCOAACT_FWD_g.24158.CDS.487-MONOMER,0.0,-1.55906545779383e-08
BGLA_REV_g.24158.CDS.1126-MONOMER,0.0,-1.0525040542507872e-09
BGLA_FWD_g.24158.CDS.1126-MONOMER,0.0,-1.777555628496136e-08
BGLA_REV_g.24158.CDS.120-MONOMER,0.0,-1.0855820687347013e-09
BGLA_FWD_g.24158.CDS.120-MONOMER,0.0,-1.7808634299445275e-08
BGLA1_REV_g.24158.CDS.99-MONOMER,0.0,-1.3317485522284552e-08
BGLA1_FWD_g.24158.CDS.99-MONOMER,-8.682273625593906e-51,-6.6667873250151704e-37
BGLA1_REV_g.24158.CDS.652-MONOMER,0.0,-1.609682573106411e-08
BGLA1_FWD_g.24158.CDS.652-MONOMER,0.0,-2.779340208779557e-09
BGLA1_REV_g.24158.CDS.461-MONOMER,0.0,-1.3867995293217302e-08
BGLA1_FWD_g.24158.CDS.461-MONOMER,0.0,-5.505097709327493e-10
BGLA1_REV_g.24158.CDS.1026-MONOMER,0.0,-1.51501469687467e-08
BGLA1_FWD_g.24158.CDS.1026-MONOMER,0.0,-1.832661446462149e-09
BGLA1_REV_g.24158.CDS.120-MONOMER,0.0,-1.6105850945232263e-08
BGLA1_FWD_g.24158.CDS.120-MONOMER,0.0,-2.7883654229477117e-09
BGLAr_REV_g.24158.CDS.1126-MONOMER,0.0,-1.8828060339212145e-08
BGLAr_FWD_g.24158.CDS.1126-MONOMER,0.0,-3.189716706050342e-42
BGLAr_REV_g.24158.CDS.120-MONOMER,0.0,-1.886113835369606e-08
BGLAr_FWD_g.24158.CDS.120-MONOMER,0.0,-3.307801448391429e-11
BPNT_REV_CPLX_dummy,0.0,-1.8133646769920992e-08
BPNT_FWD_CPLX_dummy,6.437408587049666e-37,-5.460368773701931e-40
BTNCLi_REV_CPLX_BTNCLi-0,0.0,-2.2689903451991106e-08
BTNCLi_FWD_CPLX_BTNCLi-0,0.0035280950816431573,9.032759818338042e-40
BTNabc_REV_g.24158.CDS.1027-MONOMER,0.0,1.1629836863684463e-07
BTNabc_FWD_g.24158.CDS.1027-MONOMER,0.0,-1.3099428655310348e-07
C180SN_REV_CPLX_dummy,0.0,-1.8133646769920992e-08
C180SN_FWD_CPLX_dummy,0.00017640475408215787,-3.634540090473469e-36
CAt4i_REV_CPLX_dummy,0.0,-1.8133646769920992e-08
CAt4i_FWD_CPLX_dummy,0.0,9.80643620826322e-43
CBIAT_REV_CPLX_dummy,0.0,-1.8133646769920992e-08
CBIAT_FWD_CPLX_dummy,-3.2385308747195565e-27,3.6157656634181626e-41
CBMKr_REV_g.24158.CDS.1660-MONOMER,-7.108300700085214e-21,1.1752700173240946e-40
CBMKr_FWD_g.24158.CDS.1660-MONOMER,0.0,-1.7239663321510638e-08
CBPS_REV_g.24158.CDS.1108-MONOMER_mod_mg2(1),0.0,1.4547422946533945e-07
CBPS_FWD_g.24158.CDS.1108-MONOMER_mod_mg2(1),0.0,-1.7345902935588229e-07
CD2abc1_REV_g.24158.CDS.331-MONOMER,0.0,1.2929554178623837e-07
CD2abc1_FWD_g.24158.CDS.331-MONOMER,0.0,-1.507017705035071e-07
CD2t6r_REV_g.24158.CDS.854-MONOMER,0.0,-1.7015793662724837e-08
CD2t6r_FWD_g.24158.CDS.854-MONOMER,2.232941558694519e-57,6.457981234767811e-38
CDPEAS_REV_g.24158.CDS.974-MONOMER,4.349548674761254e-34,4.041239040355879e-41
CDPEAS_FWD_g.24158.CDS.974-MONOMER,0.0,-2.626984747482721e-13
CDPGLYCGPT_REV_CPLX_dummy,0.0,-1.8133646769920992e-08
CDPGLYCGPT_FWD_CPLX_dummy,-5.3105041720620516e-48,-6.908260850726824e-35
CDPMEK_REV_CPLX_dummy,0.0,-1.8133646769920992e-08
CDPMEK_FWD_CPLX_dummy,4.2150767927895625e-05,5.929855688005787e-41
CELBpts_REV_CPLX_CELBpts-10,0.0,-1.631343691407537e-08
CELBpts_FWD_CPLX_CELBpts-10,0.0,-3.4620908916389178e-09
CELBpts_REV_CPLX_CELBpts-1,0.0,-1.6050657339067225e-08
CELBpts_FWD_CPLX_CELBpts-1,0.0,-3.1993113166307737e-09
CELBpts_REV_g.24158.CDS.378-MONOMER,0.0,-1.2877719904465461e-08
CELBpts_FWD_g.24158.CDS.378-MONOMER,0.0,-2.6373882029009418e-11
CELBpts_REV_CPLX_CELBpts-3,0.0,-1.4069933209743253e-08
CELBpts_FWD_CPLX_CELBpts-3,0.0,-1.2185871873068016e-09
CELBpts_REV_CPLX_CELBpts-7,0.0,-1.607504572189042e-08
CELBpts_FWD_CPLX_CELBpts-7,0.0,-3.2236996994539697e-09
CELBpts_REV_CPLX_CELBpts-8,0.0,-1.4066924694779711e-08
CELBpts_FWD_CPLX_CELBpts-8,0.0,-1.2155786723432597e-09
CELBpts_REV_g.24158.CDS.266-MONOMER,0.0,-1.2871931298844325e-08
CELBpts_FWD_g.24158.CDS.266-MONOMER,0.0,-2.0585276407873665e-11
CELBpts_REV_CPLX_CELBpts-13,0.0,-1.4150290090340229e-08
CELBpts_FWD_CPLX_CELBpts-13,0.0,-1.2989440679037765e-09
CELBpts_REV_CPLX_CELBpts-6,0.0,-1.604913198165827e-08
CELBpts_FWD_CPLX_CELBpts-6,0.0,-3.1977859592218168e-09
CELBpts_REV_CPLX_CELBpts-0,0.0,-1.6274533769100088e-08
CELBpts_FWD_CPLX_CELBpts-0,0.0,-3.423187746663636e-09
CELBpts_REV_CPLX_CELBpts-12,0.0,-1.6115679178816044e-08
CELBpts_FWD_CPLX_CELBpts-12,0.0,-3.264333156379592e-09
CELBpts_REV_CPLX_CELBpts-11,0.0,-1.609026319724944e-08
CELBpts_FWD_CPLX_CELBpts-11,0.0,-3.23891717481299e-09
CELBpts_REV_CPLX_CELBpts-2,0.0,-1.6076563626196117e-08
CELBpts_FWD_CPLX_CELBpts-2,0.0,-3.2252176037596647e-09
CELBpts_REV_CPLX_CELBpts-5,0.0,-1.6273168826382936e-08
CELBpts_FWD_CPLX_CELBpts-5,0.0,-3.421822803946485e-09
CELBpts_REV_g.24158.CDS.1603-MONOMER,0.0,-1.2851346022436452e-08
CELBpts_FWD_g.24158.CDS.1603-MONOMER,-9.564923067330318e-51,1.363291625599728e-41
CELBpts_REV_CPLX_CELBpts-9,0.0,-1.6198910155445875e-08
CELBpts_FWD_CPLX_CELBpts-9,0.0,-3.347564133009424e-09
CELBpts_REV_CPLX_CELBpts-14,0.0,-1.623778118582227e-08
CELBpts_FWD_CPLX_CELBpts-14,0.0,-3.386435163385817e-09
CELBpts_REV_CPLX_CELBpts-4,0.0,-1.620037779087061e-08
CELBpts_FWD_CPLX_CELBpts-4,0.0,-3.349031768434157e-09
CGLYabc_REV_g.24158.CDS.1525-MONOMER,0.0,-1.7092233897321472e-08
CGLYabc_FWD_g.24158.CDS.1525-MONOMER,0.0,-1.6992277951689333e-10
CGLYabc_REV_g.24158.CDS.1254-MONOMER,0.0,-1.8661521987557723e-08
CGLYabc_FWD_g.24158.CDS.1254-MONOMER,0.0,-1.7392108697531447e-09
CGLYabc_REV_g.24158.CDS.995-MONOMER,0.0,-1.8639287328286688e-08
CGLYabc_FWD_g.24158.CDS.995-MONOMER,0.0,-1.7169762104821097e-09
CGLYabc_REV_g.24158.CDS.1317-MONOMER,0.0,-1.8850842632513708e-08
CGLYabc_FWD_g.24158.CDS.1317-MONOMER,0.0,-1.9285315147091298e-09
CGLYabc_REV_g.24158.CDS.1794-MONOMER,0.0,-1.692231111780458e-08
CGLYabc_FWD_g.24158.CDS.1794-MONOMER,0.0,8.875274610346158e-41
CGLYabc_REV_g.24158.CDS.1412-MONOMER,0.0,-1.7211080964532302e-08
CGLYabc_FWD_g.24158.CDS.1412-MONOMER,0.0,-2.887698467277233e-10
CHOLD_REV_g.24158.CDS.1469-MONOMER_mod_fe2(1),0.0,-5.623902053073924e-08
CHOLD_FWD_g.24158.CDS.1469-MONOMER_mod_fe2(1),0.0,4.667672960770917e-41
CHOLD_REV_g.24158.CDS.699-MONOMER,0.0,-5.623902053073924e-08
CHOLD_FWD_g.24158.CDS.699-MONOMER,0.0,-3.905263582667353e-41
CHOLK_REV_g.24158.CDS.967-MONOMER,0.0,-1.5695715381097605e-08
CHOLK_FWD_g.24158.CDS.967-MONOMER,0.0,-5.682371253550549e-41
CHORS_REV_g.24158.CDS.234-MONOMER_mod_fadh2(1),0.0,-2.5208995235983878e-08
CHORS_FWD_g.24158.CDS.234-MONOMER_mod_fadh2(1),0.0,8.224641284302583e-41
CHORS_REV_g.24158.CDS.234-MONOMER_mod_fmnh2(1),0.0,-2.5221595211474053e-08
CHORS_FWD_g.24158.CDS.234-MONOMER_mod_fmnh2(1),0.0,-1.25999754901771e-11
CLPNS140_REV_g.24158.CDS.1703-MONOMER,0.0,-1.9658177866228825e-08
CLPNS140_FWD_g.24158.CDS.1703-MONOMER,3.6249319128919573e-34,0.0
CLPNS160_REV_g.24158.CDS.1703-MONOMER,0.0,1.4251458056180293e-42
CLPNS160_FWD_g.24158.CDS.1703-MONOMER,0.0,-1.9658177866228825e-08
CLPNS180_REV_g.24158.CDS.1703-MONOMER,0.0,-1.9658177866228825e-08
CLPNS180_FWD_g.24158.CDS.1703-MONOMER,1.8218706266824677e-05,1.1258651864382432e-40
CLPNSAI15_REV_g.24158.CDS.1703-MONOMER,0.0,1.4251458056180293e-42
CLPNSAI15_FWD_g.24158.CDS.1703-MONOMER,0.0,-1.9658177866228825e-08
CLPNSAI17_REV_g.24158.CDS.1703-MONOMER,0.0,-1.9658177866228825e-08
CLPNSAI17_FWD_g.24158.CDS.1703-MONOMER,1.8218706266824677e-05,8.422611711202554e-40
CLPNSI14_REV_g.24158.CDS.1703-MONOMER,0.0,1.4251458056180293e-42
CLPNSI14_FWD_g.24158.CDS.1703-MONOMER,0.0,-1.9658177866228825e-08
CLPNSI15_REV_g.24158.CDS.1703-MONOMER,0.0,1.4251458056180293e-42
CLPNSI15_FWD_g.24158.CDS.1703-MONOMER,0.0,-1.9658177866228825e-08
CLPNSI16_REV_g.24158.CDS.1703-MONOMER,0.0,1.4251458056180293e-42
CLPNSI16_FWD_g.24158.CDS.1703-MONOMER,0.0,-1.9658177866228825e-08
CLPNSI17_REV_g.24158.CDS.1703-MONOMER,0.0,-1.9658177866228825e-08
CLPNSI17_FWD_g.24158.CDS.1703-MONOMER,1.8218706266824677e-05,-6.170881338326067e-40
CMLDC_REV_g.24158.CDS.510-MONOMER,0.0,-1.287398482964543e-08
CMLDC_FWD_g.24158.CDS.510-MONOMER,0.0,-1.7584574671296196e-09
CMLDC_REV_g.24158.CDS.584-MONOMER,0.0,-1.1115527362515811e-08
CMLDC_FWD_g.24158.CDS.584-MONOMER,0.0,6.449693287942629e-43
CMPSAS_REV_g.24158.CDS.688-MONOMER,0.0,-1.542523795056682e-08
CMPSAS_FWD_g.24158.CDS.688-MONOMER,0.0,2.2223438496037567e-41
CO2t_REV_CPLX_dummy,0.1787640320190916,0.0
CO2t_FWD_CPLX_dummy,0.0,-1.8133646769920992e-08
COBALTt5_REV_g.24158.CDS.421-MONOMER,1.6845170956498722e-05,0.0
COBALTt5_FWD_g.24158.CDS.421-MONOMER,0.0,-1.74146507307262e-08
COBALTt5_REV_g.24158.CDS.304-MONOMER,0.0,-1.0724471553190736e-42
COBALTt5_FWD_g.24158.CDS.304-MONOMER,0.0,-1.74146507307262e-08
COBALTt5_REV_g.24158.CDS.375-MONOMER,0.0,-1.0442006808433545e-42
COBALTt5_FWD_g.24158.CDS.375-MONOMER,0.0,-1.74146507307262e-08
CPC8MM_REV_g.24158.CDS.1461-MONOMER,0.0,0.0
CPC8MM_FWD_g.24158.CDS.1461-MONOMER,0.0,-2.0079285104663145e-08
CPPPGO_REV_g.24158.CDS.221-MONOMER,0.0,-1.7830483693332235e-08
CPPPGO_FWD_g.24158.CDS.221-MONOMER,0.0,-7.837213070972482e-42
CSNt6_REV_CPLX_dummy,0.0004289042710707233,-1.7448812500517483e-42
CSNt6_FWD_CPLX_dummy,0.0,-1.8133646769920992e-08
CTPS1_REV_g.24158.CDS.1108-MONOMER_mod_mg2(1),0.0,-2.798479989054286e-08
CTPS1_FWD_g.24158.CDS.1108-MONOMER_mod_mg2(1),0.0005267452035325485,1.1348272719990412e-40
CTPS2_REV_g.24158.CDS.1108-MONOMER_mod_mg2(1),0.0,-9.851153120621868e-09
CTPS2_FWD_g.24158.CDS.1108-MONOMER_mod_mg2(1),0.0,-1.8133646769920992e-08
CYSDS_REV_g.24158.CDS.1043-MONOMER,0.0,9.764118834406077e-08
CYSDS_FWD_g.24158.CDS.1043-MONOMER,0.0,-1.1306356354346772e-07
CYSS_REV_g.24158.CDS.66-MONOMER_mod_pydx5p(2),0.0,-1.7396267448446207e-08
CYSS_FWD_g.24158.CDS.66-MONOMER_mod_pydx5p(2),0.0,-2.4961013277995528e-09
CYSS3r_REV_g.24158.CDS.66-MONOMER_mod_pydx5p(2),-7.245151668250832e-56,-1.3528582908053727e-36
CYSS3r_FWD_g.24158.CDS.66-MONOMER_mod_pydx5p(2),0.0,-2.608918230165007e-08
CYSTGL_REV_CPLX_dummy,0.0,-1.8133646769920992e-08
CYSTGL_FWD_CPLX_dummy,1.0369586078912693e-06,4.9473201158349023e-42
CYSTL_REV_g.24158.CDS.1043-MONOMER,0.0,-8.389188082963785e-09
CYSTL_FWD_g.24158.CDS.1043-MONOMER,0.0,-7.0331871164431645e-09
CYSTS_REV_CPLX_dummy,0.0,-1.8133646769920992e-08
CYSTS_FWD_CPLX_dummy,1.0369586078912693e-06,1.298750567100955e-41
CYSabc_REV_g.24158.CDS.1664-MONOMER,0.0,-1.6753912090583742e-08
CYSabc_FWD_g.24158.CDS.1664-MONOMER,6.827520795495055e-05,-7.341254110085675e-37
CYTBD_REV_CPLX_CYTBD-2,0.0,2.8196420931141782e-08
CYTBD_FWD_CPLX_CYTBD-2,0.0,-5.175987948487733e-08
CYTBD_REV_CPLX_CYTBD-1,0.0,2.8069916776073393e-08
CYTBD_FWD_CPLX_CYTBD-1,0.0,-5.188638363994572e-08
CYTBD_REV_CPLX_CYTBD-0,0.0,2.807547246833878e-08
CYTBD_FWD_CPLX_CYTBD-0,0.0,-5.1880827947680334e-08
CYTBD_REV_CPLX_CYTBD-3,0.0,2.8190629706929153e-08
CYTBD_FWD_CPLX_CYTBD-3,0.0,-5.176567070908996e-08
CYTBD_REV_CPLX_CYTBD-4,0.0,2.820890258446989e-08
CYTBD_FWD_CPLX_CYTBD-4,0.0,-5.174739783154922e-08
CYTBD_REV_CPLX_CYTBD-5,0.0,2.8203092835105903e-08
CYTBD_FWD_CPLX_CYTBD-5,0.0,-5.175320758091321e-08
CYTD_REV_g.24158.CDS.789-MONOMER,0.0,2.7131750106009853e-07
CYTD_FWD_g.24158.CDS.789-MONOMER,0.0,-2.8492305463202634e-07
CYTD_REV_g.24158.CDS.118-MONOMER,0.0,2.481157006845293e-07
CYTD_FWD_g.24158.CDS.118-MONOMER,0.0,-3.081248550075956e-07
CYTDK1_REV_g.24158.CDS.1401-MONOMER_mod_mg2(1),0.0,1.248275071924795e-07
CYTDK1_FWD_g.24158.CDS.1401-MONOMER_mod_mg2(1),0.0,-1.405987947673896e-07
CYTDK2_REV_g.24158.CDS.1401-MONOMER_mod_mg2(1),0.0,1.319384156166791e-07
CYTDK2_FWD_g.24158.CDS.1401-MONOMER_mod_mg2(1),0.0,-1.4770970319158924e-07
CYTDK3_REV_g.24158.CDS.1539-MONOMER_mod_mg2(1),0.0,1.2473815181275912e-07
CYTDK3_FWD_g.24158.CDS.1539-MONOMER_mod_mg2(1),0.0,-1.4068815014711e-07
CYTDK4_REV_g.24158.CDS.1401-MONOMER_mod_mg2(1),0.0,1.319384156166791e-07
CYTDK4_FWD_g.24158.CDS.1401-MONOMER_mod_mg2(1),0.0,-1.4770970319158924e-07
CYTDt2r_REV_CPLX_dummy,0.0,-8.724406250258742e-42
CYTDt2r_FWD_CPLX_dummy,0.0,-1.8133646769920992e-08
CYTK1_REV_g.24158.CDS.1539-MONOMER_mod_mg2(1),0.0,-1.5949998334350884e-08
CYTK1_FWD_g.24158.CDS.1539-MONOMER_mod_mg2(1),0.008751842018626138,-5.1174770228762466e-42
CYTK2_REV_g.24158.CDS.1539-MONOMER_mod_mg2(1),0.0,-1.5949998334350884e-08
CYTK2_FWD_g.24158.CDS.1539-MONOMER_mod_mg2(1),7.899303662752303e-05,4.4865024858076233e-41
Cuabc_REV_g.24158.CDS.331-MONOMER,0.0,1.129432132363397e-07
Cuabc_FWD_g.24158.CDS.331-MONOMER,0.0,-1.3434944195360843e-07
Cut1_REV_g.24158.CDS.331-MONOMER,0.0,1.129432132363397e-07
Cut1_FWD_g.24158.CDS.331-MONOMER,0.0,-1.3434944195360843e-07
DADNK_REV_g.24158.CDS.734-MONOMER,0.0,-5.463467987877548e-07
DADNK_FWD_g.24158.CDS.734-MONOMER,0.0,-9.49600624744709e-09
DADNt2r_REV_CPLX_dummy,-1.6504173304055868e-22,1.7448812500517483e-42
DADNt2r_FWD_CPLX_dummy,0.0,-1.8133646769920992e-08
DAGK120_REV_g.24158.CDS.219-MONOMER,0.0,-1.3777584194895059e-08
DAGK120_FWD_g.24158.CDS.219-MONOMER,1.2490399575677026e-55,-5.060096789170883e-41
DAGK140_REV_g.24158.CDS.219-MONOMER,0.0,-1.3777584194895059e-08
DAGK140_FWD_g.24158.CDS.219-MONOMER,0.0,-5.060096789170883e-41
DAGK141_REV_g.24158.CDS.219-MONOMER,0.0,-1.3777584194895059e-08
DAGK141_FWD_g.24158.CDS.219-MONOMER,0.0,9.37054960957571e-42
DAGK160_REV_g.24158.CDS.219-MONOMER,0.0,-1.3777584194895059e-08
DAGK160_FWD_g.24158.CDS.219-MONOMER,0.0,-5.060096789170883e-41
DAGK161_REV_g.24158.CDS.219-MONOMER,0.0,-1.3777584194895059e-08
DAGK161_FWD_g.24158.CDS.219-MONOMER,0.0,9.37054960957571e-42
DAGK180_REV_g.24158.CDS.219-MONOMER,0.0,1.2582435888248702e-07
DAGK180_FWD_g.24158.CDS.219-MONOMER,0.0,-1.3960194307738208e-07
DAGK181_REV_g.24158.CDS.219-MONOMER,0.0,-1.3777584194895059e-08
DAGK181_FWD_g.24158.CDS.219-MONOMER,0.0,-5.060096789170883e-41
DAPE_REV_CPLX_dummy,-4.750121697558133e-56,-7.391931174782658e-42
DAPE_FWD_CPLX_dummy,0.0,-1.8133646769920992e-08
DAPabc_REV_CPLX_dummy,0.0,-1.8133646769920992e-08
DAPabc_FWD_CPLX_dummy,-5.765961016577978e-56,-1.8877854868188834e-40
DASYN120_REV_g.24158.CDS.744-MONOMER_mod_mg2(1)_mod_k(1),0.0,-1.659100824053089e-08
DASYN120_FWD_g.24158.CDS.744-MONOMER_mod_mg2(1)_mod_k(1),-3.391357933610873e-56,9.490748416590453e-42
DASYN140_REV_g.24158.CDS.744-MONOMER_mod_mg2(1)_mod_k(1),0.0,-1.659100824053089e-08
DASYN140_FWD_g.24158.CDS.744-MONOMER_mod_mg2(1)_mod_k(1),0.0,9.490748416590453e-42
DASYN141_REV_g.24158.CDS.744-MONOMER_mod_mg2(1)_mod_k(1),0.0,-1.659100824053089e-08
DASYN141_FWD_g.24158.CDS.744-MONOMER_mod_mg2(1)_mod_k(1),-6.782715867221746e-56,9.490748416590453e-42
DASYN160_REV_g.24158.CDS.744-MONOMER_mod_mg2(1)_mod_k(1),0.0,-1.659100824053089e-08
DASYN160_FWD_g.24158.CDS.744-MONOMER_mod_mg2(1)_mod_k(1),-3.391357933610873e-56,9.490748416590453e-42
DASYN161_REV_g.24158.CDS.744-MONOMER_mod_mg2(1)_mod_k(1),0.0,-1.659100824053089e-08
DASYN161_FWD_g.24158.CDS.744-MONOMER_mod_mg2(1)_mod_k(1),-6.782715867221746e-56,9.490748416590453e-42
DASYN180_REV_g.24158.CDS.744-MONOMER_mod_mg2(1)_mod_k(1),0.0,-1.659100824053089e-08
DASYN180_FWD_g.24158.CDS.744-MONOMER_mod_mg2(1)_mod_k(1),7.287482506729871e-05,-2.113848510967874e-40
DASYN181_REV_g.24158.CDS.744-MONOMER_mod_mg2(1)_mod_k(1),0.0,-1.659100824053089e-08
DASYN181_FWD_g.24158.CDS.744-MONOMER_mod_mg2(1)_mod_k(1),-3.391357933610873e-56,9.490748416590453e-42
DASYNAI15_REV_g.24158.CDS.744-MONOMER_mod_mg2(1)_mod_k(1),0.0,-1.659100824053089e-08
DASYNAI15_FWD_g.24158.CDS.744-MONOMER_mod_mg2(1)_mod_k(1),0.0,2.3036634792996826e-40
DASYNAI17_REV_g.24158.CDS.744-MONOMER_mod_mg2(1)_mod_k(1),0.0,-1.659100824053089e-08
DASYNAI17_FWD_g.24158.CDS.744-MONOMER_mod_mg2(1)_mod_k(1),7.287482506729871e-05,2.3036634792996826e-40
DASYNI14_REV_g.24158.CDS.744-MONOMER_mod_mg2(1)_mod_k(1),0.0,-1.659100824053089e-08
DASYNI14_FWD_g.24158.CDS.744-MONOMER_mod_mg2(1)_mod_k(1),0.0,9.490748416590453e-42
DASYNI15_REV_g.24158.CDS.744-MONOMER_mod_mg2(1)_mod_k(1),0.0,-1.659100824053089e-08
DASYNI15_FWD_g.24158.CDS.744-MONOMER_mod_mg2(1)_mod_k(1),0.0,-2.113848510967874e-40
DASYNI16_REV_g.24158.CDS.744-MONOMER_mod_mg2(1)_mod_k(1),0.0,-1.659100824053089e-08
DASYNI16_FWD_g.24158.CDS.744-MONOMER_mod_mg2(1)_mod_k(1),-1.3565431734443492e-55,9.490748416590453e-42
DASYNI17_REV_g.24158.CDS.744-MONOMER_mod_mg2(1)_mod_k(1),0.0,-1.659100824053089e-08
DASYNI17_FWD_g.24158.CDS.744-MONOMER_mod_mg2(1)_mod_k(1),7.287482506729871e-05,9.490748416590453e-42
DCMPDA_REV_g.24158.CDS.875-MONOMER,1.6103188035471777e-29,4.621351319988688e-41
DCMPDA_FWD_g.24158.CDS.875-MONOMER,0.0,-1.608980427094597e-07
DCTPAH_REV_g.24158.CDS.789-MONOMER,0.0,2.301788486151372e-07
DCTPAH_FWD_g.24158.CDS.789-MONOMER,0.0,-2.4378440218706507e-07
DCYTD_REV_g.24158.CDS.789-MONOMER,0.0,2.5502207250598065e-07
DCYTD_FWD_g.24158.CDS.789-MONOMER,0.0,-2.6862762607790846e-07
DCYTD_REV_g.24158.CDS.118-MONOMER,0.0,2.318202721304114e-07
DCYTD_FWD_g.24158.CDS.118-MONOMER,0.0,-2.918294264534777e-07
DCYTt2r_REV_CPLX_dummy,0.0,-1.8133646769920992e-08
DCYTt2r_FWD_CPLX_dummy,7.899303662752303e-05,-1.7448812500517483e-42
DDGLK_REV_g.24158.CDS.1432-MONOMER,0.0,-1.7256135648633885e-08
DDGLK_FWD_g.24158.CDS.1432-MONOMER,0.0,5.965858839495704e-41
DDPA_REV_g.24158.CDS.1379-MONOMER_mod_fe2(1),0.0,-2.4616167537665953e-08
DDPA_FWD_g.24158.CDS.1379-MONOMER_mod_fe2(1),0.0,8.618107441906503e-41
DDPGA_REV_g.24158.CDS.1738-MONOMER,0.0,-9.051606284632582e-42
DDPGA_FWD_g.24158.CDS.1738-MONOMER,0.0,-1.5229556239257117e-08
DGK1_REV_g.24158.CDS.1607-MONOMER_mod_mg2(1),-2.0639813907345492e-27,4.623418196028728e-41
DGK1_FWD_g.24158.CDS.1607-MONOMER_mod_mg2(1),0.0,-1.867573752230749e-08
DGSNt2r_REV_CPLX_dummy,0.0,-1.8133646769920992e-08
DGSNt2r_FWD_CPLX_dummy,2.0639813907345492e-27,1.7448812500517483e-42
DHAK_REV_g.24158.CDS.1447-MONOMER,0.0,-3.328276166033309e-09
DHAK_FWD_g.24158.CDS.1447-MONOMER,0.0,-1.7330406179031283e-08
DHAPT_REV_g.24158.CDS.1588-MONOMER,0.0,-1.4351680693645551e-08
DHAPT_FWD_g.24158.CDS.1588-MONOMER,0.0,-9.293080170427007e-10
DHAPT_REV_g.24158.CDS.1417-MONOMER,0.0,-1.3422372676602851e-08
DHAPT_FWD_g.24158.CDS.1417-MONOMER,6.096771346312389e-24,-1.948106039238591e-40
DHAPT_REV_g.24158.CDS.1700-MONOMER,0.0,-1.52400946505635e-08
DHAPT_FWD_g.24158.CDS.1700-MONOMER,0.0,-1.817721973960648e-09
DHFOR2_REV_g.24158.CDS.581-MONOMER,5.0535476055958776e-05,-4.57254531900935e-40
DHFOR2_FWD_g.24158.CDS.581-MONOMER,0.0,-1.4999878892545658e-08
DHFR_REV_g.24158.CDS.581-MONOMER,0.0,-1.4999878892545658e-08
DHFR_FWD_g.24158.CDS.581-MONOMER,5.0535476055958776e-05,-7.569496297619855e-37
DHFS_REV_CPLX_DHFS-0,0.0,1.9852820882514776e-07
DHFS_FWD_CPLX_DHFS-0,0.0,-2.2068332913605678e-07
DHFS_REV_g.24158.CDS.1106-MONOMER,0.0,2.0029036828340202e-07
DHFS_FWD_g.24158.CDS.1106-MONOMER,0.0,-2.1892116967780255e-07
DHFS_REV_g.24158.CDS.150-MONOMER,0.0,2.0029036828340202e-07
DHFS_FWD_g.24158.CDS.150-MONOMER,0.0,-2.1892116967780255e-07
DHORD2_REV_CPLX_DHORD2-1,0.0,-1.5645887495589975e-08
DHORD2_FWD_CPLX_DHORD2-1,0.0,-4.038555841438324e-09
DHORD2_REV_CPLX_DHORD2-0,0.0,-1.56753819358275e-08
DHORD2_FWD_CPLX_DHORD2-0,0.0,-4.0680502816758475e-09
DHORD5_REV_CPLX_DHORD2-1,0.0,-1.96844433370283e-08
DHORD5_FWD_CPLX_DHORD2-1,0.0,2.423921040142424e-41
DHORD5_REV_CPLX_DHORD2-0,0.0,-1.971393777726582e-08
DHORD5_FWD_CPLX_DHORD2-0,0.0,-2.949444023752378e-11
DHORTS_REV_g.24158.CDS.665-MONOMER_mod_mn2(1)_mod_zn2(1),0.0,-5.635405266163819e-13
DHORTS_FWD_g.24158.CDS.665-MONOMER_mod_mn2(1)_mod_zn2(1),0.0,-2.574466454258684e-08
DHORTS_REV_g.24158.CDS.665-MONOMER_mod_cobalt2(1)_mod_zn2(1),0.0,4.4469018739735624e-41
DHORTS_FWD_g.24158.CDS.665-MONOMER_mod_cobalt2(1)_mod_zn2(1),0.0,-2.5744101002060224e-08
DHORTS_REV_g.24158.CDS.665-MONOMER_mod_ni2(1)_mod_zn2(1),0.0,-9.014313120214961e-13
DHORTS_FWD_g.24158.CDS.665-MONOMER_mod_ni2(1)_mod_zn2(1),0.0,-2.5745002433372245e-08
DHQS_REV_g.24158.CDS.336-MONOMER_mod_cobalt2(1)_mod_nad(1),0.0,-1.7398049398503704e-08
DHQS_FWD_g.24158.CDS.336-MONOMER_mod_cobalt2(1)_mod_nad(1),0.0,3.280761513375937e-42
DHQTi_REV_g.24158.CDS.269-MONOMER,0.0,-1.865607915995231e-08
DHQTi_FWD_g.24158.CDS.269-MONOMER,0.0,-5.537435401651418e-41
DMATT_REV_g.24158.CDS.714-MONOMER_mod_mg2(1),0.0,-1.7084037106723535e-08
DMATT_FWD_g.24158.CDS.714-MONOMER_mod_mg2(1),3.831887993445057e-06,-3.573271210121744e-40
DMATT_REV_g.24158.CDS.714-MONOMER_mod_mn2(1),0.0,-1.7084045074076807e-08
DMATT_FWD_g.24158.CDS.714-MONOMER_mod_mn2(1),0.0,-7.967353268780836e-15
DMPPS_REV_CPLX_dummy,0.0,-1.8133646769920992e-08
DMPPS_FWD_CPLX_dummy,4.2150767927895625e-05,-7.542691502856178e-42
DMQMT_REV_CPLX_dummy,0.0,-1.8133646769920992e-08
DMQMT_FWD_CPLX_dummy,0.0,5.929855688005787e-41
DNTPPA_REV_g.24158.CDS.1143-MONOMER,0.0,-1.3866615965287148e-08
DNTPPA_FWD_g.24158.CDS.1143-MONOMER,0.0,-4.97110872548932e-41
DOPAt2_REV_CPLX_dummy,0.0,-1.8133646769920992e-08
DOPAt2_FWD_CPLX_dummy,0.0,-1.7448812500517483e-42
DPCOAK_REV_g.24158.CDS.760-MONOMER,0.0,-1.548402655034255e-08
DPCOAK_FWD_g.24158.CDS.760-MONOMER,1.6845158685319593e-05,1.7180728042856051e-40
DPMVDc_REV_g.24158.CDS.1103-MONOMER,0.0,-1.698859463475312e-08
DPMVDc_FWD_g.24158.CDS.1103-MONOMER,2.3061785033737994e-56,3.907861845732297e-40
DPRr_REV_g.24158.CDS.203-MONOMER,0.0,-1.6963456153119414e-08
DPRr_FWD_g.24158.CDS.203-MONOMER,0.0,-1.2029950280707416e-40
DRPAr_REV_g.24158.CDS.784-MONOMER,3.437216148392535e-39,4.609724197128304e-41
DRPAr_FWD_g.24158.CDS.784-MONOMER,0.0,-1.541849581347875e-08
DTMPK_REV_g.24158.CDS.102-MONOMER_mod_mg2(1),0.0,-1.5735622034125768e-08
DTMPK_FWD_g.24158.CDS.102-MONOMER_mod_mg2(1),0.0001253752520655045,-5.493845019818958e-41
DURIK1_REV_g.24158.CDS.575-MONOMER_mod_mg2(1),0.0,-3.808853026443504e-07
DURIK1_FWD_g.24158.CDS.575-MONOMER_mod_mg2(1),1.6413985942218428e-22,-5.775192968894747e-41
DURIPP_REV_g.24158.CDS.861-MONOMER,1.6413985942218428e-22,2.368679721690587e-40
DURIPP_FWD_g.24158.CDS.861-MONOMER,0.0,-2.2136174166891838e-08
DURIPP_REV_g.24158.CDS.797-MONOMER,0.0,-3.3458893878362986e-08
DURIPP_FWD_g.24158.CDS.797-MONOMER,0.0,-5.5595068045254824e-08
DURIPP_REV_g.24158.CDS.933-MONOMER,0.0,-3.3458893878362986e-08
DURIPP_FWD_g.24158.CDS.933-MONOMER,0.0,-5.5595068045254824e-08
DUTPDP_REV_g.24158.CDS.1555-MONOMER,0.0,1.3349472854127648e-07
DUTPDP_FWD_g.24158.CDS.1555-MONOMER,0.0,-1.3349497811881547e-07
DUTPDP_REV_g.24158.CDS.1648-MONOMER_mod_zn2(1),0.0,1.242495705785231e-07
DUTPDP_FWD_g.24158.CDS.1648-MONOMER_mod_zn2(1),0.0,-1.4274013608156886e-07
DXPRIi_REV_CPLX_dummy,0.0,-1.8133646769920992e-08
DXPRIi_FWD_CPLX_dummy,4.2150767927895625e-05,-2.0520063125466873e-36
DXPS_REV_CPLX_dummy,0.0,-1.8133646769920992e-08
DXPS_FWD_CPLX_dummy,4.2150767927895625e-05,1.446306265367265e-42
E4PD_REV_g.24158.CDS.95-MONOMER,0.0,-6.315086946925358e-41
E4PD_FWD_g.24158.CDS.95-MONOMER,0.0,-2.4765579814297155e-08
EAR100x_REV_CPLX_dummy,0.0,-1.8133646769920992e-08
EAR100x_FWD_CPLX_dummy,0.0,-2.489088195942539e-40
EAR10M12_REV_CPLX_dummy,0.0,-1.8133646769920992e-08
EAR10M12_FWD_CPLX_dummy,0.00017640475408215787,3.1384845958469653e-40
EAR11M12_REV_CPLX_dummy,0.0,-1.8133646769920992e-08
EAR11M12_FWD_CPLX_dummy,0.00017640475408215787,-5.640594434932334e-41
EAR120x_REV_CPLX_dummy,0.0,-1.8133646769920992e-08
EAR120x_FWD_CPLX_dummy,0.0,-1.2822575554855503e-40
EAR121x_REV_CPLX_dummy,0.0,-1.8133646769920992e-08
EAR121x_FWD_CPLX_dummy,0.0,-7.542691502856178e-42
EAR12M14_REV_CPLX_dummy,0.0,-1.8133646769920992e-08
EAR12M14_FWD_CPLX_dummy,0.00017640475408215787,-2.4153314631633325e-40
EAR13M14_REV_CPLX_dummy,0.0,-1.8133646769920992e-08
EAR13M14_FWD_CPLX_dummy,0.00017640475408215787,-4.266603482833432e-40
EAR140x_REV_CPLX_dummy,0.0,-1.8133646769920992e-08
EAR140x_FWD_CPLX_dummy,0.0,-7.542691502856178e-42
EAR141x_REV_CPLX_dummy,0.0,-1.8133646769920992e-08
EAR141x_FWD_CPLX_dummy,0.0,-6.788422352570561e-41
EAR14M16_REV_CPLX_dummy,0.0,-1.8133646769920992e-08
EAR14M16_FWD_CPLX_dummy,0.00017640475408215787,-5.640594434932334e-41
EAR15M16_REV_CPLX_dummy,0.0,-1.8133646769920992e-08
EAR15M16_FWD_CPLX_dummy,0.00017640475408215787,1.287212576176866e-40
EAR160x_REV_CPLX_dummy,0.0,-1.8133646769920992e-08
EAR160x_FWD_CPLX_dummy,0.0,-7.542691502856178e-42
EAR161x_REV_CPLX_dummy,0.0,-1.8133646769920992e-08
EAR161x_FWD_CPLX_dummy,0.0,-1.2822575554855503e-40
EAR180x_REV_CPLX_dummy,0.0,-1.8133646769920992e-08
EAR180x_FWD_CPLX_dummy,0.0,4.751895646799392e-40
EAR181x_REV_CPLX_dummy,0.0,-1.8133646769920992e-08
EAR181x_FWD_CPLX_dummy,0.0,-1.2822575554855503e-40
EAR40x_REV_CPLX_dummy,0.0,1.8168484663658086e-07
EAR40x_FWD_CPLX_dummy,0.0,-1.9981849340650187e-07
EAR4M6_REV_CPLX_dummy,0.0,-1.8133646769920992e-08
EAR4M6_FWD_CPLX_dummy,0.00017640475408215787,1.287212576176866e-40
EAR5M6_REV_CPLX_dummy,0.0,-1.8133646769920992e-08
EAR5M6_FWD_CPLX_dummy,0.00017640475408215787,4.989756615517064e-40
EAR60x_REV_CPLX_dummy,0.0,1.8168484663658086e-07
EAR60x_FWD_CPLX_dummy,0.0,-1.9981849340650187e-07
EAR6M8_REV_CPLX_dummy,0.0,-1.8133646769920992e-08
EAR6M8_FWD_CPLX_dummy,0.00017640475408215787,-2.4153314631633325e-40
EAR7M8_REV_CPLX_dummy,0.0,-1.8133646769920992e-08
EAR7M8_FWD_CPLX_dummy,0.00017640475408215787,-2.4153314631633325e-40
EAR80x_REV_CPLX_dummy,0.0,1.8168484663658086e-07
EAR80x_FWD_CPLX_dummy,0.0,-1.9981849340650187e-07
EAR8M10_REV_CPLX_dummy,0.0,-1.8133646769920992e-08
EAR8M10_FWD_CPLX_dummy,0.00017640475408215787,-2.4153314631633325e-40
EAR9M10_REV_CPLX_dummy,0.0,-1.8133646769920992e-08
EAR9M10_FWD_CPLX_dummy,0.00017640475408215787,1.287212576176866e-40
ECOAH1R_REV_g.24158.CDS.586-MONOMER,0.0,-1.611935394357201e-08
ECOAH1R_FWD_g.24158.CDS.586-MONOMER,0.0,7.833323523216798e-43
EDA_R_REV_g.24158.CDS.1738-MONOMER,0.0,1.163777950881332e-41
EDA_R_FWD_g.24158.CDS.1738-MONOMER,0.0,-1.5229556239257117e-08
EHGLAT_REV_g.24158.CDS.1426-MONOMER,0.0,-2.1993186859405376e-08
EHGLAT_FWD_g.24158.CDS.1426-MONOMER,0.0,-2.432427156446682e-41
EHGLAT_REV_g.24158.CDS.951-MONOMER,0.0,-2.1993186859405376e-08
EHGLAT_FWD_g.24158.CDS.951-MONOMER,0.0,-1.6134358462494712e-41
EHGLAT_REV_g.24158.CDS.230-MONOMER,0.0,-2.1993186859405376e-08
EHGLAT_FWD_g.24158.CDS.230-MONOMER,0.0,-3.0013751342039314e-41
ENO_REV_g.24158.CDS.208-MONOMER,0.0,-1.0017753030623118e-08
ENO_FWD_g.24158.CDS.208-MONOMER,0.0,-8.302572624157073e-09
ETHAAL_REV_g.24158.CDS.1220-MONOMER,0.0,-1.8434922988986492e-08
ETHAAL_FWD_g.24158.CDS.1220-MONOMER,6.3758071343869456e-55,0.0
ETOHt_REV_CPLX_dummy,-2.197988699603544e-51,0.0
ETOHt_FWD_CPLX_dummy,0.0,-1.8133646769920992e-08
FBA_REV_g.24158.CDS.1597-MONOMER,0.0,-1.6950520635401676e-08
FBA_FWD_g.24158.CDS.1597-MONOMER,0.0,4.195576143394822e-42
FBA2_REV_g.24158.CDS.1597-MONOMER,0.0,-1.6950520635401676e-08
FBA2_FWD_g.24158.CDS.1597-MONOMER,1.6407950756289644e-43,4.36759476527401e-39
FBA3_REV_g.24158.CDS.1597-MONOMER,0.0,-9.029168503925452e-09
FBA3_FWD_g.24158.CDS.1597-MONOMER,0.0,-7.921352131476224e-09
FBP_REV_g.24158.CDS.256-MONOMER,0.0,3.4545564167652647e-07
FBP_FWD_g.24158.CDS.256-MONOMER,0.0,-3.658483644085699e-07
FBP_REV_g.24158.CDS.787-MONOMER,0.0,3.475718217292519e-07
FBP_FWD_g.24158.CDS.787-MONOMER,0.0,-3.6373218435584444e-07
FE2DH_REV_g.24158.CDS.809-MONOMER,3.8200135735360153e-13,1.0502092996540644e-39
FE2DH_FWD_g.24158.CDS.809-MONOMER,0.0,-1.469661519746528e-08
FE2abc_REV_g.24158.CDS.947-MONOMER,0.0,2.5851674279766652e-08
FE2abc_FWD_g.24158.CDS.947-MONOMER,0.0,-4.6651992036398757e-08
FE3abc_REV_CPLX_dummy,0.0,-1.8133646769920992e-08
FE3abc_FWD_CPLX_dummy,7.640027147072031e-13,1.035237202449065e-40
FERO_REV_g.24158.CDS.809-MONOMER,0.0,-1.469661519746528e-08
FERO_FWD_g.24158.CDS.809-MONOMER,-5.8372767270053974e-52,-3.161559322275901e-39
FFSD_REV_g.24158.CDS.1407-MONOMER,0.0,-1.899717067849651e-08
FFSD_FWD_g.24158.CDS.1407-MONOMER,0.0,-4.427660830342889e-42
FGLU_REV_g.24158.CDS.1633-MONOMER,0.0,-1.9187905746744586e-08
FGLU_FWD_g.24158.CDS.1633-MONOMER,9.286388644175153e-58,8.861904807736324e-42
FK_REV_g.24158.CDS.1522-MONOMER_mod_mg2(1),0.0,-1.9910815641652573e-08
FK_FWD_g.24158.CDS.1522-MONOMER_mod_mg2(1),-1.0486331808505032e-32,-4.016064483767701e-37
FLVRx_REV_g.24158.CDS.118-MONOMER,0.0,-6.000915432306631e-08
FLVRx_FWD_g.24158.CDS.118-MONOMER,0.0,0.0
FMNAT_REV_g.24158.CDS.1274-MONOMER,0.0,-1.7316840533536254e-08
FMNAT_FWD_g.24158.CDS.1274-MONOMER,1.6845158685319593e-05,-1.7022663737095123e-40
FOLt_REV_CPLX_dummy,0.0,-1.8133646769920992e-08
FOLt_FWD_CPLX_dummy,5.0535476055958776e-05,3.4897625001034966e-42
FOMETR_REV_g.24158.CDS.1032-MONOMER,0.0,-1.4855496543519867e-08
FOMETR_FWD_g.24158.CDS.1032-MONOMER,0.0,-5.94079735729499e-42
FORt2r_REV_CPLX_dummy,1.006222674438493,-4.654329599895002e-42
FORt2r_FWD_CPLX_dummy,0.0,-1.8133646769920992e-08
FPGS7_REV_CPLX_DHFS-0,0.0,-2.039296085265477e-08
FPGS7_FWD_CPLX_DHFS-0,0.0,-1.7621594582542303e-09
FPGS7_REV_g.24158.CDS.1106-MONOMER,0.0,-1.8630801394400543e-08
FPGS7_FWD_g.24158.CDS.1106-MONOMER,3.695541256102979e-05,-1.516348969738946e-33
FPGS7_REV_g.24158.CDS.150-MONOMER,0.0,-1.8630801394400543e-08
FPGS7_FWD_g.24158.CDS.150-MONOMER,4.1978294728198536e-48,-1.5000341147935697e-33
FPGS_tm_REV_CPLX_DHFS-0,0.0,-2.039296085265477e-08
FPGS_tm_FWD_CPLX_DHFS-0,0.0,-1.7621594582542303e-09
FPGS_tm_REV_g.24158.CDS.1106-MONOMER,0.0,-1.8630801394400543e-08
FPGS_tm_FWD_g.24158.CDS.1106-MONOMER,0.0,1.0943171275733716e-40
FPGS_tm_REV_g.24158.CDS.150-MONOMER,0.0,-1.8630801394400543e-08
FPGS_tm_FWD_g.24158.CDS.150-MONOMER,0.0,1.6314801423516257e-35
FRD2_REV_g.24158.CDS.254-MONOMER,0.0,-1.1150960167483145e-08
FRD2_FWD_g.24158.CDS.254-MONOMER,0.0,-1.0944250804388012e-09
FRD2_REV_g.24158.CDS.625-MONOMER,0.0,-1.0056535087044344e-08
FRD2_FWD_g.24158.CDS.625-MONOMER,0.0,1.1756948609454217e-41
FRD2_REV_g.24158.CDS.539-MONOMER,0.0,-1.028738824876038e-08
FRD2_FWD_g.24158.CDS.539-MONOMER,0.0,-2.3085316171603622e-10
FRD3_REV_g.24158.CDS.254-MONOMER,0.0,-1.1150960167483145e-08
FRD3_FWD_g.24158.CDS.254-MONOMER,0.0,-1.0944250804388012e-09
FRD3_REV_g.24158.CDS.625-MONOMER,0.0,-1.0056535087044344e-08
FRD3_FWD_g.24158.CDS.625-MONOMER,0.0,1.1756948609454217e-41
FRD3_REV_g.24158.CDS.539-MONOMER,0.0,-1.028738824876038e-08
FRD3_FWD_g.24158.CDS.539-MONOMER,0.0,-2.3085316171603622e-10
FRD7_REV_CPLX_dummy,0.0,-1.8133646769920992e-08
FRD7_FWD_CPLX_dummy,0.0,1.07823864497339e-42
FRTT_REV_g.24158.CDS.714-MONOMER_mod_mg2(1),0.0,-1.7084037106723535e-08
FRTT_FWD_g.24158.CDS.714-MONOMER_mod_mg2(1),8.843805447696666e-56,-1.8528072941372005e-41
FRTT_REV_g.24158.CDS.714-MONOMER_mod_mn2(1),0.0,-1.7084045074076807e-08
FRTT_FWD_g.24158.CDS.714-MONOMER_mod_mn2(1),0.0,-7.967353268780836e-15
FRUK_REV_CPLX_FRUK-0,0.0,-1.8967892133531154e-08
FRUK_FWD_CPLX_FRUK-0,0.0,-1.0463935686889916e-09
FRUK_REV_g.24158.CDS.112-MONOMER_mod_mg2(1),0.0,-1.792214052497407e-08
FRUK_FWD_g.24158.CDS.112-MONOMER_mod_mg2(1),0.0,-6.419601319049661e-13
FRUpts_REV_CPLX_FRUpts-0,0.0,-4.630804365922872e-07
FRUpts_FWD_CPLX_FRUpts-0,1.6407951792144641e-43,1.047831067589907e-40
FT_REV_g.24158.CDS.211-MONOMER_mod_mg2(1),0.0,-1.9546484918888324e-08
FT_FWD_g.24158.CDS.211-MONOMER_mod_mg2(1),0.0,1.0687828560475578e-40
FTHFCL_REV_g.24158.CDS.1489-MONOMER,0.0,1.088419053663218e-07
FTHFCL_FWD_g.24158.CDS.1489-MONOMER,0.0,-1.2359525328010644e-07
FTHFL_REV_g.24158.CDS.1185-MONOMER,0.0,-1.9882507345410247e-08
FTHFL_FWD_g.24158.CDS.1185-MONOMER,7.064572993166897e-05,3.401091262385115e-37
G16BPS_REV_g.24158.CDS.1133-MONOMER_mod_mg2(1),0.0,-3.889731221320782e-41
G16BPS_FWD_g.24158.CDS.1133-MONOMER_mod_mg2(1),0.0,-4.640113508951482e-07
G1PACT_REV_g.24158.CDS.1319-MONOMER_mod_mg2(1),0.0,-2.496031086466268e-08
G1PACT_FWD_g.24158.CDS.1319-MONOMER_mod_mg2(1),0.0002758959355280441,-2.0783875468563518e-41
G1PTT_REV_g.24158.CDS.1694-MONOMER_mod_mg2(1),0.0,-6.574031354493428e-12
G1PTT_FWD_g.24158.CDS.1694-MONOMER_mod_mg2(1),-1.7756439325998052e-56,-1.4858476498834844e-40
G3PAT120_REV_CPLX_G3PAT120-0,0.0,-1.9770948488118213e-08
G3PAT120_FWD_CPLX_G3PAT120-0,0.0,-1.8725664653518787e-40
G3PAT140_REV_CPLX_G3PAT120-0,0.0,-1.9770948488118213e-08
G3PAT140_FWD_CPLX_G3PAT120-0,0.0,8.025284851508053e-41
G3PAT141_REV_CPLX_G3PAT120-0,0.0,-1.9770948488118213e-08
G3PAT141_FWD_CPLX_G3PAT120-0,-1.7500972643279268e-56,8.025284851508053e-41
G3PAT160_REV_CPLX_G3PAT120-0,0.0,-1.9770948488118213e-08
G3PAT160_FWD_CPLX_G3PAT120-0,-1.4000778114623414e-55,8.025284851508053e-41
G3PAT161_REV_CPLX_G3PAT120-0,0.0,-1.9770948488118213e-08
G3PAT161_FWD_CPLX_G3PAT120-0,-1.7500972643279268e-56,8.025284851508053e-41
G3PAT180_REV_CPLX_G3PAT120-0,0.0,-1.9770948488118213e-08
G3PAT180_FWD_CPLX_G3PAT120-0,8.820237704107893e-05,2.3337693833095695e-40
G3PAT181_REV_CPLX_G3PAT120-0,0.0,-1.9770948488118213e-08
G3PAT181_FWD_CPLX_G3PAT120-0,-1.7500972643279268e-56,-2.407585455452416e-40
G3PATAI15_REV_CPLX_G3PAT120-0,0.0,-1.9770948488118213e-08
G3PATAI15_FWD_CPLX_G3PAT120-0,0.0,4.133094410878279e-40
G3PATAI17_REV_CPLX_G3PAT120-0,0.0,-1.9770948488118213e-08
G3PATAI17_FWD_CPLX_G3PAT120-0,8.820237704107893e-05,4.2558970891380195e-40
G3PATI14_REV_CPLX_G3PAT120-0,0.0,-1.9770948488118213e-08
G3PATI14_FWD_CPLX_G3PAT120-0,1.1681268949649733e-56,3.0810340153819898e-40
G3PATI15_REV_CPLX_G3PAT120-0,0.0,-1.9770948488118213e-08
G3PATI15_FWD_CPLX_G3PAT120-0,-2.3362537899299465e-55,3.0810340153819898e-40
G3PATI16_REV_CPLX_G3PAT120-0,0.0,-1.9770948488118213e-08
G3PATI16_FWD_CPLX_G3PAT120-0,-1.6353776529509626e-55,-1.2524528517812966e-41
G3PATI17_REV_CPLX_G3PAT120-0,0.0,-1.9770948488118213e-08
G3PATI17_FWD_CPLX_G3PAT120-0,8.820237704107893e-05,7.372343470200184e-40
G3PCT_REV_CPLX_dummy,0.0,-1.8133646769920992e-08
G3PCT_FWD_CPLX_dummy,0.0011035837421121764,-1.0268774484107582e-40
G3PD1_REV_g.24158.CDS.1803-MONOMER,0.0,-2.093775377657266e-08
G3PD1_FWD_g.24158.CDS.1803-MONOMER,0.1695211906611074,-2.5678435554694178e-39
G3PD2_REV_g.24158.CDS.1803-MONOMER,0.17105334989074425,-7.371843694634816e-40
G3PD2_FWD_g.24158.CDS.1803-MONOMER,0.0,-2.093775377657266e-08
G5SADs_REV_CPLX_dummy,0.0,-1.8133646769920992e-08
G5SADs_FWD_CPLX_dummy,0.0,3.003869968998065e-42
G6PBDH_REV_g.24158.CDS.1769-MONOMER,-8.39543370890329e-56,2.788227813488252e-41
G6PBDH_FWD_g.24158.CDS.1769-MONOMER,0.0,-1.909857637905343e-08
G6PDA_REV_g.24158.CDS.1154-MONOMER,0.0,6.012993301402695e-08
G6PDA_FWD_g.24158.CDS.1154-MONOMER,0.0,-8.480272841449753e-08
G6PDH2r_REV_g.24158.CDS.1769-MONOMER,0.0,-1.909857637905343e-08
G6PDH2r_FWD_g.24158.CDS.1769-MONOMER,-8.39543370890329e-56,-1.5056430192836562e-40
G6PI_REV_g.24158.CDS.682-MONOMER,0.0,-2.144544635026745e-07
G6PI_FWD_g.24158.CDS.682-MONOMER,0.0,-1.7625731074456764e-07
G6PI3_REV_g.24158.CDS.682-MONOMER,0.0,-1.7476702018142785e-07
G6PI3_FWD_g.24158.CDS.682-MONOMER,0.0,-2.1594475406581427e-07
GAL6PI_REV_g.24158.CDS.532-MONOMER,0.0,-6.528072556417225e-42
GAL6PI_FWD_g.24158.CDS.532-MONOMER,0.0,-1.3977956996376617e-08
GAL6PI_REV_g.24158.CDS.455-MONOMER,0.0,-1.6997777135374909e-09
GAL6PI_FWD_g.24158.CDS.455-MONOMER,0.0,-1.5677734709914107e-08
GALCTD_REV_g.24158.CDS.1334-MONOMER_mod_nad(1),0.0,-1.737780689075445e-08
GALCTD_FWD_g.24158.CDS.1334-MONOMER_mod_nad(1),0.0,1.1779449813558413e-42
GALK_REV_g.24158.CDS.112-MONOMER_mod_mg2(1),0.0,-1.7922782485105974e-08
GALK_FWD_g.24158.CDS.112-MONOMER_mod_mg2(1),-1.0009203395327256e-27,6.81497982423224e-41
GALM1r_REV_g.24158.CDS.1564-MONOMER,0.0,1.3319770589355575e-42
GALM1r_FWD_g.24158.CDS.1564-MONOMER,0.0,-1.777555628496136e-08
GALT_REV_g.24158.CDS.215-MONOMER,1.0009203395327256e-27,5.027264344747902e-37
GALT_FWD_g.24158.CDS.215-MONOMER,0.0,-1.9025335173049586e-08
GALTpts_REV_CPLX_ACGApts-0,0.0,-1.4109547509103662e-07
GALTpts_FWD_CPLX_ACGApts-0,0.0,-6.140557060285987e-07
GALU_REV_g.24158.CDS.1713-MONOMER,0.0,-1.7102397249142222e-08
GALU_FWD_g.24158.CDS.1713-MONOMER,0.00036786124737072545,1.442455451537979e-40
GAMpts_REV_CPLX_ACGApts-0,0.0,-4.404035666351495e-07
GAMpts_FWD_CPLX_ACGApts-0,0.0,-3.1474761448448586e-07
GAPD_REV_g.24158.CDS.95-MONOMER,0.0,-2.4765579814297155e-08
GAPD_FWD_g.24158.CDS.95-MONOMER,-1.2264145869954205e-51,9.060776923849427e-41
GARFTi_REV_g.24158.CDS.1032-MONOMER,0.0,-1.4855496543519867e-08
GARFTi_FWD_g.24158.CDS.1032-MONOMER,0.0,-2.0034936375339467e-36
GCALDL_REV_g.24158.CDS.510-MONOMER,0.0,-1.287398482964543e-08
GCALDL_FWD_g.24158.CDS.510-MONOMER,0.0,-1.7584574671296196e-09
GCALDL_REV_g.24158.CDS.584-MONOMER,0.0,-1.1115527362515811e-08
GCALDL_FWD_g.24158.CDS.584-MONOMER,0.0,3.2248466439713145e-42
GCALDt_REV_CPLX_dummy,0.0,0.0
GCALDt_FWD_CPLX_dummy,0.0,-1.8133646769920992e-08
GCCb_REV_g.24158.CDS.1032-MONOMER,0.0,-1.4855496543519867e-08
GCCb_FWD_g.24158.CDS.1032-MONOMER,0.0,9.479337578091241e-37
GF6PTA_REV_g.24158.CDS.531-MONOMER,0.0,-1.0866536788868249e-07
GF6PTA_FWD_g.24158.CDS.531-MONOMER,-9.7870898787505e-48,2.5602183306274206e-41
GGGABADr_REV_g.24158.CDS.1175-MONOMER,0.0,-4.596455251670065e-40
GGGABADr_FWD_g.24158.CDS.1175-MONOMER,0.0,-2.093775377657266e-08
GGGABARr_REV_g.24158.CDS.1175-MONOMER,0.0,-2.093775377657266e-08
GGGABARr_FWD_g.24158.CDS.1175-MONOMER,-5.611369865597423e-52,7.347352899107444e-41
GGTT_REV_g.24158.CDS.714-MONOMER_mod_mg2(1),0.0,-1.7084037106723535e-08
GGTT_FWD_g.24158.CDS.714-MONOMER_mod_mg2(1),4.421902723848333e-56,-1.879275969767732e-40
GGTT_REV_g.24158.CDS.714-MONOMER_mod_mn2(1),0.0,-1.7084045074076807e-08
GGTT_FWD_g.24158.CDS.714-MONOMER_mod_mn2(1),0.0,-7.967353268780836e-15
GHMT2r_REV_g.24158.CDS.674-MONOMER,0.0,-6.370292005512538e-08
GHMT2r_FWD_g.24158.CDS.674-MONOMER,-1.0630852236676344e-50,4.1373810044422575e-33
GK1_REV_g.24158.CDS.1607-MONOMER_mod_mg2(1),0.0,-1.867573752230749e-08
GK1_FWD_g.24158.CDS.1607-MONOMER_mod_mg2(1),0.006069951267714931,3.9912505345109365e-36
GK2_REV_g.24158.CDS.1607-MONOMER_mod_mg2(1),0.0,-1.1564829098107872e-08
GK2_FWD_g.24158.CDS.1607-MONOMER_mod_mg2(1),0.0,-7.110908424199618e-09
GLCP_REV_g.24158.CDS.170-MONOMER_mod_pydx5p(1),0.0,-2.3358507924084407e-08
GLCP_FWD_g.24158.CDS.170-MONOMER_mod_pydx5p(1),0.0,-2.2107592509252475e-09
GLCP_REV_g.24158.CDS.661-MONOMER,0.0,-2.114774867315916e-08
GLCP_FWD_g.24158.CDS.661-MONOMER,0.0,4.1160405336510004e-41
GLCS1_REV_g.24158.CDS.300-MONOMER,0.0,2.9506290059766687e-08
GLCS1_FWD_g.24158.CDS.300-MONOMER,0.0,-4.839890355374041e-08
GLCTR3_REV_g.24158.CDS.1540-MONOMER,0.0,-1.5446405659954986e-08
GLCTR3_FWD_g.24158.CDS.1540-MONOMER,0.0,2.503494461148893e-41
GLCabc_REV_g.24158.CDS.1643-MONOMER,0.0,1.026070868121954e-07
GLCabc_FWD_g.24158.CDS.1643-MONOMER,0.0,-1.2035425545137146e-07
GLCpts_REV_CPLX_GLCpts-0,0.0,-2.2014940914042544e-08
GLCpts_FWD_CPLX_GLCpts-0,0.0,-2.0437755257818064e-09
GLCpts_REV_g.24158.CDS.275-MONOMER,0.0,-2.0228990095569075e-08
GLCpts_FWD_g.24158.CDS.275-MONOMER,0.0,-2.5782470730833856e-10
GLCpts_REV_g.24158.CDS.1121-MONOMER,0.0,-1.9971165388260736e-08
GLCpts_FWD_g.24158.CDS.1121-MONOMER,0.00036786124737072545,-6.18393215431318e-37
GLCpts_REV_CPLX_ACGApts-0,0.0,-3.87561173253948e-07
GLCpts_FWD_CPLX_ACGApts-0,0.0,-3.675900078656873e-07
GLGC_REV_CPLX_GLGC-0,0.0,-2.1156707220303596e-08
GLGC_FWD_CPLX_GLGC-0,0.0,-1.5983731217865785e-40
GLNS_REV_g.24158.CDS.260-MONOMER_mod_mn2(1),0.0,8.824315257705639e-08
GLNS_FWD_g.24158.CDS.260-MONOMER_mod_mn2(1),0.0,-1.2278220907304975e-07
GLNSP1_REV_g.24158.CDS.260-MONOMER_mod_mn2(1),0.0,-3.453905649599335e-08
GLNSP1_FWD_g.24158.CDS.260-MONOMER_mod_mn2(1),0.0,1.1880223003739961e-40
GLNSP2_REV_g.24158.CDS.260-MONOMER_mod_mn2(1),0.0,-3.453905649599335e-08
GLNSP2_FWD_g.24158.CDS.260-MONOMER_mod_mn2(1),0.0,3.032116617372438e-40
GLNSP3_REV_g.24158.CDS.260-MONOMER_mod_mn2(1),0.0,-3.453905649599335e-08
GLNSP3_FWD_g.24158.CDS.260-MONOMER_mod_mn2(1),0.0,-1.5071924706237266e-40
GLNt2r_REV_CPLX_dummy,0.0,-1.8133646769920992e-08
GLNt2r_FWD_CPLX_dummy,0.0004671913723840018,2.3507339579214757e-42
GLUCYS_REV_g.24158.CDS.791-MONOMER_mod_mg2(1),0.0,-2.1559450234709944e-08
GLUCYS_FWD_g.24158.CDS.791-MONOMER_mod_mg2(1),1.6845158685319593e-05,1.4718277344608835e-40
GLUDy_REV_g.24158.CDS.1606-MONOMER,0.0,-1.888691819734504e-08
GLUDy_FWD_g.24158.CDS.1606-MONOMER,0.17847397521959574,5.093728611342949e-40
GLUFORT_REV_g.24158.CDS.1723-MONOMER_mod_mg2(1)_mod_k(1),0.0,4.3035249690979764e-41
GLUFORT_FWD_g.24158.CDS.1723-MONOMER_mod_mg2(1)_mod_k(1),0.0,-1.7234788189039904e-08
GLUPRT_REV_g.24158.CDS.1224-MONOMER_mod_mg2(1),0.0,-2.6603048071281772e-08
GLUPRT_FWD_g.24158.CDS.1224-MONOMER_mod_mg2(1),0.0,1.5574661511316808e-40
GLUR_REV_g.24158.CDS.572-MONOMER,-5.328616405253313e-56,-4.392956819031562e-42
GLUR_FWD_g.24158.CDS.572-MONOMER,0.0,-1.9332594530173163e-08
GLUTRS_REV_g.24158.CDS.1610-MONOMER_mod_mg2(1)_mod_zn2(1),0.0,-1.9394106930885764e-08
GLUTRS_FWD_g.24158.CDS.1610-MONOMER_mod_mg2(1)_mod_zn2(1),0.0,1.2629910235396235e-40
GLUt2r_REV_CPLX_dummy,0.0,-1.8133646769920992e-08
GLUt2r_FWD_CPLX_dummy,0.0009353399627570675,5.503561918437908e-42
GLYASN1c_REV_g.24158.CDS.599-MONOMER_mod_fe2(2),1.1745399747165169e-56,-3.736843084956106e-42
GLYASN1c_FWD_g.24158.CDS.599-MONOMER_mod_fe2(2),0.0,-1.6896130422306295e-08
GLYASN1c_REV_g.24158.CDS.1354-MONOMER,0.0,-2.931713816046045e-10
GLYASN1c_FWD_g.24158.CDS.1354-MONOMER,0.0,-1.71893018039109e-08
GLYASNabc_REV_g.24158.CDS.1525-MONOMER,0.0,1.3029470114950154e-07
GLYASNabc_FWD_g.24158.CDS.1525-MONOMER,0.0,-1.4755685782633992e-07
GLYASNabc_REV_g.24158.CDS.1254-MONOMER,0.0,1.287254130592653e-07
GLYASNabc_FWD_g.24158.CDS.1254-MONOMER,0.0,-1.4912614591657616e-07
GLYASNabc_REV_g.24158.CDS.995-MONOMER,0.0,1.2874764771853633e-07
GLYASNabc_FWD_g.24158.CDS.995-MONOMER,0.0,-1.4910391125730514e-07
GLYASNabc_REV_g.24158.CDS.1317-MONOMER,0.0,1.285360924143093e-07
GLYASNabc_FWD_g.24158.CDS.1317-MONOMER,0.0,-1.4931546656153213e-07
GLYASNabc_REV_g.24158.CDS.1794-MONOMER,0.0,1.3046462392901844e-07
GLYASNabc_FWD_g.24158.CDS.1794-MONOMER,0.0,-1.4738693504682303e-07
GLYASNabc_REV_g.24158.CDS.1412-MONOMER,0.0,1.3017585408229072e-07
GLYASNabc_FWD_g.24158.CDS.1412-MONOMER,0.0,-1.4767570489355074e-07
GLYASP1c_REV_g.24158.CDS.599-MONOMER_mod_fe2(2),0.0,-1.1089942768259201e-42
GLYASP1c_FWD_g.24158.CDS.599-MONOMER_mod_fe2(2),0.0,-1.6896130422306295e-08
GLYASP1c_REV_g.24158.CDS.1354-MONOMER,0.0,-2.931713816046045e-10
GLYASP1c_FWD_g.24158.CDS.1354-MONOMER,0.0,-1.71893018039109e-08
GLYASPabc_REV_g.24158.CDS.1525-MONOMER,0.0,1.3029470114950154e-07
GLYASPabc_FWD_g.24158.CDS.1525-MONOMER,0.0,-1.4755685782633992e-07
GLYASPabc_REV_g.24158.CDS.1254-MONOMER,0.0,1.287254130592653e-07
GLYASPabc_FWD_g.24158.CDS.1254-MONOMER,0.0,-1.4912614591657616e-07
GLYASPabc_REV_g.24158.CDS.995-MONOMER,0.0,1.2874764771853633e-07
GLYASPabc_FWD_g.24158.CDS.995-MONOMER,0.0,-1.4910391125730514e-07
GLYASPabc_REV_g.24158.CDS.1317-MONOMER,0.0,1.285360924143093e-07
GLYASPabc_FWD_g.24158.CDS.1317-MONOMER,0.0,-1.4931546656153213e-07
GLYASPabc_REV_g.24158.CDS.1794-MONOMER,0.0,1.3046462392901844e-07
GLYASPabc_FWD_g.24158.CDS.1794-MONOMER,0.0,-1.4738693504682303e-07
GLYASPabc_REV_g.24158.CDS.1412-MONOMER,0.0,1.3017585408229072e-07
GLYASPabc_FWD_g.24158.CDS.1412-MONOMER,0.0,-1.4767570489355074e-07
GLYBabc_REV_g.24158.CDS.881-MONOMER,0.0,1.1572054462848169e-07
GLYBabc_FWD_g.24158.CDS.881-MONOMER,0.0,-1.3157211056146644e-07
GLYCDx_REV_g.24158.CDS.600-MONOMER,0.0,-1.0426134309237648e-07
GLYCDx_FWD_g.24158.CDS.600-MONOMER,6.096771346312389e-24,4.448017762616992e-40
GLYCL_REV_g.24158.CDS.1032-MONOMER,0.0,2.4760094104175687e-08
GLYCL_FWD_g.24158.CDS.1032-MONOMER,0.0,-3.961559064769555e-08
GLYCYSabc_REV_g.24158.CDS.1525-MONOMER,0.0,-1.7092233897321472e-08
GLYCYSabc_FWD_g.24158.CDS.1525-MONOMER,0.0,-1.6992277951689333e-10
GLYCYSabc_REV_g.24158.CDS.1254-MONOMER,0.0,-1.8661521987557723e-08
GLYCYSabc_FWD_g.24158.CDS.1254-MONOMER,0.0,-1.7392108697531447e-09
GLYCYSabc_REV_g.24158.CDS.995-MONOMER,0.0,-1.8639287328286688e-08
GLYCYSabc_FWD_g.24158.CDS.995-MONOMER,0.0,-1.7169762104821097e-09
GLYCYSabc_REV_g.24158.CDS.1317-MONOMER,0.0,-1.8850842632513708e-08
GLYCYSabc_FWD_g.24158.CDS.1317-MONOMER,0.0,-1.9285315147091298e-09
GLYCYSabc_REV_g.24158.CDS.1794-MONOMER,0.0,-1.692231111780458e-08
GLYCYSabc_FWD_g.24158.CDS.1794-MONOMER,0.0,8.875274610346158e-41
GLYCYSabc_REV_g.24158.CDS.1412-MONOMER,0.0,-1.7211080964532302e-08
GLYCYSabc_FWD_g.24158.CDS.1412-MONOMER,0.0,-2.887698467277233e-10
GLYCt_REV_g.24158.CDS.1315-MONOMER,0.0015196538787642568,2.0926588382525342e-42
GLYCt_FWD_g.24158.CDS.1315-MONOMER,0.0,-2.2671550072467704e-08
GLYGLN1c_REV_g.24158.CDS.599-MONOMER_mod_fe2(2),0.0,7.76295993778144e-42
GLYGLN1c_FWD_g.24158.CDS.599-MONOMER_mod_fe2(2),0.0,-1.6896130422306295e-08
GLYGLN1c_REV_g.24158.CDS.1354-MONOMER,0.0,-2.931713816046045e-10
GLYGLN1c_FWD_g.24158.CDS.1354-MONOMER,0.0,-1.71893018039109e-08
GLYGLNabc_REV_g.24158.CDS.1525-MONOMER,0.0,1.3029470114950154e-07
GLYGLNabc_FWD_g.24158.CDS.1525-MONOMER,0.0,-1.4755685782633992e-07
GLYGLNabc_REV_g.24158.CDS.1254-MONOMER,0.0,1.287254130592653e-07
GLYGLNabc_FWD_g.24158.CDS.1254-MONOMER,0.0,-1.4912614591657616e-07
GLYGLNabc_REV_g.24158.CDS.995-MONOMER,0.0,1.2874764771853633e-07
GLYGLNabc_FWD_g.24158.CDS.995-MONOMER,0.0,-1.4910391125730514e-07
GLYGLNabc_REV_g.24158.CDS.1317-MONOMER,0.0,1.285360924143093e-07
GLYGLNabc_FWD_g.24158.CDS.1317-MONOMER,0.0,-1.4931546656153213e-07
GLYGLNabc_REV_g.24158.CDS.1794-MONOMER,0.0,1.3046462392901844e-07
GLYGLNabc_FWD_g.24158.CDS.1794-MONOMER,0.0,-1.4738693504682303e-07
GLYGLNabc_REV_g.24158.CDS.1412-MONOMER,0.0,1.3017585408229072e-07
GLYGLNabc_FWD_g.24158.CDS.1412-MONOMER,0.0,-1.4767570489355074e-07
GLYGLU1c_REV_g.24158.CDS.599-MONOMER_mod_fe2(2),0.0,-3.32698283047776e-42
GLYGLU1c_FWD_g.24158.CDS.599-MONOMER_mod_fe2(2),0.0,-1.6896130422306295e-08
GLYGLU1c_REV_g.24158.CDS.1354-MONOMER,0.0,-2.931713816046045e-10
GLYGLU1c_FWD_g.24158.CDS.1354-MONOMER,0.0,-1.71893018039109e-08
GLYGLUabc_REV_g.24158.CDS.1525-MONOMER,0.0,1.3029470114950154e-07
GLYGLUabc_FWD_g.24158.CDS.1525-MONOMER,0.0,-1.4755685782633992e-07
GLYGLUabc_REV_g.24158.CDS.1254-MONOMER,0.0,1.287254130592653e-07
GLYGLUabc_FWD_g.24158.CDS.1254-MONOMER,0.0,-1.4912614591657616e-07
GLYGLUabc_REV_g.24158.CDS.995-MONOMER,0.0,1.2874764771853633e-07
GLYGLUabc_FWD_g.24158.CDS.995-MONOMER,0.0,-1.4910391125730514e-07
GLYGLUabc_REV_g.24158.CDS.1317-MONOMER,0.0,1.285360924143093e-07
GLYGLUabc_FWD_g.24158.CDS.1317-MONOMER,0.0,-1.4931546656153213e-07
GLYGLUabc_REV_g.24158.CDS.1794-MONOMER,0.0,1.3046462392901844e-07
GLYGLUabc_FWD_g.24158.CDS.1794-MONOMER,0.0,-1.4738693504682303e-07
GLYGLUabc_REV_g.24158.CDS.1412-MONOMER,0.0,1.3017585408229072e-07
GLYGLUabc_FWD_g.24158.CDS.1412-MONOMER,0.0,-1.4767570489355074e-07
GLYK_REV_g.24158.CDS.357-MONOMER_mod_mg2(1),0.0,-6.932360307470057e-08
GLYK_FWD_g.24158.CDS.357-MONOMER_mod_mg2(1),0.0,-2.1437718947260234e-12
GLYK_REV_g.24158.CDS.357-MONOMER_mod_mn2(1),0.0,-6.932145930280585e-08
GLYK_FWD_g.24158.CDS.357-MONOMER_mod_mn2(1),1.3149817754653816e-45,6.29215539624327e-31
GLYLEUHYDROc_REV_g.24158.CDS.599-MONOMER_mod_fe2(2),0.0,-1.6896130422306295e-08
GLYLEUHYDROc_FWD_g.24158.CDS.599-MONOMER_mod_fe2(2),-1.1727783388508259e-26,-7.76295993778144e-42
GLYLEUHYDROc_REV_g.24158.CDS.1354-MONOMER,0.0,-1.71893018039109e-08
GLYLEUHYDROc_FWD_g.24158.CDS.1354-MONOMER,0.0,-2.931713816046045e-10
GLYLEUPEPT1tc_REV_g.24158.CDS.1525-MONOMER,0.0,-1.7092233897321472e-08
GLYLEUPEPT1tc_FWD_g.24158.CDS.1525-MONOMER,0.0,-1.6992277951689333e-10
GLYLEUPEPT1tc_REV_g.24158.CDS.1254-MONOMER,0.0,-1.8661521987557723e-08
GLYLEUPEPT1tc_FWD_g.24158.CDS.1254-MONOMER,0.0,-1.7392108697531447e-09
GLYLEUPEPT1tc_REV_g.24158.CDS.995-MONOMER,0.0,-1.8639287328286688e-08
GLYLEUPEPT1tc_FWD_g.24158.CDS.995-MONOMER,0.0,-1.7169762104821097e-09
GLYLEUPEPT1tc_REV_g.24158.CDS.1317-MONOMER,0.0,-1.8850842632513708e-08
GLYLEUPEPT1tc_FWD_g.24158.CDS.1317-MONOMER,0.0,-1.9285315147091298e-09
GLYLEUPEPT1tc_REV_g.24158.CDS.1794-MONOMER,0.0,-1.692231111780458e-08
GLYLEUPEPT1tc_FWD_g.24158.CDS.1794-MONOMER,0.0,-2.034448559153746e-41
GLYLEUPEPT1tc_REV_g.24158.CDS.1412-MONOMER,0.0,-1.7211080964532302e-08
GLYLEUPEPT1tc_FWD_g.24158.CDS.1412-MONOMER,0.0,-2.887698467277233e-10
GLYMET1c_REV_g.24158.CDS.599-MONOMER_mod_fe2(2),0.0,-1.262804131244199e-42
GLYMET1c_FWD_g.24158.CDS.599-MONOMER_mod_fe2(2),0.0,-1.6896130422306295e-08
GLYMET1c_REV_g.24158.CDS.1354-MONOMER,0.0,-2.931713816046045e-10
GLYMET1c_FWD_g.24158.CDS.1354-MONOMER,0.0,-1.71893018039109e-08
GLYMETabc_REV_g.24158.CDS.1525-MONOMER,0.0,1.3029470114950154e-07
GLYMETabc_FWD_g.24158.CDS.1525-MONOMER,0.0,-1.4755685782633992e-07
GLYMETabc_REV_g.24158.CDS.1254-MONOMER,0.0,1.287254130592653e-07
GLYMETabc_FWD_g.24158.CDS.1254-MONOMER,0.0,-1.4912614591657616e-07
GLYMETabc_REV_g.24158.CDS.995-MONOMER,0.0,1.2874764771853633e-07
GLYMETabc_FWD_g.24158.CDS.995-MONOMER,0.0,-1.4910391125730514e-07
GLYMETabc_REV_g.24158.CDS.1317-MONOMER,0.0,1.285360924143093e-07
GLYMETabc_FWD_g.24158.CDS.1317-MONOMER,0.0,-1.4931546656153213e-07
GLYMETabc_REV_g.24158.CDS.1794-MONOMER,0.0,1.3046462392901844e-07
GLYMETabc_FWD_g.24158.CDS.1794-MONOMER,0.0,-1.4738693504682303e-07
GLYMETabc_REV_g.24158.CDS.1412-MONOMER,0.0,1.3017585408229072e-07
GLYMETabc_FWD_g.24158.CDS.1412-MONOMER,0.0,-1.4767570489355074e-07
GLYOX_REV_g.24158.CDS.411-MONOMER,0.0,-1.544876761564989e-08
GLYOX_FWD_g.24158.CDS.411-MONOMER,-2.3445150972252062e-38,-1.7986146398813956e-42
GLYPHEHYc_REV_g.24158.CDS.599-MONOMER_mod_fe2(2),0.0,5.5449713841296004e-42
GLYPHEHYc_FWD_g.24158.CDS.599-MONOMER_mod_fe2(2),0.0,-1.6896130422306295e-08
GLYPHEHYc_REV_g.24158.CDS.1354-MONOMER,0.0,-2.931713816046045e-10
GLYPHEHYc_FWD_g.24158.CDS.1354-MONOMER,0.0,-1.71893018039109e-08
GLYPHEabc_REV_g.24158.CDS.1525-MONOMER,0.0,1.3029470114950154e-07
GLYPHEabc_FWD_g.24158.CDS.1525-MONOMER,0.0,-1.4755685782633992e-07
GLYPHEabc_REV_g.24158.CDS.1254-MONOMER,0.0,1.287254130592653e-07
GLYPHEabc_FWD_g.24158.CDS.1254-MONOMER,0.0,-1.4912614591657616e-07
GLYPHEabc_REV_g.24158.CDS.995-MONOMER,0.0,1.2874764771853633e-07
GLYPHEabc_FWD_g.24158.CDS.995-MONOMER,0.0,-1.4910391125730514e-07
GLYPHEabc_REV_g.24158.CDS.1317-MONOMER,0.0,1.285360924143093e-07
GLYPHEabc_FWD_g.24158.CDS.1317-MONOMER,0.0,-1.4931546656153213e-07
GLYPHEabc_REV_g.24158.CDS.1794-MONOMER,0.0,1.3046462392901844e-07
GLYPHEabc_FWD_g.24158.CDS.1794-MONOMER,0.0,-1.4738693504682303e-07
GLYPHEabc_REV_g.24158.CDS.1412-MONOMER,0.0,1.3017585408229072e-07
GLYPHEabc_FWD_g.24158.CDS.1412-MONOMER,0.0,-1.4767570489355074e-07
GLYPROPRO1c_REV_g.24158.CDS.599-MONOMER_mod_fe2(2),0.0,0.0
GLYPROPRO1c_FWD_g.24158.CDS.599-MONOMER_mod_fe2(2),0.0,-1.6896130422306295e-08
GLYPROPRO1c_REV_g.24158.CDS.1354-MONOMER,0.0,-2.931713816046045e-10
GLYPROPRO1c_FWD_g.24158.CDS.1354-MONOMER,0.0,-1.71893018039109e-08
GLYPROabc_REV_g.24158.CDS.1525-MONOMER,0.0,1.3029470114950154e-07
GLYPROabc_FWD_g.24158.CDS.1525-MONOMER,0.0,-1.4755685782633992e-07
GLYPROabc_REV_g.24158.CDS.1254-MONOMER,0.0,1.287254130592653e-07
GLYPROabc_FWD_g.24158.CDS.1254-MONOMER,0.0,-1.4912614591657616e-07
GLYPROabc_REV_g.24158.CDS.995-MONOMER,0.0,1.2874764771853633e-07
GLYPROabc_FWD_g.24158.CDS.995-MONOMER,0.0,-1.4910391125730514e-07
GLYPROabc_REV_g.24158.CDS.1317-MONOMER,0.0,1.285360924143093e-07
GLYPROabc_FWD_g.24158.CDS.1317-MONOMER,0.0,-1.4931546656153213e-07
GLYPROabc_REV_g.24158.CDS.1794-MONOMER,0.0,1.3046462392901844e-07
GLYPROabc_FWD_g.24158.CDS.1794-MONOMER,0.0,-1.4738693504682303e-07
GLYPROabc_REV_g.24158.CDS.1412-MONOMER,0.0,1.3017585408229072e-07
GLYPROabc_FWD_g.24158.CDS.1412-MONOMER,0.0,-1.4767570489355074e-07
GLYTYR1c_REV_g.24158.CDS.599-MONOMER_mod_fe2(2),0.0,1.3117796828361536e-41
GLYTYR1c_FWD_g.24158.CDS.599-MONOMER_mod_fe2(2),0.0,-1.6896130422306295e-08
GLYTYR1c_REV_g.24158.CDS.1354-MONOMER,0.0,-2.931713816046045e-10
GLYTYR1c_FWD_g.24158.CDS.1354-MONOMER,0.0,-1.71893018039109e-08
GLYTYRabc_REV_g.24158.CDS.1525-MONOMER,0.0,1.3029470114950154e-07
GLYTYRabc_FWD_g.24158.CDS.1525-MONOMER,0.0,-1.4755685782633992e-07
GLYTYRabc_REV_g.24158.CDS.1254-MONOMER,0.0,1.287254130592653e-07
GLYTYRabc_FWD_g.24158.CDS.1254-MONOMER,0.0,-1.4912614591657616e-07
GLYTYRabc_REV_g.24158.CDS.995-MONOMER,0.0,1.2874764771853633e-07
GLYTYRabc_FWD_g.24158.CDS.995-MONOMER,0.0,-1.4910391125730514e-07
GLYTYRabc_REV_g.24158.CDS.1317-MONOMER,0.0,1.285360924143093e-07
GLYTYRabc_FWD_g.24158.CDS.1317-MONOMER,0.0,-1.4931546656153213e-07
GLYTYRabc_REV_g.24158.CDS.1794-MONOMER,0.0,1.3046462392901844e-07
GLYTYRabc_FWD_g.24158.CDS.1794-MONOMER,0.0,-1.4738693504682303e-07
GLYTYRabc_REV_g.24158.CDS.1412-MONOMER,0.0,1.3017585408229072e-07
GLYTYRabc_FWD_g.24158.CDS.1412-MONOMER,0.0,-1.4767570489355074e-07
GLYt2r_REV_CPLX_dummy,0.0,-1.8133646769920992e-08
GLYt2r_FWD_CPLX_dummy,0.000733550464839453,4.7936381570539456e-42
GMPR_REV_g.24158.CDS.340-MONOMER,0.0,-1.7225806794466277e-07
GMPR_FWD_g.24158.CDS.340-MONOMER,-1.4498889756630534e-51,6.688415944401694e-41
GMPS2_REV_g.24158.CDS.645-MONOMER_mod_mg2(1),0.0,2.3065149579513745e-07
GMPS2_FWD_g.24158.CDS.645-MONOMER_mod_mg2(1),0.0,-2.5349285375460085e-07
GND_REV_g.24158.CDS.553-MONOMER,0.0,3.747952877640046e-08
GND_FWD_g.24158.CDS.553-MONOMER,0.0,-5.6254831472810064e-08
GND2_REV_g.24158.CDS.553-MONOMER,0.0,1.6541774999827802e-08
GND2_FWD_g.24158.CDS.553-MONOMER,0.0,-3.5317077696237405e-08
GPDDA1_REV_g.24158.CDS.1140-MONOMER,0.0,-2.031817283115894e-08
GPDDA1_FWD_g.24158.CDS.1140-MONOMER,-2.025494986873726e-56,3.322600057508606e-41
GPDDA2_REV_g.24158.CDS.1140-MONOMER,0.0,-2.031817283115894e-08
GPDDA2_FWD_g.24158.CDS.1140-MONOMER,0.0,-1.300147848590324e-41
GPDDA4_REV_g.24158.CDS.1140-MONOMER,0.0,-2.031817283115894e-08
GPDDA4_FWD_g.24158.CDS.1140-MONOMER,0.0,-3.4670609295741977e-41
GRTT_REV_g.24158.CDS.714-MONOMER_mod_mg2(1),0.0,-1.7084037106723535e-08
GRTT_FWD_g.24158.CDS.714-MONOMER_mod_mg2(1),3.831887993445057e-06,-1.2043247411891803e-39
GRTT_REV_g.24158.CDS.714-MONOMER_mod_mn2(1),0.0,-1.7084045074076807e-08
GRTT_FWD_g.24158.CDS.714-MONOMER_mod_mn2(1),0.0,-7.967353268780836e-15
GTHRD_REV_g.24158.CDS.1640-MONOMER_mod_fad(1),-2.9172175037060297e-56,-4.534935514698838e-40
GTHRD_FWD_g.24158.CDS.1640-MONOMER_mod_fad(1),0.0,-9.450875715902965e-11
GTHS_REV_g.24158.CDS.791-MONOMER_mod_mg2(1),0.0,-2.1559450234709944e-08
GTHS_FWD_g.24158.CDS.791-MONOMER_mod_mg2(1),1.6845158685319593e-05,-9.759149636068096e-41
GTPDPK_REV_g.24158.CDS.1582-MONOMER_mod_mn2(1),0.0,-1.856051275371939e-08
GTPDPK_FWD_g.24158.CDS.1582-MONOMER_mod_mn2(1),0.0,-2.512413153138694e-09
GTPDPK_REV_g.24158.CDS.1501-MONOMER,0.0,-1.60480996005807e-08
GTPDPK_FWD_g.24158.CDS.1501-MONOMER,-2.0952888427853154e-25,-6.465690507803128e-36
GUAPRT_REV_g.24158.CDS.1585-MONOMER,0.0,-2.136479755017408e-08
GUAPRT_FWD_g.24158.CDS.1585-MONOMER,0.00014817395679445807,6.751888651314588e-40
GUAt_REV_CPLX_dummy,0.0,-1.736476525390835e-09
GUAt_FWD_CPLX_dummy,0.0,-1.6397170244530156e-08
GUAt2_REV_CPLX_dummy,0.0,-1.8133646769920992e-08
GUAt2_FWD_CPLX_dummy,0.00014817395679445807,1.7448812500517483e-42
H202D_REV_g.24158.CDS.182-MONOMER,-5.822004893053136e-52,-1.0869328369443875e-40
H202D_FWD_g.24158.CDS.182-MONOMER,0.0,-1.8967989929712238e-08
H2CO3D_REV_CPLX_dummy,0.0,-1.8133646769920992e-08
H2CO3D_FWD_CPLX_dummy,0.0035280950816431573,0.0
H2Ot_REV_CPLX_dummy,0.0,-1.8133646769920992e-08
H2Ot_FWD_CPLX_dummy,0.9525852759216342,0.0
HDG3PACT_REV_CPLX_G3PAT120-0,-3.0044966492229927e-55,-2.600284949198744e-40
HDG3PACT_FWD_CPLX_G3PAT120-0,0.0,-1.9770948488118213e-08
HEMEti_REV_CPLX_dummy,0.0,-1.8133646769920992e-08
HEMEti_FWD_CPLX_dummy,1.6845158685319593e-05,-1.0149384337735932e-41
HETT_REV_g.24158.CDS.714-MONOMER_mod_mg2(1),0.0,-1.7084037106723535e-08
HETT_FWD_g.24158.CDS.714-MONOMER_mod_mg2(1),0.0,1.5087145109402918e-40
HETT_REV_g.24158.CDS.714-MONOMER_mod_mn2(1),0.0,-1.7084045074076807e-08
HETT_FWD_g.24158.CDS.714-MONOMER_mod_mn2(1),0.0,-7.967353268780836e-15
HEX1_REV_g.24158.CDS.429-MONOMER,0.0,7.44110307807169e-09
HEX1_FWD_g.24158.CDS.429-MONOMER,0.0,-2.434354714964966e-08
HEX7_REV_g.24158.CDS.1239-MONOMER,0.0,2.04218854679256e-07
HEX7_FWD_g.24158.CDS.1239-MONOMER,0.0,-2.2125815092198702e-07
HEXTT_REV_g.24158.CDS.714-MONOMER_mod_mg2(1),0.0,-1.7084037106723535e-08
HEXTT_FWD_g.24158.CDS.714-MONOMER_mod_mg2(1),4.421902723848333e-56,-6.961261690829767e-40
HEXTT_REV_g.24158.CDS.714-MONOMER_mod_mn2(1),0.0,-1.7084045074076807e-08
HEXTT_FWD_g.24158.CDS.714-MONOMER_mod_mn2(1),0.0,-7.967353268780836e-15
HEXb_REV_g.24158.CDS.429-MONOMER,0.0,-2.769695158501059e-09
HEXb_FWD_g.24158.CDS.429-MONOMER,0.0,-1.4132748913076909e-08
HG2abc_REV_g.24158.CDS.331-MONOMER,0.0,1.129432132363397e-07
HG2abc_FWD_g.24158.CDS.331-MONOMER,0.0,-1.3434944195360843e-07
HISDC_REV_g.24158.CDS.920-MONOMER_mod_mg2(1),0.0,-3.199653587067821e-08
HISDC_FWD_g.24158.CDS.920-MONOMER_mod_mg2(1),-1.6754369727849525e-27,0.0
HISTAt2_REV_CPLX_dummy,0.0,-1.8133646769920992e-08
HISTAt2_FWD_CPLX_dummy,2.3260873529493083e-38,1.7448812500517483e-42
HISTP_REV_g.24158.CDS.787-MONOMER,0.0,-1.6160362626592543e-08
HISTP_FWD_g.24158.CDS.787-MONOMER,0.0,3.86810232515098e-41
HISt2r_REV_CPLX_dummy,0.0,-1.8133646769920992e-08
HISt2r_FWD_CPLX_dummy,0.00017825016543810118,0.0
HMGCOARxi_REV_g.24158.CDS.1624-MONOMER,0.0,1.1096470339331265e-07
HMGCOARxi_FWD_g.24158.CDS.1624-MONOMER,0.0,-1.2921657756992108e-07
HMGCOAS_REV_g.24158.CDS.1098-MONOMER,1.2206046035086053e-51,-3.3934392836457586e-40
HMGCOAS_FWD_g.24158.CDS.1098-MONOMER,0.0,-1.7905580035304605e-08
HMPK1_REV_g.24158.CDS.1318-MONOMER,0.0,2.388094507698459e-07
HMPK1_FWD_g.24158.CDS.1318-MONOMER,0.0,-2.6157528285731707e-07
HSDx_REV_g.24158.CDS.284-MONOMER,0.0,-2.093775377657266e-08
HSDx_FWD_g.24158.CDS.284-MONOMER,-4.3059915190813167e-44,-1.1615754980312205e-41
HSDy_REV_g.24158.CDS.284-MONOMER,-4.305991519997447e-44,-4.849179848697561e-40
HSDy_FWD_g.24158.CDS.284-MONOMER,0.0,-2.093775377657266e-08
HSK_REV_g.24158.CDS.189-MONOMER_mod_k(1)_mod_mg2(1),0.0,-2.0116799424419834e-08
HSK_FWD_g.24158.CDS.189-MONOMER_mod_k(1)_mod_mg2(1),1.2418553843715722e-38,-7.878918583593152e-41
HSST_REV_g.24158.CDS.1482-MONOMER,0.0,-1.0191350500242843e-08
HSST_FWD_g.24158.CDS.1482-MONOMER,0.0,-3.269118512961875e-40
HXPRT_REV_g.24158.CDS.1585-MONOMER,0.0,-2.136479755017408e-08
HXPRT_FWD_g.24158.CDS.1585-MONOMER,9.506684831710176e-56,4.80149970955096e-41
HYPSUCORNS_REV_CPLX_dummy,0.0,-1.8133646769920992e-08
HYPSUCORNS_FWD_CPLX_dummy,0.0,9.011609906994196e-42
IAHDGK_REV_g.24158.CDS.219-MONOMER,0.0,1.2582435888248702e-07
IAHDGK_FWD_g.24158.CDS.219-MONOMER,0.0,-1.3960194307738208e-07
IAPDGK_REV_g.24158.CDS.219-MONOMER,0.0,-1.3777584194895059e-08
IAPDGK_FWD_g.24158.CDS.219-MONOMER,0.0,-3.504585553981315e-40
IBCOATA_REV_g.24158.CDS.901-MONOMER,-8.739505553654527e-56,-1.1919129549422006e-40
IBCOATA_FWD_g.24158.CDS.901-MONOMER,0.0,-1.7183752054834597e-08
IHDCOATA_REV_g.24158.CDS.901-MONOMER,0.0,5.222989353117509e-41
IHDCOATA_FWD_g.24158.CDS.901-MONOMER,0.0,-1.7183752054834597e-08
IHDGK_REV_g.24158.CDS.219-MONOMER,0.0,1.2582435888248702e-07
IHDGK_FWD_g.24158.CDS.219-MONOMER,0.0,-1.3960194307738208e-07
IHDUDPG_REV_CPLX_dummy,0.0,-1.8133646769920992e-08
IHDUDPG_FWD_CPLX_dummy,1.5327551973780228e-05,-1.489695453328283e-40
IHDUDPMG_REV_CPLX_dummy,0.0,-1.8133646769920992e-08
IHDUDPMG_FWD_CPLX_dummy,1.5327551973780228e-05,2.2128485860119153e-40
IHPDCOATA_REV_g.24158.CDS.901-MONOMER,0.0,-1.7183752054834597e-08
IHPDCOATA_FWD_g.24158.CDS.901-MONOMER,0.00017640475408215787,-4.620336735450103e-40
IHXDGK_REV_g.24158.CDS.219-MONOMER,0.0,-1.3777584194895059e-08
IHXDGK_FWD_g.24158.CDS.219-MONOMER,0.0,9.37054960957571e-42
ILETA_REV_g.24158.CDS.594-MONOMER_mod_pydx5p(1),0.0,-9.817494513367064e-10
ILETA_FWD_g.24158.CDS.594-MONOMER_mod_pydx5p(1),0.0,-5.067747658602821e-07
ILETA_REV_g.24158.CDS.594-MONOMER_mod_pydx5p(6),1.8140543320507943e-51,2.0088726704098585e-36
ILETA_FWD_g.24158.CDS.594-MONOMER_mod_pydx5p(6),0.0,-5.057930164089453e-07
ILEabc_REV_g.24158.CDS.348-MONOMER,0.0,-1.6485309884684307e-08
ILEabc_FWD_g.24158.CDS.348-MONOMER,0.0,-5.792206667615166e-11
ILEabc_REV_g.24158.CDS.722-MONOMER,0.0,-1.6427387818008155e-08
ILEabc_FWD_g.24158.CDS.722-MONOMER,0.0008388157066276991,6.855425652786234e-35
ILEabc_REV_g.24158.CDS.175-MONOMER,0.0,-1.6427387818008155e-08
ILEabc_FWD_g.24158.CDS.175-MONOMER,1.4499116846161064e-24,3.699206903932206e-35
ILEabc_REV_g.24158.CDS.868-MONOMER,0.0,-1.6650113982613878e-08
ILEabc_FWD_g.24158.CDS.868-MONOMER,0.0,-2.2272616460572415e-10
ILEabc_REV_g.24158.CDS.620-MONOMER,0.0,-1.707597286794737e-08
ILEabc_FWD_g.24158.CDS.620-MONOMER,0.0,-6.485850499392154e-10
ILEt2r_REV_g.24158.CDS.660-MONOMER,0.0,-2.965143834970166e-07
ILEt2r_FWD_g.24158.CDS.660-MONOMER,0.0,6.898823661061179e-35
IMPC_REV_g.24158.CDS.1633-MONOMER,3.2667117293486515e-56,-5.50865671025591e-41
IMPC_FWD_g.24158.CDS.1633-MONOMER,0.0,-1.9187905746744586e-08
IMPD_REV_g.24158.CDS.1024-MONOMER,0.0,-1.8885593297180895e-08
IMPD_FWD_g.24158.CDS.1024-MONOMER,-3.5597892343440232e-56,1.3151554899724027e-41
IPDCOATA_REV_g.24158.CDS.901-MONOMER,0.0,-1.7183752054834597e-08
IPDCOATA_FWD_g.24158.CDS.901-MONOMER,-3.495802221461811e-55,-4.620336735450103e-40
IPDDI_REV_g.24158.CDS.1487-MONOMER,3.831887993445057e-05,6.38602355309189e-42
IPDDI_FWD_g.24158.CDS.1487-MONOMER,0.0,-1.7686538987944263e-08
IPDGK_REV_g.24158.CDS.219-MONOMER,0.0,-1.3777584194895059e-08
IPDGK_FWD_g.24158.CDS.219-MONOMER,0.0,-3.504585553981315e-40
ITDCOATA_REV_g.24158.CDS.901-MONOMER,0.0,5.222989353117509e-41
ITDCOATA_FWD_g.24158.CDS.901-MONOMER,0.0,-1.7183752054834597e-08
ITDGK_REV_g.24158.CDS.219-MONOMER,0.0,-1.3777584194895059e-08
ITDGK_FWD_g.24158.CDS.219-MONOMER,0.0,9.37054960957571e-42
IVCOATA_REV_g.24158.CDS.901-MONOMER,0.0,-1.7183752054834597e-08
IVCOATA_FWD_g.24158.CDS.901-MONOMER,0.00017640475408215787,-1.1919129549422006e-40
KAS14_REV_CPLX_3OAS100-0,0.0,-2.1318738504781724e-08
KAS14_FWD_CPLX_3OAS100-0,0.00017640475408215787,-1.9036754401162653e-40
KAS_HP_REV_CPLX_dummy,0.0,-1.170087803371526e-08
KAS_HP_FWD_CPLX_dummy,0.0,-6.432768736205731e-09
KDOCT2_REV_g.24158.CDS.744-MONOMER_mod_mg2(1)_mod_k(1),0.0,-1.659100824053089e-08
KDOCT2_FWD_g.24158.CDS.744-MONOMER_mod_mg2(1)_mod_k(1),0.0,-5.109703375846066e-41
KHK_REV_g.24158.CDS.192-MONOMER_mod_mg2(1),0.0,-2.0612846729063e-08
KHK_FWD_g.24158.CDS.192-MONOMER_mod_mg2(1),-1.1633976839050331e-50,-9.889728996770757e-42
Kt1r_REV_g.24158.CDS.1812-MONOMER,0.0,-1.692611027346189e-08
Kt1r_FWD_g.24158.CDS.1812-MONOMER,0.20681175695724818,0.0
Kt3_REV_g.24158.CDS.1492-MONOMER,0.0,-1.586823021559842e-08
Kt3_FWD_g.24158.CDS.1492-MONOMER,0.20681168804825237,-3.0175084126771233e-37
Kt3_REV_g.24158.CDS.783-MONOMER,0.0,-1.735331378434346e-08
Kt3_FWD_g.24158.CDS.783-MONOMER,0.0,-1.4850835687450386e-09
Kt3_REV_g.24158.CDS.86-MONOMER,0.0,-1.7221142872151648e-08
Kt3_FWD_g.24158.CDS.86-MONOMER,0.0,-1.3529126565532274e-09
Kt3_REV_g.24158.CDS.1811-MONOMER,0.0,-1.73897091564678e-08
Kt3_FWD_g.24158.CDS.1811-MONOMER,0.0,-1.5214789408693793e-09
L2A6ODs_REV_CPLX_dummy,0.0,-1.8133646769920992e-08
L2A6ODs_FWD_CPLX_dummy,0.0,-2.7034829720982585e-41
LACLi_REV_g.24158.CDS.784-MONOMER,0.0,-1.541849581347875e-08
LACLi_FWD_g.24158.CDS.784-MONOMER,-3.4239714075599405e-51,-4.480445439813982e-42
LARGNAT_REV_g.24158.CDS.1343-MONOMER,0.0,0.0
LARGNAT_FWD_g.24158.CDS.1343-MONOMER,0.0,-1.7969098449144787e-08
LDH_L_REV_g.24158.CDS.842-MONOMER,-1.1118043576186066e-51,1.1038573089901807e-40
LDH_L_FWD_g.24158.CDS.842-MONOMER,0.0,-2.2244826958486528e-08
LEUTA_REV_CPLX_dummy,0.0,-1.8133646769920992e-08
LEUTA_FWD_CPLX_dummy,0.00017640475408215787,-4.633668683099821e-36
LEUabc_REV_g.24158.CDS.348-MONOMER,0.0,-1.6485309884684307e-08
LEUabc_FWD_g.24158.CDS.348-MONOMER,0.0,-5.792206667615166e-11
LEUabc_REV_g.24158.CDS.722-MONOMER,0.0,-1.6427387818008155e-08
LEUabc_FWD_g.24158.CDS.722-MONOMER,0.0012247000906818262,-4.34391042694536e-37
LEUabc_REV_g.24158.CDS.175-MONOMER,0.0,-1.6427387818008155e-08
LEUabc_FWD_g.24158.CDS.175-MONOMER,0.0,-3.1996529441485554e-35
LEUabc_REV_g.24158.CDS.868-MONOMER,0.0,-1.6650113982613878e-08
LEUabc_FWD_g.24158.CDS.868-MONOMER,0.0,-2.2272616460572415e-10
LEUabc_REV_g.24158.CDS.620-MONOMER,0.0,-1.707597286794737e-08
LEUabc_FWD_g.24158.CDS.620-MONOMER,0.0,-6.485850499392154e-10
LEUt2r_REV_g.24158.CDS.660-MONOMER,0.0,-2.965143834970166e-07
LEUt2r_FWD_g.24158.CDS.660-MONOMER,1.3491983873264867e-21,-3.693565012792919e-40
LTDCL_REV_g.24158.CDS.920-MONOMER_mod_mg2(1),0.0,-3.199653587067821e-08
LTDCL_FWD_g.24158.CDS.920-MONOMER_mod_mg2(1),1.2481693179899355e-26,1.1198934187413741e-41
LYSt2r_REV_CPLX_dummy,0.0,-1.8133646769920992e-08
LYSt2r_FWD_CPLX_dummy,0.0007893162490970184,4.4294161204729746e-42
L_LACD2_REV_g.24158.CDS.842-MONOMER,0.0,-1.8206271117048202e-08
L_LACD2_FWD_g.24158.CDS.842-MONOMER,0.0,-4.038555841438324e-09
L_LACD3_REV_g.24158.CDS.842-MONOMER,0.0,-2.2244826958486528e-08
L_LACD3_FWD_g.24158.CDS.842-MONOMER,2.2542384959431907e-51,-6.762790512725054e-42
L_LACDr_REV_g.24158.CDS.842-MONOMER,0.0,-1.8708625214504148e-42
L_LACDr_FWD_g.24158.CDS.842-MONOMER,0.0,-2.2244826958486528e-08
L_LACt2r_REV_CPLX_dummy,0.0,-1.8133646769920992e-08
L_LACt2r_FWD_CPLX_dummy,0.0,0.0
MACCOAT_REV_g.24158.CDS.238-MONOMER,0.0,-1.7759732663973254e-08
MACCOAT_FWD_g.24158.CDS.238-MONOMER,0.0,-4.849283947455221e-40
MADGBG_REV_g.24158.CDS.1126-MONOMER,0.0,-1.8828060339212145e-08
MADGBG_FWD_g.24158.CDS.1126-MONOMER,0.0,0.0
MADGBG_REV_g.24158.CDS.120-MONOMER,0.0,-1.886113835369606e-08
MADGBG_FWD_g.24158.CDS.120-MONOMER,0.0,-3.307801448391429e-11
MALCOAPYRCT_REV_g.24158.CDS.62-MONOMER,-8.665987507435596e-23,8.25352459593882e-37
MALCOAPYRCT_FWD_g.24158.CDS.62-MONOMER,0.0,-1.2011847304874858e-07
MALT6PH_REV_CPLX_dummy,0.0,1.5873567137286642e-07
MALT6PH_FWD_CPLX_dummy,0.0,-1.7686931814278742e-07
MALTATr_REV_g.24158.CDS.290-MONOMER,0.0,-2.4654913923384194e-40
MALTATr_FWD_g.24158.CDS.290-MONOMER,0.0,-1.767357821705732e-08
MALTHXabc_REV_g.24158.CDS.646-MONOMER,0.0,-2.4645724068895843e-13
MALTHXabc_FWD_g.24158.CDS.646-MONOMER,0.0,-9.949924011103707e-31
MALTHXabc_REV_g.24158.CDS.939-MONOMER,0.0,-9.077879082664225e-09
MALTHXabc_FWD_g.24158.CDS.939-MONOMER,0.0,-9.077632625423536e-09
MALTHXabc_REV_g.24158.CDS.894-MONOMER,0.0,-2.6208635602194283e-13
MALTHXabc_FWD_g.24158.CDS.894-MONOMER,0.0,-1.5629115332984364e-14
MALTTRabc_REV_CPLX_MALTTRabc-0,0.0,2.2973299209665613e-07
MALTTRabc_FWD_CPLX_MALTTRabc-0,0.0,-2.3819687064348302e-07
MALTabc_REV_g.24158.CDS.1643-MONOMER,0.0,1.961435966527153e-09
MALTabc_FWD_g.24158.CDS.1643-MONOMER,0.0,-1.9708604605703193e-08
MALTabc_REV_CPLX_MALTTRabc-0,0.0,6.603081012701727e-09
MALTabc_FWD_CPLX_MALTTRabc-0,0.0,-1.506695955952862e-08
MALTpts_REV_CPLX_MALTpts-0,0.0,-3.6177382106037485e-07
MALTpts_FWD_CPLX_MALTpts-0,0.0,-4.4785817559830854e-41
MALTpts_REV_CPLX_MALTpts-1,0.0,-4.2538460755106433e-07
MALTpts_FWD_CPLX_MALTpts-1,0.0,-6.361078649068949e-08
MALTpts_REV_CPLX_MALTpts-2,0.0,-4.108038756675045e-07
MALTpts_FWD_CPLX_MALTpts-2,0.0,-4.9030054607129665e-08
MAN6PI_REV_g.24158.CDS.1638-MONOMER,0.0,-1.699032662882496e-08
MAN6PI_FWD_g.24158.CDS.1638-MONOMER,9.925989490700946e-44,-2.5129933726078906e-41
MANpts_REV_g.24158.CDS.160-MONOMER,0.0,-2.576331562045404e-13
MANpts_FWD_g.24158.CDS.160-MONOMER,9.92598875857681e-44,2.5577180350906204e-40
MANpts_REV_CPLX_MANpts-0,0.0,-2.398603176248594e-07
MANpts_FWD_CPLX_MANpts-0,0.0,-2.398600599917032e-07
MBDGBG_REV_g.24158.CDS.1126-MONOMER,0.0,-1.8828060339212145e-08
MBDGBG_FWD_g.24158.CDS.1126-MONOMER,0.0,0.0
MBDGBG_REV_g.24158.CDS.120-MONOMER,0.0,-1.886113835369606e-08
MBDGBG_FWD_g.24158.CDS.120-MONOMER,0.0,-3.307801448391429e-11
MCLOR_REV_g.24158.CDS.842-MONOMER,0.0,1.3798216362377258e-40
MCLOR_FWD_g.24158.CDS.842-MONOMER,0.0,-2.2244826958486528e-08
MCOATA_REV_g.24158.CDS.901-MONOMER,0.0,-1.7183752054834597e-08
MCOATA_FWD_g.24158.CDS.901-MONOMER,0.0035280950816431573,2.2365108255657025e-40
MECDPDH2_REV_CPLX_dummy,0.0,-1.8133646769920992e-08
MECDPDH2_FWD_CPLX_dummy,4.2150767927895625e-05,-7.542691502856178e-42
MECDPS_REV_CPLX_dummy,0.0,-1.8133646769920992e-08
MECDPS_FWD_CPLX_dummy,4.2150767927895625e-05,-6.569718150059062e-41
MEPCT_REV_CPLX_dummy,0.0,-1.8133646769920992e-08
MEPCT_FWD_CPLX_dummy,4.2150767927895625e-05,1.7500305810943907e-40
METALA1c_REV_g.24158.CDS.599-MONOMER_mod_fe2(2),-1.1585516903558457e-56,2.525608262488398e-42
METALA1c_FWD_g.24158.CDS.599-MONOMER_mod_fe2(2),0.0,-1.6896130422306295e-08
METALA1c_REV_g.24158.CDS.1354-MONOMER,0.0,-2.931713816046045e-10
METALA1c_FWD_g.24158.CDS.1354-MONOMER,0.0,-1.71893018039109e-08
METALAabc_REV_g.24158.CDS.1525-MONOMER,0.0,1.4842834791942253e-07
METALAabc_FWD_g.24158.CDS.1525-MONOMER,0.0,-1.656905045962609e-07
METALAabc_REV_g.24158.CDS.1254-MONOMER,0.0,1.468590598291863e-07
METALAabc_FWD_g.24158.CDS.1254-MONOMER,0.0,-1.6725979268649717e-07
METALAabc_REV_g.24158.CDS.995-MONOMER,0.0,1.468812944884573e-07
METALAabc_FWD_g.24158.CDS.995-MONOMER,0.0,-1.6723755802722612e-07
METALAabc_REV_g.24158.CDS.1317-MONOMER,0.0,1.466697391842303e-07
METALAabc_FWD_g.24158.CDS.1317-MONOMER,0.0,-1.6744911333145314e-07
METALAabc_REV_g.24158.CDS.1794-MONOMER,0.0,1.4859827069893942e-07
METALAabc_FWD_g.24158.CDS.1794-MONOMER,0.0,-1.65520581816744e-07
METALAabc_REV_g.24158.CDS.1412-MONOMER,0.0,1.483095008522117e-07
METALAabc_FWD_g.24158.CDS.1412-MONOMER,0.0,-1.6580935166347172e-07
METAT_REV_g.24158.CDS.363-MONOMER_mod_na1(4)_mod_ni2(1),0.0,-2.587755669218466e-08
METAT_FWD_g.24158.CDS.363-MONOMER_mod_na1(4)_mod_ni2(1),0.0,-2.2308778778543174e-12
METAT_REV_g.24158.CDS.363-MONOMER_mod_k(4)_mod_cd2(1),0.0,-2.5875325814306806e-08
METAT_FWD_g.24158.CDS.363-MONOMER_mod_k(4)_mod_cd2(1),-7.774908782506056e-49,2.2730474362395581e-41
METAT_REV_g.24158.CDS.363-MONOMER_mod_k(4)_mod_cobalt2(1),0.0,-2.5875436953025345e-08
METAT_FWD_g.24158.CDS.363-MONOMER_mod_k(4)_mod_cobalt2(1),0.0,-1.1113871854104975e-13
METAT_REV_g.24158.CDS.363-MONOMER_mod_nh4(4)_mod_mg2(1),0.0,-2.5877479655820353e-08
METAT_FWD_g.24158.CDS.363-MONOMER_mod_nh4(4)_mod_mg2(1),0.0,-2.153841513547204e-12
METAT_REV_g.24158.CDS.363-MONOMER_mod_tl(4)_mod_cd2(1),0.0,-2.5878012841093435e-08
METAT_FWD_g.24158.CDS.363-MONOMER_mod_tl(4)_mod_cd2(1),0.0,-2.687026786630262e-12
METAT_REV_g.24158.CDS.363-MONOMER_mod_tl(4)_mod_mn2(1),0.0,-2.5878721124996454e-08
METAT_FWD_g.24158.CDS.363-MONOMER_mod_tl(4)_mod_mn2(1),0.0,-3.3953106896473156e-12
METAT_REV_g.24158.CDS.363-MONOMER_mod_cs(4)_mod_ni2(1),0.0,-2.5879139855901393e-08
METAT_FWD_g.24158.CDS.363-MONOMER_mod_cs(4)_mod_ni2(1),0.0,-3.814041594588548e-12
METAT_REV_g.24158.CDS.363-MONOMER_mod_na1(4)_mod_cd2(1),0.0,-2.5876431714580342e-08
METAT_FWD_g.24158.CDS.363-MONOMER_mod_na1(4)_mod_cd2(1),0.0,-1.105900273535859e-12
METAT_REV_g.24158.CDS.363-MONOMER_mod_cs(4)_mod_mn2(1),0.0,-2.5878721124996454e-08
METAT_FWD_g.24158.CDS.363-MONOMER_mod_cs(4)_mod_mn2(1),0.0,-3.3953106896473156e-12
METAT_REV_g.24158.CDS.363-MONOMER_mod_cs(4)_mod_cd2(1),0.0,-2.5878012841093435e-08
METAT_FWD_g.24158.CDS.363-MONOMER_mod_cs(4)_mod_cd2(1),0.0,-2.687026786630262e-12
METAT_REV_g.24158.CDS.363-MONOMER_mod_k(4)_mod_ca2(1),0.0,-2.587576083084035e-08
METAT_FWD_g.24158.CDS.363-MONOMER_mod_k(4)_mod_ca2(1),0.0,-4.350165335432381e-13
METAT_REV_g.24158.CDS.363-MONOMER_mod_k(4)_mod_ni2(1),0.0,-2.5876449366869925e-08
METAT_FWD_g.24158.CDS.363-MONOMER_mod_k(4)_mod_ni2(1),0.0,-1.1235525631186914e-12
METAT_REV_g.24158.CDS.363-MONOMER_mod_k(4)_mod_mg2(1),0.0,-2.5876031748460378e-08
METAT_FWD_g.24158.CDS.363-MONOMER_mod_k(4)_mod_mg2(1),0.0,-7.05934153571388e-13
METAT_REV_g.24158.CDS.363-MONOMER_mod_k(4)_mod_mn2(1),0.0,-2.587603223981098e-08
METAT_FWD_g.24158.CDS.363-MONOMER_mod_k(4)_mod_mn2(1),0.0,-7.064255041735602e-13
METAT_REV_g.24158.CDS.363-MONOMER_mod_nh4(4)_mod_ni2(1),0.0,-2.5877897740737508e-08
METAT_FWD_g.24158.CDS.363-MONOMER_mod_nh4(4)_mod_ni2(1),0.0,-2.571926430702232e-12
METAT_REV_g.24158.CDS.363-MONOMER_mod_na1(4)_mod_cobalt2(1),0.0,-2.5876543413608978e-08
METAT_FWD_g.24158.CDS.363-MONOMER_mod_na1(4)_mod_cobalt2(1),0.0,-1.217599302174194e-12
METAT_REV_g.24158.CDS.363-MONOMER_mod_tl(4)_mod_mg2(1),0.0,-2.5878721370852812e-08
METAT_FWD_g.24158.CDS.363-MONOMER_mod_tl(4)_mod_mg2(1),0.0,-3.395556546007155e-12
METAT_REV_g.24158.CDS.363-MONOMER_mod_tl(4)_mod_ni2(1),0.0,-2.5879139855901393e-08
METAT_FWD_g.24158.CDS.363-MONOMER_mod_tl(4)_mod_ni2(1),0.0,-3.814041594588548e-12
METAT_REV_g.24158.CDS.363-MONOMER_mod_cs(4)_mod_mg2(1),0.0,-2.5878721370852812e-08
METAT_FWD_g.24158.CDS.363-MONOMER_mod_cs(4)_mod_mg2(1),0.0,-3.395556546007155e-12
METAT_REV_g.24158.CDS.363-MONOMER_mod_cs(4)_mod_zn2(1),0.0,-2.5878013971884667e-08
METAT_FWD_g.24158.CDS.363-MONOMER_mod_cs(4)_mod_zn2(1),0.0,-2.6881575778624867e-12
METAT_REV_g.24158.CDS.363-MONOMER_mod_na1(4)_mod_zn2(1),0.0,-2.5876432179939605e-08
METAT_FWD_g.24158.CDS.363-MONOMER_mod_na1(4)_mod_zn2(1),0.0,-1.1063656328011254e-12
METAT_REV_g.24158.CDS.363-MONOMER_mod_tl(4)_mod_cobalt2(1),0.0,-2.587812534127678e-08
METAT_FWD_g.24158.CDS.363-MONOMER_mod_tl(4)_mod_cobalt2(1),0.0,-2.799526969973745e-12
METAT_REV_g.24158.CDS.363-MONOMER_mod_nh4(4)_mod_ca2(1),0.0,-2.5877208435567434e-08
METAT_FWD_g.24158.CDS.363-MONOMER_mod_nh4(4)_mod_ca2(1),0.0,-1.882621260627743e-12
METAT_REV_g.24158.CDS.363-MONOMER_mod_nh4(4)_mod_zn2(1),0.0,-2.5876772933164072e-08
METAT_FWD_g.24158.CDS.363-MONOMER_mod_nh4(4)_mod_zn2(1),0.0,-1.4471188572688942e-12
METAT_REV_g.24158.CDS.363-MONOMER_mod_k(4)_mod_zn2(1),0.0,-2.5875325814306806e-08
METAT_FWD_g.24158.CDS.363-MONOMER_mod_k(4)_mod_zn2(1),1.7882117293210862e-05,2.399327849363978e-41
METAT_REV_g.24158.CDS.363-MONOMER_mod_nh4(4)_mod_cobalt2(1),0.0,-2.5876884196053134e-08
METAT_FWD_g.24158.CDS.363-MONOMER_mod_nh4(4)_mod_cobalt2(1),0.0,-1.558381746330572e-12
METAT_REV_g.24158.CDS.363-MONOMER_mod_na1(4)_mod_mg2(1),0.0,-2.58771387170458e-08
METAT_FWD_g.24158.CDS.363-MONOMER_mod_na1(4)_mod_mg2(1),0.0,-1.81290273899671e-12
METAT_REV_g.24158.CDS.363-MONOMER_mod_na1(4)_mod_mn2(1),0.0,-2.5877138905010673e-08
METAT_FWD_g.24158.CDS.363-MONOMER_mod_na1(4)_mod_mn2(1),0.0,-1.8130907038694397e-12
METAT_REV_g.24158.CDS.363-MONOMER_mod_nh4(4)_mod_cd2(1),0.0,-2.5876772324544887e-08
METAT_FWD_g.24158.CDS.363-MONOMER_mod_nh4(4)_mod_cd2(1),0.0,-1.4465102380811497e-12
METAT_REV_g.24158.CDS.363-MONOMER_mod_cs(4)_mod_ca2(1),0.0,-2.587844989102659e-08
METAT_FWD_g.24158.CDS.363-MONOMER_mod_cs(4)_mod_ca2(1),0.0,-3.124076719786669e-12
METAT_REV_g.24158.CDS.363-MONOMER_mod_tl(4)_mod_ca2(1),0.0,-2.587844989102659e-08
METAT_FWD_g.24158.CDS.363-MONOMER_mod_tl(4)_mod_ca2(1),0.0,-3.124076719786669e-12
METAT_REV_g.24158.CDS.363-MONOMER_mod_cs(4)_mod_cobalt2(1),0.0,-2.587812534127678e-08
METAT_FWD_g.24158.CDS.363-MONOMER_mod_cs(4)_mod_cobalt2(1),0.0,-2.799526969973745e-12
METAT_REV_g.24158.CDS.363-MONOMER_mod_tl(4)_mod_zn2(1),0.0,-2.5878013971884667e-08
METAT_FWD_g.24158.CDS.363-MONOMER_mod_tl(4)_mod_zn2(1),0.0,-2.6881575778624867e-12
METAT_REV_g.24158.CDS.363-MONOMER_mod_nh4(4)_mod_mn2(1),0.0,-2.5877479750388435e-08
METAT_FWD_g.24158.CDS.363-MONOMER_mod_nh4(4)_mod_mn2(1),0.0,-2.153936081630279e-12
METAT_REV_g.24158.CDS.363-MONOMER_mod_na1(4)_mod_ca2(1),0.0,-2.5876867568008308e-08
METAT_FWD_g.24158.CDS.363-MONOMER_mod_na1(4)_mod_ca2(1),0.0,-1.5417537015030592e-12
METDabc_REV_CPLX_METDabc-0,0.0,1.193424751725681e-07
METDabc_FWD_CPLX_METDabc-0,0.0,-1.2795018001738003e-07
METFR_REV_CPLX_dummy,1.6845158685319593e-05,-5.011195542777538e-41
METFR_FWD_CPLX_dummy,0.0,-1.8133646769920992e-08
METSOX1abc_REV_CPLX_METDabc-0,0.0,3.1551157255198715e-08
METSOX1abc_FWD_CPLX_METDabc-0,0.0,-4.015886210001062e-08
METSOX2abc_REV_CPLX_METDabc-0,0.0,1.193424751725681e-07
METSOX2abc_FWD_CPLX_METDabc-0,0.0,-1.2795018001738003e-07
METSOXR1r_REV_g.24158.CDS.1295-MONOMER,-1.1585516903558457e-56,-2.1106625690399745e-35
METSOXR1r_FWD_g.24158.CDS.1295-MONOMER,0.0,-2.318382600617648e-08
METSOXR1r_REV_g.24158.CDS.781-MONOMER,0.0,-3.689987753770299e-10
METSOXR1r_FWD_g.24158.CDS.781-MONOMER,0.0,-2.355282478155351e-08
METabc_REV_CPLX_METDabc-0,0.0,1.2667282203213776e-07
METabc_FWD_CPLX_METDabc-0,0.0,-1.3528052687694968e-07
METt2r_REV_CPLX_dummy,0.0,-1.8133646769920992e-08
METt2r_FWD_CPLX_dummy,0.00033115376909323326,6.314020656220994e-42
MEVK1c_REV_g.24158.CDS.1239-MONOMER,0.0,-1.636750581191431e-08
MEVK1c_FWD_g.24158.CDS.1239-MONOMER,0.0,-6.717904308167031e-10
MEVK1c_REV_g.24158.CDS.967-MONOMER,0.0,-1.5695715381097605e-08
MEVK1c_FWD_g.24158.CDS.967-MONOMER,0.0,-2.316659049524455e-40
MG2abc_REV_CPLX_dummy,0.0,1.0587217884465046e-07
MG2abc_FWD_CPLX_dummy,0.0,-1.2400582561457146e-07
MGt5_REV_g.24158.CDS.421-MONOMER,1.057633922318313e-05,0.0
MGt5_FWD_g.24158.CDS.421-MONOMER,0.0,-1.74146507307262e-08
MGt5_REV_g.24158.CDS.304-MONOMER,1.4964803503195232e-30,-1.3764345334938855e-42
MGt5_FWD_g.24158.CDS.304-MONOMER,0.0,-1.74146507307262e-08
MGt5_REV_g.24158.CDS.375-MONOMER,0.0,0.0
MGt5_FWD_g.24158.CDS.375-MONOMER,0.0,-1.74146507307262e-08
MI1PP_REV_g.24158.CDS.1471-MONOMER_mod_mg2(1),0.0,-1.6522736603135025e-08
MI1PP_FWD_g.24158.CDS.1471-MONOMER_mod_mg2(1),0.0,2.97193328270893e-41
MI3PP_REV_g.24158.CDS.1471-MONOMER_mod_mg2(1),0.0,-1.6522736603135025e-08
MI3PP_FWD_g.24158.CDS.1471-MONOMER_mod_mg2(1),0.0,2.97193328270893e-41
MI4PP_REV_g.24158.CDS.1471-MONOMER_mod_mg2(1),0.0,-1.6522736603135025e-08
MI4PP_FWD_g.24158.CDS.1471-MONOMER_mod_mg2(1),0.0,2.97193328270893e-41
MK8t_REV_CPLX_dummy,1.6845158685319593e-05,0.0
MK8t_FWD_CPLX_dummy,0.0,-1.8133646769920992e-08
MLTP1_REV_g.24158.CDS.661-MONOMER,0.0,-2.114774867315916e-08
MLTP1_FWD_g.24158.CDS.661-MONOMER,0.0,-1.6838347637663184e-40
MLTP2_REV_g.24158.CDS.661-MONOMER,0.0,-2.114774867315916e-08
MLTP2_FWD_g.24158.CDS.661-MONOMER,3.1279113677686596e-56,-1.983183166213664e-40
MLTP3_REV_g.24158.CDS.661-MONOMER,0.0,-2.114774867315916e-08
MLTP3_FWD_g.24158.CDS.661-MONOMER,0.0,-1.983183166213664e-40
MMSAD5_REV_g.24158.CDS.1175-MONOMER,0.0,1.3367695046104638e-40
MMSAD5_FWD_g.24158.CDS.1175-MONOMER,0.0,-2.093775377657266e-08
MNLpts_REV_CPLX_ACGApts-0,0.0,-1.4109547509103662e-07
MNLpts_FWD_CPLX_ACGApts-0,0.0,-6.140557060285987e-07
MNabc_REV_CPLX_MNabc-0,0.0,-0.0004097883672398307
MNabc_FWD_CPLX_MNabc-0,-1.0339149645545071e-47,0.0
MOHMT_REV_g.24158.CDS.1633-MONOMER,0.0,-1.9187905746744586e-08
MOHMT_FWD_g.24158.CDS.1633-MONOMER,-9.615798548399582e-52,-5.968546482168815e-37
MTAN_REV_g.24158.CDS.1809-MONOMER,0.0,-1.9025391219498393e-08
MTAN_FWD_g.24158.CDS.1809-MONOMER,0.0,1.2629544784702486e-42
MTHFC_REV_g.24158.CDS.1185-MONOMER,1.6845158685319593e-05,1.3897697913206287e-40
MTHFC_FWD_g.24158.CDS.1185-MONOMER,0.0,-1.9882507345410247e-08
MTHFC_REV_g.24158.CDS.118-MONOMER,0.0,-2.006332348882803e-08
MTHFC_FWD_g.24158.CDS.118-MONOMER,0.0,-3.994583083423828e-08
MTHFD_REV_g.24158.CDS.118-MONOMER,-6.0977778892829405e-24,-4.6810821371118636e-40
MTHFD_FWD_g.24158.CDS.118-MONOMER,0.0,-6.000915432306631e-08
MTHFD2_REV_CPLX_dummy,1.6845158685319593e-05,-7.542691502856178e-42
MTHFD2_FWD_CPLX_dummy,0.0,-1.8133646769920992e-08
MTHPTGHM_REV_g.24158.CDS.659-MONOMER,0.0,6.099352768315614e-07
MTHPTGHM_FWD_g.24158.CDS.659-MONOMER,0.0,-6.277916269041819e-07
NACASPAH_REV_g.24158.CDS.1373-MONOMER,0.0,-1.5006678075097438e-08
NACASPAH_FWD_g.24158.CDS.1373-MONOMER,0.0,-1.2041408222080906e-42
NACt2r_REV_CPLX_dummy,1.6845158685319593e-05,-1.7448812500517483e-42
NACt2r_FWD_CPLX_dummy,0.0,-1.8133646769920992e-08
NADK_REV_g.24158.CDS.1639-MONOMER_mod_mg2(1),0.0,-2.571046132352984e-08
NADK_FWD_g.24158.CDS.1639-MONOMER_mod_mg2(1),1.0031318672440783e-38,-1.7709700351160242e-40
NADK2_REV_g.24158.CDS.1639-MONOMER_mod_mg2(1),0.0,-1.859955289933022e-08
NADK2_FWD_g.24158.CDS.1639-MONOMER_mod_mg2(1),0.0,-7.110908424199618e-09
NADN_REV_CPLX_dummy,0.0,2.1720853980408887e-07
NADN_FWD_CPLX_dummy,0.0,-2.3534218657400985e-07
NADS1_REV_g.24158.CDS.1801-MONOMER_mod_mg2(1),0.0,-5.4407404772986e-08
NADS1_FWD_g.24158.CDS.1801-MONOMER_mod_mg2(1),0.0,-6.464463223022527e-12
NADS1_REV_g.24158.CDS.1801-MONOMER_mod_mn2(1),0.0,-5.440094030976297e-08
NADS1_FWD_g.24158.CDS.1801-MONOMER_mod_mn2(1),-1.396818031896072e-51,7.413362937694985e-41
NADS2_REV_CPLX_dummy,0.0,-1.8133646769920992e-08
NADS2_FWD_CPLX_dummy,1.6845158685319593e-05,-1.422194044542493e-40
NAPRT_REV_g.24158.CDS.1345-MONOMER,0.0,-1.9361219137497297e-08
NAPRT_FWD_g.24158.CDS.1345-MONOMER,1.6845158685319593e-05,-2.201119246733963e-39
NDPK1_REV_g.24158.CDS.555-MONOMER,0.0,-1.4221816848399235e-08
NDPK1_FWD_g.24158.CDS.555-MONOMER,0.027813510967808253,5.670223760434562e-41
NDPK2_REV_g.24158.CDS.555-MONOMER,0.0,-1.4221816848399235e-08
NDPK2_FWD_g.24158.CDS.555-MONOMER,0.01283983804397664,1.7290988926831294e-40
NDPK3_REV_g.24158.CDS.555-MONOMER,0.0,-1.4221816848399235e-08
NDPK3_FWD_g.24158.CDS.555-MONOMER,0.008751842018626138,1.0777493083140492e-36
NDPK4_REV_g.24158.CDS.555-MONOMER,0.0,-1.4221816848399235e-08
NDPK4_FWD_g.24158.CDS.555-MONOMER,0.0001253752520655045,-5.763662975610431e-41
NDPK5_REV_g.24158.CDS.555-MONOMER,0.0,-1.4221816848399235e-08
NDPK5_FWD_g.24158.CDS.555-MONOMER,2.0639813907345492e-27,5.1872966780493885e-40
NDPK6_REV_g.24158.CDS.555-MONOMER,0.0,-7.110908424199618e-09
NDPK6_FWD_g.24158.CDS.555-MONOMER,0.0,-7.110908424199618e-09
NDPK7_REV_g.24158.CDS.555-MONOMER,0.0,-1.4221816848399235e-08
NDPK7_FWD_g.24158.CDS.555-MONOMER,7.899303662752303e-05,5.763662975610431e-41
NDPK8_REV_g.24158.CDS.555-MONOMER,0.0,-1.4221816848399235e-08
NDPK8_FWD_g.24158.CDS.555-MONOMER,0.0,5.763662975610431e-41
NDPK9_REV_g.24158.CDS.555-MONOMER,0.0,-7.110908424199618e-09
NDPK9_FWD_g.24158.CDS.555-MONOMER,0.0,-7.110908424199618e-09
NEU23_REV_g.24158.CDS.1126-MONOMER,0.0,-1.8828060339212145e-08
NEU23_FWD_g.24158.CDS.1126-MONOMER,0.0,2.8707450354453075e-41
NEU23_REV_g.24158.CDS.120-MONOMER,0.0,-1.886113835369606e-08
NEU23_FWD_g.24158.CDS.120-MONOMER,0.0,-3.307801448391429e-11
NH4tb_REV_CPLX_dummy,1.005949212032949,-1.0715205441208142e-42
NH4tb_FWD_CPLX_dummy,0.0,-1.8133646769920992e-08
NMNAT_REV_g.24158.CDS.1331-MONOMER_mod_mg2(1),0.0,-1.5809318636577574e-08
NMNAT_FWD_g.24158.CDS.1331-MONOMER_mod_mg2(1),4.262750341479712e-56,1.0982759907696275e-41
NMNPH_REV_g.24158.CDS.1274-MONOMER,0.0,-1.7316840533536254e-08
NMNPH_FWD_g.24158.CDS.1274-MONOMER,0.0,2.4429135341898595e-40
NNAM_REV_g.24158.CDS.1373-MONOMER,0.0,2.7529719560801155e-07
NNAM_FWD_g.24158.CDS.1373-MONOMER,0.0,-2.90303873683109e-07
NNATr_REV_g.24158.CDS.1331-MONOMER_mod_mg2(1),0.0,-1.5809318636577574e-08
NNATr_FWD_g.24158.CDS.1331-MONOMER_mod_mg2(1),1.6845158685319593e-05,-2.17415802809786e-40
NNDMBRT_REV_CPLX_dummy,0.0,5.67026950215102e-07
NNDMBRT_FWD_CPLX_dummy,0.0,-5.851605969850229e-07
NO3t7_REV_CPLX_dummy,0.0,-1.8133646769920992e-08
NO3t7_FWD_CPLX_dummy,2.0130859412291204e-27,0.0
NOPHMO_REV_g.24158.CDS.1255-MONOMER,0.0,-2.852812069937384e-13
NOPHMO_FWD_g.24158.CDS.1255-MONOMER,-3.683419447973429e-52,-2.6577687578610638e-40
NP1_r_REV_g.24158.CDS.797-MONOMER,0.0,7.524125719324743e-42
NP1_r_FWD_g.24158.CDS.797-MONOMER,0.0,-8.90539619236178e-08
NP1_r_REV_g.24158.CDS.933-MONOMER,0.0,0.0
NP1_r_FWD_g.24158.CDS.933-MONOMER,0.0,-8.90539619236178e-08
NTD1_REV_CPLX_dummy,0.0,3.050221555321888e-07
NTD1_FWD_CPLX_dummy,0.0,-3.2315580230210977e-07
NTD10_REV_CPLX_dummy,0.0,2.1321848647966363e-07
NTD10_FWD_CPLX_dummy,0.0,-2.313521332495846e-07
NTD11_REV_CPLX_dummy,0.0,2.1321848647966363e-07
NTD11_FWD_CPLX_dummy,0.0,-2.313521332495846e-07
NTD2_REV_CPLX_dummy,0.0,1.2246514799746863e-07
NTD2_FWD_CPLX_dummy,0.0,-1.405987947673896e-07
NTD4_REV_CPLX_dummy,0.0,-1.8133646769920992e-08
NTD4_FWD_CPLX_dummy,0.0004289042710707233,7.104569036415152e-41
NTD5_REV_CPLX_dummy,0.0,1.3075723601917367e-07
NTD5_FWD_CPLX_dummy,0.0,-1.4889088278909468e-07
NTD6_REV_CPLX_dummy,0.0,3.8300490048016743e-07
NTD6_FWD_CPLX_dummy,0.0,-4.011385472500884e-07
NTD7_REV_CPLX_dummy,0.0,1.2232151748518484e-07
NTD7_FWD_CPLX_dummy,0.0,-1.4045516425510582e-07
NTD8_REV_CPLX_dummy,0.0,3.925009067276145e-07
NTD8_FWD_CPLX_dummy,0.0,-4.106345534975355e-07
NTD9_REV_CPLX_dummy,0.0,2.1321848647966363e-07
NTD9_FWD_CPLX_dummy,0.0,-2.313521332495846e-07
NTPP7_REV_CPLX_dummy,0.0,1.4735859251129825e-07
NTPP7_FWD_CPLX_dummy,0.0,-1.6549223928121923e-07
NTPTP1_REV_g.24158.CDS.1166-MONOMER,0.0,4.078403524757108e-07
NTPTP1_FWD_g.24158.CDS.1166-MONOMER,0.0,-4.264419247955753e-07
NTRARy_REV_g.24158.CDS.340-MONOMER,0.0,-1.7225806794466277e-07
NTRARy_FWD_g.24158.CDS.340-MONOMER,2.0130859412291204e-27,-4.21877553239934e-40
O2t_REV_CPLX_dummy,2.5194556555682844e-52,0.0
O2t_FWD_CPLX_dummy,0.0,-1.8133646769920992e-08
OAACLi_REV_g.24158.CDS.1514-MONOMER_mod_fmn(1),0.0,9.360366996975743e-08
OAACLi_FWD_g.24158.CDS.1514-MONOMER_mod_fmn(1),0.0,-1.2169244934951247e-07
OAACLi_REV_g.24158.CDS.1514-MONOMER_mod_mg2(1),0.0,9.35979290677272e-08
OAACLi_FWD_g.24158.CDS.1514-MONOMER_mod_mg2(1),0.0,-1.216981902515427e-07
OAADC_REV_g.24158.CDS.1103-MONOMER,0.0,8.544151099745798e-08
OAADC_FWD_g.24158.CDS.1103-MONOMER,0.0,-1.0243010563221109e-07
OBTFL_REV_g.24158.CDS.1783-MONOMER_mod_glycyl(1),0.0,-1.9818766068562652e-07
OBTFL_FWD_g.24158.CDS.1783-MONOMER_mod_glycyl(1),3.3817162514614095e-39,2.871815434157085e-40
OBTFL_REV_g.24158.CDS.829-MONOMER,0.0,-1.9818766068562652e-07
OBTFL_FWD_g.24158.CDS.829-MONOMER,1.913790148178746e-51,1.2825579309125022e-40
OCBT_REV_g.24158.CDS.1451-MONOMER,-7.108300700085214e-21,7.944253508526804e-37
OCBT_FWD_g.24158.CDS.1451-MONOMER,0.0,-2.2750772886256105e-08
OCOAT1r_REV_CPLX_OCOAT1r-0,0.0,-2.2055621822726444e-08
OCOAT1r_FWD_CPLX_OCOAT1r-0,0.0,-3.628898365948874e-40
OIVD1r_REV_CPLX_dummy,0.0,-1.8133646769920992e-08
OIVD1r_FWD_CPLX_dummy,0.00017640475408215787,-2.489088195942539e-40
OIVD2_REV_CPLX_dummy,0.0,-1.8133646769920992e-08
OIVD2_FWD_CPLX_dummy,0.0,-7.542691502856178e-42
OIVD3_REV_CPLX_dummy,0.0,-1.8133646769920992e-08
OIVD3_FWD_CPLX_dummy,0.00017640475408215787,-2.489088195942539e-40
OMBZLM_REV_CPLX_dummy,0.0,-1.8133646769920992e-08
OMBZLM_FWD_CPLX_dummy,0.0,-2.18392246070457e-40
OMMBLHX3_REV_CPLX_dummy,0.0,-1.8133646769920992e-08
OMMBLHX3_FWD_CPLX_dummy,0.0,3.2433573462281564e-40
OMPDC_REV_g.24158.CDS.559-MONOMER,0.0,-1.8670483480676784e-08
OMPDC_FWD_g.24158.CDS.559-MONOMER,2.727728446668643e-52,-3.2414568152009914e-41
OMPHHX3_REV_CPLX_dummy,0.0,-1.8133646769920992e-08
OMPHHX3_FWD_CPLX_dummy,0.0,8.296960653141795e-41
OPHHX3_REV_CPLX_dummy,0.0,2.812083657371547e-07
OPHHX3_FWD_CPLX_dummy,0.0,-2.993420125070757e-07
ORNTA_REV_CPLX_dummy,0.0,1.6419889154094235e-07
ORNTA_FWD_CPLX_dummy,0.0,-1.8233253831086336e-07
OROTPT_REV_g.24158.CDS.1224-MONOMER_mod_mg2(1),0.0,-2.096494148656046e-08
OROTPT_FWD_g.24158.CDS.1224-MONOMER_mod_mg2(1),0.0,-5.6381065847213105e-09
OROTPT_REV_g.24158.CDS.731-MONOMER,0.0,-1.532683490183915e-08
OROTPT_FWD_g.24158.CDS.731-MONOMER,2.7282885688996887e-52,-5.563535782178887e-41
P5CD_REV_CPLX_dummy,0.0,-1.8133646769920992e-08
P5CD_FWD_CPLX_dummy,-1.8174787795809822e-47,3.5222796278002614e-41
PAAI17P_REV_CPLX_dummy,0.0,-1.8133646769920992e-08
PAAI17P_FWD_CPLX_dummy,1.5327551973780228e-05,-1.0656853554622728e-39
PAI17P_REV_CPLX_dummy,0.0,-1.8133646769920992e-08
PAI17P_FWD_CPLX_dummy,1.5327551973780228e-05,-5.460368773701931e-40
PAPA180_REV_CPLX_dummy,0.0,-1.8133646769920992e-08
PAPA180_FWD_CPLX_dummy,1.5327551973780228e-05,-2.862126383241533e-40
PAPPT2_REV_g.24158.CDS.974-MONOMER,0.0,-2.626984747482721e-13
PAPPT2_FWD_g.24158.CDS.974-MONOMER,0.0,-2.4263091113591163e-40
PAPPT3_REV_g.24158.CDS.974-MONOMER,0.0,-2.626984747482721e-13
PAPPT3_FWD_g.24158.CDS.974-MONOMER,-9.086399572113773e-56,-7.775411680041979e-41
PBt_REV_g.24158.CDS.331-MONOMER,0.0,1.129432132363397e-07
PBt_FWD_g.24158.CDS.331-MONOMER,0.0,-1.3434944195360843e-07
PC8XM_REV_g.24158.CDS.1461-MONOMER,0.0,-2.0079285104663145e-08
PC8XM_FWD_g.24158.CDS.1461-MONOMER,0.0,0.0
PDHa_REV_CPLX_dummy,0.0,-1.8133646769920992e-08
PDHa_FWD_CPLX_dummy,0.0,1.446306265367265e-42
PDHbr_REV_g.24158.CDS.8-MONOMER,0.0,-1.7354722477804585e-08
PDHbr_FWD_g.24158.CDS.8-MONOMER,7.878211451363991e-52,-2.908717927705727e-40
PDHc_REV_g.24158.CDS.110-MONOMER,0.0,6.543016367364502e-08
PDHc_FWD_g.24158.CDS.110-MONOMER,0.0,-8.377657647944118e-08
PDHc_REV_g.24158.CDS.523-MONOMER,0.0,6.484389209824067e-08
PDHc_FWD_g.24158.CDS.523-MONOMER,0.0,-8.436284805484555e-08
PEPCK_REV_g.24158.CDS.1514-MONOMER_mod_fmn(1),0.0,1.0071457839395705e-07
PEPCK_FWD_g.24158.CDS.1514-MONOMER_mod_fmn(1),0.0,-1.288033577737121e-07
PEPCK_REV_g.24158.CDS.1514-MONOMER_mod_mg2(1),0.0,1.0070883749192682e-07
PEPCK_FWD_g.24158.CDS.1514-MONOMER_mod_mg2(1),0.0,-1.2880909867574233e-07
PEPGLY_REV_g.24158.CDS.755-MONOMER,0.0,-3.289526929776941e-12
PEPGLY_FWD_g.24158.CDS.755-MONOMER,0.0,3.446886770737718e-40
PEPGLY_REV_g.24158.CDS.360-MONOMER,0.0,-1.059927055772581e-08
PEPGLY_FWD_g.24158.CDS.360-MONOMER,0.0,-1.0595981030796032e-08
PEPGLY_REV_g.24158.CDS.1609-MONOMER,0.0,-1.0428564071589357e-08
PEPGLY_FWD_g.24158.CDS.1609-MONOMER,0.0,-1.0425274544659581e-08
PETHCT_REV_g.24158.CDS.1331-MONOMER_mod_mg2(1),0.0,-1.5809318636577574e-08
PETHCT_FWD_g.24158.CDS.1331-MONOMER_mod_mg2(1),0.0,-6.018855558011025e-41
PFK_REV_g.24158.CDS.1133-MONOMER_mod_mg2(1),0.0,-4.640113508951482e-07
PFK_FWD_g.24158.CDS.1133-MONOMER_mod_mg2(1),0.0,7.254467692337145e-40
PFK_REV_g.24158.CDS.734-MONOMER,0.0,-5.09927077965175e-07
PFK_FWD_g.24158.CDS.734-MONOMER,0.0,-4.591572707002684e-08
PFK_2_REV_g.24158.CDS.1133-MONOMER_mod_mg2(1),0.0,-2.409670666901271e-07
PFK_2_FWD_g.24158.CDS.1133-MONOMER_mod_mg2(1),0.0,-2.2304428420502112e-07
PFK_2_REV_CPLX_FRUK-0,0.0,-1.896853409366306e-08
PFK_2_FWD_CPLX_FRUK-0,0.0,-1.0457516085570866e-09
PFK_2_REV_g.24158.CDS.734-MONOMER,0.0,-2.8688279376015395e-07
PFK_2_FWD_g.24158.CDS.734-MONOMER,0.0,-2.6896001127504794e-07
PFK_2_REV_g.24158.CDS.112-MONOMER_mod_mg2(1),0.0,-1.7922782485105974e-08
PFK_2_FWD_g.24158.CDS.112-MONOMER_mod_mg2(1),3.864197719486337e-56,1.6658839570345475e-41
PFK_3_REV_g.24158.CDS.1133-MONOMER_mod_mg2(1),0.0,-4.640113508951482e-07
PFK_3_FWD_g.24158.CDS.1133-MONOMER_mod_mg2(1),0.0,1.0881701538505717e-40
PFK_3_REV_g.24158.CDS.734-MONOMER,0.0,-5.09927077965175e-07
PFK_3_FWD_g.24158.CDS.734-MONOMER,0.0,-4.591572707002684e-08
PFL_REV_g.24158.CDS.1783-MONOMER_mod_glycyl(1),0.0,-1.0742592508589167e-07
PFL_FWD_g.24158.CDS.1783-MONOMER_mod_glycyl(1),0.0,-9.076173559973484e-08
PFL_REV_g.24158.CDS.315-MONOMER,0.0,-1.666418948615682e-08
PFL_FWD_g.24158.CDS.315-MONOMER,-2.7963324164102356e-40,9.311186528469308e-40
PFL_REV_g.24158.CDS.829-MONOMER,0.0,-1.0742592508589167e-07
PFL_FWD_g.24158.CDS.829-MONOMER,0.0,-9.076173559973484e-08
PFL_REV_g.24158.CDS.882-MONOMER,0.0,-1.666418948615682e-08
PFL_FWD_g.24158.CDS.882-MONOMER,1.0062563647558636,8.579086221601948e-40
PGAMT_REV_g.24158.CDS.1752-MONOMER,0.0002758959355280441,2.7499930576725523e-41
PGAMT_FWD_g.24158.CDS.1752-MONOMER,0.0,-1.8862738319244614e-08
PGI_REV_g.24158.CDS.682-MONOMER,0.0,-1.9386559656048127e-07
PGI_FWD_g.24158.CDS.682-MONOMER,0.0,-1.9684617768676084e-07
PGK_REV_g.24158.CDS.706-MONOMER,0.0,-1.7861041242695788e-08
PGK_FWD_g.24158.CDS.706-MONOMER,0.0,-7.848274152706102e-41
PGL_REV_g.24158.CDS.573-MONOMER,0.0,-1.7269183125338816e-08
PGL_FWD_g.24158.CDS.573-MONOMER,0.0,1.3052022461041286e-41
PGLYCP_REV_g.24158.CDS.1779-MONOMER_mod_mg2(1)_mod_cl(1),0.0,-1.5520533588603086e-08
PGLYCP_FWD_g.24158.CDS.1779-MONOMER_mod_mg2(1)_mod_cl(1),0.0,3.4034554747378406e-41
PGM_REV_g.24158.CDS.376-MONOMER,0.0,-1.575327248831574e-08
PGM_FWD_g.24158.CDS.376-MONOMER,0.0,-2.784532868325447e-41
PGMT_REV_g.24158.CDS.1461-MONOMER,0.00036786124737072545,-1.55749801794639e-41
PGMT_FWD_g.24158.CDS.1461-MONOMER,0.0,-2.0079285104663145e-08
PGPGT_REV_CPLX_dummy,0.0,-1.8133646769920992e-08
PGPGT_FWD_CPLX_dummy,-2.4380618137613884e-27,1.9282958286658636e-40
PGPP180_REV_CPLX_dummy,0.0,-1.8133646769920992e-08
PGPP180_FWD_CPLX_dummy,5.465611880047403e-05,2.3343583976792643e-40
PGPPAI17_REV_CPLX_dummy,0.0,-1.8133646769920992e-08
PGPPAI17_FWD_CPLX_dummy,5.465611880047403e-05,-2.862126383241533e-40
PGPPI17_REV_CPLX_dummy,0.0,-1.8133646769920992e-08
PGPPI17_FWD_CPLX_dummy,5.465611880047403e-05,-2.862126383241533e-40
PGSA120_REV_g.24158.CDS.1493-MONOMER_mod_mg2(1),0.0,-1.5080230716665664e-08
PGSA120_FWD_g.24158.CDS.1493-MONOMER_mod_mg2(1),-1.541174623810623e-56,6.645040002389503e-42
PGSA140_REV_g.24158.CDS.1493-MONOMER_mod_mg2(1),0.0,-1.5080230716665664e-08
PGSA140_FWD_g.24158.CDS.1493-MONOMER_mod_mg2(1),-6.164698495242492e-56,6.645040002389503e-42
PGSA141_REV_g.24158.CDS.1493-MONOMER_mod_mg2(1),0.0,-1.5080230716665664e-08
PGSA141_FWD_g.24158.CDS.1493-MONOMER_mod_mg2(1),0.0,3.3225200011947515e-41
PGSA160_REV_g.24158.CDS.1493-MONOMER_mod_mg2(1),0.0,-1.5080230716665664e-08
PGSA160_FWD_g.24158.CDS.1493-MONOMER_mod_mg2(1),6.164698495242492e-56,-5.790677716367996e-41
PGSA161_REV_g.24158.CDS.1493-MONOMER_mod_mg2(1),0.0,-1.5080230716665664e-08
PGSA161_FWD_g.24158.CDS.1493-MONOMER_mod_mg2(1),0.0,3.3225200011947515e-41
PGSA180_REV_g.24158.CDS.1493-MONOMER_mod_mg2(1),0.0,-1.5080230716665664e-08
PGSA180_FWD_g.24158.CDS.1493-MONOMER_mod_mg2(1),5.465611880047403e-05,-4.376233487287944e-40
PGSA181_REV_g.24158.CDS.1493-MONOMER_mod_mg2(1),0.0,-1.5080230716665664e-08
PGSA181_FWD_g.24158.CDS.1493-MONOMER_mod_mg2(1),-6.767215374874829e-26,6.645040002389503e-42
PGSAAI15_REV_g.24158.CDS.1493-MONOMER_mod_mg2(1),0.0,-1.5080230716665664e-08
PGSAAI15_FWD_g.24158.CDS.1493-MONOMER_mod_mg2(1),0.0,4.841386287455209e-41
PGSAAI17_REV_g.24158.CDS.1493-MONOMER_mod_mg2(1),0.0,-1.5080230716665664e-08
PGSAAI17_FWD_g.24158.CDS.1493-MONOMER_mod_mg2(1),5.465611880047403e-05,4.841386287455209e-41
PGSAI14_REV_g.24158.CDS.1493-MONOMER_mod_mg2(1),0.0,-1.5080230716665664e-08
PGSAI14_FWD_g.24158.CDS.1493-MONOMER_mod_mg2(1),0.0,3.3225200011947515e-41
PGSAI15_REV_g.24158.CDS.1493-MONOMER_mod_mg2(1),0.0,-1.5080230716665664e-08
PGSAI15_FWD_g.24158.CDS.1493-MONOMER_mod_mg2(1),0.0,2.9143246867622535e-40
PGSAI16_REV_g.24158.CDS.1493-MONOMER_mod_mg2(1),0.0,-1.5080230716665664e-08
PGSAI16_FWD_g.24158.CDS.1493-MONOMER_mod_mg2(1),0.0,3.3225200011947515e-41
PGSAI17_REV_g.24158.CDS.1493-MONOMER_mod_mg2(1),0.0,-1.5080230716665664e-08
PGSAI17_FWD_g.24158.CDS.1493-MONOMER_mod_mg2(1),5.465611880047403e-05,2.9143246867622535e-40
PHETA1_REV_g.24158.CDS.1343-MONOMER,0.0,-1.0996593429702688e-08
PHETA1_FWD_g.24158.CDS.1343-MONOMER,0.0,-6.9725050194421e-09
PHEt2r_REV_CPLX_dummy,0.0,-1.8133646769920992e-08
PHEt2r_FWD_CPLX_dummy,0.00048391706932640697,2.37491687557186e-42
PHPB2_REV_g.24158.CDS.252-MONOMER,0.0,-1.646385534595782e-08
PHPB2_FWD_g.24158.CDS.252-MONOMER,0.0,-3.2499826656319946e-42
PHYCBOXL_REV_g.24158.CDS.920-MONOMER_mod_mg2(1),0.0,2.135378834581886e-09
PHYCBOXL_FWD_g.24158.CDS.920-MONOMER_mod_mg2(1),0.0,-3.4131914705260096e-08
PIabc_REV_CPLX_PIabc-1,0.0,-2.393307001718767e-08
PIabc_FWD_CPLX_PIabc-1,0.002229791299647507,-5.896178198391461e-37
PIabc_REV_CPLX_PIabc-0,0.0,-2.393307001718767e-08
PIabc_FWD_CPLX_PIabc-0,5.733458315254973e-51,-2.784610079202039e-37
PIt7ir_REV_g.24158.CDS.816-MONOMER,0.0,-1.9392365438797917e-08
PIt7ir_FWD_g.24158.CDS.816-MONOMER,-7.808304643075341e-51,1.523020367767199e-41
PMEVKc_REV_g.24158.CDS.1663-MONOMER,0.0,-1.7197422184221408e-08
PMEVKc_FWD_g.24158.CDS.1663-MONOMER,2.4876941501318166e-56,2.1995104338917927e-40
PMPK_REV_g.24158.CDS.1318-MONOMER,0.0,-2.2765832087471176e-08
PMPK_FWD_g.24158.CDS.1318-MONOMER,0.0,-1.4847492217714876e-40
PMTCOATA_REV_g.24158.CDS.901-MONOMER,-1.3109258330481792e-55,3.950722715819654e-40
PMTCOATA_FWD_g.24158.CDS.901-MONOMER,0.0,-1.7183752054834597e-08
PNP_REV_g.24158.CDS.797-MONOMER,0.0,-8.90539619236178e-08
PNP_FWD_g.24158.CDS.797-MONOMER,0.0,-2.3324789729906705e-40
PNP_REV_g.24158.CDS.933-MONOMER,0.0,-8.90539619236178e-08
PNP_FWD_g.24158.CDS.933-MONOMER,0.0,-1.6620738907008477e-40
PNTK_REV_g.24158.CDS.192-MONOMER_mod_mg2(1),0.0,-2.0612846729063e-08
PNTK_FWD_g.24158.CDS.192-MONOMER_mod_mg2(1),1.6845158685319593e-05,1.4010449412091906e-40
PNTOabc_REV_CPLX_dummy,0.0,-1.8133646769920992e-08
PNTOabc_FWD_CPLX_dummy,1.6845158685319593e-05,-1.5630051880113334e-40
PPA_REV_g.24158.CDS.773-MONOMER,0.0,9.742708405039898e-08
PPA_FWD_g.24158.CDS.773-MONOMER,0.0,-1.142648334195048e-07
PPA_REV_g.24158.CDS.103-MONOMER,0.0,9.941728880018454e-08
PPA_FWD_g.24158.CDS.103-MONOMER,0.0,-1.1227462866971923e-07
PPA2_REV_CPLX_dummy,0.0,1.1457950421001356e-07
PPA2_FWD_CPLX_dummy,0.0,-1.3271315097993455e-07
PPAKr_REV_g.24158.CDS.880-MONOMER_mod_mg2(1),0.0,-1.836107439853371e-08
PPAKr_FWD_g.24158.CDS.880-MONOMER_mod_mg2(1),2.2072764944364344e-51,-1.0946496490319087e-40
PPAt2_REV_CPLX_dummy,0.0,-1.8133646769920992e-08
PPAt2_FWD_CPLX_dummy,1.098994349801772e-51,0.0
PPCDC_REV_CPLX_PPCDC-0,0.0,-1.8539176723200285e-08
PPCDC_FWD_CPLX_PPCDC-0,1.6845158685319593e-05,2.3805135154400718e-40
PPCK_REV_g.24158.CDS.365-MONOMER,0.0,9.787086600160989e-08
PPCK_FWD_g.24158.CDS.365-MONOMER,0.0,-1.1742525331766003e-07
PPCr_REV_g.24158.CDS.920-MONOMER_mod_mg2(1),0.0,-3.199653587067821e-08
PPCr_FWD_g.24158.CDS.920-MONOMER_mod_mg2(1),0.1782975704655136,8.620461250631112e-37
PPDK_REV_g.24158.CDS.146-MONOMER,0.0,2.8429764826506657e-08
PPDK_FWD_g.24158.CDS.146-MONOMER,0.0,-5.031098499434405e-08
PPIACPT_REV_g.24158.CDS.1660-MONOMER,0.0,-1.7239663321510638e-08
PPIACPT_FWD_g.24158.CDS.1660-MONOMER,0.05046085645130347,1.7283094978274835e-37
PPM_REV_CPLX_dummy,0.0,-1.8133646769920992e-08
PPM_FWD_CPLX_dummy,0.0004289042710707233,-4.570570985001285e-41
PPNCL3_REV_g.24158.CDS.1718-MONOMER,0.0,-1.6038439882138428e-08
PPNCL3_FWD_g.24158.CDS.1718-MONOMER,1.6845158685319593e-05,-4.807533585961987e-37
PPND_REV_g.24158.CDS.639-MONOMER,0.0,5.038218596016711e-08
PPND_FWD_g.24158.CDS.639-MONOMER,0.0,-6.806965721881512e-08
PPND2_REV_g.24158.CDS.639-MONOMER,0.0,7.131993973673978e-08
PPND2_FWD_g.24158.CDS.639-MONOMER,0.0,-8.900741099538778e-08
PPNDH_REV_g.24158.CDS.586-MONOMER,0.0,-1.611935394357201e-08
PPNDH_FWD_g.24158.CDS.586-MONOMER,0.0,1.0183320580181836e-41
PPNDH_REV_g.24158.CDS.750-MONOMER,0.0,-1.6291791263301413e-08
PPNDH_FWD_g.24158.CDS.750-MONOMER,0.0,-1.7243731972940426e-10
PPTT_REV_g.24158.CDS.714-MONOMER_mod_mg2(1),0.0,-1.7084037106723535e-08
PPTT_FWD_g.24158.CDS.714-MONOMER_mod_mg2(1),4.421902723848333e-56,-3.573271210121744e-40
PPTT_REV_g.24158.CDS.714-MONOMER_mod_mn2(1),0.0,-1.7084045074076807e-08
PPTT_FWD_g.24158.CDS.714-MONOMER_mod_mn2(1),0.0,-7.967353268780836e-15
PRAGS_REV_g.24158.CDS.1736-MONOMER,0.0,6.657148049504694e-07
PRAGS_FWD_g.24158.CDS.1736-MONOMER,0.0,-6.838646716989561e-07
PRAIS_REV_g.24158.CDS.1162-MONOMER_mod_k(1)_mod_mg2(1),0.0,-2.0447853330728675e-08
PRAIS_FWD_g.24158.CDS.1162-MONOMER_mod_k(1)_mod_mg2(1),1.2457193229780508e-56,1.5972397746769497e-40
PRASCSi_REV_g.24158.CDS.1724-MONOMER,0.0,-1.6203276161330314e-08
PRASCSi_FWD_g.24158.CDS.1724-MONOMER,1.2725211836610469e-56,2.368392127400432e-40
PRASCSi_REV_g.24158.CDS.1162-MONOMER_mod_k(1)_mod_mg2(1),0.0,-1.8325564746029494e-08
PRASCSi_FWD_g.24158.CDS.1162-MONOMER_mod_k(1)_mod_mg2(1),0.0,-2.1222885846991796e-09
PRFGS_REV_g.24158.CDS.1396-MONOMER,0.0,-2.381028894736223e-08
PRFGS_FWD_g.24158.CDS.1396-MONOMER,0.0,2.346866803075136e-41
PROabc_REV_g.24158.CDS.881-MONOMER,0.0,1.2305089148805134e-07
PROabc_FWD_g.24158.CDS.881-MONOMER,0.0,-1.389024574210361e-07
PROt2r_REV_CPLX_dummy,0.0,-1.8133646769920992e-08
PROt2r_FWD_CPLX_dummy,0.0002914270097443945,0.0
PRPPS_REV_g.24158.CDS.973-MONOMER_mod_mn2(1)_mod_pi(1),0.0,-1.7476501769980575e-08
PRPPS_FWD_g.24158.CDS.973-MONOMER_mod_mn2(1)_mod_pi(1),0.0,-6.719060564321887e-11
PRPPS_REV_g.24158.CDS.973-MONOMER_mod_mg2(1)_mod_pi(1),0.0,-1.7476375625010452e-08
PRPPS_FWD_g.24158.CDS.973-MONOMER_mod_mg2(1)_mod_pi(1),0.0,-6.706446067309729e-11
PRPPS_REV_g.24158.CDS.1056-MONOMER,0.0,-1.7409311164337356e-08
PRPPS_FWD_g.24158.CDS.1056-MONOMER,0.0004289042710707233,-9.66745171285643e-37
PSD120_REV_CPLX_dummy,0.0,-1.8133646769920992e-08
PSD120_FWD_CPLX_dummy,0.0,-5.640594434932334e-41
PSD140_REV_CPLX_dummy,0.0,-1.8133646769920992e-08
PSD140_FWD_CPLX_dummy,0.0,-5.640594434932334e-41
PSD160_REV_CPLX_dummy,0.0,-1.8133646769920992e-08
PSD160_FWD_CPLX_dummy,0.0,-5.640594434932334e-41
PSD180_REV_CPLX_dummy,0.0,-1.8133646769920992e-08
PSD180_FWD_CPLX_dummy,1.8218706266824677e-05,-5.640594434932334e-41
PSD181_REV_CPLX_dummy,0.0,-1.8133646769920992e-08
PSD181_FWD_CPLX_dummy,0.0,-5.640594434932334e-41
PSDAI17_REV_CPLX_dummy,0.0,-1.8133646769920992e-08
PSDAI17_FWD_CPLX_dummy,1.8218706266824677e-05,3.1384845958469653e-40
PSDI17_REV_CPLX_dummy,0.0,-1.8133646769920992e-08
PSDI17_FWD_CPLX_dummy,1.8218706266824677e-05,-5.640594434932334e-41
PSP_L_REV_g.24158.CDS.1570-MONOMER,0.0,-1.5756852192794892e-08
PSP_L_FWD_g.24158.CDS.1570-MONOMER,0.0,-8.895667953532743e-41
PSSA120_REV_CPLX_dummy,0.0,-1.8133646769920992e-08
PSSA120_FWD_CPLX_dummy,-2.0276741479256331e-56,7.215280928338638e-42
PSSA140_REV_CPLX_dummy,0.0,-1.8133646769920992e-08
PSSA140_FWD_CPLX_dummy,-2.0276741479256331e-56,7.215280928338638e-42
PSSA160_REV_CPLX_dummy,0.0,-1.8133646769920992e-08
PSSA160_FWD_CPLX_dummy,-2.0276741479256331e-56,1.457486747524405e-40
PSSA180_REV_CPLX_dummy,0.0,-1.8133646769920992e-08
PSSA180_FWD_CPLX_dummy,1.8218706266824677e-05,6.537044521074807e-40
PSSA181_REV_CPLX_dummy,0.0,-1.8133646769920992e-08
PSSA181_FWD_CPLX_dummy,6.767215374874829e-26,-3.896251701302865e-41
PSSAAI17_REV_CPLX_dummy,0.0,-1.8133646769920992e-08
PSSAAI17_FWD_CPLX_dummy,1.8218706266824677e-05,2.8428206857654237e-40
PSSAI17_REV_CPLX_dummy,0.0,-1.8133646769920992e-08
PSSAI17_FWD_CPLX_dummy,1.8218706266824677e-05,4.689932603420115e-40
PTA2_REV_g.24158.CDS.970-MONOMER,0.0,-2.7270967055006226e-08
PTA2_FWD_g.24158.CDS.970-MONOMER,2.1675143718856763e-51,2.734203961120434e-37
PTAr_REV_g.24158.CDS.970-MONOMER,0.0,-2.7270967055006226e-08
PTAr_FWD_g.24158.CDS.970-MONOMER,1.0022759689846104,3.7352673634239273e-37
PTPAT_REV_g.24158.CDS.807-MONOMER_mod_mg2(1),0.0,-2.3190509997201934e-08
PTPAT_FWD_g.24158.CDS.807-MONOMER_mod_mg2(1),1.6845158685319593e-05,-5.595910112670214e-37
PTRCabc_REV_CPLX_PTRCabc-0,0.0,-2.6329574864086236e-08
PTRCabc_FWD_CPLX_PTRCabc-0,1.6845158685319593e-05,-1.794575575402059e-40
PUNP1_REV_g.24158.CDS.797-MONOMER,5.097242407730587e-52,6.771713147392269e-41
PUNP1_FWD_g.24158.CDS.797-MONOMER,0.0,-8.90539619236178e-08
PUNP1_REV_g.24158.CDS.933-MONOMER,-1.6413985942218428e-22,0.0
PUNP1_FWD_g.24158.CDS.933-MONOMER,0.0,-8.90539619236178e-08
PUNP2_REV_g.24158.CDS.797-MONOMER,0.0,-8.90539619236178e-08
PUNP2_FWD_g.24158.CDS.797-MONOMER,0.0,7.524125719324743e-42
PUNP2_REV_g.24158.CDS.933-MONOMER,0.0,-8.90539619236178e-08
PUNP2_FWD_g.24158.CDS.933-MONOMER,1.5761999308422483e-22,-2.7701231511680793e-41
PUNP3_REV_g.24158.CDS.797-MONOMER,0.0,-8.90539619236178e-08
PUNP3_FWD_g.24158.CDS.797-MONOMER,0.0,7.524125719324743e-42
PUNP3_REV_g.24158.CDS.933-MONOMER,0.0,-8.90539619236178e-08
PUNP3_FWD_g.24158.CDS.933-MONOMER,0.0,0.0
PUNP4_REV_g.24158.CDS.797-MONOMER,0.0,-7.092031515369682e-08
PUNP4_FWD_g.24158.CDS.797-MONOMER,0.0,-1.8133646769920992e-08
PUNP4_REV_g.24158.CDS.933-MONOMER,0.0,-7.092031515369682e-08
PUNP4_FWD_g.24158.CDS.933-MONOMER,0.0,-1.8133646769920992e-08
PUNP5_REV_g.24158.CDS.797-MONOMER,0.0,-8.90539619236178e-08
PUNP5_FWD_g.24158.CDS.797-MONOMER,0.0,-5.26688800352732e-41
PUNP5_REV_g.24158.CDS.933-MONOMER,0.0,-8.90539619236178e-08
PUNP5_FWD_g.24158.CDS.933-MONOMER,0.0,0.0
PUNP6_REV_g.24158.CDS.797-MONOMER,0.0,3.762062859662372e-41
PUNP6_FWD_g.24158.CDS.797-MONOMER,0.0,-8.90539619236178e-08
PUNP6_REV_g.24158.CDS.933-MONOMER,0.0,-2.7701231511680793e-41
PUNP6_FWD_g.24158.CDS.933-MONOMER,0.0,-8.90539619236178e-08
PUNP7_REV_g.24158.CDS.797-MONOMER,0.0,-8.90539619236178e-08
PUNP7_FWD_g.24158.CDS.797-MONOMER,0.0,6.771713147392269e-41
PUNP7_REV_g.24158.CDS.933-MONOMER,0.0,-8.90539619236178e-08
PUNP7_FWD_g.24158.CDS.933-MONOMER,0.0,1.1080492604672317e-40
PYDAMK_REV_g.24158.CDS.189-MONOMER_mod_k(1)_mod_mg2(1),0.0,-2.0116799424419834e-08
PYDAMK_FWD_g.24158.CDS.189-MONOMER_mod_k(1)_mod_mg2(1),0.0,5.2526123890621014e-42
PYDAMabc_REV_CPLX_dummy,0.0,3.748302707358049e-07
PYDAMabc_FWD_CPLX_dummy,0.0,-3.929639175057259e-07
PYDXK_REV_g.24158.CDS.189-MONOMER_mod_k(1)_mod_mg2(1),0.0,-2.0116799424419834e-08
PYDXK_FWD_g.24158.CDS.189-MONOMER_mod_k(1)_mod_mg2(1),1.6845159941090563e-05,1.2641123196514135e-40
PYDXNK_REV_g.24158.CDS.189-MONOMER_mod_k(1)_mod_mg2(1),0.0,-2.0116799424419834e-08
PYDXNK_FWD_g.24158.CDS.189-MONOMER_mod_k(1)_mod_mg2(1),0.0,5.2526123890621014e-42
PYDXNabc_REV_CPLX_dummy,0.0,3.748302707358049e-07
PYDXNabc_FWD_CPLX_dummy,0.0,-3.929639175057259e-07
PYDXabc_REV_CPLX_dummy,0.0,-1.8133646769920992e-08
PYDXabc_FWD_CPLX_dummy,1.6845159941090563e-05,-1.0758347398000087e-40
PYK_REV_g.24158.CDS.1346-MONOMER_mod_mg2(1)_mod_k(1),0.0,-2.742450268960083e-08
PYK_FWD_g.24158.CDS.1346-MONOMER_mod_mg2(1)_mod_k(1),0.17792970921814286,-1.808615336534941e-40
PYK_REV_g.24158.CDS.1346-MONOMER_mod_mn2(1)_mod_k(1),0.0,-2.742450268960083e-08
PYK_FWD_g.24158.CDS.1346-MONOMER_mod_mn2(1)_mod_k(1),0.0,6.3807212686606165e-31
PYNP1r_REV_g.24158.CDS.861-MONOMER,0.0004289042710707233,4.852863284921094e-37
PYNP1r_FWD_g.24158.CDS.861-MONOMER,0.0,-2.2136174166891838e-08
PYNP2r_REV_g.24158.CDS.861-MONOMER,0.0,-1.9103828215596883e-08
PYNP2r_FWD_g.24158.CDS.861-MONOMER,0.0,-3.0323459512949543e-09
PYNP2r_REV_g.24158.CDS.991-MONOMER,0.0,-1.6071482264301927e-08
PYNP2r_FWD_g.24158.CDS.991-MONOMER,1.6413985942218428e-22,-4.831797928224042e-36
PYNP2r_REV_g.24158.CDS.1071-MONOMER,0.0,-1.61224313208878e-08
PYNP2r_FWD_g.24158.CDS.1071-MONOMER,0.0,-5.0949056585871904e-11
PYRCT_REV_g.24158.CDS.62-MONOMER,0.0,-1.127102971905764e-40
PYRCT_FWD_g.24158.CDS.62-MONOMER,0.0,-1.2011847304874858e-07
PYROX_REV_g.24158.CDS.892-MONOMER_mod_mg2(1)_mod_thmpp(1)_mod_fad(1),0.0,1.1658637780806517e-08
PYROX_FWD_g.24158.CDS.892-MONOMER_mod_mg2(1)_mod_thmpp(1)_mod_fad(1),0.0,-1.1730930547439811e-08
Q8abc_REV_CPLX_dummy,0.0,6.759449513130304e-08
Q8abc_FWD_CPLX_dummy,0.0,-8.572814190122403e-08
RAFH_REV_g.24158.CDS.1407-MONOMER,0.0,-1.899717067849651e-08
RAFH_FWD_g.24158.CDS.1407-MONOMER,0.0,-2.8041851925504965e-41
RB5PE_REV_g.24158.CDS.1564-MONOMER,0.0,-4.975558393087644e-41
RB5PE_FWD_g.24158.CDS.1564-MONOMER,0.0,-1.777555628496136e-08
RBFK_REV_g.24158.CDS.1274-MONOMER,0.0,-1.7316840533536254e-08
RBFK_FWD_g.24158.CDS.1274-MONOMER,1.6845158685319593e-05,5.0966059093099176e-42
RBP4E_REV_g.24158.CDS.747-MONOMER,2.1075236163371835e-56,-2.3602492936736916e-41
RBP4E_FWD_g.24158.CDS.747-MONOMER,0.0,-1.5747795415804646e-08
RDH1_REV_g.24158.CDS.1469-MONOMER_mod_fe2(1),0.0,-9.609914919234241e-41
RDH1_FWD_g.24158.CDS.1469-MONOMER_mod_fe2(1),0.0,-5.623902053073924e-08
RDH1_REV_g.24158.CDS.699-MONOMER,0.0,1.5187136154817484e-40
RDH1_FWD_g.24158.CDS.699-MONOMER,0.0,-5.623902053073924e-08
RE1944C_REV_g.24158.CDS.942-MONOMER,0.0,5.90015816550382e-41
RE1944C_FWD_g.24158.CDS.942-MONOMER,0.0,-1.723464116788095e-08
RHC_REV_CPLX_dummy,0.0,-7.330300709747819e-09
RHC_FWD_CPLX_dummy,0.0,-1.0803346060173173e-08
RHCCE_REV_g.24158.CDS.1187-MONOMER,0.0,-1.4660601419495638e-08
RHCCE_FWD_g.24158.CDS.1187-MONOMER,1.0369586078912693e-06,0.0
RIBFLVt2r_REV_g.24158.CDS.616-MONOMER,0.0,-1.523967100880685e-08
RIBFLVt2r_FWD_g.24158.CDS.616-MONOMER,3.3690317370639186e-05,1.4689538620665038e-42
RNDR1_REV_CPLX_RNDR1-0,0.0,-3.174444155264984e-08
RNDR1_FWD_CPLX_RNDR1-0,0.0,-1.4221816848399235e-08
RNDR2_REV_CPLX_RNDR1-0,0.0,-3.8855349976849457e-08
RNDR2_FWD_CPLX_RNDR1-0,0.0,-7.110908424199618e-09
RNDR3_REV_CPLX_RNDR1-0,0.0,-4.703394507659114e-09
RNDR3_FWD_CPLX_RNDR1-0,0.0,-4.1262863893389965e-08
RNDR4_REV_CPLX_RNDR1-0,0.0,-4.5966258401049076e-08
RNDR4_FWD_CPLX_RNDR1-0,-1.8481624165179107e-51,8.045580033813978e-35
RNTR1_REV_g.24158.CDS.852-MONOMER,0.0,-3.174444155264984e-08
RNTR1_FWD_g.24158.CDS.852-MONOMER,0.0,1.0323231467122954e-34
RNTR1_REV_g.24158.CDS.1399-MONOMER,0.0,-3.174444155264984e-08
RNTR1_FWD_g.24158.CDS.1399-MONOMER,0.0001253752520655045,-1.4209567858251606e-35
RNTR2_REV_g.24158.CDS.852-MONOMER,0.0,-3.174444155264984e-08
RNTR2_FWD_g.24158.CDS.852-MONOMER,0.0,1.0323231467122954e-34
RNTR2_REV_g.24158.CDS.1399-MONOMER,0.0,-3.174444155264984e-08
RNTR2_FWD_g.24158.CDS.1399-MONOMER,7.899303662752303e-05,-1.4209567858251606e-35
RNTR3_REV_g.24158.CDS.852-MONOMER,0.0,2.407513916540504e-09
RNTR3_FWD_g.24158.CDS.852-MONOMER,0.0,-3.4151955469190346e-08
RNTR3_REV_g.24158.CDS.1399-MONOMER,0.0,2.407513916540504e-09
RNTR3_FWD_g.24158.CDS.1399-MONOMER,0.0,-3.4151955469190346e-08
RNTR4_REV_g.24158.CDS.852-MONOMER,0.0,-3.174444155264984e-08
RNTR4_FWD_g.24158.CDS.852-MONOMER,0.0,1.0323231467122954e-34
RNTR4_REV_g.24158.CDS.1399-MONOMER,0.0,-3.174444155264984e-08
RNTR4_FWD_g.24158.CDS.1399-MONOMER,-1.6413779544079354e-22,-1.4209567858251606e-35
RPE_REV_g.24158.CDS.1576-MONOMER,9.9269855936435e-44,7.3281394609347244e-40
RPE_FWD_g.24158.CDS.1576-MONOMER,0.0,-1.517526258361187e-08
RPE_REV_g.24158.CDS.240-MONOMER,0.0,-1.4842774598196547e-10
RPE_FWD_g.24158.CDS.240-MONOMER,0.0,-1.5323690329593837e-08
RPI_REV_g.24158.CDS.166-MONOMER,9.926983174933007e-44,5.319131644060776e-41
RPI_FWD_g.24158.CDS.166-MONOMER,0.0,-1.8593536336841113e-08
RZ5PP_REV_CPLX_dummy,0.0,7.904372583323321e-07
RZ5PP_FWD_CPLX_dummy,0.0,-8.085709051022532e-07
S17BPH_REV_g.24158.CDS.787-MONOMER,0.0,3.475718217292519e-07
S17BPH_FWD_g.24158.CDS.787-MONOMER,0.0,-3.6373218435584444e-07
SADH_REV_g.24158.CDS.1406-MONOMER,0.0,-1.8175294112191582e-08
SADH_FWD_g.24158.CDS.1406-MONOMER,0.0,2.750870397033614e-42
SALCpts_REV_CPLX_ARBTpts-3,0.0,-4.4111408229896456e-07
SALCpts_FWD_CPLX_ARBTpts-3,0.0,-2.4471735613345223e-08
SALCpts_REV_CPLX_ARBTpts-0,0.0,-4.216293553512705e-07
SALCpts_FWD_CPLX_ARBTpts-0,0.0,-4.987008665651189e-09
SALCpts_REV_CPLX_ARBTpts-5,0.0,-5.666328955197792e-07
SALCpts_FWD_CPLX_ARBTpts-5,0.0,-1.4999054883415996e-07
SALCpts_REV_CPLX_ARBTpts-4,0.0,-5.158269220574016e-07
SALCpts_FWD_CPLX_ARBTpts-4,0.0,-9.918457537178221e-08
SALCpts_REV_CPLX_ARBTpts-2,0.0,-4.3490955877249215e-07
SALCpts_FWD_CPLX_ARBTpts-2,0.0,-1.826721208687285e-08
SALCpts_REV_CPLX_ARBTpts-1,0.0,-4.166423466856193e-07
SALCpts_FWD_CPLX_ARBTpts-1,-5.9358861009032595e-58,2.46471013084076e-41
SALCpts_REV_CPLX_ARBTpts-6,0.0,-5.289010106053307e-07
SALCpts_FWD_CPLX_ARBTpts-6,0.0,-1.1225866391971143e-07
SBTpts_REV_CPLX_ACGApts-0,0.0,-7.551511811196354e-07
SBTpts_FWD_CPLX_ACGApts-0,0.0,-6.696683463933733e-41
SERATi_REV_g.24158.CDS.1523-MONOMER,0.0,-1.363361976691526e-08
SERATi_FWD_g.24158.CDS.1523-MONOMER,7.441788397162421e-56,2.26478286903702e-40
SERATi_REV_g.24158.CDS.1310-MONOMER,0.0,-1.856300477328609e-08
SERATi_FWD_g.24158.CDS.1310-MONOMER,0.0,-4.929385006370831e-09
SERt2r_REV_CPLX_dummy,0.0,-1.8133646769920992e-08
SERt2r_FWD_CPLX_dummy,1.0,7.215280928338638e-42
SGAT_REV_CPLX_G3PAT120-0,0.0,-1.9770948488118213e-08
SGAT_FWD_CPLX_G3PAT120-0,0.0,2.3860292605007203e-40
SHEMEabc_REV_CPLX_dummy,0.0,-1.8133646769920992e-08
SHEMEabc_FWD_CPLX_dummy,1.6845158685319593e-05,-1.0149384337735932e-41
SHK3Dr_REV_g.24158.CDS.410-MONOMER,0.0,-1.9671246137974755e-08
SHK3Dr_FWD_g.24158.CDS.410-MONOMER,0.0,1.152512677856301e-40
SHKK_REV_g.24158.CDS.75-MONOMER,0.0,-1.4427232372983621e-08
SHKK_FWD_g.24158.CDS.75-MONOMER,0.0,-1.5135273523425695e-40
SO4t2_REV_g.24158.CDS.1521-MONOMER,0.0,0.0
SO4t2_FWD_g.24158.CDS.1521-MONOMER,0.0,-1.1269890202649267e-08
SPMDabc_REV_CPLX_PTRCabc-0,0.0,-2.6329574864086236e-08
SPMDabc_FWD_CPLX_PTRCabc-0,1.6845158685319593e-05,-1.794575575402059e-40
SPODM_REV_g.24158.CDS.1242-MONOMER_mod_mn2(1),0.0,-1.809450539400446e-08
SPODM_FWD_g.24158.CDS.1242-MONOMER_mod_mn2(1),-2.9741279518301605e-39,1.4644900245126531e-41
SRTNt2_REV_CPLX_dummy,0.0,7.330346859569661e-09
SRTNt2_FWD_CPLX_dummy,0.0,-2.5463993629490653e-08
STCOATA_REV_g.24158.CDS.901-MONOMER,0.0,-8.591876027417299e-09
STCOATA_FWD_g.24158.CDS.901-MONOMER,0.0,-8.591876027417299e-09
SUCCITRDSs_REV_CPLX_dummy,0.0,2.0442209828088548e-08
SUCCITRDSs_FWD_CPLX_dummy,0.0,-3.857585659800954e-08
SUCCt2r_REV_CPLX_dummy,-2.197988699603544e-51,1.7448812500517483e-42
SUCCt2r_FWD_CPLX_dummy,0.0,-1.8133646769920992e-08
SUCD1_REV_g.24158.CDS.254-MONOMER,0.0,-1.0944250804388012e-09
SUCD1_FWD_g.24158.CDS.254-MONOMER,0.0,-1.1150960167483145e-08
SUCD1_REV_g.24158.CDS.948-MONOMER,0.0,-3.991961530718238e-09
SUCD1_FWD_g.24158.CDS.948-MONOMER,0.0,-1.4048496617762583e-08
SUCD1_REV_g.24158.CDS.625-MONOMER,0.0,-7.600198442248941e-41
SUCD1_FWD_g.24158.CDS.625-MONOMER,0.0,-1.0056535087044344e-08
SUCD1_REV_g.24158.CDS.539-MONOMER,0.0,-2.3085316171603622e-10
SUCD1_FWD_g.24158.CDS.539-MONOMER,0.0,-1.028738824876038e-08
SUCDi_REV_g.24158.CDS.254-MONOMER,0.0,2.9441307609995228e-09
SUCDi_FWD_g.24158.CDS.254-MONOMER,0.0,-1.518951600892147e-08
SUCDi_REV_g.24158.CDS.625-MONOMER,0.0,4.038555841438324e-09
SUCDi_FWD_g.24158.CDS.625-MONOMER,0.0,-1.4095090928482668e-08
SUCDi_REV_g.24158.CDS.539-MONOMER,0.0,3.807702679722287e-09
SUCDi_FWD_g.24158.CDS.539-MONOMER,0.0,-1.4325944090198705e-08
SUCORNTC_REV_CPLX_dummy,0.0,-1.8133646769920992e-08
SUCORNTC_FWD_CPLX_dummy,0.0,7.104569036415152e-41
SUCpts_REV_CPLX_SUCpts-1,0.0,-4.591797692080784e-07
SUCpts_FWD_CPLX_SUCpts-1,0.0,-6.129633409461177e-08
SUCpts_REV_CPLX_SUCpts-0,0.0,-4.341338491741378e-07
SUCpts_FWD_CPLX_SUCpts-0,0.0,-3.625041406067121e-08
SUCpts_REV_CPLX_SUCpts-2,0.0,-5.184865716847536e-07
SUCpts_FWD_CPLX_SUCpts-2,0.0,-1.2060313657128704e-07
SUDPDGT_REV_CPLX_dummy,0.0,-1.8133646769920992e-08
SUDPDGT_FWD_CPLX_dummy,1.5327551973780228e-05,-1.489695453328283e-40
SUDPMGT_REV_CPLX_dummy,0.0,-1.8133646769920992e-08
SUDPMGT_FWD_CPLX_dummy,1.5327551973780228e-05,2.2128485860119153e-40
TALA_REV_g.24158.CDS.717-MONOMER,0.0,-6.51720259014574e-09
TALA_FWD_g.24158.CDS.717-MONOMER,0.0,-2.2359906853098186e-08
TALA_REV_g.24158.CDS.1382-MONOMER,4.963492835224393e-44,-1.2772087307741652e-39
TALA_FWD_g.24158.CDS.1382-MONOMER,0.0,-1.5842704262952448e-08
TDCOATA_REV_g.24158.CDS.901-MONOMER,0.0,-8.591876027417299e-09
TDCOATA_FWD_g.24158.CDS.901-MONOMER,0.0,-8.591876027417299e-09
TDG3PACT_REV_CPLX_G3PAT120-0,0.0,-1.9770948488118213e-08
TDG3PACT_FWD_CPLX_G3PAT120-0,0.0,7.372343470200184e-40
TDPDRE_REV_g.24158.CDS.1576-MONOMER,0.0,-1.517526258361187e-08
TDPDRE_FWD_g.24158.CDS.1576-MONOMER,-3.9695869742677996e-56,-9.951071609912666e-41
TDPDRRr_REV_g.24158.CDS.1423-MONOMER,0.0,-1.6605130800909215e-08
TDPDRRr_FWD_g.24158.CDS.1423-MONOMER,0.0,-1.1142090036793515e-41
TDPGDH_REV_g.24158.CDS.1334-MONOMER_mod_nad(1),0.0,-1.737780689075445e-08
TDPGDH_FWD_g.24158.CDS.1334-MONOMER_mod_nad(1),0.0,-5.182957917965702e-41
TECA1S180_REV_CPLX_dummy,0.0,-1.8133646769920992e-08
TECA1S180_FWD_CPLX_dummy,1.5327551973780228e-05,-4.485959528306729e-39
TECA1SAI17_REV_CPLX_dummy,0.0,-1.8133646769920992e-08
TECA1SAI17_FWD_CPLX_dummy,1.5327551973780228e-05,1.6358474331258693e-39
TECA1SI17_REV_CPLX_dummy,0.0,-1.8133646769920992e-08
TECA1SI17_FWD_CPLX_dummy,1.5327551973780228e-05,9.556466596333583e-40
TECA2S180_REV_CPLX_dummy,0.0,-1.8133646769920992e-08
TECA2S180_FWD_CPLX_dummy,3.831887993445057e-06,-8.58222069680004e-40
TECA2SAI17_REV_CPLX_dummy,0.0,-1.8133646769920992e-08
TECA2SAI17_FWD_CPLX_dummy,3.831887993445057e-06,-8.58222069680004e-40
TECA2SI17_REV_CPLX_dummy,0.0,-1.8133646769920992e-08
TECA2SI17_FWD_CPLX_dummy,3.831887993445057e-06,-8.58222069680004e-40
TECA3S140_REV_g.24158.CDS.1151-MONOMER,0.0,-1.8779779150998644e-08
TECA3S140_FWD_g.24158.CDS.1151-MONOMER,0.0,-1.4719909400862634e-35
TECA3S160_REV_g.24158.CDS.1151-MONOMER,0.0,-1.8779779150998644e-08
TECA3S160_FWD_g.24158.CDS.1151-MONOMER,-1.3331654412932426e-56,-1.4719909400862634e-35
TECA3S180_REV_g.24158.CDS.1151-MONOMER,0.0,-1.8779779150998644e-08
TECA3S180_FWD_g.24158.CDS.1151-MONOMER,3.831887993445057e-06,-5.489824615061547e-35
TECA3SAI15_REV_g.24158.CDS.1151-MONOMER,0.0,-1.8779779150998644e-08
TECA3SAI15_FWD_g.24158.CDS.1151-MONOMER,0.0,-1.4718223785123846e-35
TECA3SAI17_REV_g.24158.CDS.1151-MONOMER,0.0,-1.8779779150998644e-08
TECA3SAI17_FWD_g.24158.CDS.1151-MONOMER,3.831887993445057e-06,-5.489993176635427e-35
TECA3SI14_REV_g.24158.CDS.1151-MONOMER,0.0,-1.8779779150998644e-08
TECA3SI14_FWD_g.24158.CDS.1151-MONOMER,7.396502314002638e-42,-1.4719909400862634e-35
TECA3SI15_REV_g.24158.CDS.1151-MONOMER,0.0,-1.8779779150998644e-08
TECA3SI15_FWD_g.24158.CDS.1151-MONOMER,0.0,-1.4719909400862634e-35
TECA3SI16_REV_g.24158.CDS.1151-MONOMER,0.0,-1.8779779150998644e-08
TECA3SI16_FWD_g.24158.CDS.1151-MONOMER,0.0,-1.4719909400862634e-35
TECA3SI17_REV_g.24158.CDS.1151-MONOMER,0.0,-1.8779779150998644e-08
TECA3SI17_FWD_g.24158.CDS.1151-MONOMER,3.831887993445057e-06,-5.490161738209305e-35
TECA4S_REV_CPLX_dummy,0.0,-1.7211287326121842e-39
TECA4S_FWD_CPLX_dummy,0.0,-1.8133646769920992e-08
TECA5S140_REV_g.24158.CDS.1670-MONOMER_mod_mg2(1),0.0,-1.8211344010842658e-08
TECA5S140_FWD_g.24158.CDS.1670-MONOMER_mod_mg2(1),1.886995421694702e-58,-2.8953327959972202e-40
TECA5S160_REV_g.24158.CDS.1670-MONOMER_mod_mg2(1),0.0,-1.8211344010842658e-08
TECA5S160_FWD_g.24158.CDS.1670-MONOMER_mod_mg2(1),1.4341165204879735e-56,-2.8953327959972202e-40
TECA5S180_REV_g.24158.CDS.1670-MONOMER_mod_mg2(1),0.0,-1.8211344010842658e-08
TECA5S180_FWD_g.24158.CDS.1670-MONOMER_mod_mg2(1),3.831887993445057e-06,-1.5300440675081543e-39
TECA5SAI15_REV_g.24158.CDS.1670-MONOMER_mod_mg2(1),0.0,-1.8211344010842658e-08
TECA5SAI15_FWD_g.24158.CDS.1670-MONOMER_mod_mg2(1),-1.886995421694702e-58,-2.8953327959972202e-40
TECA5SAI17_REV_g.24158.CDS.1670-MONOMER_mod_mg2(1),0.0,-1.8211344010842658e-08
TECA5SAI17_FWD_g.24158.CDS.1670-MONOMER_mod_mg2(1),3.831887993445057e-06,3.431999084125575e-39
TECA5SI14_REV_g.24158.CDS.1670-MONOMER_mod_mg2(1),0.0,-1.8211344010842658e-08
TECA5SI14_FWD_g.24158.CDS.1670-MONOMER_mod_mg2(1),-7.396502314002638e-42,-2.8953327959972202e-40
TECA5SI15_REV_g.24158.CDS.1670-MONOMER_mod_mg2(1),0.0,-1.8211344010842658e-08
TECA5SI15_FWD_g.24158.CDS.1670-MONOMER_mod_mg2(1),3.773990843389404e-58,-2.8953327959972202e-40
TECA5SI16_REV_g.24158.CDS.1670-MONOMER_mod_mg2(1),0.0,-1.8211344010842658e-08
TECA5SI16_FWD_g.24158.CDS.1670-MONOMER_mod_mg2(1),1.886995421694702e-58,-2.8953327959972202e-40
TECA5SI17_REV_g.24158.CDS.1670-MONOMER_mod_mg2(1),0.0,-1.8211344010842658e-08
TECA5SI17_FWD_g.24158.CDS.1670-MONOMER_mod_mg2(1),3.831887993445057e-06,-2.8953327959972202e-40
TECAAE_REV_CPLX_dummy,0.0,-3.8093381792005467e-39
TECAAE_FWD_CPLX_dummy,0.0,-1.8133646769920992e-08
TECAGE_REV_CPLX_dummy,0.0,9.38542675735143e-40
TECAGE_FWD_CPLX_dummy,0.0,-1.8133646769920992e-08
TECAUE_REV_CPLX_dummy,1.065773376593904e-56,-9.979779662265937e-40
TECAUE_FWD_CPLX_dummy,0.0,-1.8133646769920992e-08
TGBPA_REV_g.24158.CDS.1209-MONOMER,0.0,-1.0832646851406984e-10
TGBPA_FWD_g.24158.CDS.1209-MONOMER,0.0,-1.710712880317163e-08
TGBPA_REV_g.24158.CDS.1011-MONOMER,-5.810882310753991e-56,-4.733334305001227e-41
TGBPA_FWD_g.24158.CDS.1011-MONOMER,0.0,-1.6998802334657558e-08
THIORDXi_REV_g.24158.CDS.1817-MONOMER,0.0,-9.470122975961897e-09
THIORDXi_FWD_g.24158.CDS.1817-MONOMER,0.0,-9.894816519410949e-09
THMDt2r_REV_CPLX_dummy,0.0,-1.8133646769920992e-08
THMDt2r_FWD_CPLX_dummy,0.0001253752520655045,1.7448812500517483e-42
THMabc_REV_CPLX_THMabc-0,0.0,-2.095308903021642e-08
THMabc_FWD_CPLX_THMabc-0,1.6845158685319593e-05,-4.3659597162008243e-41
THRD_L_REV_CPLX_dummy,0.0,1.8133646769920992e-08
THRD_L_FWD_CPLX_dummy,0.0,-3.6267293539841984e-08
THRS_REV_g.24158.CDS.1574-MONOMER,0.0,1.1680561387411264e-07
THRS_FWD_g.24158.CDS.1574-MONOMER,0.0,-1.3615301916946e-07
THRt2r_REV_CPLX_dummy,0.0,-1.8133646769920992e-08
THRt2r_FWD_CPLX_dummy,0.0006022049730404367,0.0
THZPSN_REV_CPLX_THZPSN-1,0.0,-2.1258625313938407e-08
THZPSN_FWD_CPLX_THZPSN-1,0.0,1.7748510915557713e-39
THZPSN_REV_CPLX_THZPSN-0,0.0,-2.12842364096655e-08
THZPSN_FWD_CPLX_THZPSN-0,0.0,-2.5611095727093553e-11
TKT1_REV_g.24158.CDS.419-MONOMER_mod_thmpp(1)_mod_mn2(1)_mod_mg2(1),4.963493938678586e-44,2.0895658255614174e-41
TKT1_FWD_g.24158.CDS.419-MONOMER_mod_thmpp(1)_mod_mn2(1)_mod_mg2(1),0.0,-3.5697199417568255e-07
TKT2_REV_g.24158.CDS.419-MONOMER_mod_thmpp(1)_mod_mn2(1)_mod_mg2(1),4.963491627650833e-44,0.0
TKT2_FWD_g.24158.CDS.419-MONOMER_mod_thmpp(1)_mod_mn2(1)_mod_mg2(1),0.0,-3.5697199417568255e-07
TMDK1_REV_g.24158.CDS.575-MONOMER_mod_mg2(1),0.0,-2.066203831313353e-07
TMDK1_FWD_g.24158.CDS.575-MONOMER_mod_mg2(1),0.0,-1.742649195130151e-07
TMDK2_REV_CPLX_dummy,0.0,-1.8133646769920992e-08
TMDK2_FWD_CPLX_dummy,0.0001253752520655045,1.29405904606952e-40
TMDPK_REV_g.24158.CDS.427-MONOMER,0.0,-1.5695041632350414e-08
TMDPK_FWD_g.24158.CDS.427-MONOMER,1.6845158685319593e-05,-1.4394883646530184e-40
TMDS_REV_g.24158.CDS.480-MONOMER_mod_mg2(1),0.0,-1.4290859863166455e-07
TMDS_FWD_g.24158.CDS.480-MONOMER_mod_mg2(1),2.0478782026990758e-27,8.599192910701529e-42
TMN_REV_g.24158.CDS.1154-MONOMER,0.0,1.1445612755027732e-07
TMN_FWD_g.24158.CDS.1154-MONOMER,0.0,-1.391289229507479e-07
TMPK_REV_g.24158.CDS.1663-MONOMER,0.0,-1.7197422184221408e-08
TMPK_FWD_g.24158.CDS.1663-MONOMER,-1.9143542143856366e-55,1.9812892153024739e-41
TPI_REV_g.24158.CDS.130-MONOMER,-5.284207543877487e-35,-6.262862740419742e-41
TPI_FWD_g.24158.CDS.130-MONOMER,0.0,-1.6098693983797103e-08
TPI_REV_g.24158.CDS.1737-MONOMER,0.0015321592296368353,-4.2010645532976965e-41
TPI_FWD_g.24158.CDS.1737-MONOMER,0.0,-1.6098693983797103e-08
TRDOXOX_REV_g.24158.CDS.1295-MONOMER,0.0,3.5382262417051265e-35
TRDOXOX_FWD_g.24158.CDS.1295-MONOMER,0.0,-2.318382600617648e-08
TRDOXOX_REV_g.24158.CDS.781-MONOMER,0.0,-3.689987753770299e-10
TRDOXOX_FWD_g.24158.CDS.781-MONOMER,0.0,-2.355282478155351e-08
TRDRr_REV_g.24158.CDS.1561-MONOMER,0.0,-2.3332211166882135e-08
TRDRr_FWD_g.24158.CDS.1561-MONOMER,0.0002043682868400564,1.7769474128279969e-35
TRDRr_REV_g.24158.CDS.1118-MONOMER,0.0,-2.3332211166882135e-08
TRDRr_FWD_g.24158.CDS.1118-MONOMER,-1.391186004663765e-51,4.857385067548012e-35
TRE6PH_REV_g.24158.CDS.678-MONOMER,0.0,-1.9556512629765308e-08
TRE6PH_FWD_g.24158.CDS.678-MONOMER,0.0,2.1616279536431568e-41
TREpts_REV_CPLX_TREpts-0,0.0,-2.2812715067680016e-07
TREpts_FWD_CPLX_TREpts-0,0.0,-2.2151483176184447e-07
TRIOK_REV_g.24158.CDS.1173-MONOMER_mod_ca2(1),0.0,-1.7922490197363584e-08
TRIOK_FWD_g.24158.CDS.1173-MONOMER_mod_ca2(1),0.0,-9.91632521420992e-13
TRIOK_REV_g.24158.CDS.1173-MONOMER_mod_fe2(1),0.0,-1.7921661497056524e-08
TRIOK_FWD_g.24158.CDS.1173-MONOMER_mod_fe2(1),0.0,-1.6293221435877764e-13
TRIOK_REV_g.24158.CDS.1173-MONOMER_mod_cobalt2(1),0.0,-1.7921498564842163e-08
TRIOK_FWD_g.24158.CDS.1173-MONOMER_mod_cobalt2(1),0.0015743099975647308,-1.6830818603370994e-39
TRIOK_REV_g.24158.CDS.1173-MONOMER_mod_mg2(1),0.0,-1.792332032552698e-08
TRIOK_FWD_g.24158.CDS.1173-MONOMER_mod_mg2(1),0.0,-1.821760684817282e-12
TRIOK_REV_g.24158.CDS.1173-MONOMER_mod_mn2(1),0.0,-1.792330665231924e-08
TRIOK_FWD_g.24158.CDS.1173-MONOMER_mod_mn2(1),0.0,-1.8080874770749912e-12
TRPt2r_REV_CPLX_dummy,0.0,-1.8133646769920992e-08
TRPt2r_FWD_CPLX_dummy,7.027976177114713e-05,-4.7995432231773177e-42
TRYPTAt2_REV_CPLX_dummy,0.0,-1.8133646769920992e-08
TRYPTAt2_FWD_CPLX_dummy,2.114624866317553e-39,-5.234643750155245e-42
TSULST_REV_g.24158.CDS.1580-MONOMER_mod_pydx5p(2),0.0,-1.6128942935392365e-09
TSULST_FWD_g.24158.CDS.1580-MONOMER_mod_pydx5p(2),0.0,-1.9364540306112854e-08
TSULST_REV_g.24158.CDS.68-MONOMER,0.0,2.1411400501037952e-41
TSULST_FWD_g.24158.CDS.68-MONOMER,0.0,-1.7751646012573617e-08
TYMt2r_REV_CPLX_dummy,2.6669509495973387e-41,-5.234643750155245e-42
TYMt2r_FWD_CPLX_dummy,0.0,-1.8133646769920992e-08
TYRCBOX_REV_g.24158.CDS.920-MONOMER_mod_mg2(1),0.0,-3.199653587067821e-08
TYRCBOX_FWD_g.24158.CDS.920-MONOMER_mod_mg2(1),3.5408237703341506e-26,0.0
TYRTA_REV_g.24158.CDS.1343-MONOMER,0.0,-1.7969098449144787e-08
TYRTA_FWD_g.24158.CDS.1343-MONOMER,0.0,-7.870678097016921e-42
TYRTA_REV_g.24158.CDS.1426-MONOMER,0.0,-1.9981142654275083e-08
TYRTA_FWD_g.24158.CDS.1426-MONOMER,0.0,-2.012044205130294e-09
TYRTA_REV_g.24158.CDS.951-MONOMER,0.0,-1.9981142654275083e-08
TYRTA_FWD_g.24158.CDS.951-MONOMER,0.0,-2.012044205130294e-09
TYRTA_REV_g.24158.CDS.230-MONOMER,0.0,-1.9981142654275083e-08
TYRTA_FWD_g.24158.CDS.230-MONOMER,0.0,-2.012044205130294e-09
TYRt2r_REV_CPLX_dummy,0.0,-1.8133646769920992e-08
TYRt2r_FWD_CPLX_dummy,0.0004158793880548477,2.6235593656723074e-42
UAAGDS_REV_CPLX_dummy,0.0,-1.8133646769920992e-08
UAAGDS_FWD_CPLX_dummy,0.0,3.856766048339654e-41
UACMAMAT_REV_CPLX_dummy,0.0,-1.8133646769920992e-08
UACMAMAT_FWD_CPLX_dummy,-5.3105041582799476e-48,-5.640594434932334e-41
UAG2E_REV_g.24158.CDS.1500-MONOMER_mod_nad(1),5.3105041208565204e-48,-2.7704722103137114e-41
UAG2E_FWD_g.24158.CDS.1500-MONOMER_mod_nad(1),0.0,-1.7805407813924627e-08
UAG2EMA_REV_g.24158.CDS.1500-MONOMER_mod_nad(1),0.0,-1.7805407813924627e-08
UAG2EMA_FWD_g.24158.CDS.1500-MONOMER_mod_nad(1),0.0,-1.4217222788660275e-40
UAG4E_REV_g.24158.CDS.1372-MONOMER,0.0,-1.1688570872816757e-40
UAG4E_FWD_g.24158.CDS.1372-MONOMER,0.0,-1.7202770701092686e-08
UAG4E_REV_g.24158.CDS.1316-MONOMER_mod_nad(1),0.0,-1.6555220416933658e-09
UAG4E_FWD_g.24158.CDS.1316-MONOMER_mod_nad(1),0.0,-1.885829274278605e-08
UAGCVT_r_REV_g.24158.CDS.342-MONOMER,0.0,-1.8129388929405165e-08
UAGCVT_r_FWD_g.24158.CDS.342-MONOMER,1.8931987546728696e-55,7.627326751014517e-40
UAGCVT_r_REV_g.24158.CDS.752-MONOMER,0.0,-1.8174643098270305e-08
UAGCVT_r_FWD_g.24158.CDS.752-MONOMER,0.0,-4.525416886513805e-11
UAGDP_REV_g.24158.CDS.1319-MONOMER_mod_mg2(1),0.0,-2.496031086466268e-08
UAGDP_FWD_g.24158.CDS.1319-MONOMER_mod_mg2(1),0.0002758959355280441,-4.459065015805477e-37
UAGDP_REV_g.24158.CDS.961-MONOMER_mod_mg2(1),0.0,-2.5035902968656948e-08
UAGDP_FWD_g.24158.CDS.961-MONOMER_mod_mg2(1),0.0,-7.55921039942671e-11
UAGPT2_REV_g.24158.CDS.796-MONOMER,0.0,-1.7544303181687828e-08
UAGPT2_FWD_g.24158.CDS.796-MONOMER,0.0,1.9535216987972534e-40
UAGPT3_REV_g.24158.CDS.796-MONOMER,0.0,-1.7544303181687828e-08
UAGPT3_FWD_g.24158.CDS.796-MONOMER,-1.2851400354290351e-55,1.0792182811537275e-40
UAMAGS_REV_g.24158.CDS.925-MONOMER_mod_k(1)_mod_mg2(1),0.0,-1.8465036122014532e-08
UAMAGS_FWD_g.24158.CDS.925-MONOMER_mod_k(1)_mod_mg2(1),0.0,-6.466216911817751e-40
UAMAS_REV_g.24158.CDS.355-MONOMER_mod_mg2(1),0.0,-1.8494426741093054e-08
UAMAS_FWD_g.24158.CDS.355-MONOMER_mod_mg2(1),2.0135844121822024e-55,-5.580110366013584e-41
UAPGR_REV_g.24158.CDS.589-MONOMER_mod_fad(1),0.0,-1.6665483365184172e-08
UAPGR_FWD_g.24158.CDS.589-MONOMER_mod_fad(1),1.8485125305186166e-55,1.4309598105126031e-40
UDCPDP_REV_g.24158.CDS.1555-MONOMER,0.0,-2.4957753899952676e-13
UDCPDP_FWD_g.24158.CDS.1555-MONOMER,-2.4329661850525402e-45,-3.860024333760614e-40
UDCPDPS_REV_g.24158.CDS.211-MONOMER_mod_mg2(1),0.0,-1.9546484918888324e-08
UDCPDPS_FWD_g.24158.CDS.211-MONOMER_mod_mg2(1),3.831887993445057e-06,2.267230815381461e-39
UDPG4E_REV_g.24158.CDS.1372-MONOMER,-1.0009203395327256e-27,-1.6992905764235149e-40
UDPG4E_FWD_g.24158.CDS.1372-MONOMER,0.0,-1.7202770701092686e-08
UDPG4E_REV_g.24158.CDS.1316-MONOMER_mod_nad(1),0.0,-1.6555220416933658e-09
UDPG4E_FWD_g.24158.CDS.1316-MONOMER_mod_nad(1),0.0,-1.885829274278605e-08
UGMDDS_REV_g.24158.CDS.828-MONOMER,0.0,-1.862175357924755e-08
UGMDDS_FWD_g.24158.CDS.828-MONOMER,-5.630965296179202e-56,1.4414680171186915e-39
UMPK_REV_g.24158.CDS.1792-MONOMER_mod_mg2(1),0.0,-1.5715509411205537e-08
UMPK_FWD_g.24158.CDS.1792-MONOMER_mod_mg2(1),0.012196080861077868,7.401195370570802e-41
UMPK_REV_g.24158.CDS.1082-MONOMER,0.0,-1.5809597830553013e-08
UMPK_FWD_g.24158.CDS.1082-MONOMER,0.0,-9.408841934747686e-11
UMPK_REV_g.24158.CDS.1607-MONOMER_mod_mg2(1),0.0,-1.7195623466756512e-08
UMPK_FWD_g.24158.CDS.1607-MONOMER_mod_mg2(1),0.0,-1.4801140555509773e-09
UPPRT_REV_CPLX_UPPRT-0,0.0,3.461335626267564e-08
UPPRT_FWD_CPLX_UPPRT-0,0.0,-5.254604349222439e-08
UPPRT_REV_g.24158.CDS.69-MONOMER,0.0,3.623242489615774e-08
UPPRT_FWD_g.24158.CDS.69-MONOMER,0.0,-5.092697485874228e-08
URAt2_REV_g.24158.CDS.193-MONOMER,0.0,2.4642983022830845e-07
URAt2_FWD_g.24158.CDS.193-MONOMER,0.0,-2.64947430107425e-07
URIDK3_REV_g.24158.CDS.1082-MONOMER,-1.6413779544079354e-22,-1.1269571046226602e-40
URIDK3_FWD_g.24158.CDS.1082-MONOMER,0.0,-1.5903686249900488e-08
URIDK3_REV_g.24158.CDS.1607-MONOMER_mod_mg2(1),0.0,-1.3860256362035006e-09
URIDK3_FWD_g.24158.CDS.1607-MONOMER_mod_mg2(1),0.0,-1.7289711886103988e-08
URIK1_REV_g.24158.CDS.1401-MONOMER_mod_mg2(1),0.0,-1.577128757491013e-08
URIK1_FWD_g.24158.CDS.1401-MONOMER_mod_mg2(1),0.0006122401864486982,-9.755210347916672e-37
URIK10_REV_g.24158.CDS.1401-MONOMER_mod_mg2(1),0.0,1.319384156166791e-07
URIK10_FWD_g.24158.CDS.1401-MONOMER_mod_mg2(1),0.0,-1.4770970319158924e-07
URIK11_REV_g.24158.CDS.1401-MONOMER_mod_mg2(1),0.0,1.248275071924795e-07
URIK11_FWD_g.24158.CDS.1401-MONOMER_mod_mg2(1),0.0,-1.405987947673896e-07
URIK12_REV_g.24158.CDS.1401-MONOMER_mod_mg2(1),0.0,1.319384156166791e-07
URIK12_FWD_g.24158.CDS.1401-MONOMER_mod_mg2(1),0.0,-1.4770970319158924e-07
URIK13_REV_g.24158.CDS.1401-MONOMER_mod_mg2(1),0.0,1.319384156166791e-07
URIK13_FWD_g.24158.CDS.1401-MONOMER_mod_mg2(1),0.0,-1.4770970319158924e-07
URIK14_REV_g.24158.CDS.1401-MONOMER_mod_mg2(1),0.0,1.319384156166791e-07
URIK14_FWD_g.24158.CDS.1401-MONOMER_mod_mg2(1),0.0,-1.4770970319158924e-07
URIK2_REV_g.24158.CDS.1401-MONOMER_mod_mg2(1),0.0,-8.660379150710515e-09
URIK2_FWD_g.24158.CDS.1401-MONOMER_mod_mg2(1),0.0,-7.110908424199618e-09
URIK3_REV_g.24158.CDS.1401-MONOMER_mod_mg2(1),0.0,-1.577128757491013e-08
URIK3_FWD_g.24158.CDS.1401-MONOMER_mod_mg2(1),0.0,-2.8210056239363733e-41
URIK4_REV_g.24158.CDS.1401-MONOMER_mod_mg2(1),0.0,-8.660379150710515e-09
URIK4_FWD_g.24158.CDS.1401-MONOMER_mod_mg2(1),0.0,-7.110908424199618e-09
URIK5_REV_g.24158.CDS.1401-MONOMER_mod_mg2(1),0.0,-8.660379150710515e-09
URIK5_FWD_g.24158.CDS.1401-MONOMER_mod_mg2(1),0.0,-7.110908424199618e-09
URIK6_REV_g.24158.CDS.1401-MONOMER_mod_mg2(1),0.0,-1.577128757491013e-08
URIK6_FWD_g.24158.CDS.1401-MONOMER_mod_mg2(1),-1.6413779544079354e-22,5.915011792124653e-41
URIK7_REV_g.24158.CDS.1401-MONOMER_mod_mg2(1),0.0,-8.660379150710515e-09
URIK7_FWD_g.24158.CDS.1401-MONOMER_mod_mg2(1),0.0,-7.110908424199618e-09
URIK8_REV_g.24158.CDS.1401-MONOMER_mod_mg2(1),0.0,-8.660379150710515e-09
URIK8_FWD_g.24158.CDS.1401-MONOMER_mod_mg2(1),0.0,-7.110908424199618e-09
URIK9_REV_g.24158.CDS.1401-MONOMER_mod_mg2(1),0.0,-8.660379150710515e-09
URIK9_FWD_g.24158.CDS.1401-MONOMER_mod_mg2(1),0.0,-7.110908424199618e-09
URIt2r_REV_CPLX_dummy,0.0,-1.8133646769920992e-08
URIt2r_FWD_CPLX_dummy,0.0006122401864486982,-1.7448812500517483e-42
VALTA_REV_g.24158.CDS.594-MONOMER_mod_pydx5p(1),0.0,-5.067747658602821e-07
VALTA_FWD_g.24158.CDS.594-MONOMER_mod_pydx5p(1),0.0,-9.817494513367064e-10
VALTA_REV_g.24158.CDS.594-MONOMER_mod_pydx5p(6),0.0,-5.057930164089453e-07
VALTA_FWD_g.24158.CDS.594-MONOMER_mod_pydx5p(6),-1.763153880766725e-51,8.130943972538327e-35
VALabc_REV_g.24158.CDS.348-MONOMER,0.0,-1.6485309884684307e-08
VALabc_FWD_g.24158.CDS.348-MONOMER,0.0,-5.792206667615166e-11
VALabc_REV_g.24158.CDS.722-MONOMER,0.0,-1.6427387818008155e-08
VALabc_FWD_g.24158.CDS.722-MONOMER,0.0007919138656460746,-9.697654714053631e-35
VALabc_REV_g.24158.CDS.175-MONOMER,0.0,-1.6427387818008155e-08
VALabc_FWD_g.24158.CDS.175-MONOMER,0.0,-1.2853881626645052e-34
VALabc_REV_g.24158.CDS.868-MONOMER,0.0,-1.6650113982613878e-08
VALabc_FWD_g.24158.CDS.868-MONOMER,0.0,-2.2272616460572415e-10
VALabc_REV_g.24158.CDS.620-MONOMER,0.0,-1.707597286794737e-08
VALabc_FWD_g.24158.CDS.620-MONOMER,0.0,-6.485850499392154e-10
VALt2r_REV_g.24158.CDS.660-MONOMER,0.0,-2.965143834970166e-07
VALt2r_FWD_g.24158.CDS.660-MONOMER,0.0,-9.654262406018014e-35
XPPTr_REV_g.24158.CDS.1585-MONOMER,-4.599325801995764e-56,9.161144264654247e-41
XPPTr_FWD_g.24158.CDS.1585-MONOMER,0.0,-2.136479755017408e-08
XYLI1_REV_g.24158.CDS.682-MONOMER,0.0,-3.907117742472421e-07
XYLI1_FWD_g.24158.CDS.682-MONOMER,0.0,0.0
XYLI2_REV_g.24158.CDS.682-MONOMER,0.0,-3.907117742472421e-07
XYLI2_FWD_g.24158.CDS.682-MONOMER,-1.230431376434719e-50,2.2442251775399817e-41
YUMPS_REV_CPLX_YUMPS-2,0.0,-2.0684165905981475e-08
YUMPS_FWD_CPLX_YUMPS-2,0.0,-9.56532805217487e-10
YUMPS_REV_CPLX_YUMPS-1,0.0,-2.0758191555284748e-08
YUMPS_FWD_CPLX_YUMPS-1,0.0,-1.03055845452076e-09
YUMPS_REV_CPLX_YUMPS-0,0.0,-1.972763310076399e-08
YUMPS_FWD_CPLX_YUMPS-0,0.0,-5.077480047190052e-41
ZN2t4_REV_g.24158.CDS.854-MONOMER,6.852188652676395e-08,-1.460413650464785e-42
ZN2t4_FWD_g.24158.CDS.854-MONOMER,0.0,-1.7015793662724837e-08
ZNabc_REV_CPLX_ZNabc-0,0.0,8.07305187749703e-08
ZNabc_FWD_CPLX_ZNabc-0,0.0,-9.982589198973077e-08
dreplication_REV_CPLX_dreplication-1,0.0,-4.235622006080358e-08
dreplication_FWD_CPLX_dreplication-1,0.0,0.0
dreplication_REV_CPLX_dreplication-0,0.0,-4.2535296196473625e-08
dreplication_FWD_CPLX_dreplication-0,0.0,-1.7907613567003792e-10
pbiosynthesis_REV_CPLX_pbiosynthesis-1,0.0,-4.869271983999463e-08
pbiosynthesis_FWD_CPLX_pbiosynthesis-1,4.547779296375826e-26,-3.307181746719704e-42
pbiosynthesis_REV_CPLX_pbiosynthesis-0,0.0,-5.148905536714099e-08
pbiosynthesis_FWD_CPLX_pbiosynthesis-0,0.0,-2.7963355271463655e-09
r0060_REV_CPLX_r0060-0,0.0,-1.9489647736441614e-08
r0060_FWD_CPLX_r0060-0,0.9993481085301913,4.082287592671765e-33
r0127_REV_g.24158.CDS.1134-MONOMER,0.0,1.2094710816258545e-08
r0127_FWD_g.24158.CDS.1134-MONOMER,0.0,-2.417258272358344e-08
r0127_REV_g.24158.CDS.1004-MONOMER,0.0,1.020940843125734e-08
r0127_FWD_g.24158.CDS.1004-MONOMER,0.0,-2.6057885108584645e-08
r0191_REV_g.24158.CDS.734-MONOMER,0.0,-5.028161695409755e-07
r0191_FWD_g.24158.CDS.734-MONOMER,0.0,-5.302663549422646e-08
r0236_REV_g.24158.CDS.639-MONOMER,0.0,-1.7687471258648005e-08
r0236_FWD_g.24158.CDS.639-MONOMER,0.0,-2.0789633362937834e-40
r0330_REV_g.24158.CDS.639-MONOMER,0.0,-1.7687471258648005e-08
r0330_FWD_g.24158.CDS.639-MONOMER,0.0,1.1928478159062692e-40
r0339_REV_g.24158.CDS.1173-MONOMER_mod_ca2(1),0.0,-1.7922490197363584e-08
r0339_FWD_g.24158.CDS.1173-MONOMER_mod_ca2(1),0.0,-9.91632521420992e-13
r0339_REV_g.24158.CDS.1173-MONOMER_mod_fe2(1),0.0,-1.7921661497056524e-08
r0339_FWD_g.24158.CDS.1173-MONOMER_mod_fe2(1),0.0,-1.6293221435877764e-13
r0339_REV_g.24158.CDS.1173-MONOMER_mod_cobalt2(1),0.0,-1.7921498564842163e-08
r0339_FWD_g.24158.CDS.1173-MONOMER_mod_cobalt2(1),0.0,6.218187161245422e-40
r0339_REV_g.24158.CDS.1173-MONOMER_mod_mg2(1),0.0,-1.792332032552698e-08
r0339_FWD_g.24158.CDS.1173-MONOMER_mod_mg2(1),0.0,-1.821760684817282e-12
r0339_REV_g.24158.CDS.1173-MONOMER_mod_mn2(1),0.0,-1.792330665231924e-08
r0339_FWD_g.24158.CDS.1173-MONOMER_mod_mn2(1),0.0,-1.8080874770749912e-12
r0345_REV_g.24158.CDS.1792-MONOMER_mod_mg2(1),0.0,-1.5715509411205537e-08
r0345_FWD_g.24158.CDS.1792-MONOMER_mod_mg2(1),0.0,2.3924794337426546e-40
r0456_REV_g.24158.CDS.734-MONOMER,0.0,-5.558428050352019e-07
r0456_FWD_g.24158.CDS.734-MONOMER,2.0639813907345492e-27,-2.789577525201071e-41
r0578_REV_g.24158.CDS.192-MONOMER_mod_mg2(1),-1.2587811486549237e-46,8.241440830642298e-42
r0578_FWD_g.24158.CDS.192-MONOMER_mod_mg2(1),0.0,-2.0612846729063e-08
r0671_REV_g.24158.CDS.1718-MONOMER,0.0,-8.810286996366136e-09
r0671_FWD_g.24158.CDS.1718-MONOMER,0.0,-7.228152885772292e-09
r0679_REV_g.24158.CDS.192-MONOMER_mod_mg2(1),0.0,-2.6372610658055353e-40
r0679_FWD_g.24158.CDS.192-MONOMER_mod_mg2(1),0.0,-2.0612846729063e-08
r0739_REV_g.24158.CDS.1469-MONOMER_mod_fe2(1),0.0,-9.609914919234241e-41
r0739_FWD_g.24158.CDS.1469-MONOMER_mod_fe2(1),0.0,-5.623902053073924e-08
r0739_REV_g.24158.CDS.699-MONOMER,0.0,1.5187136154817484e-40
r0739_FWD_g.24158.CDS.699-MONOMER,0.0,-5.623902053073924e-08
r1667_REV_g.24158.CDS.1055-MONOMER,0.0,-3.287001004226421e-08
r1667_FWD_g.24158.CDS.1055-MONOMER,-7.108300700085214e-21,0.0
r2137_REV_g.24158.CDS.364-MONOMER,-2.621247216383816e-30,0.0
r2137_FWD_g.24158.CDS.364-MONOMER,0.0,-1.799489347895368e-08
rtranscription_REV_CPLX_rtranscription-0,0.0,-3.563980316897642e-08
rtranscription_FWD_CPLX_rtranscription-0,0.0,0.0
rtranscription_REV_CPLX_rtranscription-3,0.0,-3.573114784789671e-08
rtranscription_FWD_CPLX_rtranscription-3,0.0,-9.134467892028465e-11
rtranscription_REV_CPLX_rtranscription-2,0.0,-3.564347539171623e-08
rtranscription_FWD_CPLX_rtranscription-2,0.0,-3.672222739804047e-12
rtranscription_REV_CPLX_rtranscription-1,0.0,-3.572752940222783e-08
rtranscription_FWD_CPLX_rtranscription-1,0.0,-8.772623325140412e-11
sink_PGPm1[c]_REV_CPLX_dummy,0.0,0.0
sink_PGPm1[c]_FWD_CPLX_dummy,0.0,-1.8133646769920992e-08
dummy_reaction_REV_SPONT,0.0,1.0
dummy_reaction_FWD_SPONT,1.9888643760397962e-05,0.0
GAM,0.002121636672080758,-5.101276537585844e-06
ATPM,1.0,-1.2364632759497406e-07
DNA_replication,0.0004087365773860551,-0.004611876962870889
formation_ribosome,6.099756517007466e-08,4.139821236273758e-26
formation_RNAP_g24158CDS371MONOMER,6.852110933170043e-08,-4.538944640426032e-31
formation_RNA_degradosome,3.8408067506537065e-13,3.3340298325332384e-33
formation_rRNA_containing_excision_machinery,3.3183249018581123e-15,5.041926441441055e-34
formation_monocistronic_excision_machinery,8.970281083534578e-15,0.0
CPLX_dummy_mod_2fe2s(1)_to_generic_2fe2s_transfer_complex,0.0,0.0
CPLX_dummy_2fe2s_unloading,0.0,-1.4834682753060678e-34
CPLX_dummy_mod_4fe4s(1)_to_generic_4fe4s_transfer_complex,1.0028888606338473e-23,0.0
CPLX_dummy_4fe4s_unloading,0.0,-1.2846306012515422e-34
translocation_g.24158.CDS.1469_Membrane,1.5768992242973704e-11,-3.1068930928845335e-34
translocation_g.24158.CDS.1670_Inner_Membrane,8.434021242889143e-14,0.0
translocation_g.24158.CDS.880_Membrane,7.540499519642036e-09,-2.3695300446838684e-34
translocation_g.24158.CDS.1317_Periplasm,-1.7394155888270891e-31,2.7096483484878784e-34
translocation_g.24158.CDS.1525_Inner_Membrane,-1.9134245119918949e-29,-1.3384748600498128e-34
translocation_g.24158.CDS.366_Inner_Membrane,1.3401063689357819e-09,0.0
translocation_g.24158.CDS.1799_Inner_Membrane,3.475657772253763e-31,2.30708917077707e-34
translocation_g.24158.CDS.1494_Inner_Membrane,0.0,3.2744870179044614e-39
translocation_g.24158.CDS.623_Inner_Membrane,1.4752260344502188e-29,1.086799034125824e-34
translocation_g.24158.CDS.331_Inner_Membrane,-1.0055297203501014e-31,-2.467949219626569e-34
translocation_g.24158.CDS.854_Inner_Membrane,6.100596200602105e-16,1.2811467161925984e-34
translocation_g.24158.CDS.974_Inner_Membrane,3.988036468326828e-30,-2.1281549726662972e-39
translocation_g.24158.CDS.1703_Inner_Membrane,3.1367487764958295e-13,-1.8931546692077466e-34
translocation_g.24158.CDS.744_Inner_Membrane,2.1202142971901183e-12,0.0
translocation_g.24158.CDS.784_Membrane,-4.480735276112009e-59,1.2839062230066823e-34
translocation_g.24158.CDS.861_Membrane,3.52969040014924e-12,3.5458631611893303e-34
translocation_g.24158.CDS.933_Membrane,0.0,0.0
translocation_g.24158.CDS.1555_Inner_Membrane,4.4125561201003634e-30,1.9128143304717225e-39
translocation_g.24158.CDS.95_Membrane,-2.050643698439837e-28,-2.643807090042216e-34
translocation_g.24158.CDS.947_Inner_Membrane,-1.0535985191801464e-54,2.3858828831024665e-34
translocation_g.24158.CDS.1714_Inner_Membrane,4.742673237715695e-52,0.0
translocation_g.24158.CDS.446_Inner_Membrane,1.5258502302722823e-12,0.0
translocation_g.24158.CDS.1564_Periplasm,-3.233860746334954e-30,-3.5195199935643037e-34
translocation_g.24158.CDS.674_Membrane,0.0,-7.011214784171725e-34
translocation_g.24158.CDS.1121_Inner_Membrane,2.062126057530707e-12,0.0
translocation_g.24158.CDS.275_Inner_Membrane,3.412817381545695e-27,0.0
translocation_g.24158.CDS.260_Membrane,1.8318788629017275e-30,-1.5763172203989482e-34
translocation_g.24158.CDS.1315_Inner_Membrane,2.349222195634272e-11,8.619554904557678e-35
translocation_g.24158.CDS.1640_Membrane,1.1140208646434782e-30,-1.8079354209190208e-38
translocation_g.24158.CDS.348_Inner_Membrane,-1.2004029431392169e-27,-1.2811467161925984e-34
translocation_g.24158.CDS.620_Periplasm,4.051840373861804e-59,1.8930801393385083e-34
translocation_g.24158.CDS.868_Inner_Membrane,-8.345710642821637e-53,0.0
translocation_g.24158.CDS.660_Inner_Membrane,9.156997791601728e-30,0.0
translocation_g.24158.CDS.783_Inner_Membrane,-9.710737409910174e-59,-1.5797890964901811e-34
translocation_g.24158.CDS.646_Inner_Membrane,5.706150679143149e-31,3.825628660943445e-39
translocation_g.24158.CDS.894_Inner_Membrane,-1.2895486816596797e-30,0.0
translocation_g.24158.CDS.939_Periplasm,-5.002714329694621e-31,2.002634058815148e-34
translocation_g.24158.CDS.160_Inner_Membrane,8.734775468316109e-52,0.0
translocation_g.24158.CDS.164_Inner_Membrane,0.0,0.0
translocation_g.24158.CDS.1039_Inner_Membrane,-6.831916806989764e-31,1.3343425836471368e-38
translocation_g.24158.CDS.1444_Inner_Membrane,-6.831916806989764e-31,1.0950135369577692e-34
translocation_g.24158.CDS.1496_Inner_Membrane,6.235099963391959e-56,-1.259731133517129e-34
translocation_g.24158.CDS.1255_Inner_Membrane,2.482334036924117e-60,-5.893742901153457e-39
translocation_g.24158.CDS.1783_Membrane,4.996777137812478e-47,5.113757064267402e-34
translocation_g.24158.CDS.755_Inner_Membrane,1.43918061999925e-30,-3.1657578640082447e-38
translocation_g.24158.CDS.1493_Inner_Membrane,2.0979984445168415e-12,6.090252035059567e-35
translocation_g.24158.CDS.1051_Inner_Membrane,7.218240872417088e-12,1.2963443837998428e-34
translocation_g.24158.CDS.1234_Inner_Membrane,7.218240872417088e-12,0.0
translocation_g.24158.CDS.615_Inner_Membrane,8.07783296718821e-14,-1.2148019196887697e-34
translocation_g.24158.CDS.733_Periplasm,8.07783296718821e-14,1.68257475835968e-34
translocation_g.24158.CDS.872_Inner_Membrane,8.07783296718821e-14,1.1818452747529164e-34
translocation_g.24158.CDS.1346_Membrane,1.5375140918294237e-09,-2.1900863874759615e-34
translocation_g.24158.CDS.892_Inner_Membrane,0.0,-5.162738524626421e-38
translocation_g.24158.CDS.1817_Inner_Membrane,3.705942303400545e-12,-3.6593078330689874e-35
translocation_g.24158.CDS.547_Inner_Membrane,0.0,7.019584003520606e-39
translocation_g.24158.CDS.796_Inner_Membrane,2.7940179916262754e-30,0.0
translocation_g.24158.CDS.482_Membrane,0.0,1.2678114354259493e-34
translocation_g.24158.CDS.193_Inner_Membrane,4.161168322293449e-27,1.6620110652877463e-34
translocation_g.24158.CDS.1020_Membrane,3.1069780274597795e-11,0.0
translocation_g.24158.CDS.128_Membrane,5.7277557925803355e-12,2.4647430751891162e-34
translocation_g.24158.CDS.473_Membrane,7.5536985278629e-12,-1.7911850991366682e-34
translocation_g.24158.CDS.723_Membrane,6.099757745868065e-08,0.0
translocation_g.24158.CDS.878_Membrane,1.4337759262855086e-11,0.0
translocation_1035184.3.peg.821_Membrane,7.681613501307413e-13,1.5270573072614816e-34
translocation_g.24158.CDS.1062_Inner_Membrane,2.000435806214017e-15,-2.579644950285682e-34
translocation_g.24158.CDS.1063_Membrane,4.000871612428034e-15,-1.5047837016791596e-34
translocation_g.24158.CDS.111_Membrane,6.701363976184162e-13,0.0
translocation_g.24158.CDS.1236_Membrane,1.1522420251961118e-12,0.0
translocation_g.24158.CDS.1322_Inner_Membrane,1.4980330580614144e-14,0.0
translocation_g.24158.CDS.1442_Membrane,3.350681988092077e-13,0.0
translocation_g.24158.CDS.1485_Inner_Membrane,9.402469523101006e-12,0.0
translocation_g.24158.CDS.1579_Membrane,6.099756517007466e-08,1.5024273506927484e-34
translocation_g.24158.CDS.19_Membrane,9.766849632366756e-11,0.0
translocation_g.24158.CDS.277_Membrane,6.099756517007466e-08,-1.4039075244178127e-34
translocation_g.24158.CDS.287_Inner_Membrane,1.1061083006175892e-15,-1.39219005978385e-34
translocation_g.24158.CDS.467_Membrane,2.829517129599569e-14,2.90248116154547e-34
translocation_g.24158.CDS.486_Inner_Membrane,9.766849632366756e-11,1.409507264409589e-34
translocation_g.24158.CDS.500_Inner_Membrane,3.7192153437451938e-31,0.0
biomass_constituent_demand,0.002121636672080758,-0.004669140247213858
TS_4fe4s_c,-1.1061083106482581e-15,0.0
TS_adocbl_c,-1.6845158685319593e-05,0.0
