,fluxes,reduced_costs
biomass_dilution,0.09068574396297713,-0.42951741748602335
protein_biomass_to_biomass,0.04022956096370234,-6.010281589040686e-35
mRNA_biomass_to_biomass,0.000127877088832168,0.0
tRNA_biomass_to_biomass,0.0007583112564534687,0.0
rRNA_biomass_to_biomass,0.005776965525371222,0.0
ncRNA_biomass_to_biomass,0.0,0.0
tmRNA_biomass_to_biomass,0.0,0.0
DNA_biomass_to_biomass,0.005376403443521771,0.0
lipid_biomass_to_biomass,0.0,0.0
constituent_biomass_to_biomass,0.015770425453240478,0.0
prosthetic_group_biomass_to_biomass,1.7072189773124622e-05,-1.3378865628250578e-34
peptidoglycan_biomass_to_biomass,0.0,0.0
DM_4HBA,4.359458374455337e-08,0.0
DM_AMOB,0.004493996475699539,0.0
DM_atp_c_,0.0,-0.00810553757508182
DM_btn,0.004493996475699539,0.0
DM_dad_5,0.004493996475699539,0.0
DM_dhptd(c),0.004551437732325669,0.0
DM_kdo2lipid4L(c),0.0,-0.4343127099976234
DM_pheme(c),0.0,0.0
DM_teich_45_BS(c),0.0,-5.926046401296013
EX_12ppd_S(e),0.14898579,0.0
EX_4hbz(e),0.0,0.0
EX_C02528(e),0.0,0.0
EX_ac(e),3.0316490937650395,0.0
EX_adn(e),-0.031125095766753763,0.0
EX_adocbl(e),0.0,0.0
EX_arab_L(e),-0.17878295,-0.021598615622306278
EX_arabttr(e),0.0,-0.06479592131960007
EX_arg_L(e),-0.02130660684936943,0.0
EX_asn_L(e),-0.225,-0.010127874221604279
EX_biomass(e),0.0,0.0
EX_btn(e),0.0,0.0
EX_ca2(e),0.0,0.0
EX_cbl1(e),0.0,0.0
EX_cbl2(e),0.0,0.0
EX_cd2(e),0.0,-0.020589162411582623
EX_cellb(e),-0.07449289,-0.07291958375602027
EX_cholate(e),0.0,0.0
EX_cl(e),0.0,0.0
EX_co2(e),1.6201865506050455,0.0
EX_cobalt2(e),-0.0007082683515341008,0.0
EX_cro4(e),0.0,0.0
EX_cu2(e),0.0,0.0
EX_cytd(e),0.0,-0.01824105848173729
EX_dad_2(e),0.009996107626826138,0.0
EX_dcyt(e),-0.003927435583434766,0.0
EX_ddca(e),-0.013189347891809271,0.0
EX_dgchol(e),0.0,-1.2602633192728985e-07
EX_dgsn(e),-0.009996107626826138,0.0
EX_din(e),0.0,0.0
EX_duri(e),0.0,0.0
EX_fe2(e),-3.337727489489243e-08,0.0
EX_fe3(e),0.0,0.0
EX_for(e),1.4550641765498475,0.0
EX_galt(e),0.0,0.0
EX_galur(e),0.0,-0.024308575874200947
EX_gcald(e),0.0,-0.0040502782371651305
EX_gchola(e),0.0,-1.2602633192728985e-07
EX_glc_D(e),0.0,-0.0324072543951817
EX_glcur(e),0.0,-0.024308362251691196
EX_gly(e),0.0,0.0
EX_gsn(e),0.0,-6.997578748246428e-06
EX_h(e),1.2357269220085338,0.0
EX_h2(e),1.7436224626974555e-23,0.0
EX_h2o(e),-0.04149237827742673,0.0
EX_hdca(e),0.0,0.0
EX_hg2(e),0.0,0.0
EX_hxan(e),-0.031125095766753763,0.0
EX_ins(e),0.031125095766753763,0.0
EX_isobut(e),0.0,-1.4210016860295549e-06
EX_isocapr(e),0.0,0.0
EX_isoval(e),0.0,0.0
EX_k(e),-2.447867498013924e-07,0.0
EX_lac_D(e),0.0,-0.008103047833272406
EX_lcts(e),-0.07449289,-0.07291670399759334
EX_leu_L(e),-0.052524727851151,0.0
EX_lys_L(e),-0.0334453561027784,0.0
EX_malt(e),-0.07449289,-0.07291957419983397
EX_man(e),-0.14898579,-0.03240736714808511
EX_mantr(e),0.0,-0.11342874397099431
EX_met_L(e),-0.032229485253036705,0.0
EX_mg2(e),-0.0006599779848320576,0.0
EX_mn2(e),-9.36986249127263e-07,0.0
EX_na1(e),0.0,0.0
EX_nac(e),-0.0007082511423234317,0.0
EX_nh4(e),2.218182962250639,0.0
EX_no2(e),-1.0,-0.02126277929513138
EX_o2(e),-0.01,-0.022282887101450734
EX_ocdca(e),0.0,0.0
EX_orn(e),0.0,0.0
EX_pb(e),0.0,0.0
EX_pheme(e),0.0,0.0
EX_pi(e),-0.10024864304046223,0.0
EX_ppa(e),0.0,-0.0010205936860337764
EX_ppi(e),0.025063685751557024,0.0
EX_ptrc(e),0.0,0.0
EX_pydx(e),-0.000708245344857871,0.0
EX_raffin(e),-0.00470194,-0.11342933423819626
EX_rmn(e),-0.14898579,-0.014170710151919
EX_ser_L(e),-1.0,-0.008099905594461302
EX_so4(e),0.0,0.0
EX_spmd(e),0.0,0.0
EX_stys(e),0.0,-0.15394047532126465
EX_succ(e),0.0,-0.003041989991454084
EX_sucr(e),-0.07449289,-0.07899912590717505
EX_taur(e),0.0,0.0
EX_tchola(e),0.0,-1.2602633192728985e-07
EX_tdchola(e),0.0,-1.2602633192728985e-07
EX_thr_L(e),-0.225,-0.012151498517570065
EX_thymd(e),-0.004802925103414731,0.0
EX_ttdca(e),-0.0026378679426896263,0.0
EX_urea(e),1.3374532141605943e-22,0.0
EX_uri(e),-0.00856591994574482,0.0
EX_val_L(e),-0.04671037149741496,0.0
EX_xan(e),0.0,0.0
EX_xyl_D(e),-0.17878295,-0.029704825881543166
EX_zn2(e),-1.9666726620273163e-07,0.0
translation_484018.6.peg.21,6.425470488192476e-08,2.071507988226942e-32
transcription_TU_484018.6.peg.21,2.0587751966156434e-09,3.4852585451767943e-32
translation_484018.6.peg.22,8.13173405961102e-08,1.23170679154342e-32
transcription_TU_484018.6.peg.22,2.6054765045090514e-09,5.7680510076348085e-33
translation_484018.6.peg.23,5.344079293551922e-08,-2.8041253658836606e-32
transcription_TU_484018.6.peg.23,1.7122882936790125e-09,5.5460072674854336e-33
translation_484018.6.peg.26,1.734841224108043e-09,3.4205522619864323e-32
transcription_TU_484018.6.peg.26,5.5585782999443605e-11,-1.6910702028636052e-32
translation_484018.6.peg.28,0.0,-1.6439324703402948e-32
transcription_TU_484018.6.peg.28,0.0,1.6372479863800532e-32
translation_484018.6.peg.38,0.0,-7.143635222335926e-33
transcription_TU_484018.6.peg.38,0.0,3.6826538480666604e-32
translation_484018.6.peg.39,0.0,-1.138009199614793e-32
transcription_TU_484018.6.peg.39,0.0,1.6816654774511727e-33
translation_484018.6.peg.40,0.0,1.457882177702828e-32
transcription_TU_484018.6.peg.40,0.0,1.3830862986302089e-32
translation_484018.6.peg.41,3.829433596136298e-06,3.356394235423883e-34
transcription_TU_484018.6.peg.41,1.2269829764683673e-07,-2.018610815665448e-35
translation_484018.6.peg.42,5.564874388247154e-09,8.250015727035957e-33
transcription_TU_484018.6.peg.42,1.7830329131319016e-10,2.368702462644867e-33
translation_484018.6.peg.43,0.0,1.0007742418410811e-32
transcription_TU_484018.6.peg.43,0.0,8.065858862740739e-33
translation_484018.6.peg.45,0.0,5.7426913374271976e-33
transcription_TU_484018.6.peg.45,0.0,-80.52264913475362
translation_484018.6.peg.51,6.464428558188884e-08,2.07166926926604e-32
transcription_TU_484018.6.peg.51,2.071257692389923e-09,1.781733663137127e-32
translation_484018.6.peg.52,0.0,9.208318484854056e-33
transcription_TU_484018.6.peg.52,0.0,2.6820351905740304e-32
translation_484018.6.peg.57,0.0,1.5130183525804127e-33
transcription_TU_484018.6.peg.57,0.0,3.866857955006674e-33
translation_484018.6.peg.60,1.6486809898543654e-08,4.176308802663807e-34
transcription_TU_484018.6.peg.60,5.282513607806985e-10,-5.313514985370219e-34
translation_484018.6.peg.77,4.04955746454921e-41,8.102536302172096e-32
transcription_TU_484018.6.peg.77,1.1728378276370161e-43,6.327991114498097e-33
translation_484018.6.peg.90,2.2388843045272214e-07,1.2471596847863217e-32
transcription_TU_484018.6.peg.90,7.173575044384569e-09,-5.7331434572967865e-33
translation_484018.6.peg.91,2.2388843045272214e-07,-2.283210949576319e-33
transcription_TU_484018.6.peg.91,7.173575044384569e-09,-1.3957975765069322e-32
translation_484018.6.peg.92,2.2388843045272214e-07,-6.0910498305332304e-33
transcription_TU_484018.6.peg.92,7.173575044384569e-09,-2.9113688423702255e-32
translation_484018.6.peg.93,2.2388843045272214e-07,-4.3355369854350266e-32
transcription_TU_484018.6.peg.93,7.173575044384569e-09,9.15410239069881e-33
translation_484018.6.peg.94,2.2388843045272214e-07,-8.019454203806037e-33
transcription_TU_484018.6.peg.94,7.173575044384569e-09,3.0439495055190542e-33
translation_484018.6.peg.95,2.2388843045272214e-07,-7.784336188198903e-33
transcription_TU_484018.6.peg.95,7.173575044384569e-09,1.0674618552039744e-32
translation_484018.6.peg.96,2.2388843045272214e-07,-1.1142871034132178e-33
transcription_TU_484018.6.peg.96,7.173575044384569e-09,1.3782502688712075e-33
translation_484018.6.peg.97,2.2388843045272214e-07,1.2457816647235933e-32
transcription_TU_484018.6.peg.97,7.173575044384569e-09,3.7752014001464405e-33
translation_484018.6.peg.98,2.2388843045272214e-07,2.965400381959313e-32
transcription_TU_484018.6.peg.98,7.173575044384569e-09,-1.9272582164493747e-32
translation_484018.6.peg.99,2.2388843045272214e-07,2.2000353035612458e-32
transcription_TU_484018.6.peg.99,7.173575044384569e-09,-2.3415079460436311e-32
translation_484018.6.peg.109,0.0,-5.7823987905321706e-33
transcription_TU_484018.6.peg.109,0.0,-2.2841138334683505e-32
translation_484018.6.peg.113,3.829417108408685e-06,-2.467112103726609e-32
transcription_TU_484018.6.peg.113,1.2269776936607159e-07,1.999681992979498e-32
translation_484018.6.peg.130,0.0,-5.740007373884079e-33
transcription_TU_484018.6.peg.130,0.0,-103.92223855646533
translation_484018.6.peg.139,5.413193313619462e-09,1.333133550545739e-32
transcription_TU_484018.6.peg.139,1.7344330114105653e-10,-1.657949098818196e-32
translation_484018.6.peg.141,0.0,-7.23879974504147e-33
transcription_TU_484018.6.peg.141,0.0,-9.497659576833791e-33
translation_484018.6.peg.184,0.0,3.5663711747938487e-34
transcription_TU_484018.6.peg.184,0.0,-4.7076333387644015e-33
translation_484018.6.peg.196,0.0,-6.040350710731116e-34
transcription_TU_484018.6.peg.196,0.0,-55.84848537349974
translation_484018.6.peg.198,0.0,1.6293073558741249e-32
transcription_TU_484018.6.peg.198,0.0,-42.00608585940883
translation_484018.6.peg.204,1.9437280448752347e-06,-2.989670041344014e-33
transcription_TU_484018.6.peg.204,6.227869375649492e-08,1.6243651817375173e-32
translation_484018.6.peg.205,1.0633942845649946e-06,3.139423704599329e-32
transcription_TU_484018.6.peg.205,3.4072054043486995e-08,3.243000837442713e-32
translation_484018.6.peg.206,0.0,-2.4138292998339562e-33
transcription_TU_484018.6.peg.206,0.0,-51.10496486358127
translation_484018.6.peg.207,1.2164966643014303e-09,-2.1420865149979437e-32
transcription_TU_484018.6.peg.207,3.8977584035779774e-11,-3.5208942217323276e-33
translation_484018.6.peg.211,2.6183387053860073e-08,-6.354039525401463e-33
transcription_TU_484018.6.peg.211,8.389379101333054e-10,1.1614671827372219e-32
translation_484018.6.peg.218,0.0,3.462698275434011e-33
transcription_TU_484018.6.peg.218,0.0,-62.37072446645027
translation_484018.6.peg.224,0.0,-4.6025694832250014e-32
transcription_TU_484018.6.peg.224,0.0,-2.216862003485925e-32
translation_484018.6.peg.225,0.0,-9.359771278524888e-33
transcription_TU_484018.6.peg.225,0.0,-45.28973087618666
translation_484018.6.peg.226,0.0,3.521079679451093e-33
transcription_TU_484018.6.peg.226,0.0,-54.203823149426285
translation_484018.6.peg.240,0.0,1.4003081120322681e-33
transcription_TU_484018.6.peg.240,0.0,8.758550364174607e-33
translation_484018.6.peg.247,1.6064714385954984e-51,-3.671907752072299e-34
transcription_TU_484018.6.peg.247,0.0,-69.44329518838623
translation_484018.6.peg.248,0.0,-1.5879760844782133e-33
transcription_TU_484018.6.peg.248,0.0,-3.5463252958009665e-32
translation_484018.6.peg.250,0.0,1.1449230704658045e-33
transcription_TU_484018.6.peg.250,0.0,-17.40751359120768
translation_484018.6.peg.256,0.0,-7.161900776100616e-33
transcription_TU_484018.6.peg.256,0.0,1.0329094061608067e-32
translation_484018.6.peg.260,0.0,-4.4532454363222626e-33
transcription_TU_484018.6.peg.260,0.0,-124.20781718362282
translation_484018.6.peg.273,1.558168927181917e-09,3.5988666315124877e-32
transcription_TU_484018.6.peg.273,4.992505288623222e-11,-1.4139516867162092e-32
translation_484018.6.peg.280,4.753881168475125e-11,2.2543986499933537e-33
transcription_TU_484018.6.peg.280,1.5231838128118103e-12,-7.15180052859372e-33
translation_484018.6.peg.283,3.829433596136298e-06,-2.7489055991069763e-33
transcription_TU_484018.6.peg.283,1.2269829764683673e-07,-4.248557825729173e-33
translation_484018.6.peg.284,3.829433596136298e-06,9.407169142024597e-35
transcription_TU_484018.6.peg.284,1.2269829764683673e-07,1.7278631512787612e-34
translation_484018.6.peg.286,6.581577600735577e-10,1.408375036898492e-32
transcription_TU_484018.6.peg.286,2.108793238393224e-11,1.38514971998753e-32
translation_484018.6.peg.287,3.829417108408685e-06,3.6664881738635307e-32
transcription_TU_484018.6.peg.287,1.2269776936607159e-07,8.102498483883526e-33
translation_484018.6.peg.308,0.0,-3.920364181524951e-33
transcription_TU_484018.6.peg.308,0.0,6.231686202313474e-33
translation_484018.6.peg.309,0.0,5.662890454941049e-33
transcription_TU_484018.6.peg.309,0.0,-97.61379704476296
translation_484018.6.peg.310,3.712302680450569e-11,4.0954601744612545e-34
transcription_TU_484018.6.peg.310,1.1894532384649338e-12,2.0384569225976577e-32
translation_484018.6.peg.312,0.0,2.9131395087742257e-34
transcription_TU_484018.6.peg.312,0.0,-45.13539877820057
translation_484018.6.peg.313,0.0,5.536980440815455e-33
transcription_TU_484018.6.peg.313,0.0,-38.44025710779779
translation_484018.6.peg.315,0.0,5.4776689417890295e-33
transcription_TU_484018.6.peg.315,0.0,-49.29063058851325
translation_484018.6.peg.316,0.0,1.87783216811569e-33
transcription_TU_484018.6.peg.316,0.0,1.2132972620280742e-32
translation_484018.6.peg.321,0.0,9.095693339839076e-33
transcription_TU_484018.6.peg.321,0.0,-32.77731560772165
translation_484018.6.peg.322,0.0,-1.7622770671320428e-32
transcription_TU_484018.6.peg.322,0.0,-50.910806847173134
translation_484018.6.peg.324,0.0,-2.3744580096395557e-33
transcription_TU_484018.6.peg.324,0.0,-73.39759799672598
translation_484018.6.peg.329,0.0,-4.192109353450098e-33
transcription_TU_484018.6.peg.329,0.0,-56.90178990780575
translation_484018.6.peg.331,9.289736036679207e-10,4.3156034878187415e-33
transcription_TU_484018.6.peg.331,2.976510151368196e-11,9.297407195808841e-33
translation_484018.6.peg.333,2.9681499095777256e-12,-6.400500965305757e-33
transcription_TU_484018.6.peg.333,9.510203844068356e-14,-1.3194172084032597e-32
translation_484018.6.peg.342,7.089055447525413e-10,2.1419051020071173e-33
transcription_TU_484018.6.peg.342,2.2713934410900898e-11,4.293130385359635e-32
translation_484018.6.peg.345,0.0,-1.0367152507622553e-33
transcription_TU_484018.6.peg.345,0.0,-18.499263175672592
translation_484018.6.peg.350,0.0,-4.942389941741232e-33
transcription_TU_484018.6.peg.350,0.0,-66.53390004145643
translation_484018.6.peg.351,2.644012780050459e-09,-2.8281617570695706e-32
transcription_TU_484018.6.peg.351,8.471641012289399e-11,1.3148141448149618e-33
translation_484018.6.peg.352,0.0,-8.407123485891284e-33
transcription_TU_484018.6.peg.352,0.0,-2.4067756193845093e-32
translation_484018.6.peg.377,0.0,5.599814248949539e-33
transcription_TU_484018.6.peg.377,0.0,-1.231358815804548e-32
translation_484018.6.peg.383,0.0,-3.535187777064532e-33
transcription_TU_484018.6.peg.383,0.0,3.715501440683858e-33
translation_484018.6.peg.391,0.0,4.469590454669127e-33
transcription_TU_484018.6.peg.391,0.0,-28.189903409599182
translation_484018.6.peg.395,1.4840749547888628e-12,-1.196358752719427e-32
transcription_TU_484018.6.peg.395,4.755101922034178e-14,4.1073803125916546e-33
translation_484018.6.peg.397,1.2238114744397363e-08,1.6618367354829095e-32
transcription_TU_484018.6.peg.397,3.921195675149562e-10,1.0282212396762065e-31
translation_484018.6.peg.401,3.165956596999866e-08,-2.51258536967037e-32
transcription_TU_484018.6.peg.401,1.0143993233557818e-09,3.824036520077811e-32
translation_484018.6.peg.402,3.7179963701342807e-09,9.190218815736628e-33
transcription_TU_484018.6.peg.402,1.1912775448903687e-10,3.3567764368188214e-32
translation_484018.6.peg.410,0.0,7.311815362955499e-33
transcription_TU_484018.6.peg.410,0.0,-32.85898272833141
translation_484018.6.peg.413,0.0,-1.4207288850525206e-33
transcription_TU_484018.6.peg.413,0.0,-37.53294780832233
translation_484018.6.peg.423,0.0,9.873798448963226e-33
transcription_TU_484018.6.peg.423,0.0,1.2775747908839582e-32
translation_484018.6.peg.429,1.7053633757038388e-07,-5.887449447941108e-33
transcription_TU_484018.6.peg.429,5.464128775577712e-09,-1.1838142223857682e-32
translation_484018.6.peg.460,0.0,-1.004422440677384e-32
transcription_TU_484018.6.peg.460,0.0,-80.45707073000231
translation_484018.6.peg.471,0.0,-2.0339618751780968e-32
transcription_TU_484018.6.peg.471,0.0,8.231937880926096e-32
translation_484018.6.peg.488,0.0,1.8774280755032413e-32
transcription_TU_484018.6.peg.488,0.0,1.3237333949922414e-32
translation_484018.6.peg.527,8.440940538202733e-15,-6.097567539224993e-33
transcription_TU_484018.6.peg.527,2.704548880598442e-16,-3.236839998611848e-32
translation_484018.6.peg.543,0.0,-3.180954610610079e-33
transcription_TU_484018.6.peg.543,0.0,2.121797973358058e-32
translation_484018.6.peg.545,0.0,-1.2058855333074188e-32
transcription_TU_484018.6.peg.545,0.0,-59.330637405529416
translation_484018.6.peg.553,0.0,-1.351012042489154e-32
transcription_TU_484018.6.peg.553,0.0,-74.24179988736728
translation_484018.6.peg.582,0.0,2.5422163028886677e-32
transcription_TU_484018.6.peg.582,0.0,-131.79248723606634
translation_484018.6.peg.583,1.4840749547888628e-12,-8.051164353344563e-35
transcription_TU_484018.6.peg.583,4.755101922034178e-14,-1.6161671240133553e-32
translation_484018.6.peg.584,0.0,6.608414381326773e-33
transcription_TU_484018.6.peg.584,0.0,2.5261180475248993e-32
translation_484018.6.peg.588,2.5124491835609357e-07,7.578285072417574e-33
transcription_TU_484018.6.peg.588,8.050100099872301e-09,3.9830713465126365e-32
translation_484018.6.peg.589,2.5124491835609357e-07,-1.7880872896863048e-33
transcription_TU_484018.6.peg.589,8.050100099872301e-09,-1.8381943314835097e-32
translation_484018.6.peg.590,2.5124491835609357e-07,-2.067151302353024e-33
transcription_TU_484018.6.peg.590,8.050100099872301e-09,1.0357642091134319e-32
translation_484018.6.peg.591,2.5124491835609357e-07,2.29597931892237e-32
transcription_TU_484018.6.peg.591,8.050100099872301e-09,2.3185537658504852e-33
translation_484018.6.peg.592,2.5124491835609357e-07,8.488559798601586e-34
transcription_TU_484018.6.peg.592,8.050100099872301e-09,5.666540484564632e-34
translation_484018.6.peg.593,2.5124491835609357e-07,-1.17170311396792e-33
transcription_TU_484018.6.peg.593,8.050100099872301e-09,2.224431784751283e-32
translation_484018.6.peg.595,2.5124491835609357e-07,1.1401423517294836e-33
transcription_TU_484018.6.peg.595,8.050100099872301e-09,6.566511624147236e-34
translation_484018.6.peg.596,2.5124491835609357e-07,2.690449430805171e-33
transcription_TU_484018.6.peg.596,8.050100099872301e-09,-3.76402153425074e-32
translation_484018.6.peg.601,2.9681499095777256e-12,-1.3006582884973617e-33
transcription_TU_484018.6.peg.601,9.510203844068356e-14,-1.1929693649370228e-32
translation_484018.6.peg.603,3.3584556378958765e-08,3.851441663877108e-33
transcription_TU_484018.6.peg.603,1.0760776473784778e-09,-2.9196910287496734e-32
translation_484018.6.peg.605,0.0,3.527528912049229e-33
transcription_TU_484018.6.peg.605,0.0,-2.0974224057205913e-33
translation_484018.6.peg.624,1.1193403822254924e-09,4.8227015476484e-33
transcription_TU_484018.6.peg.624,3.586461442365723e-11,9.999209452089865e-33
translation_484018.6.peg.625,0.0,-7.679215071103854e-33
transcription_TU_484018.6.peg.625,0.0,-1.747592642254025e-32
translation_484018.6.peg.626,1.132625260723155e-09,-6.347625730947025e-33
transcription_TU_484018.6.peg.626,3.62902731888994e-11,1.3086815508653547e-32
translation_484018.6.peg.627,1.0839558433652056e-09,2.8774348274880453e-32
transcription_TU_484018.6.peg.627,3.473086381219448e-11,4.0724698408853046e-32
translation_484018.6.peg.628,0.0,1.738055492765789e-32
transcription_TU_484018.6.peg.628,0.0,-5.836794440484409e-33
translation_484018.6.peg.641,0.0,-5.747593723231087e-33
transcription_TU_484018.6.peg.641,0.0,-5.583847107514099e-33
translation_484018.6.peg.712,5.3267698030188625e-08,3.183987335278841e-33
transcription_TU_484018.6.peg.712,1.7067421862241572e-09,-4.286026441622635e-32
translation_484018.6.peg.751,0.0,1.6534374352383083e-32
transcription_TU_484018.6.peg.751,0.0,-4.286026441622635e-32
translation_484018.6.peg.761,0.0,3.899615932135726e-34
transcription_TU_484018.6.peg.761,0.0,-38.647748582112
translation_484018.6.peg.762,0.0,5.004930208218255e-34
transcription_TU_484018.6.peg.762,0.0,-53.54998862579567
translation_484018.6.peg.770,0.0,1.8804664281255273e-32
transcription_TU_484018.6.peg.770,0.0,-50.77797650918549
translation_484018.6.peg.776,0.0,7.90149861378359e-33
transcription_TU_484018.6.peg.776,0.0,-121.66992817437449
translation_484018.6.peg.814,0.0,-1.1222134413396554e-33
transcription_TU_484018.6.peg.814,0.0,-5.162411976393971e-33
translation_484018.6.peg.823,0.0,-4.294620961109811e-33
transcription_TU_484018.6.peg.823,0.0,9.479561463450482e-33
translation_484018.6.peg.825,0.0,-7.880446197022176e-34
transcription_TU_484018.6.peg.825,0.0,-30.9484954509637
translation_484018.6.peg.829,1.2925272090807154e-09,9.775002068290674e-33
transcription_TU_484018.6.peg.829,4.1413667122059734e-11,3.385620734628539e-32
translation_484018.6.peg.835,0.0,-7.214137387873684e-33
transcription_TU_484018.6.peg.835,0.0,-2.3943403148902719e-32
translation_484018.6.peg.836,0.0,-2.2938407338422163e-33
transcription_TU_484018.6.peg.836,0.0,-45.7744024658164
translation_484018.6.peg.841,0.0,2.2610764554416357e-33
transcription_TU_484018.6.peg.841,0.0,2.884660138344733e-33
translation_484018.6.peg.848,3.829433596136298e-06,5.84330179040555e-33
transcription_TU_484018.6.peg.848,1.2269829764683673e-07,1.176295209321792e-32
translation_484018.6.peg.849,3.411097981675723e-07,6.390431869167654e-33
transcription_TU_484018.6.peg.849,1.0929447004393889e-08,-2.7576678470080062e-33
translation_484018.6.peg.850,3.829450083863912e-06,6.935552557946409e-33
transcription_TU_484018.6.peg.850,1.226988259276019e-07,-1.678554353688907e-32
translation_484018.6.peg.851,3.829433596136298e-06,3.7423024680126624e-33
transcription_TU_484018.6.peg.851,1.2269829764683673e-07,-6.507399371637067e-33
translation_484018.6.peg.852,3.829433596136298e-06,6.661558319987674e-33
transcription_TU_484018.6.peg.852,1.2269829764683673e-07,9.63403764432554e-34
translation_484018.6.peg.853,3.829433596136298e-06,4.0012662050977885e-34
transcription_TU_484018.6.peg.853,1.2269829764683673e-07,4.3816794512861154e-33
translation_484018.6.peg.854,6.44031005335692e-10,9.195792427404644e-33
transcription_TU_484018.6.peg.854,2.0635299190511847e-11,6.198379084153545e-33
translation_484018.6.peg.855,0.0,1.322772996744175e-32
transcription_TU_484018.6.peg.855,0.0,-39.04739461536732
translation_484018.6.peg.857,3.829433596136298e-06,-2.6605769794969346e-33
transcription_TU_484018.6.peg.857,1.2269829764683673e-07,2.219644766174705e-33
translation_484018.6.peg.858,3.829433596136298e-06,-3.807910686489297e-33
transcription_TU_484018.6.peg.858,1.2269829764683673e-07,1.0368261509170827e-33
translation_484018.6.peg.859,3.829433596136298e-06,4.6079256601188836e-34
transcription_TU_484018.6.peg.859,1.2269829764683673e-07,-3.990676611690579e-33
translation_484018.6.peg.860,3.829433596136298e-06,8.04670452266332e-34
transcription_TU_484018.6.peg.860,1.2269829764683673e-07,8.244800306198537e-33
translation_484018.6.peg.861,3.829433596136298e-06,-7.430563023106515e-33
transcription_TU_484018.6.peg.861,1.2269829764683673e-07,5.632802091114578e-33
translation_484018.6.peg.862,3.829433596136298e-06,-1.700673223679612e-33
transcription_TU_484018.6.peg.862,1.2269829764683673e-07,1.0195837657293456e-32
translation_484018.6.peg.863,3.829433596136298e-06,2.718092461369492e-33
transcription_TU_484018.6.peg.863,1.2269829764683673e-07,8.301463445389014e-33
translation_484018.6.peg.864,3.829433596136298e-06,-5.89181706560549e-33
transcription_TU_484018.6.peg.864,1.2269829764683673e-07,2.5175782629695895e-33
translation_484018.6.peg.865,3.829433596136298e-06,-2.5822005295616544e-33
transcription_TU_484018.6.peg.865,1.2269829764683673e-07,-8.783877560182363e-33
translation_484018.6.peg.866,3.829433596136298e-06,-3.295095620236237e-33
transcription_TU_484018.6.peg.866,1.2269829764683673e-07,-9.7283532818304e-33
translation_484018.6.peg.867,3.829433596136298e-06,-4.3064595674896524e-33
transcription_TU_484018.6.peg.867,1.2269829764683673e-07,-2.3729161558961337e-33
translation_484018.6.peg.868,1.6487727613993844e-11,-3.2562796912665963e-34
transcription_TU_484018.6.peg.868,5.282807651614341e-13,-3.8620733848660524e-33
translation_484018.6.peg.869,3.829433596136298e-06,1.4090626327077276e-33
transcription_TU_484018.6.peg.869,1.2269829764683673e-07,3.819874029617257e-34
translation_484018.6.peg.870,3.829433596136298e-06,-4.832600442338742e-33
transcription_TU_484018.6.peg.870,1.2269829764683673e-07,-3.404561786064595e-33
translation_484018.6.peg.871,3.829433596136298e-06,6.14208076238641e-33
transcription_TU_484018.6.peg.871,1.2269829764683673e-07,1.2982288736109442e-32
translation_484018.6.peg.872,3.829433596136298e-06,5.359558367120325e-34
transcription_TU_484018.6.peg.872,1.2269829764683673e-07,1.1730394563295892e-33
translation_484018.6.peg.873,3.829433596136298e-06,-1.1359694693768353e-32
transcription_TU_484018.6.peg.873,1.2269829764683673e-07,1.9071990264162203e-32
translation_484018.6.peg.874,3.829433596136298e-06,1.2011498025718013e-34
transcription_TU_484018.6.peg.874,1.2269829764683673e-07,1.2504217494271245e-33
translation_484018.6.peg.875,3.829450083863912e-06,2.503903282660687e-32
transcription_TU_484018.6.peg.875,1.226988259276019e-07,-3.263231657824204e-33
translation_484018.6.peg.876,3.829450083863912e-06,2.3489904863406993e-32
transcription_TU_484018.6.peg.876,1.226988259276019e-07,-5.7275279133524955e-33
translation_484018.6.peg.877,3.829450083863912e-06,5.082553012774489e-33
transcription_TU_484018.6.peg.877,1.226988259276019e-07,1.3076235880023527e-33
translation_484018.6.peg.878,2.1403748268202108e-07,2.557325538896648e-32
transcription_TU_484018.6.peg.878,6.857942329694744e-09,-7.886651644528555e-33
translation_484018.6.peg.879,3.829433596136298e-06,8.503069024344897e-34
transcription_TU_484018.6.peg.879,1.2269829764683673e-07,-1.9443413561617952e-33
translation_484018.6.peg.880,3.829433596136298e-06,-3.874640630083764e-34
transcription_TU_484018.6.peg.880,1.2269829764683673e-07,4.793433181459648e-33
translation_484018.6.peg.883,5.843792553699406e-10,2.5401323767869364e-32
transcription_TU_484018.6.peg.883,1.8724006570152245e-11,2.577038851119558e-32
translation_484018.6.peg.895,0.0,4.239305644364924e-32
transcription_TU_484018.6.peg.895,0.0,8.697940698457914e-32
translation_484018.6.peg.896,0.0,1.1460185081531975e-32
transcription_TU_484018.6.peg.896,0.0,-95.0597172960945
translation_484018.6.peg.897,0.0,9.91377681243214e-34
transcription_TU_484018.6.peg.897,0.0,-105.32908085114411
translation_484018.6.peg.901,1.7532412872009924e-08,-2.6451823673089985e-32
transcription_TU_484018.6.peg.901,5.617533661394606e-10,-6.266857479003173e-32
translation_484018.6.peg.910,2.821147594394399e-09,-3.5551379932465956e-33
transcription_TU_484018.6.peg.910,9.039195968612928e-11,2.9098009874437078e-33
translation_484018.6.peg.911,3.0592709158658327e-09,-3.324317294389834e-33
transcription_TU_484018.6.peg.911,9.802163270201187e-11,-3.666234358885101e-35
translation_484018.6.peg.912,0.0,8.754699462109e-33
transcription_TU_484018.6.peg.912,0.0,3.3080145570844984e-32
translation_484018.6.peg.926,0.0,2.480119660205253e-33
transcription_TU_484018.6.peg.926,0.0,-2.12343725915391e-33
translation_484018.6.peg.949,4.729279048667478e-07,8.107014236831825e-33
transcription_TU_484018.6.peg.949,1.515301085136502e-08,1.2612579606492237e-32
translation_484018.6.peg.950,4.729279048667478e-07,2.671804910661607e-32
transcription_TU_484018.6.peg.950,1.515301085136502e-08,3.057720911070884e-32
translation_484018.6.peg.951,4.7292790375602683e-07,-5.481911531492971e-33
transcription_TU_484018.6.peg.951,1.515301081577658e-08,-1.6558876609028039e-32
translation_484018.6.peg.953,7.587170338440752e-10,6.632543296249223e-33
transcription_TU_484018.6.peg.953,2.4309936733790548e-11,-1.5121291387673256e-32
translation_484018.6.peg.954,0.0,-2.9798372305217005e-33
transcription_TU_484018.6.peg.954,0.0,-95.71008521889424
translation_484018.6.peg.960,1.95327672059814e-08,-2.443686267209328e-33
transcription_TU_484018.6.peg.960,6.258464141861505e-10,8.6155727380405e-33
translation_484018.6.peg.964,0.0,2.33371041136047e-33
transcription_TU_484018.6.peg.964,0.0,-48.29211630482199
translation_484018.6.peg.965,2.5563578667303865e-09,-1.3109617331579373e-32
transcription_TU_484018.6.peg.965,8.190787241757766e-11,4.120090107315457e-33
translation_484018.6.peg.969,0.0,2.232053732898402e-33
transcription_TU_484018.6.peg.969,0.0,1.560340232926657e-32
translation_484018.6.peg.975,0.0,1.5830197150454494e-32
transcription_TU_484018.6.peg.975,0.0,-113.23750813905949
translation_484018.6.peg.978,2.037223140981284e-08,6.319630050503482e-32
transcription_TU_484018.6.peg.978,6.527435586749587e-10,2.393158578863423e-32
translation_484018.6.peg.979,0.0,-1.1806783127947754e-32
transcription_TU_484018.6.peg.979,0.0,1.3138772213507287e-32
translation_484018.6.peg.980,0.0,-4.412244848124721e-34
transcription_TU_484018.6.peg.980,0.0,-1.4856819253233186e-31
translation_484018.6.peg.984,0.0,8.485532531461295e-33
transcription_TU_484018.6.peg.984,0.0,-1.6593792344584962e-34
translation_484018.6.peg.997,-6.275008345148397e-52,4.872281349875244e-32
transcription_TU_484018.6.peg.997,0.0,-40.60700902467445
translation_484018.6.peg.998,0.0,6.606995220645621e-33
transcription_TU_484018.6.peg.998,0.0,-33.27025747673247
translation_484018.6.peg.1000,0.0,-4.641421334316132e-33
transcription_TU_484018.6.peg.1000,0.0,-22.568990495919493
translation_484018.6.peg.1001,6.7189098637393755e-09,-3.968220761267297e-32
transcription_TU_484018.6.peg.1001,2.1527956592722672e-10,1.2020016528552292e-32
translation_484018.6.peg.1005,3.712302680450569e-11,-1.7674601403495515e-33
transcription_TU_484018.6.peg.1005,1.1894532384649338e-12,-2.337719873990601e-33
translation_484018.6.peg.1008,1.4997524265320385e-08,-2.1042592366884708e-32
transcription_TU_484018.6.peg.1008,4.805333870075655e-10,4.2723017581520046e-33
translation_484018.6.peg.1022,2.970079434674526e-52,2.842624610525566e-32
transcription_TU_484018.6.peg.1022,0.0,-47.75293409504954
translation_484018.6.peg.1026,0.0,1.161375166762942e-31
transcription_TU_484018.6.peg.1026,0.0,-84.12844041004503
translation_484018.6.peg.1028,8.098087358277235e-07,-8.782104371157254e-33
transcription_TU_484018.6.peg.1028,2.5946958162650973e-08,1.1953498803078926e-32
translation_484018.6.peg.1052,0.0,-3.922931075672683e-33
transcription_TU_484018.6.peg.1052,0.0,-1.8204543551142648e-33
translation_484018.6.peg.1053,0.0,-1.917997077956721e-32
transcription_TU_484018.6.peg.1053,0.0,-1.1520312498189483e-32
translation_484018.6.peg.1061,0.0,4.3350623522634256e-33
transcription_TU_484018.6.peg.1061,0.0,-63.60883565450451
translation_484018.6.peg.1062,3.3879437555953145e-09,-3.6241004916117147e-32
transcription_TU_484018.6.peg.1062,1.085525890184362e-10,-1.0188390505847868e-32
translation_484018.6.peg.1063,0.0,2.0987621548085496e-32
transcription_TU_484018.6.peg.1063,0.0,-7.858453060536957e-33
translation_484018.6.peg.1068,5.936199476024536e-08,-8.321888778882514e-33
transcription_TU_484018.6.peg.1068,1.902008618024175e-09,-2.1910246345266288e-32
translation_484018.6.peg.1082,1.9041502267689621e-06,-6.521145925667894e-33
transcription_TU_484018.6.peg.1082,6.101058692442571e-08,5.77807025440807e-33
translation_484018.6.peg.1083,8.805176889535214e-09,-3.707074028081823e-33
transcription_TU_484018.6.peg.1083,2.82125329426077e-10,1.5218372444954014e-32
translation_484018.6.peg.1094,0.0,-6.197255583274504e-33
transcription_TU_484018.6.peg.1094,0.0,-34.309495280776076
translation_484018.6.peg.1095,0.0,-2.0095183650207068e-33
transcription_TU_484018.6.peg.1095,0.0,2.1791430988136435e-33
translation_484018.6.peg.1100,0.0,9.469203487275924e-33
transcription_TU_484018.6.peg.1100,0.0,-36.03448736916535
translation_484018.6.peg.1102,2.1495071667965753e-08,2.2983339553249198e-33
transcription_TU_484018.6.peg.1102,6.887203120892758e-10,-9.614011668888075e-34
translation_484018.6.peg.1104,6.44031005335692e-10,-1.314754342974955e-33
transcription_TU_484018.6.peg.1104,2.0635299190511847e-11,1.7750314537675503e-32
translation_484018.6.peg.1114,0.0,1.405832912507845e-32
transcription_TU_484018.6.peg.1114,0.0,-1.8195638012243813e-32
translation_484018.6.peg.1115,0.0,3.3503425066820756e-33
transcription_TU_484018.6.peg.1115,0.0,-7.06086424593602e-33
translation_484018.6.peg.1116,0.0,1.0657009391415374e-32
transcription_TU_484018.6.peg.1116,0.0,-30.46803375909106
translation_484018.6.peg.1117,0.0,1.1381255562425877e-32
transcription_TU_484018.6.peg.1117,0.0,-44.361964654079046
translation_484018.6.peg.1118,0.0,5.622679788582108e-33
transcription_TU_484018.6.peg.1118,0.0,-74.59199037551979
translation_484018.6.peg.1134,0.0,1.5132357130212687e-33
transcription_TU_484018.6.peg.1134,0.0,-50.94415251072713
translation_484018.6.peg.1137,3.712302680450569e-11,1.5456451369015247e-32
transcription_TU_484018.6.peg.1137,1.1894532384649338e-12,1.434328633232399e-32
translation_484018.6.peg.1139,1.603679403464549e-10,-9.634278920775946e-33
transcription_TU_484018.6.peg.1139,5.1383247113861526e-12,-4.0843915773689067e-32
translation_484018.6.peg.1140,0.0,-5.486554773218711e-33
transcription_TU_484018.6.peg.1140,0.0,-58.44375347196427
translation_484018.6.peg.1141,0.0,-2.4825004351386626e-32
transcription_TU_484018.6.peg.1141,0.0,-63.59105824945337
translation_484018.6.peg.1144,0.0,-4.2282302272834035e-33
transcription_TU_484018.6.peg.1144,0.0,-56.5849485577582
translation_484018.6.peg.1145,0.0,-4.032487898969265e-33
transcription_TU_484018.6.peg.1145,0.0,-57.083385529602474
translation_484018.6.peg.1147,3.829433596136298e-06,-9.434946729499105e-34
transcription_TU_484018.6.peg.1147,1.2269829764683673e-07,3.820788033118581e-33
translation_484018.6.peg.1148,2.318367447008232e-09,-3.16547234185888e-32
transcription_TU_484018.6.peg.1148,7.428245768636863e-11,1.0053787330385207e-32
translation_484018.6.peg.1149,2.9681499095777256e-12,9.155088867768079e-33
transcription_TU_484018.6.peg.1149,9.510203844068356e-14,-3.9192180707309254e-33
translation_484018.6.peg.1154,0.0,7.738128255297307e-33
transcription_TU_484018.6.peg.1154,0.0,3.346125418320156e-33
translation_484018.6.peg.1156,0.0,-3.513105406808247e-33
transcription_TU_484018.6.peg.1156,0.0,-5.609825152160766e-33
translation_484018.6.peg.1157,0.0,-3.3795150739241756e-33
transcription_TU_484018.6.peg.1157,0.0,-134.4913669701428
translation_484018.6.peg.1158,0.0,7.67119447415142e-33
transcription_TU_484018.6.peg.1158,0.0,-94.98637685529062
translation_484018.6.peg.1159,3.829433596136298e-06,2.2286852540066095e-33
transcription_TU_484018.6.peg.1159,1.2269829764683673e-07,6.939090178094646e-33
translation_484018.6.peg.1166,0.0,1.331874356047415e-32
transcription_TU_484018.6.peg.1166,0.0,-68.2540315016143
translation_484018.6.peg.1167,0.0,1.6869845800316412e-32
transcription_TU_484018.6.peg.1167,0.0,-54.23669426533771
translation_484018.6.peg.1169,0.0,3.5598703346959e-34
transcription_TU_484018.6.peg.1169,0.0,-64.18754057804306
translation_484018.6.peg.1170,0.0,3.889086191232496e-32
transcription_TU_484018.6.peg.1170,0.0,-64.45519878638808
translation_484018.6.peg.1171,0.0,5.494813059981633e-33
transcription_TU_484018.6.peg.1171,0.0,-69.94957702748945
translation_484018.6.peg.1174,1.4840749547888628e-12,-7.138330167026169e-33
transcription_TU_484018.6.peg.1174,4.755101922034178e-14,9.76441244009303e-33
translation_484018.6.peg.1177,0.0,-1.8492641706524602e-32
transcription_TU_484018.6.peg.1177,0.0,6.140289504435025e-33
translation_484018.6.peg.1178,0.0,-8.016058757859986e-35
transcription_TU_484018.6.peg.1178,0.0,-21.153028548172127
translation_484018.6.peg.1182,1.0941748512499193e-08,-8.507031532771422e-33
transcription_TU_484018.6.peg.1182,3.505828948484723e-10,-1.0517974284351784e-31
translation_484018.6.peg.1183,6.075945156409229e-29,-6.536173337944827e-33
transcription_TU_484018.6.peg.1183,0.0,-52.76744087338314
translation_484018.6.peg.1184,0.0,-6.428754425622002e-33
transcription_TU_484018.6.peg.1184,0.0,-3.4661337551238516e-33
translation_484018.6.peg.1185,6.440085138986408e-10,-1.863744242448938e-35
transcription_TU_484018.6.peg.1185,2.0634578545808517e-11,-1.3480986586286287e-33
translation_484018.6.peg.1191,0.0,3.994933422702942e-32
transcription_TU_484018.6.peg.1191,0.0,-74.14704363008086
translation_484018.6.peg.1193,0.0,-1.0735386692616073e-33
transcription_TU_484018.6.peg.1193,0.0,1.2038913004371509e-32
translation_484018.6.peg.1194,0.0,-6.955913411600831e-32
transcription_TU_484018.6.peg.1194,0.0,3.004774660156872e-33
translation_484018.6.peg.1204,0.0,-1.0158839406843413e-32
transcription_TU_484018.6.peg.1204,0.0,2.295747244338178e-32
translation_484018.6.peg.1205,6.766829920862974e-09,3.439053193702532e-33
transcription_TU_484018.6.peg.1205,2.1681496516698297e-10,5.022687236276526e-33
translation_484018.6.peg.1211,1.7625469704454134e-09,4.933206232652484e-32
transcription_TU_484018.6.peg.1211,5.647349859113328e-11,2.2419004336680904e-33
translation_484018.6.peg.1212,1.6963382473315692e-08,-1.1349190813732572e-32
transcription_TU_484018.6.peg.1212,5.435211499444789e-10,5.122305146750602e-32
translation_484018.6.peg.1214,0.0,1.722903381737525e-32
transcription_TU_484018.6.peg.1214,0.0,5.030806681852033e-32
translation_484018.6.peg.1215,0.0,3.12517269658531e-32
transcription_TU_484018.6.peg.1215,0.0,-73.69777753103266
translation_484018.6.peg.1217,0.0,1.766901388033664e-34
transcription_TU_484018.6.peg.1217,0.0,-71.63113964569177
translation_484018.6.peg.1219,0.0,-2.0232806698545486e-32
transcription_TU_484018.6.peg.1219,0.0,-112.06282605057159
translation_484018.6.peg.1220,2.7760447924747845e-08,7.106663886430643e-33
transcription_TU_484018.6.peg.1220,8.894682769057184e-10,-5.9315473328937987e-33
translation_484018.6.peg.1221,0.0,7.462063472964647e-32
transcription_TU_484018.6.peg.1221,0.0,-2.41872148807674e-32
translation_484018.6.peg.1222,-7.839699485014574e-29,-8.369535424647343e-33
transcription_TU_484018.6.peg.1222,0.0,-37.03384200618399
translation_484018.6.peg.1227,0.0,-3.0633828176022356e-33
transcription_TU_484018.6.peg.1227,0.0,-1.9083195556128543e-32
translation_484018.6.peg.1229,8.508506113730004e-09,7.848971476733843e-32
transcription_TU_484018.6.peg.1229,2.726197463577108e-10,-1.6877637845785108e-32
translation_484018.6.peg.1230,0.0,1.673206279463966e-32
transcription_TU_484018.6.peg.1230,0.0,-64.2949463124313
translation_484018.6.peg.1236,0.0,3.926717362277776e-32
transcription_TU_484018.6.peg.1236,0.0,1.5842449638445387e-32
translation_484018.6.peg.1238,1.512115468915607e-08,-2.1205194054310492e-32
transcription_TU_484018.6.peg.1238,4.844946105569959e-10,1.949247503451351e-32
translation_484018.6.peg.1249,0.0,1.650377742887583e-32
transcription_TU_484018.6.peg.1249,0.0,2.1976602651103733e-32
translation_484018.6.peg.1259,0.0,-1.2211184985560981e-33
transcription_TU_484018.6.peg.1259,0.0,-4.431894867826667e-32
translation_484018.6.peg.1262,4.469771430190205e-07,-4.000636881413261e-33
transcription_TU_484018.6.peg.1262,1.4321526449972808e-08,-9.086279805861241e-33
translation_484018.6.peg.1268,0.0,-1.7220765085062814e-32
transcription_TU_484018.6.peg.1268,0.0,7.491718595788699e-33
translation_484018.6.peg.1269,0.0,1.1127576752996352e-32
transcription_TU_484018.6.peg.1269,0.0,-5.801451733293759e-33
translation_484018.6.peg.1274,1.4813556710476075e-14,-1.1436203166397579e-32
transcription_TU_484018.6.peg.1274,4.746389106483403e-16,-2.2830916136229302e-32
translation_484018.6.peg.1276,5.936299819155458e-12,-6.457737446536524e-33
transcription_TU_484018.6.peg.1276,1.9020407688136731e-13,-2.684355392270163e-32
translation_484018.6.peg.1279,0.0,1.0982221744595534e-32
transcription_TU_484018.6.peg.1279,0.0,-1.9148358126407515e-32
translation_484018.6.peg.1286,0.0,-2.8442548170836926e-33
transcription_TU_484018.6.peg.1286,0.0,-58.27359002175951
translation_484018.6.peg.1287,0.0,1.1447623906105146e-33
transcription_TU_484018.6.peg.1287,0.0,-44.50650422685736
translation_484018.6.peg.1303,4.4324608207057365e-08,1.7658608266872387e-32
transcription_TU_484018.6.peg.1303,1.4201980095323151e-09,1.7715591389857353e-32
translation_484018.6.peg.1304,6.927742229036143e-08,4.9167639391509046e-33
transcription_TU_484018.6.peg.1304,2.2197073188485774e-09,2.6128916806634814e-32
translation_484018.6.peg.1305,5.965741376304626e-08,-2.867050375161814e-32
transcription_TU_484018.6.peg.1305,1.911474093224677e-09,5.101478182449599e-32
translation_484018.6.peg.1306,9.710875562623098e-08,-9.344630725980068e-33
transcription_TU_484018.6.peg.1306,3.1114468243979795e-09,-1.3790463679481182e-32
translation_484018.6.peg.1307,6.527633253237447e-08,-1.6748023272697752e-32
transcription_TU_484018.6.peg.1307,2.0915090123072353e-09,-1.8137866885987765e-32
translation_484018.6.peg.1308,0.0,-4.760675196262173e-33
transcription_TU_484018.6.peg.1308,0.0,-48.86554282634129
translation_484018.6.peg.1314,0.0,1.3525930575106976e-33
transcription_TU_484018.6.peg.1314,0.0,-48.80007056167096
translation_484018.6.peg.1318,0.0,2.0572575542296052e-32
transcription_TU_484018.6.peg.1318,0.0,1.1028558571108832e-31
translation_484018.6.peg.1330,0.0,9.324801611504124e-33
transcription_TU_484018.6.peg.1330,0.0,2.185038597101059e-34
translation_484018.6.peg.1331,0.0,1.1981358104582601e-33
transcription_TU_484018.6.peg.1331,0.0,-6.926629578686135e-33
translation_484018.6.peg.1346,0.0,-7.917170467229811e-32
transcription_TU_484018.6.peg.1346,0.0,-2.0178739283456513e-32
translation_484018.6.peg.1350,0.0,-5.590690000675283e-34
transcription_TU_484018.6.peg.1350,0.0,5.6118778655496786e-33
translation_484018.6.peg.1360,0.0,-3.0199144402605047e-32
transcription_TU_484018.6.peg.1360,0.0,1.2582758685802689e-33
translation_484018.6.peg.1363,2.375072716356974e-24,-1.0987146469016637e-32
transcription_TU_484018.6.peg.1363,0.0,-73.8839683964689
translation_484018.6.peg.1367,0.0,1.1613303905853508e-33
transcription_TU_484018.6.peg.1367,0.0,5.926436749553964e-32
translation_484018.6.peg.1380,2.6816100728741076e-09,1.9896196318028413e-32
transcription_TU_484018.6.peg.1380,8.592105924652568e-11,2.6149654356547786e-32
translation_484018.6.peg.1382,6.44031005335692e-10,-2.3350478439274498e-33
transcription_TU_484018.6.peg.1382,2.0635299190511847e-11,-1.0785079320077413e-32
translation_484018.6.peg.1384,2.236276217512792e-08,8.84918488846548e-32
transcription_TU_484018.6.peg.1384,7.165218512569832e-10,-1.0618713802002726e-32
translation_484018.6.peg.1385,6.44031005335692e-10,2.801338366407071e-32
transcription_TU_484018.6.peg.1385,2.0635299190511847e-11,1.5392390177468738e-32
translation_484018.6.peg.1386,3.829433596136298e-06,2.6349029001197523e-34
transcription_TU_484018.6.peg.1386,1.2269829764683673e-07,6.862032334003524e-33
translation_484018.6.peg.1387,3.829433596136298e-06,-2.2172393913989386e-33
transcription_TU_484018.6.peg.1387,1.2269829764683673e-07,1.5204753729766919e-33
translation_484018.6.peg.1417,0.0,9.858102415814165e-33
transcription_TU_484018.6.peg.1417,0.0,7.351908753749961e-33
translation_484018.6.peg.1419,1.531736642031746e-08,2.6074690459351646e-32
transcription_TU_484018.6.peg.1419,4.907814007016617e-10,-2.160581588804794e-32
translation_484018.6.peg.1428,0.0,-5.323201364832982e-34
transcription_TU_484018.6.peg.1428,0.0,-49.89252899465812
translation_484018.6.peg.1430,0.0,-6.489650747544085e-33
transcription_TU_484018.6.peg.1430,0.0,-72.37284792676019
translation_484018.6.peg.1436,0.0,1.0360737030231916e-32
transcription_TU_484018.6.peg.1436,0.0,4.202459537059295e-32
translation_484018.6.peg.1437,2.4248595012143228e-14,-7.549211014834524e-34
transcription_TU_484018.6.peg.1437,7.769455334907586e-16,-2.040758287759484e-33
translation_484018.6.peg.1456,6.600971041780787e-11,1.3850617398534672e-31
transcription_TU_484018.6.peg.1456,2.1150070612524644e-12,-2.1833309711954934e-32
translation_484018.6.peg.1457,2.457820920955424e-09,-4.300972573981977e-32
transcription_TU_484018.6.peg.1457,7.87506651705046e-11,9.113718642405495e-34
translation_484018.6.peg.1462,2.2213331972809043e-08,-3.34409988043388e-32
transcription_TU_484018.6.peg.1462,7.117339809411101e-10,-1.3593781705821899e-33
translation_484018.6.peg.1466,0.0,6.839761370395696e-33
transcription_TU_484018.6.peg.1466,0.0,-46.23995925511615
translation_484018.6.peg.1477,0.0,3.6735630689217e-33
transcription_TU_484018.6.peg.1477,0.0,-46.397391127472844
translation_484018.6.peg.1483,0.0,-6.0501584230185e-33
transcription_TU_484018.6.peg.1483,0.0,-53.964590067815664
translation_484018.6.peg.1488,0.0,1.0448001639308311e-33
transcription_TU_484018.6.peg.1488,0.0,-37.859047870472274
translation_484018.6.peg.1494,0.0,-2.824085909846389e-35
transcription_TU_484018.6.peg.1494,0.0,1.6309839847096332e-32
translation_484018.6.peg.1504,8.27377616121113e-09,3.4771148478177847e-32
transcription_TU_484018.6.peg.1504,2.650987997587549e-10,8.155230579574241e-33
translation_484018.6.peg.1509,9.049572117057698e-42,2.5438913948261715e-33
transcription_TU_484018.6.peg.1509,2.407366749076524e-43,-2.39144528570409e-32
translation_484018.6.peg.1510,0.0,-8.420597449652155e-33
transcription_TU_484018.6.peg.1510,0.0,-2.1842240331805903e-32
translation_484018.6.peg.1511,5.3170213335559865e-24,-1.1801335348686871e-32
transcription_TU_484018.6.peg.1511,0.0,-17.81066166245961
translation_484018.6.peg.1512,5.3170213335559865e-24,1.5211468453510187e-32
transcription_TU_484018.6.peg.1512,1.7036186939955315e-25,-8.13149015144081e-32
translation_484018.6.peg.1514,9.586818655719548e-10,-4.5107410424840003e-32
transcription_TU_484018.6.peg.1514,3.0716979401145296e-11,-2.8676504872837427e-33
translation_484018.6.peg.1515,5.995362153215305e-08,-3.437295934031087e-33
transcription_TU_484018.6.peg.1515,1.9209648411660538e-09,-2.259173120112398e-32
translation_484018.6.peg.1516,1.69832458044245e-14,2.214608372021137e-32
transcription_TU_484018.6.peg.1516,5.441575879062457e-16,1.8881425796291605e-32
translation_484018.6.peg.1525,0.0,2.150301335383466e-32
transcription_TU_484018.6.peg.1525,0.0,1.1995003949968742e-32
translation_484018.6.peg.1531,0.0,1.1188476666366945e-32
transcription_TU_484018.6.peg.1531,0.0,-43.12238231347891
translation_484018.6.peg.1532,0.0,-3.856800195632687e-32
transcription_TU_484018.6.peg.1532,0.0,5.367386285097718e-32
translation_484018.6.peg.1533,3.829433596136298e-06,-1.7542959104583845e-33
transcription_TU_484018.6.peg.1533,1.2269829764683673e-07,-8.644916104166102e-33
translation_484018.6.peg.1542,1.041380208213107e-09,-5.421386790878822e-33
transcription_TU_484018.6.peg.1542,3.336670438149799e-11,-1.7684577605350594e-32
translation_484018.6.peg.1547,0.0,3.964169834946275e-33
transcription_TU_484018.6.peg.1547,0.0,-51.73866220599189
translation_484018.6.peg.1548,3.5590786811378686e-08,-1.0751586483576379e-33
transcription_TU_484018.6.peg.1548,1.1403589705991142e-09,3.201780326592237e-33
translation_484018.6.peg.1549,2.318367447008232e-09,4.148330315693247e-32
transcription_TU_484018.6.peg.1549,7.428245768636863e-11,-1.1214515160930718e-32
translation_484018.6.peg.1550,5.4931926261972066e-11,6.38916794661822e-33
transcription_TU_484018.6.peg.1550,1.7600654691090358e-12,-1.5400333369018526e-32
translation_484018.6.peg.1554,4.896894443016472e-24,-5.468543926594384e-33
transcription_TU_484018.6.peg.1554,0.0,-38.19792588733257
translation_484018.6.peg.1557,1.505887636761289e-09,-3.2101119932238876e-32
transcription_TU_484018.6.peg.1557,4.824991603574259e-11,-2.5143876710087337e-32
translation_484018.6.peg.1560,2.4091204641087664e-10,6.468003734516205e-33
transcription_TU_484018.6.peg.1560,7.719026126227728e-12,-5.113440023050826e-33
translation_484018.6.peg.1561,0.0,-3.120407639891834e-33
transcription_TU_484018.6.peg.1561,0.0,-2.1188891002231023e-32
translation_484018.6.peg.1562,0.0,-1.72570406920499e-32
transcription_TU_484018.6.peg.1562,0.0,1.4336073364541078e-32
translation_484018.6.peg.1563,0.0,-2.4820599072913537e-33
transcription_TU_484018.6.peg.1563,0.0,8.449566870200477e-33
translation_484018.6.peg.1564,0.0,-9.046637212266777e-33
transcription_TU_484018.6.peg.1564,0.0,-73.50786659105886
translation_484018.6.peg.1565,0.0,1.3983544287414553e-32
transcription_TU_484018.6.peg.1565,0.0,-1.3954150564578091e-32
translation_484018.6.peg.1566,0.0,1.2426104566896769e-33
transcription_TU_484018.6.peg.1566,0.0,-1.898563516741404e-33
translation_484018.6.peg.1570,8.05963639414365e-09,1.7555939792568446e-32
transcription_TU_484018.6.peg.1570,2.582375801506699e-10,4.304284886592822e-32
translation_484018.6.peg.1572,0.0,-8.784704260676044e-33
transcription_TU_484018.6.peg.1572,0.0,-49.13920332224016
translation_484018.6.peg.1574,1.3207350350278378e-08,2.6565254694528685e-32
transcription_TU_484018.6.peg.1574,4.23174697699297e-10,3.192429014994835e-32
translation_484018.6.peg.1580,0.0,8.510589468401854e-33
transcription_TU_484018.6.peg.1580,0.0,-71.32649685937791
translation_484018.6.peg.1583,0.0,-5.2591486982614884e-33
transcription_TU_484018.6.peg.1583,0.0,5.434601570180915e-33
translation_484018.6.peg.1610,0.0,-1.9434854410017236e-33
transcription_TU_484018.6.peg.1610,0.0,-35.80261264562673
translation_484018.6.peg.1640,0.0,-5.765789071267511e-33
transcription_TU_484018.6.peg.1640,0.0,-3.020496425550075e-33
translation_484018.6.peg.1641,0.0,-1.0938174185860512e-33
transcription_TU_484018.6.peg.1641,0.0,-7.237369451134678e-32
translation_484018.6.peg.1642,0.0,2.8244938557562353e-33
transcription_TU_484018.6.peg.1642,0.0,-72.66883976829435
translation_484018.6.peg.1643,0.0,-2.1480525866032895e-34
transcription_TU_484018.6.peg.1643,0.0,-1.0301244003385639e-32
translation_484018.6.peg.1644,0.0,-3.776362514826495e-33
transcription_TU_484018.6.peg.1644,0.0,-42.56270593095201
translation_484018.6.peg.1664,0.0,1.6281447285641882e-32
transcription_TU_484018.6.peg.1664,0.0,-57.98434650732425
translation_484018.6.peg.1670,0.0,3.123605646789403e-32
transcription_TU_484018.6.peg.1670,0.0,1.7895969990460125e-32
translation_484018.6.peg.1685,0.0,-6.399623733099331e-33
transcription_TU_484018.6.peg.1685,0.0,-2.617539965820161e-32
translation_484018.6.peg.1686,0.0,6.574171785515008e-33
transcription_TU_484018.6.peg.1686,0.0,-58.00215100316305
translation_484018.6.peg.1711,0.0,9.859417156545078e-33
transcription_TU_484018.6.peg.1711,0.0,7.901720658637728e-32
translation_484018.6.peg.1713,0.0,-6.01338665124652e-33
transcription_TU_484018.6.peg.1713,0.0,1.9418397784929977e-32
translation_484018.6.peg.1714,0.0,-3.392579162698789e-33
transcription_TU_484018.6.peg.1714,0.0,-5.127171140210029e-32
translation_484018.6.peg.1721,1.9871938758286894e-08,-4.64477156438733e-34
transcription_TU_484018.6.peg.1721,6.367137581505705e-10,4.0020820285472894e-32
translation_484018.6.peg.1722,5.385358872109612e-09,1.2192214370254125e-33
transcription_TU_484018.6.peg.1722,1.7255146204697884e-10,-8.871622978205138e-33
translation_484018.6.peg.1726,0.0,5.882348469610968e-33
transcription_TU_484018.6.peg.1726,0.0,-28.014263388910173
translation_484018.6.peg.1728,3.1186023806405e-09,-1.3924651688302156e-33
transcription_TU_484018.6.peg.1728,9.992266311342571e-11,1.1282769201818805e-32
translation_484018.6.peg.1735,0.0,5.062624691394376e-34
transcription_TU_484018.6.peg.1735,0.0,-32.70425209113156
translation_484018.6.peg.1736,0.0,-7.124190754209356e-34
transcription_TU_484018.6.peg.1736,0.0,-17.530424941017127
translation_484018.6.peg.1738,0.0,3.9257574199898316e-33
transcription_TU_484018.6.peg.1738,0.0,-37.02855666366917
translation_484018.6.peg.1739,0.0,-4.0254715255058895e-33
transcription_TU_484018.6.peg.1739,0.0,-69.07591415949516
translation_484018.6.peg.1742,5.111475107112394e-09,-6.22768691178433e-33
transcription_TU_484018.6.peg.1742,1.6377599411559317e-10,-1.050749601324384e-32
translation_484018.6.peg.1743,4.448598171870184e-08,-1.1627474275690534e-32
transcription_TU_484018.6.peg.1743,1.4253685536002542e-09,-5.897647156788105e-32
translation_484018.6.peg.1760,0.0,1.278172604579799e-32
transcription_TU_484018.6.peg.1760,0.0,1.2906888686370579e-33
translation_484018.6.peg.1761,2.4561421363924932e-08,1.1641734417875548e-32
transcription_TU_484018.6.peg.1761,7.86968754904341e-10,2.915599729082965e-32
translation_484018.6.peg.1765,2.5991344526880777e-09,8.182184183599882e-33
transcription_TU_484018.6.peg.1765,8.32784704823797e-11,1.7524647435077112e-32
translation_484018.6.peg.1772,0.0,2.3463551396342594e-33
transcription_TU_484018.6.peg.1772,0.0,-98.78828105180561
translation_484018.6.peg.1773,0.0,9.32279474866322e-33
transcription_TU_484018.6.peg.1773,0.0,-38.92316293227659
translation_484018.6.peg.1775,0.0,2.11702681168221e-34
transcription_TU_484018.6.peg.1775,0.0,1.8365466678718235e-32
translation_484018.6.peg.1776,1.6435018743876508e-07,1.0783718096970938e-32
transcription_TU_484018.6.peg.1776,5.265919282951126e-09,2.798271798618502e-32
translation_484018.6.peg.1777,0.0,3.096912910974197e-34
transcription_TU_484018.6.peg.1777,0.0,-1.4374930024706868e-32
translation_484018.6.peg.1778,2.597268539473901e-08,9.943001221362189e-32
transcription_TU_484018.6.peg.1778,8.321868504174242e-10,1.304621787146433e-32
translation_484018.6.peg.1782,0.0,5.704331320807529e-33
transcription_TU_484018.6.peg.1782,0.0,-3.442715449387224e-32
translation_484018.6.peg.1787,-2.621260064937173e-29,2.873723014360139e-32
transcription_TU_484018.6.peg.1787,-8.398739384900072e-31,5.438650059208971e-32
translation_484018.6.peg.1788,-9.853365531837153e-33,7.160643393271439e-33
transcription_TU_484018.6.peg.1788,-3.157101811916789e-34,-2.5425474579420944e-32
translation_484018.6.peg.1789,-4.699310244192853e-29,1.6504179349383778e-32
transcription_TU_484018.6.peg.1789,-1.5056988262130138e-30,-4.2801366534148345e-32
translation_484018.6.peg.1801,2.5257819873633424e-07,-2.8953602420980493e-33
transcription_TU_484018.6.peg.1801,8.092819533134316e-09,3.2179774180605204e-33
translation_484018.6.peg.1802,2.5257819873633424e-07,7.325374947346006e-32
transcription_TU_484018.6.peg.1802,8.092819533134316e-09,5.617324131391051e-32
translation_484018.6.peg.1813,0.0,-8.619149461668796e-33
transcription_TU_484018.6.peg.1813,0.0,1.2619255375178985e-32
translation_484018.6.peg.1821,0.0,1.8092212010633377e-32
transcription_TU_484018.6.peg.1821,0.0,-37.083492002315474
translation_484018.6.peg.1823,0.0,3.1303279635899165e-33
transcription_TU_484018.6.peg.1823,0.0,-45.733687965824195
translation_484018.6.peg.1824,0.0,-1.247033976426775e-32
transcription_TU_484018.6.peg.1824,0.0,-65.44814122413679
translation_484018.6.peg.1826,3.307687787103592e-10,-5.017759428790576e-33
transcription_TU_484018.6.peg.1826,1.0598111977560406e-11,4.037444595911193e-33
translation_484018.6.peg.1832,3.712302680450569e-11,7.505588783742204e-32
transcription_TU_484018.6.peg.1832,1.1894532384649338e-12,5.276175611746304e-32
translation_484018.6.peg.1837,0.0,2.923018596945686e-32
transcription_TU_484018.6.peg.1837,0.0,-74.43594460987332
translation_484018.6.peg.1838,1.5465985108936857e-08,-1.1546324017678848e-32
transcription_TU_484018.6.peg.1838,4.955432694308919e-10,7.359186012411053e-33
translation_484018.6.peg.1839,0.0,-7.119294438321127e-33
transcription_TU_484018.6.peg.1839,0.0,-76.02626180154259
translation_484018.6.peg.1873,0.0,7.009350521714212e-33
transcription_TU_484018.6.peg.1873,0.0,-71.66537851278174
translation_484018.6.peg.1877,2.3696017567591684e-08,-1.9860920229745294e-32
transcription_TU_484018.6.peg.1877,7.592404838894492e-10,-4.014895810599079e-34
translation_484018.6.peg.1882,1.973641673439012e-08,-3.820839205795963e-32
transcription_TU_484018.6.peg.1882,6.323715176577296e-10,3.546970845514973e-33
translation_484018.6.peg.1890,3.63842953812109e-08,-1.5347126278058804e-32
transcription_TU_484018.6.peg.1890,1.1657836576298077e-09,4.967158777949189e-32
translation_484018.6.peg.1892,0.0,4.51580895448454e-33
transcription_TU_484018.6.peg.1892,0.0,-2.9157651189922514e-32
translation_484018.6.peg.1911,0.0,-5.82804441928764e-33
transcription_TU_484018.6.peg.1911,0.0,-5.938604659230058e-32
translation_484018.6.peg.1921,0.0,1.1097724332378246e-33
transcription_TU_484018.6.peg.1921,0.0,-57.81272975290165
translation_484018.6.peg.1922,0.0,-2.3480216317025633e-33
transcription_TU_484018.6.peg.1922,0.0,-53.50768653485705
translation_484018.6.peg.1923,0.0,1.4577282931548973e-32
transcription_TU_484018.6.peg.1923,0.0,-40.937842306975114
translation_484018.6.peg.1924,0.0,-2.893960207839579e-32
transcription_TU_484018.6.peg.1924,0.0,-84.0641321988448
translation_484018.6.peg.1925,0.0,6.333579265033661e-33
transcription_TU_484018.6.peg.1925,0.0,3.11918570279567e-33
translation_484018.6.peg.1931,1.3614620140584915e-08,-1.1265725620187546e-31
transcription_TU_484018.6.peg.1931,4.3622396691864435e-10,1.0682688793017214e-31
translation_484018.6.peg.1933,1.497864888457784e-14,6.148768909301512e-32
transcription_TU_484018.6.peg.1933,4.799286038127653e-16,1.946958828539817e-32
translation_484018.6.peg.1934,3.2650393174053234e-09,-7.761345237356252e-32
transcription_TU_484018.6.peg.1934,1.0461462666432516e-10,-2.007735128278708e-33
translation_484018.6.peg.1935,0.0,7.544830747436816e-33
transcription_TU_484018.6.peg.1935,0.0,2.013221009251672e-33
translation_484018.6.peg.1936,0.0,2.0886208443770662e-32
transcription_TU_484018.6.peg.1936,0.0,-6.418584411018101e-33
translation_484018.6.peg.1937,0.0,-9.532874454125474e-33
transcription_TU_484018.6.peg.1937,0.0,-4.013393429323789e-33
translation_484018.6.peg.1938,0.0,1.8226676932016015e-32
transcription_TU_484018.6.peg.1938,0.0,-60.73556971647073
translation_484018.6.peg.1944,3.829417108408685e-06,-3.312028310912111e-33
transcription_TU_484018.6.peg.1944,1.2269776936607159e-07,-1.517737257663075e-32
translation_484018.6.peg.1945,0.0,8.044396261045607e-33
transcription_TU_484018.6.peg.1945,-3.751385989495053e-40,-1.578972105655385e-31
translation_484018.6.peg.1955,0.0,6.175850383579877e-34
transcription_TU_484018.6.peg.1955,0.0,8.280229671448757e-33
translation_484018.6.peg.1957,0.0,5.2452003529580404e-33
transcription_TU_484018.6.peg.1957,0.0,-1.9728486073473174e-32
translation_484018.6.peg.1958,4.2277867107750694e-08,9.749361715762446e-32
transcription_TU_484018.6.peg.1958,1.3546186902141471e-09,-1.1542555330560314e-33
translation_484018.6.peg.1966,1.784442706659144e-08,6.235645508884972e-32
transcription_TU_484018.6.peg.1966,5.717505653480921e-10,-4.6091566922198986e-32
translation_484018.6.peg.1990,0.0,9.926365721139189e-33
transcription_TU_484018.6.peg.1990,0.0,-1.754472838769732e-32
translation_484018.6.peg.1993,1.0683960530722275e-09,-2.065274595110377e-33
transcription_TU_484018.6.peg.1993,3.423231494517236e-11,-6.016945403265059e-33
translation_484018.6.peg.1996,3.712302680450569e-11,-7.735050749245956e-33
transcription_TU_484018.6.peg.1996,1.1894532384649338e-12,-1.1307534271061092e-32
translation_484018.6.peg.1999,3.1542350993939763e-13,1.1856960392547025e-32
transcription_TU_484018.6.peg.1999,1.0106436561898457e-14,-1.3007665990905904e-32
translation_484018.6.peg.2002,5.587267308224377e-10,-9.28589752417295e-33
transcription_TU_484018.6.peg.2002,1.7902077944598326e-11,1.081964209710594e-32
translation_484018.6.peg.2009,2.817891012330098e-08,-1.0365248485669182e-32
transcription_TU_484018.6.peg.2009,9.028761603702147e-10,-5.955891802159296e-33
translation_484018.6.peg.2011,0.0,1.600099495806006e-33
transcription_TU_484018.6.peg.2011,0.0,-53.10897671050812
translation_484018.6.peg.2012,5.447486373041653e-10,2.290463447922931e-32
transcription_TU_484018.6.peg.2012,1.7454207982635612e-11,-3.819295552860279e-32
translation_484018.6.peg.2014,5.089276614084266e-12,2.2243808233791174e-33
transcription_TU_484018.6.peg.2014,1.6306473558701478e-13,-1.1185535085856459e-32
translation_484018.6.peg.2015,5.089276614084266e-12,-1.5789728079598677e-32
transcription_TU_484018.6.peg.2015,1.6306473558701478e-13,-1.8248622401171654e-33
translation_484018.6.peg.2022,2.6724879387931415e-09,1.8903087052690334e-33
transcription_TU_484018.6.peg.2022,8.562877834008302e-11,-1.0910198126427298e-32
translation_484018.6.peg.2026,0.0,2.3693159597241834e-32
transcription_TU_484018.6.peg.2026,0.0,-40.98877795353891
translation_484018.6.peg.2028,6.7328967579210385e-09,5.18730668563559e-33
transcription_TU_484018.6.peg.2028,2.1572771786990253e-10,5.014179859696853e-33
translation_484018.6.peg.2029,2.118989307524994e-08,2.4432880073764291e-32
transcription_TU_484018.6.peg.2029,6.789421313572041e-10,1.8626311610457933e-32
translation_484018.6.peg.2030,3.1683398950779046e-09,-3.992126821546258e-33
transcription_TU_484018.6.peg.2030,1.0151629522570776e-10,2.2834537130374874e-32
translation_484018.6.peg.2031,4.212978133688978e-09,-4.448461143361099e-34
transcription_TU_484018.6.peg.2031,1.3498738966215157e-10,1.9593985851374816e-32
translation_484018.6.peg.2034,4.769424584665045e-09,2.8555201293340837e-33
transcription_TU_484018.6.peg.2034,1.5281640550806504e-10,-7.301567708456979e-33
translation_484018.6.peg.2042,1.6980052974064944e-08,7.105602072758387e-32
transcription_TU_484018.6.peg.2042,5.440552869157839e-10,6.274116017902316e-33
translation_484018.6.peg.2050,2.2288875473413183e-07,1.9408402731988386e-33
transcription_TU_484018.6.peg.2050,7.1415445871927625e-09,5.2290112042564896e-33
translation_484018.6.peg.2061,1.4840749547888628e-12,3.092250511618704e-32
transcription_TU_484018.6.peg.2061,4.755101922034178e-14,-2.4546380478895693e-32
translation_484018.6.peg.2063,0.0,7.095635791841143e-33
transcription_TU_484018.6.peg.2063,0.0,-1.0740682329539786e-32
translation_484018.6.peg.2069,0.0,2.0059344078778404e-33
transcription_TU_484018.6.peg.2069,0.0,-35.2913482403554
translation_484018.6.peg.2072,0.0,3.475568655508098e-33
transcription_TU_484018.6.peg.2072,0.0,-80.85218973763465
translation_484018.6.peg.2075,1.562944546083057e-08,7.80800791606922e-33
transcription_TU_484018.6.peg.2075,5.007806776288948e-10,-1.5458717653874125e-32
translation_484018.6.peg.2077,1.6487727613993844e-11,-1.2183201838870011e-32
transcription_TU_484018.6.peg.2077,5.282807651614341e-13,9.261003092216233e-32
translation_484018.6.peg.2083,0.0,4.93318533903706e-32
transcription_TU_484018.6.peg.2083,0.0,1.5670497450584416e-32
translation_484018.6.peg.2084,3.1128290543296566e-08,9.035255068742771e-33
transcription_TU_484018.6.peg.2084,9.973768084586143e-10,-2.2873639571791567e-32
translation_484018.6.peg.2086,8.76819548773035e-09,1.0192635030577202e-32
transcription_TU_484018.6.peg.2086,2.809404139726196e-10,1.272560286660833e-32
translation_484018.6.peg.2088,4.0458450726273186e-09,8.712152566476987e-34
transcription_TU_484018.6.peg.2088,1.296323047499962e-10,9.15374957278313e-33
translation_484018.6.peg.2089,0.0,7.835652881129364e-33
transcription_TU_484018.6.peg.2089,0.0,-9.580130111823194e-33
translation_484018.6.peg.2090,0.0,1.0536751043263359e-32
transcription_TU_484018.6.peg.2090,0.0,-41.27036687935423
translation_484018.6.peg.2097,2.1854210250450458e-09,-2.812186493092543e-32
transcription_TU_484018.6.peg.2097,7.002274166215573e-11,2.742040426656136e-32
translation_484018.6.peg.2098,1.746298778501846e-09,-2.6614090194806743e-32
transcription_TU_484018.6.peg.2098,5.595289275184513e-11,-1.2424059304644875e-32
translation_484018.6.peg.2099,0.0,8.16845399079418e-33
transcription_TU_484018.6.peg.2099,0.0,8.023576118755104e-33
translation_484018.6.peg.2100,2.3319493507098064e-09,2.9000906150631767e-33
transcription_TU_484018.6.peg.2100,7.471763339085606e-11,5.786352152829068e-33
translation_484018.6.peg.2101,1.7302722926248293e-08,2.0683555843596286e-34
transcription_TU_484018.6.peg.2101,5.543939056281251e-10,-4.05898286322998e-33
translation_484018.6.peg.2102,2.8712090816559627e-09,4.222702392409484e-33
transcription_TU_484018.6.peg.2102,9.199597216224589e-11,-1.899437705675478e-32
translation_484018.6.peg.2110,1.6766217647353575e-08,3.98668961453509e-34
transcription_TU_484018.6.peg.2110,5.372038218347044e-10,2.7277406739916455e-33
translation_484018.6.peg.2111,1.6766217647353575e-08,-8.354689187966896e-33
transcription_TU_484018.6.peg.2111,5.372038218347044e-10,8.80387098668361e-33
translation_484018.6.peg.2113,1.6766217647353575e-08,1.9799333063386923e-33
transcription_TU_484018.6.peg.2113,5.372038218347044e-10,-7.853716283005257e-33
translation_484018.6.peg.2114,1.6766217647353575e-08,5.980960644508001e-35
transcription_TU_484018.6.peg.2114,5.372038218347044e-10,6.895609368505469e-33
translation_484018.6.peg.2116,0.0,4.8697384940941997e-32
transcription_TU_484018.6.peg.2116,0.0,3.437182670650281e-32
translation_484018.6.peg.2118,1.4466758318037175e-07,3.6092721446580565e-33
transcription_TU_484018.6.peg.2118,4.635271962627338e-09,6.265796809578255e-33
translation_484018.6.peg.2119,5.145142109420692e-08,7.110522294507774e-32
transcription_TU_484018.6.peg.2119,1.648547134004159e-09,-5.105963960702105e-32
translation_484018.6.peg.2120,5.0906706583603635e-08,1.4573747360064583e-32
transcription_TU_484018.6.peg.2120,1.6310940194699399e-09,-2.733776702536205e-32
translation_484018.6.peg.2121,8.044580298872527e-08,7.065662554081108e-32
transcription_TU_484018.6.peg.2121,2.5775517009900084e-09,5.71198496952936e-33
translation_484018.6.peg.2122,9.418080352239833e-08,-5.300910917777387e-35
transcription_TU_484018.6.peg.2122,3.0176327577187165e-09,8.892117604327298e-33
translation_484018.6.peg.2124,0.0,2.5244716226835193e-32
transcription_TU_484018.6.peg.2124,0.0,-56.70435700172473
translation_484018.6.peg.2133,0.0,2.691343035515586e-33
transcription_TU_484018.6.peg.2133,0.0,8.692313418269758e-32
translation_484018.6.peg.2136,6.706107995101996e-15,7.903798019430428e-33
transcription_TU_484018.6.peg.2136,2.1486938320723132e-16,4.4375137654605064e-32
translation_484018.6.peg.2137,1.6487727613993844e-11,-3.325015540797013e-33
transcription_TU_484018.6.peg.2137,5.282807651614341e-13,-2.5569741011436002e-33
translation_484018.6.peg.2160,3.1511253450930854e-09,1.4074731807714943e-32
transcription_TU_484018.6.peg.2160,1.0096472645584456e-10,5.036491086838667e-33
translation_484018.6.peg.2165,1.6487727613993844e-11,-1.6764596421470563e-32
transcription_TU_484018.6.peg.2165,5.282807651614341e-13,2.1050159568885393e-32
translation_484018.6.peg.2166,0.0,7.43860383086736e-33
transcription_TU_484018.6.peg.2166,0.0,1.985062859639327e-32
translation_484018.6.peg.2167,0.0,-2.4408896956016417e-33
transcription_TU_484018.6.peg.2167,0.0,4.0845974469538483e-32
translation_484018.6.peg.2168,0.0,2.6007248735830934e-33
transcription_TU_484018.6.peg.2168,0.0,-6.0073024142629784e-33
translation_484018.6.peg.2171,1.6487727613993844e-11,3.096946677896087e-32
transcription_TU_484018.6.peg.2171,5.282807651614341e-13,4.385332870680234e-33
translation_484018.6.peg.2173,0.0,2.3060716923954817e-32
transcription_TU_484018.6.peg.2173,0.0,-3.706889498387056e-32
translation_484018.6.peg.2174,0.0,-1.6298215201885944e-32
transcription_TU_484018.6.peg.2174,0.0,-5.983912322006102e-32
translation_484018.6.peg.2178,1.0549566082890671e-08,2.3897939935958308e-33
transcription_TU_484018.6.peg.2178,3.3801703745156726e-10,-4.0407099444315855e-32
translation_484018.6.peg.2181,0.0,7.704089747181249e-35
transcription_TU_484018.6.peg.2181,0.0,-8.953217235861707e-33
translation_484018.6.peg.2183,0.0,4.172273085893431e-32
transcription_TU_484018.6.peg.2183,0.0,-4.3374932599424013e-32
translation_484018.6.peg.2187,0.0,4.164141320804074e-33
transcription_TU_484018.6.peg.2187,0.0,-9.018006628769217e-33
translation_484018.6.peg.2189,2.990241243157352e-11,-8.093650789749627e-32
transcription_TU_484018.6.peg.2189,9.58098634897204e-13,4.265925686288678e-32
translation_484018.6.peg.2190,1.495120621578676e-11,-1.9213838926680292e-33
transcription_TU_484018.6.peg.2190,4.79049317448602e-13,3.093145047015641e-33
translation_484018.6.peg.2193,6.153871416161359e-09,1.7825839604010642e-32
transcription_TU_484018.6.peg.2193,1.9717525522895955e-10,-1.4629287002667897e-32
translation_484018.6.peg.2202,1.9595720759841507e-13,-3.743936529742745e-32
transcription_TU_484018.6.peg.2202,6.278634994013757e-15,1.3980140161316294e-33
translation_484018.6.peg.2208,4.553174060117173e-52,1.9096507102598573e-32
transcription_TU_484018.6.peg.2208,0.0,-43.64092060266693
translation_484018.6.peg.2209,1.1011650043456766e-09,-2.0267529766901566e-32
transcription_TU_484018.6.peg.2209,3.528225991379149e-11,-8.888657774691201e-33
translation_484018.6.peg.2210,0.0,9.69922765724192e-33
transcription_TU_484018.6.peg.2210,0.0,-38.41016323870117
translation_484018.6.peg.2215,0.0,-1.176492894272781e-32
transcription_TU_484018.6.peg.2215,0.0,1.345794512253906e-32
translation_484018.6.peg.2217,0.0,3.160362708439642e-33
transcription_TU_484018.6.peg.2217,0.0,-2.534340142086808e-32
translation_484018.6.peg.2218,1.4676518357583957e-08,5.855549674858285e-33
transcription_TU_484018.6.peg.2218,4.702480856894863e-10,-1.602236073969073e-32
translation_484018.6.peg.2219,2.6757362885973952e-08,5.883372579063618e-32
transcription_TU_484018.6.peg.2219,8.573285822060255e-10,1.0992575568006092e-32
translation_484018.6.peg.2220,9.238425920834737e-09,3.0573789424137695e-33
transcription_TU_484018.6.peg.2220,2.9600699554276516e-10,6.736383900516068e-33
translation_484018.6.peg.2227,0.0,-1.2172643277604769e-32
transcription_TU_484018.6.peg.2227,0.0,-52.280310428946294
translation_484018.6.peg.2228,0.0,-3.209155743334457e-33
transcription_TU_484018.6.peg.2228,0.0,-2.4612675901667751e-32
translation_484018.6.peg.2229,3.530877189891854e-08,2.3448585744067174e-32
transcription_TU_484018.6.peg.2229,1.1313229738123323e-09,1.9585835740363625e-33
translation_484018.6.peg.2238,0.0,-2.324728986523026e-33
transcription_TU_484018.6.peg.2238,0.0,5.9184293616589815e-33
translation_484018.6.peg.2303,0.0,-1.0043546362077924e-32
transcription_TU_484018.6.peg.2303,0.0,2.3162259740607448e-32
translation_484018.6.peg.2333,0.0,-3.558788836812346e-33
transcription_TU_484018.6.peg.2333,0.0,-18.97630987679616
translation_484018.6.peg.2348,3.74373513032238e-10,1.0802798458598514e-32
transcription_TU_484018.6.peg.2348,1.199524461775953e-11,-2.8245229159134118e-33
translation_484018.6.peg.2349,6.074875877233483e-10,-1.873479344698587e-33
transcription_TU_484018.6.peg.2349,1.946441712174953e-11,4.952187718451799e-34
translation_484018.6.peg.2351,0.0,-3.2889690205952726e-33
transcription_TU_484018.6.peg.2351,0.0,2.1631021714430247e-33
translation_484018.6.peg.2352,0.0,1.6828302547227147e-33
transcription_TU_484018.6.peg.2352,0.0,-33.904877524708425
translation_484018.6.peg.2354,0.0,-1.0498066978394665e-32
transcription_TU_484018.6.peg.2354,0.0,-70.98200317195416
translation_484018.6.peg.2356,0.0,3.087612253000659e-32
transcription_TU_484018.6.peg.2356,0.0,-53.158497503798515
translation_484018.6.peg.2357,0.0,1.1580322417568346e-32
transcription_TU_484018.6.peg.2357,0.0,-45.147173723100515
translation_484018.6.peg.2358,0.0,-4.831180034702087e-32
transcription_TU_484018.6.peg.2358,0.0,-44.6090258008831
translation_484018.6.peg.2359,0.0,-4.369117626230156e-33
transcription_TU_484018.6.peg.2359,0.0,-37.64704925129771
translation_484018.6.peg.2360,0.0,4.902820381923104e-33
transcription_TU_484018.6.peg.2360,0.0,-40.18684172787703
translation_484018.6.peg.2361,0.0,8.568849652714311e-33
transcription_TU_484018.6.peg.2361,0.0,-64.4228467405952
translation_484018.6.peg.2370,1.7195217883727117e-10,4.186854809562123e-33
transcription_TU_484018.6.peg.2370,5.509493529613528e-12,-2.908360276671685e-32
translation_484018.6.peg.2372,2.584687059543935e-08,-3.5245231271062887e-34
transcription_TU_484018.6.peg.2372,8.281556376269943e-10,2.0633586883545906e-32
translation_484018.6.peg.2373,0.0,3.9257574199898316e-33
transcription_TU_484018.6.peg.2373,0.0,5.182909222017825e-33
translation_484018.6.peg.2374,0.0,-1.4742318289789787e-33
transcription_TU_484018.6.peg.2374,0.0,3.2610390954912343e-32
translation_484018.6.peg.2379,1.7335725983548022e-08,5.902376330429383e-32
transcription_TU_484018.6.peg.2379,5.554513515522179e-10,-4.5705568738150266e-32
translation_484018.6.peg.2398,0.0,-1.851988392008241e-33
transcription_TU_484018.6.peg.2398,0.0,-2.613556391087938e-33
translation_484018.6.peg.2449,1.3772528170698381e-08,7.989355488671347e-32
transcription_TU_484018.6.peg.2449,4.4128347402153195e-10,3.6512873844166316e-33
translation_484018.6.peg.2450,1.1284768297501025e-08,-3.135062031578644e-32
transcription_TU_484018.6.peg.2450,3.6157353944964083e-10,4.817152710376913e-32
translation_484018.6.peg.2451,1.1284768297501025e-08,-2.844777766459805e-33
transcription_TU_484018.6.peg.2451,3.6157353944964083e-10,-1.476276269454421e-32
translation_484018.6.peg.2453,2.4617785791608713e-08,1.738823057142197e-32
transcription_TU_484018.6.peg.2453,7.887747189329681e-10,-2.1573288602496663e-32
translation_484018.6.peg.2458,0.0,7.840660138445611e-33
transcription_TU_484018.6.peg.2458,0.0,3.180288518336991e-32
translation_484018.6.peg.2485,2.4431059222182206e-08,9.482156346477088e-33
transcription_TU_484018.6.peg.2485,7.827918414084219e-10,-8.387071752702335e-33
translation_484018.6.peg.2487,5.262995743913789e-09,2.709735776619207e-33
transcription_TU_484018.6.peg.2487,1.686308437238103e-10,-1.0869699182092898e-32
translation_484018.6.peg.2490,1.1591397792553544e-06,3.619589696327058e-32
transcription_TU_484018.6.peg.2490,3.713982083221375e-08,-3.875781306895446e-32
translation_484018.6.peg.2499,0.0,8.528564007243255e-33
transcription_TU_484018.6.peg.2499,0.0,-2.5305874583266753e-32
translation_484018.6.peg.2502,3.798045249028379e-09,2.9615581868699987e-32
transcription_TU_484018.6.peg.2502,1.2169258840566448e-10,-5.0717979347085e-32
translation_484018.6.peg.2503,3.798045249028379e-09,1.8939026475518068e-32
transcription_TU_484018.6.peg.2503,1.2169258840566448e-10,-1.8423470110899848e-32
translation_484018.6.peg.2515,0.0,1.410024119140741e-33
transcription_TU_484018.6.peg.2515,0.0,-71.15562950977366
translation_484018.6.peg.2527,1.5680383675752387e-14,2.2662298421902948e-32
transcription_TU_484018.6.peg.2527,5.024127812022225e-16,-2.2842745229718588e-32
translation_484018.6.peg.2537,0.0,-1.6735564036207484e-32
transcription_TU_484018.6.peg.2537,0.0,4.174703625649683e-33
translation_484018.6.peg.2538,0.0,6.22360518853886e-34
transcription_TU_484018.6.peg.2538,0.0,-1.4457911772816144e-32
translation_484018.6.peg.2542,1.0949088004760695e-08,-3.950181296784763e-33
transcription_TU_484018.6.peg.2542,3.5081805840033204e-10,9.58419458135331e-33
translation_484018.6.peg.2543,2.960730168750251e-08,-3.2924950232726915e-33
transcription_TU_484018.6.peg.2543,9.486430365676395e-10,-2.3799250460940523e-32
translation_484018.6.peg.2544,3.149470201694595e-08,-1.4402140868014408e-32
transcription_TU_484018.6.peg.2544,1.0091169425871727e-09,5.4324628698798304e-33
translation_484018.6.peg.2545,9.060730812349839e-09,5.6224306772852614e-33
transcription_TU_484018.6.peg.2545,2.903134936804362e-10,1.8083357039224128e-32
translation_484018.6.peg.2564,0.0,1.6855032987225968e-32
transcription_TU_484018.6.peg.2564,0.0,-9.69595215904926e-33
translation_484018.6.peg.2565,0.0,7.510822796115269e-34
transcription_TU_484018.6.peg.2565,0.0,-2.6671290218924863e-32
translation_484018.6.peg.2566,1.1847126723687965e-07,1.297055950003693e-32
transcription_TU_484018.6.peg.2566,3.795919799913726e-09,-6.181669646295514e-32
translation_484018.6.peg.2583,0.0,-2.4758360108740663e-33
transcription_TU_484018.6.peg.2583,0.0,-65.35145797160844
translation_484018.6.peg.2584,0.0,-9.985081366491326e-33
transcription_TU_484018.6.peg.2584,0.0,-31.554376449360888
translation_484018.6.peg.2585,0.0,1.699747970607234e-32
transcription_TU_484018.6.peg.2585,0.0,-7.096872426219796e-33
translation_484018.6.peg.2587,0.0,-6.035065938207291e-33
transcription_TU_484018.6.peg.2587,0.0,4.756810624152788e-33
translation_484018.6.peg.2588,1.5221975738874078e-09,5.390498172481298e-34
transcription_TU_484018.6.peg.2588,4.87725002430052e-11,1.0680146515405699e-32
translation_484018.6.peg.2599,0.0,4.998990747505329e-34
transcription_TU_484018.6.peg.2599,0.0,-3.8814819543095074e-33
translation_484018.6.peg.2603,8.461148399818513e-14,2.5366115118566704e-32
transcription_TU_484018.6.peg.2603,2.7110236507102428e-15,1.176384692368907e-34
translation_484018.6.peg.2606,0.0,1.3926666097512208e-33
transcription_TU_484018.6.peg.2606,0.0,-2.3304139841232824e-32
translation_484018.6.peg.2608,6.748342375790268e-09,1.4710670364281145e-32
transcription_TU_484018.6.peg.2608,2.1622260855571313e-10,-3.21249931676426e-32
translation_484018.6.peg.2611,0.0,1.0181262869932205e-32
transcription_TU_484018.6.peg.2611,0.0,-52.44653709545948
translation_484018.6.peg.2612,2.4248595012143228e-14,4.988474009033243e-33
transcription_TU_484018.6.peg.2612,7.769455334907586e-16,-2.0543881610211387e-32
translation_484018.6.peg.2613,9.978985945476949e-09,3.021576112022645e-32
transcription_TU_484018.6.peg.2613,3.1973516631469796e-10,4.132422533232549e-33
translation_484018.6.peg.2615,0.0,1.881092616780244e-32
transcription_TU_484018.6.peg.2615,0.0,-5.569398990561475e-32
translation_484018.6.peg.2619,0.0,-1.0206550216282432e-32
transcription_TU_484018.6.peg.2619,0.0,5.659843228456599e-32
translation_484018.6.peg.2620,0.0,2.905594870913247e-32
transcription_TU_484018.6.peg.2620,0.0,5.315210696627334e-32
translation_484018.6.peg.2622,1.816723878197012e-42,9.886295356188699e-34
transcription_TU_484018.6.peg.2622,-4.821691427733193e-44,-1.2381031849886704e-32
translation_484018.6.peg.2636,0.0,-3.7515521735529007e-32
transcription_TU_484018.6.peg.2636,0.0,-1.0151187095141823e-32
translation_484018.6.peg.2642,0.0,-1.0236080848788724e-32
transcription_TU_484018.6.peg.2642,0.0,-2.773876399273921e-32
translation_484018.6.peg.2646,3.559109943563012e-07,3.162249363029999e-32
transcription_TU_484018.6.peg.2646,1.1403689873450614e-08,7.579037481935308e-33
translation_484018.6.peg.2648,0.0,-3.1828928917685314e-33
transcription_TU_484018.6.peg.2648,0.0,-32.28668642561138
translation_484018.6.peg.2649,3.829433596136298e-06,-4.869435981642911e-34
transcription_TU_484018.6.peg.2649,1.2269829764683673e-07,2.213798392113692e-33
translation_484018.6.peg.2650,3.829433596136298e-06,4.770654843253303e-33
transcription_TU_484018.6.peg.2650,1.2269829764683673e-07,-4.322975007438249e-33
translation_484018.6.peg.2668,3.829417108408685e-06,4.5343637817432495e-32
transcription_TU_484018.6.peg.2668,1.2269776936607159e-07,4.0170087594833916e-32
translation_484018.6.peg.2680,0.0,4.8143282155184087e-32
transcription_TU_484018.6.peg.2680,0.0,1.748171373683005e-32
translation_484018.6.peg.2683,0.0,-6.293085894526199e-33
transcription_TU_484018.6.peg.2683,0.0,6.823401481324033e-32
translation_484018.6.peg.2690,7.014963053998615e-07,-4.734454588558239e-33
transcription_TU_484018.6.peg.2690,2.247653610313314e-08,-4.703665966697307e-32
translation_484018.6.peg.2692,0.0,-6.599387748110214e-33
transcription_TU_484018.6.peg.2692,0.0,-28.004398615919737
translation_484018.6.peg.2693,0.0,-3.8405772756901974e-33
transcription_TU_484018.6.peg.2693,0.0,-29.735833742667204
translation_484018.6.peg.2698,0.0,-3.8583364670087663e-32
transcription_TU_484018.6.peg.2698,0.0,-3.227553576091096e-32
translation_484018.6.peg.2699,0.0,5.631202694882802e-33
transcription_TU_484018.6.peg.2699,0.0,-6.127788542481476e-33
translation_484018.6.peg.2701,0.0,1.4631329112642538e-32
transcription_TU_484018.6.peg.2701,0.0,-1.8379892408103953e-32
translation_484018.6.peg.2702,0.0,-6.790514079385603e-33
transcription_TU_484018.6.peg.2702,0.0,1.6939256758217457e-32
translation_484018.6.peg.2718,0.0,-8.061787521098019e-33
transcription_TU_484018.6.peg.2718,0.0,-54.60070070796436
translation_484018.6.peg.2720,0.0,3.8464688628615564e-33
transcription_TU_484018.6.peg.2720,0.0,-37.465907001855804
translation_484018.6.peg.2738,0.0,-6.41651508221213e-33
transcription_TU_484018.6.peg.2738,0.0,-2.2577176036118256e-33
translation_484018.6.peg.2741,0.0,1.6402061243010676e-32
transcription_TU_484018.6.peg.2741,0.0,3.696267509263595e-32
translation_484018.6.peg.2742,0.0,1.625743927426176e-33
transcription_TU_484018.6.peg.2742,0.0,3.9078221491623244e-33
translation_484018.6.peg.2747,7.2708135717863975e-09,-2.491613760126506e-32
transcription_TU_484018.6.peg.2747,2.3296302843997794e-10,1.3486980753255118e-33
translation_484018.6.peg.2752,3.829433596136298e-06,4.487749426702263e-33
transcription_TU_484018.6.peg.2752,1.2269829764683673e-07,-2.6312057313070893e-34
translation_484018.6.peg.2753,3.829433596136298e-06,7.663700783243218e-34
transcription_TU_484018.6.peg.2753,1.2269829764683673e-07,7.015516113144066e-34
translation_484018.6.peg.2754,3.829433596136298e-06,4.205711036729889e-34
transcription_TU_484018.6.peg.2754,1.2269829764683673e-07,-5.500168672244632e-33
translation_484018.6.peg.2761,1.6615026921041267e-09,-9.997117928789772e-33
transcription_TU_484018.6.peg.2761,5.32359542838138e-11,3.883273245979043e-32
translation_484018.6.peg.2765,0.0001044859972779454,1.5484243681626047e-32
transcription_TU_484018.6.peg.2765,3.347819898710581e-06,7.107763623528759e-33
translation_484018.6.peg.2771,6.605187329496859e-10,1.059320238779908e-32
transcription_TU_484018.6.peg.2771,2.116357995567328e-11,-1.4218668045691437e-32
translation_484018.6.peg.2772,0.0,5.058627766454086e-32
transcription_TU_484018.6.peg.2772,0.0,7.874268296094523e-32
translation_484018.6.peg.2790,0.0,-7.587372569424515e-33
transcription_TU_484018.6.peg.2790,0.0,1.5178642527853184e-32
translation_484018.6.peg.2792,1.8879467144292154e-07,1.8478601277234664e-32
transcription_TU_484018.6.peg.2792,6.049141265750739e-09,6.0511102662168595e-33
translation_484018.6.peg.2798,1.4840749547888628e-12,1.7230614830467387e-32
transcription_TU_484018.6.peg.2798,4.755101922034178e-14,1.33755608831886e-32
translation_484018.6.peg.2799,-1.1511049576736993e-28,-2.1464605103885497e-33
transcription_TU_484018.6.peg.2799,0.0,-39.8398368744965
translation_484018.6.peg.2800,1.383957561567217e-28,3.695297466596945e-33
transcription_TU_484018.6.peg.2800,4.434317309773789e-30,2.101426736259965e-32
translation_484018.6.peg.2810,1.8493203486003714e-14,2.869598896751876e-32
transcription_TU_484018.6.peg.2810,5.925379116270855e-16,-9.007165774653248e-33
translation_484018.6.peg.2811,2.24914370512737e-14,5.356310762518527e-33
transcription_TU_484018.6.peg.2811,7.206447033333149e-16,-3.139703244257104e-32
translation_484018.6.peg.2812,0.0,-1.2176921045704493e-33
transcription_TU_484018.6.peg.2812,0.0,-40.002219621534735
translation_484018.6.peg.2813,2.083457053439244e-09,1.1674560203582824e-32
transcription_TU_484018.6.peg.2813,6.675572960325361e-11,2.118240971908726e-32
translation_484018.6.peg.2814,0.0,1.4411540784657058e-32
transcription_TU_484018.6.peg.2814,0.0,8.220361498519526e-34
translation_484018.6.peg.2815,0.0,8.30735452067741e-33
transcription_TU_484018.6.peg.2815,0.0,4.62296435356613e-33
translation_484018.6.peg.2821,0.0,7.58181808835891e-33
transcription_TU_484018.6.peg.2821,0.0,-91.45496120818645
translation_484018.6.peg.2826,2.632362356789818e-10,-4.833869569386704e-32
transcription_TU_484018.6.peg.2826,8.434312068855362e-12,-3.688276983459792e-33
translation_484018.6.peg.2830,0.0,2.3073937634712804e-32
transcription_TU_484018.6.peg.2830,0.0,4.308938299079018e-32
translation_484018.6.peg.2833,6.061590669314245e-08,-6.332402697397922e-32
transcription_TU_484018.6.peg.2833,1.9421850189730665e-09,3.609061337175129e-33
translation_484018.6.peg.2841,0.0,2.1533346540415074e-32
transcription_TU_484018.6.peg.2841,0.0,2.1766719530822985e-32
translation_484018.6.peg.2851,0.0,-1.2817610562044654e-32
transcription_TU_484018.6.peg.2851,0.0,6.204482740431025e-33
translation_484018.6.peg.2853,2.760646853590992e-08,7.008019094264689e-33
transcription_TU_484018.6.peg.2853,8.845346467985986e-10,1.8486512917741532e-32
translation_484018.6.peg.2854,1.4672483447326152e-08,5.657419874826746e-33
transcription_TU_484018.6.peg.2854,4.701188037454698e-10,8.4584810664219e-33
translation_484018.6.peg.2855,0.0,-1.55840385900375e-32
transcription_TU_484018.6.peg.2855,0.0,-4.868049103910011e-33
translation_484018.6.peg.2856,0.0,5.017175437580986e-32
transcription_TU_484018.6.peg.2856,0.0,-64.93474738161656
translation_484018.6.peg.2857,0.0,-1.4108587811131616e-32
transcription_TU_484018.6.peg.2857,0.0,-40.90880581642887
translation_484018.6.peg.2858,0.0,-5.548179227910138e-33
transcription_TU_484018.6.peg.2858,0.0,-41.71860453020107
translation_484018.6.peg.2859,0.0,1.2469161691640655e-32
transcription_TU_484018.6.peg.2859,0.0,-68.3260306106667
translation_484018.6.peg.2863,0.0,-4.4358650551903994e-32
transcription_TU_484018.6.peg.2863,0.0,-72.85194956066789
translation_484018.6.peg.2865,2.968149909577729e-12,-6.873016945283255e-33
transcription_TU_484018.6.peg.2865,9.510203844068366e-14,1.3106059427392465e-32
translation_484018.6.peg.2866,0.000638200904792656,1.568799571237951e-32
transcription_TU_484018.6.peg.2866,2.0448497828435178e-05,2.8715339024869875e-32
translation_484018.6.peg.2893,0.0,2.0121517019446064e-32
transcription_TU_484018.6.peg.2893,0.0,-1.4638240178712049e-32
translation_484018.6.peg.2894,0.0,3.785448358157682e-33
transcription_TU_484018.6.peg.2894,0.0,-36.333847057300936
translation_484018.6.peg.2897,4.3790752249631454e-08,7.1081040143452e-33
transcription_TU_484018.6.peg.2897,1.4030928122439039e-09,-2.8596114418546934e-33
translation_484018.6.peg.2900,0.0,-1.9770829452184245e-32
transcription_TU_484018.6.peg.2900,0.0,-125.60446219101809
translation_484018.6.peg.2901,6.170684227283607e-29,3.530293721482867e-33
transcription_TU_484018.6.peg.2901,0.0,-39.01911145053735
translation_484018.6.peg.2902,0.0,1.7492399910396018e-33
transcription_TU_484018.6.peg.2902,0.0,9.086727033635169e-33
translation_484018.6.peg.2907,0.0,2.0340154056307398e-32
transcription_TU_484018.6.peg.2907,0.0,-100.77331019451677
translation_484018.6.peg.2913,0.0,2.103324091443189e-33
transcription_TU_484018.6.peg.2913,0.0,-39.85174788706787
translation_484018.6.peg.2914,2.7077456801430845e-08,6.078979839786269e-33
transcription_TU_484018.6.peg.2914,8.675846625186069e-10,-1.002476055105272e-32
translation_484018.6.peg.2915,6.507938172794714e-15,2.4929926429844057e-32
transcription_TU_484018.6.peg.2915,2.0851985416288066e-16,9.118941095988339e-32
translation_484018.6.peg.2917,1.820537770894102e-08,6.91087019519844e-35
transcription_TU_484018.6.peg.2917,5.833157298140618e-10,-1.1161920377786481e-32
translation_484018.6.peg.2919,0.0,-1.0455938896612524e-32
transcription_TU_484018.6.peg.2919,0.0,-5.159543222757328e-33
translation_484018.6.peg.2920,6.44031005335692e-10,7.935078533588935e-33
transcription_TU_484018.6.peg.2920,2.0635299190511847e-11,-5.742837354036815e-32
translation_484018.6.peg.2928,3.829433596136298e-06,3.925856263720353e-33
transcription_TU_484018.6.peg.2928,1.2269829764683673e-07,2.825814714943289e-33
translation_484018.6.peg.2932,0.0,-1.2619110770115906e-32
transcription_TU_484018.6.peg.2932,0.0,5.782880472116563e-32
translation_484018.6.peg.2944,2.544638307042133e-12,4.2746213117341444e-32
transcription_TU_484018.6.peg.2944,8.153236779350739e-14,3.601043225097323e-32
translation_484018.6.peg.2975,0.0,-2.5854433470630315e-33
transcription_TU_484018.6.peg.2975,0.0,-125.56095438642325
translation_484018.6.peg.2979,3.829417108408685e-06,1.0381351214878012e-32
transcription_TU_484018.6.peg.2979,1.2269776936607159e-07,4.9866508312729934e-33
translation_484018.6.peg.2984,4.073783657612853e-10,-1.15691725236639e-33
transcription_TU_484018.6.peg.2984,1.3052748068929052e-11,4.583185955104196e-33
translation_484018.6.peg.2986,0.0,-5.666157415391578e-33
transcription_TU_484018.6.peg.2986,0.0,-24.71015341630309
translation_484018.6.peg.2987,0.0,2.2207374197425648e-33
transcription_TU_484018.6.peg.2987,0.0,-52.76646324196479
translation_484018.6.peg.2988,-2.7727214200551285e-52,1.8961177414331249e-32
transcription_TU_484018.6.peg.2988,0.0,-1.47745348506691e-32
translation_484018.6.peg.2989,0.0,4.801875666749162e-33
transcription_TU_484018.6.peg.2989,0.0,-99.85081552225859
translation_484018.6.peg.2990,0.0,8.643633657710735e-33
transcription_TU_484018.6.peg.2990,0.0,-51.04724207673274
translation_484018.6.peg.2991,0.0,1.2256091412339625e-33
transcription_TU_484018.6.peg.2991,0.0,-47.440610775270905
translation_484018.6.peg.3007,1.7808899457466372e-11,1.5241816250367494e-32
transcription_TU_484018.6.peg.3007,5.706122306441019e-13,4.463751601018172e-32
translation_484018.6.peg.3010,0.0,2.8547426845586635e-33
transcription_TU_484018.6.peg.3010,0.0,-20.986799407097553
translation_484018.6.peg.3017,9.195948405607177e-08,-9.416946487528976e-33
transcription_TU_484018.6.peg.3017,2.9464597995760188e-09,-5.76131069766084e-34
translation_484018.6.peg.3018,1.2325929711138508e-09,-5.046461650813027e-33
transcription_TU_484018.6.peg.3018,3.949332334675199e-11,-1.0702616352377163e-32
translation_484018.6.peg.3019,2.4877478389628583e-09,-6.210664001366389e-35
transcription_TU_484018.6.peg.3019,7.970954898481946e-11,1.472368016681773e-33
translation_484018.6.peg.3020,2.0711151323405417e-09,-2.666533576893244e-33
transcription_TU_484018.6.peg.3020,6.636028399217675e-11,-6.231455300018839e-33
translation_484018.6.peg.3021,1.7515760519835384e-09,1.2529969203741232e-32
transcription_TU_484018.6.peg.3021,5.612198106638693e-11,1.2320353549767461e-32
translation_484018.6.peg.3022,1.0275649347903549e-09,-2.9444129741641036e-33
transcription_TU_484018.6.peg.3022,3.292405131337649e-11,1.330164882105435e-32
translation_484018.6.peg.3023,1.0275649347903549e-09,-1.1835158236850241e-32
transcription_TU_484018.6.peg.3023,3.292405131337649e-11,1.6496502398299882e-32
translation_484018.6.peg.3024,1.2325929711138508e-09,9.134019479823015e-33
transcription_TU_484018.6.peg.3024,3.949332334675199e-11,-2.6612997578582507e-32
translation_484018.6.peg.3026,3.829417108408685e-06,8.231610406808974e-33
transcription_TU_484018.6.peg.3026,1.2269776936607159e-07,-2.200226018349603e-32
translation_484018.6.peg.3045,6.595091045597545e-11,3.681150729619667e-32
transcription_TU_484018.6.peg.3045,2.113123060645739e-12,-1.9438509890501817e-32
translation_484018.6.peg.3053,3.840197870404676e-09,-7.714098155139531e-34
transcription_TU_484018.6.peg.3053,1.2304319411650422e-10,-1.0352382321410908e-32
translation_484018.6.peg.3056,0.0,1.4322949956372838e-33
transcription_TU_484018.6.peg.3056,0.0,-38.86368685001614
translation_484018.6.peg.3069,0.0,2.7121556763276653e-31
transcription_TU_484018.6.peg.3069,0.0,7.34101011551671e-32
translation_484018.6.peg.3070,0.0,-1.275061648338991e-32
transcription_TU_484018.6.peg.3070,0.0,-52.58383248021472
translation_484018.6.peg.3079,2.2053247056837944e-08,5.267086230870697e-32
transcription_TU_484018.6.peg.3079,7.066047245705574e-10,7.495888087742497e-33
translation_484018.6.peg.3080,0.0,-1.4855984823345719e-33
transcription_TU_484018.6.peg.3080,0.0,2.720366798890206e-33
translation_484018.6.peg.3088,0.0,5.055611650855328e-33
transcription_TU_484018.6.peg.3088,0.0,-71.4117399817914
translation_484018.6.peg.3089,0.0,1.2005170629861232e-32
transcription_TU_484018.6.peg.3089,0.0,-74.77522754236156
translation_484018.6.peg.3120,7.587986325599914e-15,1.03221938123474e-32
transcription_TU_484018.6.peg.3120,2.4312551225798767e-16,-1.2196726714394183e-32
translation_484018.6.peg.3121,7.587986325599914e-15,3.7333872984690145e-33
transcription_TU_484018.6.peg.3121,2.4312551225798767e-16,-3.866742241698487e-32
translation_484018.6.peg.3122,1.1540683121264999e-14,2.4560251831801317e-32
transcription_TU_484018.6.peg.3122,3.6977326727626016e-16,8.735320077337815e-32
translation_484018.6.peg.3123,7.587986325599914e-15,-4.1056051793138014e-33
transcription_TU_484018.6.peg.3123,2.4312551225798767e-16,-1.0101700093763103e-32
translation_484018.6.peg.3124,2.4098157025808462e-14,-5.09144536709338e-33
transcription_TU_484018.6.peg.3124,7.721253729209767e-16,7.943981810837117e-33
translation_484018.6.peg.3125,7.587986325599914e-15,3.136808595064675e-33
transcription_TU_484018.6.peg.3125,2.4312551225798767e-16,3.5441472706193666e-33
translation_484018.6.peg.3134,0.0,1.4798477970621544e-32
transcription_TU_484018.6.peg.3134,0.0,-53.09769161832051
translation_484018.6.peg.3135,0.0,-3.429774980778126e-33
transcription_TU_484018.6.peg.3135,0.0,-31.401965439557152
translation_484018.6.peg.3136,3.9153118468399307e-10,4.0622790585018086e-32
transcription_TU_484018.6.peg.3136,1.2544990957630205e-11,-2.4125733452967495e-32
translation_484018.6.peg.3142,0.0,-2.675396390829114e-33
transcription_TU_484018.6.peg.3142,0.0,-1.3305366275588663e-32
translation_484018.6.peg.3143,0.0,-1.4629835797561139e-33
transcription_TU_484018.6.peg.3143,0.0,2.2126915748322008e-32
translation_484018.6.peg.3154,2.9681499095777256e-12,-5.214060997385278e-33
transcription_TU_484018.6.peg.3154,9.510203844068356e-14,-3.1016182530375445e-33
translation_484018.6.peg.3170,3.829417108408685e-06,-2.2185176196401901e-32
transcription_TU_484018.6.peg.3170,1.2269776936607159e-07,1.9063943687079533e-32
translation_484018.6.peg.3199,0.0,4.4229292487426956e-33
transcription_TU_484018.6.peg.3199,0.0,-38.14481049440513
translation_484018.6.peg.3212,6.620245567130698e-09,2.1240053067133443e-34
transcription_TU_484018.6.peg.3212,2.1211827825151886e-10,-1.1258397541096424e-33
translation_484018.6.peg.3215,0.0,5.20505072175704e-34
transcription_TU_484018.6.peg.3215,0.0,-8.453501619571535e-33
translation_484018.6.peg.3219,0.0,1.3622557006303398e-32
transcription_TU_484018.6.peg.3219,0.0,-6.72991228280588e-32
translation_484018.6.peg.3225,3.4767768423229266e-08,-2.375782346801041e-33
transcription_TU_484018.6.peg.3225,1.113988763981649e-09,4.5684732614509715e-33
translation_484018.6.peg.3226,8.518376960905669e-07,4.440421221404023e-32
transcription_TU_484018.6.peg.3226,2.729360166661993e-08,2.83684161489743e-32
translation_484018.6.peg.3228,1.4840749547888628e-12,2.7227849773722727e-33
transcription_TU_484018.6.peg.3228,4.755101922034178e-14,-5.907136381457988e-33
translation_484018.6.peg.3253,7.424605360901138e-11,-1.1422998217879257e-33
transcription_TU_484018.6.peg.3253,2.3789064769298677e-12,-3.400533707306708e-32
translation_484018.6.peg.3254,1.2880620106713855e-09,9.144467831311043e-32
transcription_TU_484018.6.peg.3254,4.127059838102374e-11,-9.431593478697604e-32
translation_484018.6.peg.3261,3.829433596136298e-06,-2.999654933643666e-33
transcription_TU_484018.6.peg.3261,1.2269829764683673e-07,1.8034627220508415e-33
translation_484018.6.peg.3264,2.140374826820211e-07,-5.096497080542811e-32
transcription_TU_484018.6.peg.3264,6.857942329694744e-09,2.709217751578166e-32
translation_484018.6.peg.3266,3.712302680450569e-11,2.1089726894909745e-32
transcription_TU_484018.6.peg.3266,1.1894532384649338e-12,-9.094050900895348e-33
translation_484018.6.peg.3267,3.829417108408685e-06,1.0313830871938303e-32
transcription_TU_484018.6.peg.3267,1.2269776936607159e-07,-1.722674483172163e-33
translation_484018.6.peg.3268,3.829433596136298e-06,-7.851888567059013e-33
transcription_TU_484018.6.peg.3268,1.2269829764683673e-07,6.168356502034312e-34
translation_484018.6.peg.3269,3.829433596136298e-06,3.2542061872914463e-34
transcription_TU_484018.6.peg.3269,1.2269829764683673e-07,1.3937293363102203e-32
translation_484018.6.peg.3270,7.658850704544984e-06,3.404238357473659e-33
transcription_TU_484018.6.peg.3270,2.453960670129083e-07,5.836603723695897e-33
translation_484018.6.peg.3271,1.705734605971884e-07,-2.974137788635531e-32
transcription_TU_484018.6.peg.3271,5.465318228816178e-09,-5.962838861438576e-32
translation_484018.6.peg.3272,1.705734605971884e-07,2.985544398557028e-31
transcription_TU_484018.6.peg.3272,5.465318228816178e-09,7.402459210618083e-32
translation_484018.6.peg.3275,0.0,-2.1856565324351e-33
transcription_TU_484018.6.peg.3275,0.0,-48.97261575711212
translation_484018.6.peg.3286,0.0,-6.829713628737156e-33
transcription_TU_484018.6.peg.3286,0.0,-2.6058122137084077e-33
translation_484018.6.peg.3290,2.356364722855088e-24,2.2816067827718652e-32
transcription_TU_484018.6.peg.3290,0.0,-87.85448850149177
translation_484018.6.peg.3291,7.290799968307915e-09,1.4586038915928837e-32
transcription_TU_484018.6.peg.3291,2.336034095218589e-10,8.533470819014168e-33
translation_484018.6.peg.3292,0.0,-3.698488755931246e-33
transcription_TU_484018.6.peg.3292,0.0,1.4162625860907246e-32
translation_484018.6.peg.3293,7.366843425321226e-08,-3.5489824638121615e-33
transcription_TU_484018.6.peg.3293,2.3603990632705938e-09,7.64460021083253e-34
translation_484018.6.peg.3296,0.0,2.834128647050351e-32
transcription_TU_484018.6.peg.3296,0.0,5.761373413760224e-32
translation_484018.6.peg.3297,0.0,-2.175145170663527e-32
transcription_TU_484018.6.peg.3297,0.0,-85.4250716695851
translation_484018.6.peg.3299,0.0,1.2341429671054126e-32
transcription_TU_484018.6.peg.3299,0.0,-69.21620776120119
translation_484018.6.peg.3306,0.0,9.204971093183535e-33
transcription_TU_484018.6.peg.3306,0.0,-3.2584434351621174e-32
translation_484018.6.peg.3317,0.0,-2.6081376179692118e-33
transcription_TU_484018.6.peg.3317,0.0,3.822484329962695e-33
translation_484018.6.peg.3318,0.0,-2.2198743218694866e-33
transcription_TU_484018.6.peg.3318,0.0,-57.72390296370607
translation_484018.6.peg.3320,0.0,4.251965869392662e-33
transcription_TU_484018.6.peg.3320,0.0,-4.6973224792349145e-34
translation_484018.6.peg.3324,9.520715085666085e-09,2.739773455047801e-33
transcription_TU_484018.6.peg.3324,3.0505177960793336e-10,-1.1577233433676698e-32
translation_484018.6.peg.3325,0.0,-4.6975980828617033e-33
transcription_TU_484018.6.peg.3325,0.0,4.141506138829198e-33
translation_484018.6.peg.3329,0.0,-6.366000317433036e-33
transcription_TU_484018.6.peg.3329,0.0,-47.90466693938766
translation_484018.6.peg.3330,4.452224864366585e-12,-7.209389779648986e-34
transcription_TU_484018.6.peg.3330,1.4265305766102523e-13,1.5606446988217575e-32
translation_484018.6.peg.3340,0.0,-6.522176775560088e-33
transcription_TU_484018.6.peg.3340,0.0,-122.06331519565636
translation_484018.6.peg.3341,0.0,5.1865245509834505e-33
transcription_TU_484018.6.peg.3341,0.0,-5.333974432676464e-32
translation_484018.6.peg.3342,3.2650393174053234e-09,8.113279011496144e-33
transcription_TU_484018.6.peg.3342,1.0461462666432516e-10,-1.943509967019908e-32
translation_484018.6.peg.3343,2.4750829267567714e-09,-2.363058939212663e-33
transcription_TU_484018.6.peg.3343,7.930375446494546e-11,8.272744290762614e-33
translation_484018.6.peg.3345,1.7823680095249075e-08,1.5540509752883602e-34
transcription_TU_484018.6.peg.3345,5.710858148044075e-10,-4.019772281737832e-32
translation_484018.6.peg.3347,3.829450083863912e-06,2.81142851523841e-32
transcription_TU_484018.6.peg.3347,1.226988259276019e-07,-2.085735273031801e-32
translation_484018.6.peg.3348,3.829433596136298e-06,1.1204639571035862e-33
transcription_TU_484018.6.peg.3348,1.2269829764683673e-07,1.3499053152792203e-33
translation_484018.6.peg.3349,3.829433596136298e-06,-1.826480338867978e-33
transcription_TU_484018.6.peg.3349,1.2269829764683673e-07,-1.4379447484323555e-32
translation_484018.6.peg.3350,2.1403748268202108e-07,3.8688871132965325e-32
transcription_TU_484018.6.peg.3350,6.857942329694744e-09,2.5528183015034815e-32
translation_484018.6.peg.3351,5.901751883813527e-07,-3.0752292385219988e-33
transcription_TU_484018.6.peg.3351,1.8909713175560648e-08,7.831796086925322e-32
translation_484018.6.peg.3352,3.829433596136298e-06,1.4643773651992969e-33
transcription_TU_484018.6.peg.3352,1.2269829764683673e-07,-6.018129902617455e-33
translation_484018.6.peg.3357,3.829433596136298e-06,2.8852124522348607e-33
transcription_TU_484018.6.peg.3357,1.2269829764683673e-07,3.625836434281756e-33
translation_484018.6.peg.3358,3.63552466474688e-07,1.6372697396353755e-32
transcription_TU_484018.6.peg.3358,1.1648529115835653e-08,2.2933034920810188e-32
translation_484018.6.peg.3371,1.7483634280028704e-08,1.4807132475437525e-32
transcription_TU_484018.6.peg.3371,5.601904587153068e-10,4.063443873847169e-33
translation_484018.6.peg.3374,1.0185185718725154e-09,5.1984847243251834e-33
transcription_TU_484018.6.peg.3374,3.263419817921213e-11,-2.3826325483114526e-32
translation_484018.6.peg.3385,0.0,-8.710427945956597e-33
transcription_TU_484018.6.peg.3385,0.0,-57.485513302450435
translation_484018.6.peg.3386,5.674356271475682e-29,-1.7345832280811923e-32
transcription_TU_484018.6.peg.3386,0.0,-57.718204456708676
translation_484018.6.peg.3387,5.419770878173962e-29,5.9077242099748636e-33
transcription_TU_484018.6.peg.3387,1.7365405188349368e-30,2.9156974880788335e-32
translation_484018.6.peg.3388,0.0,3.058619351608588e-33
transcription_TU_484018.6.peg.3388,0.0,2.223136341966098e-32
translation_484018.6.peg.3389,0.0,-3.0623476676321562e-33
transcription_TU_484018.6.peg.3389,0.0,4.602624249945515e-33
translation_484018.6.peg.3397,1.711271570043156e-08,1.8553192522371686e-32
transcription_TU_484018.6.peg.3397,5.483059130926667e-10,-9.683310352379266e-33
translation_484018.6.peg.3401,1.044116730049109e-08,3.0892018355082913e-32
transcription_TU_484018.6.peg.3401,3.345438486016972e-10,2.1867551942183897e-32
translation_484018.6.peg.3407,4.922712547074239e-15,-1.6930441227149424e-32
transcription_TU_484018.6.peg.3407,1.5772788172646374e-16,4.1229648541862047e-32
translation_484018.6.peg.3408,0.0,1.3973205441587149e-33
transcription_TU_484018.6.peg.3408,0.0,-35.050645115466125
translation_484018.6.peg.3413,1.8649937833623262e-08,2.9204813712547762e-33
transcription_TU_484018.6.peg.3413,5.975598129482389e-10,5.943740048395074e-33
translation_484018.6.peg.3415,1.566554095650347e-08,2.794109700096468e-32
transcription_TU_484018.6.peg.3415,5.01937207899129e-10,-9.387249414563521e-33
translation_484018.6.peg.3417,0.0,7.572913928748234e-33
transcription_TU_484018.6.peg.3417,0.0,2.4045386866806644e-33
translation_484018.6.peg.3419,3.9679125203627167e-10,-1.1787267471706936e-33
transcription_TU_484018.6.peg.3419,1.2713527973204379e-11,3.351464580584896e-32
translation_484018.6.peg.3421,1.5531481292673845e-08,5.4848083480062656e-33
transcription_TU_484018.6.peg.3421,4.976418226621064e-10,-8.954182094443163e-33
translation_484018.6.peg.3425,4.225421893742286e-24,-6.927093257382165e-32
transcription_TU_484018.6.peg.3425,0.0,-64.81174681614425
translation_484018.6.peg.3428,1.2388305445159073e-08,5.852875188977901e-34
transcription_TU_484018.6.peg.3428,3.9693180484541687e-10,2.067936718269563e-32
translation_484018.6.peg.3432,2.126560616604711e-09,-7.27935528583524e-33
transcription_TU_484018.6.peg.3432,6.81368042948873e-11,4.5144237512563235e-32
translation_484018.6.peg.3433,3.712302680450569e-11,-8.36812024549422e-33
transcription_TU_484018.6.peg.3433,1.1894532384649338e-12,-6.824300122145095e-32
translation_484018.6.peg.3456,0.0,6.877476733004738e-33
transcription_TU_484018.6.peg.3456,0.0,-28.20083102706376
translation_484018.6.peg.3457,1.6074169539223266e-09,3.343231991726039e-32
transcription_TU_484018.6.peg.3457,5.150300139788963e-11,2.2089867519460476e-32
translation_484018.6.peg.3467,0.0,1.1162043929889691e-32
transcription_TU_484018.6.peg.3467,0.0,-2.3434419471419878e-32
translation_484018.6.peg.3472,0.0,3.1386483637298424e-33
transcription_TU_484018.6.peg.3472,0.0,-8.029492757110989e-33
translation_484018.6.peg.3474,0.0,9.157718269806137e-33
transcription_TU_484018.6.peg.3474,0.0,1.0544531235834453e-32
translation_484018.6.peg.3475,0.0,-3.30652905977705e-33
transcription_TU_484018.6.peg.3475,0.0,2.681274451312352e-33
translation_484018.6.peg.3477,3.492541763196459e-08,9.155088867768079e-33
transcription_TU_484018.6.peg.3477,1.1190399782282443e-09,-3.7415858414136784e-33
translation_484018.6.peg.3483,6.327499157014672e-07,2.124729705982794e-33
transcription_TU_484018.6.peg.3483,2.0273843518551032e-08,-3.2831369700954494e-33
translation_484018.6.peg.3485,0.0,-8.987910819288095e-33
transcription_TU_484018.6.peg.3485,0.0,1.1991344186244849e-32
translation_484018.6.peg.3486,0.0,4.483562808975115e-32
transcription_TU_484018.6.peg.3486,0.0,-6.312234563353843e-33
translation_484018.6.peg.3487,0.0,1.3871286667571922e-32
transcription_TU_484018.6.peg.3487,0.0,3.731139089805419e-33
translation_484018.6.peg.3552,0.0,-7.990573392112375e-34
transcription_TU_484018.6.peg.3552,0.0,4.768771322460213e-33
translation_484018.6.peg.3556,0.0,-2.143403971482157e-33
transcription_TU_484018.6.peg.3556,0.0,9.842342776948769e-33
transcription_TU_DWY14_RS00070,0.0,-4.596075505442131e-34
transcription_TU_DWY14_RS00125,0.0,1.0502954537972498e-33
transcription_TU_DWY14_RS00300,0.0,9.384450069661713e-34
transcription_TU_DWY14_RS00490,0.0,1.528251047536498e-33
transcription_TU_DWY14_RS06005,0.0,-8.207205163629996e-34
transcription_TU_DWY14_RS06010,2.4513888715599844e-06,1.7241685912846354e-33
transcription_TU_DWY14_RS06015,0.0,-8.207205163629996e-34
transcription_TU_DWY14_RS06170,0.0,5.7216506546297844e-34
transcription_TU_DWY14_RS06790,3.829417108408685e-06,3.877192980348194e-34
transcription_TU_DWY14_RS17565,3.829417108408685e-06,-3.054962130436635e-32
transcription_TU_DWY14_RS06795,0.0,1.1718066414783915e-33
transcription_TU_DWY14_RS06800,0.0,-1.3717007085516672e-33
transcription_TU_DWY14_RS06805,3.829417108408685e-06,-1.1970544032607388e-31
transcription_TU_DWY14_RS07015,0.0,1.9609779707194835e-33
transcription_TU_DWY14_RS07020,0.0,1.9609779707194835e-33
transcription_TU_DWY14_RS07025,0.0,1.9609779707194835e-33
transcription_TU_DWY14_RS07030,0.0,1.9609779707194835e-33
transcription_TU_DWY14_RS07035,0.0,1.9609779707194835e-33
transcription_TU_DWY14_RS07040,0.0,1.9609779707194835e-33
transcription_TU_DWY14_RS07045,0.0,1.9609779707194835e-33
transcription_TU_DWY14_RS07050,0.0,1.9609779707194835e-33
transcription_TU_DWY14_RS07065,2.5788330401650945e-06,-1.9318901532956964e-34
transcription_TU_DWY14_RS07815,5.575431122249882e-07,-3.292498466181958e-34
transcription_TU_DWY14_RS09185,1.1066453269232689e-06,-4.7841234671114464e-33
transcription_TU_DWY14_RS10070,0.0,-1.7116866785716935e-33
transcription_TU_DWY14_RS10120,0.0,5.340933834112216e-34
transcription_TU_DWY14_RS10545,0.0,5.7216506546297844e-34
transcription_TU_DWY14_RS10865,7.604679334503364e-07,-1.2012386319435237e-33
transcription_TU_DWY14_RS10940,9.76155906419655e-07,-1.6894301019654877e-33
transcription_TU_DWY14_RS11590,0.0,5.490354975165427e-36
transcription_TU_DWY14_RS12065,0.0,-1.526964813170006e-33
transcription_TU_DWY14_RS02350,2.453800279704855e-06,-3.9113170270302385e-33
transcription_TU_DWY14_RS13795,0.0,2.2617182542390685e-33
transcription_TU_DWY14_RS13805,0.0,2.2617182542390685e-33
transcription_TU_DWY14_RS13835,0.0,-1.0068429806751778e-33
transcription_TU_DWY14_RS13975,1.1944267831435609e-06,-2.605265041267298e-33
transcription_TU_DWY14_RS02835,0.0,-3.5325436594177544e-34
transcription_TU_DWY14_RS02865,2.1914448561848696e-06,-5.571200555131116e-34
transcription_TU_DWY14_RS02910,0.0,5.340933834112216e-34
transcription_TU_DWY14_RS03160,0.0,-1.792449086384946e-34
transcription_TU_DWY14_RS03165,2.1544350262234163e-07,4.4327420518118905e-33
transcription_TU_DWY14_RS03170,0.0,2.2617182542390685e-33
transcription_TU_DWY14_RS13985,1.266849904314786e-06,1.6251118102396417e-33
transcription_TU_DWY14_RS14060,1.765798683586856e-06,-2.5461665480012607e-33
transcription_TU_DWY14_RS14210,0.0,-1.088134243735362e-34
transcription_TU_DWY14_RS14215,2.944483003148762e-06,-2.7491315365787954e-33
transcription_TU_DWY14_RS14310,1.6162078458460591e-06,8.464520992269701e-34
transcription_TU_DWY14_RS14500,1.8749127612696973e-06,-1.2924596275739307e-33
transcription_TU_DWY14_RS14755,6.035231241976865e-07,-3.292498466181958e-34
transcription_TU_DWY14_RS14760,0.0,-2.1562932160996206e-33
transcription_TU_DWY14_RS14830,0.0,-6.805215084955313e-35
transcription_TU_DWY14_RS14835,0.0,-2.820041635832149e-33
transcription_TU_DWY14_RS14840,0.0,-1.0068429806751778e-33
transcription_TU_DWY14_RS14845,0.0,-1.735461103615544e-34
transcription_TU_DWY14_RS14855,2.4384260101820295e-07,8.867316756128713e-34
transcription_TU_DWY14_RS14910,1.2879159828032872e-06,1.9994578949526853e-34
transcription_TU_DWY14_RS17515,4.43889995788601e-07,4.051710229788187e-33
transcription_TU_DWY14_RS15475,0.0,2.9206860375715378e-33
transcription_TU_DWY14_RS15585,1.0835125491731013e-06,-1.4268336305052519e-34
transcription_TU_DWY14_RS15590,0.0,-1.0068429806751778e-33
transcription_TU_DWY14_RS15710,0.0,-1.7116866785716935e-33
transcription_TU_DWY14_RS15785,0.0,-3.5325436594177544e-34
transcription_TU_DWY14_RS16290,1.5281368826313201e-06,-1.2012386319435237e-33
transcription_TU_DWY14_RS04220,0.0,-1.088134243735362e-34
transcription_TU_DWY14_RS04225,1.910459240898868e-06,-1.6617292806441728e-33
transcription_TU_DWY14_RS04230,0.0,-1.088134243735362e-34
transcription_TU_DWY14_RS04235,0.0,1.9432959154694544e-33
transcription_TU_DWY14_RS04245,0.0,7.892161319281054e-34
transcription_TU_DWY14_RS16975,0.0,8.867316756128713e-34
transcription_TU_DWY14_RS17010,0.0,-3.5325436594177544e-34
transcription_TU_DWY14_RS04890,0.0,-1.6894301019654877e-33
transcription_TU_DWY14_RS05270,0.0,-1.5504376523821257e-33
transcription_TU_DWY14_RS05395,0.0,1.2921152515126893e-34
charging_tRNA_DWY14_RS00070_CGU,0.0,-1.7278874059300394e-06
charging_tRNA_DWY14_RS00070_CGC,0.0,-1.7278874059300394e-06
charging_tRNA_DWY14_RS00070_CGA,0.0,-1.7278874059300394e-06
charging_tRNA_DWY14_RS00070_CGG,0.0,-1.7278874059300394e-06
charging_tRNA_DWY14_RS00070_AGA,0.0,-1.7278874059300394e-06
charging_tRNA_DWY14_RS00070_AGG,0.0,-1.7278874059300394e-06
charging_tRNA_DWY14_RS00125_ACU,0.0,-1.2596238821139475e-06
charging_tRNA_DWY14_RS00125_ACC,0.0,-1.2596238821139475e-06
charging_tRNA_DWY14_RS00125_ACA,0.0,-1.2596238821139475e-06
charging_tRNA_DWY14_RS00125_ACG,0.0,-1.2596238821139475e-06
charging_tRNA_DWY14_RS00300_GUU,0.0,-1.0605040210435612e-05
charging_tRNA_DWY14_RS00300_GUC,0.0,-1.0605040210435612e-05
charging_tRNA_DWY14_RS00300_GUA,0.0,-1.0605040210435612e-05
charging_tRNA_DWY14_RS00300_GUG,0.0,-1.0605040210435612e-05
charging_tRNA_DWY14_RS00490_UUA,0.0,-7.41710384430988e-05
charging_tRNA_DWY14_RS00490_UUG,0.0,-7.41710384430988e-05
charging_tRNA_DWY14_RS00490_CUU,0.0,-7.41710384430988e-05
charging_tRNA_DWY14_RS00490_CUC,0.0,-7.41710384430988e-05
charging_tRNA_DWY14_RS00490_CUA,0.0,-7.41710384430988e-05
charging_tRNA_DWY14_RS00490_CUG,0.0,-7.41710384430988e-05
charging_tRNA_DWY14_RS06005_UCU,0.0,-8.70629431445368e-06
charging_tRNA_DWY14_RS06005_UCC,0.0,-8.70629431445368e-06
charging_tRNA_DWY14_RS06005_UCA,0.0,-8.70629431445368e-06
charging_tRNA_DWY14_RS06005_UCG,0.0,-8.70629431445368e-06
charging_tRNA_DWY14_RS06005_AGU,0.0,-8.70629431445368e-06
charging_tRNA_DWY14_RS06005_AGC,0.0,-8.70629431445368e-06
charging_tRNA_DWY14_RS06010_GAA,0.033698845450836575,7.077043650569536e-38
charging_tRNA_DWY14_RS06010_GAG,0.010027443723010997,9.153417705537094e-35
charging_tRNA_DWY14_RS06015_UCU,0.0,-8.70629431445368e-06
charging_tRNA_DWY14_RS06015_UCC,0.0,-8.70629431445368e-06
charging_tRNA_DWY14_RS06015_UCA,0.0,-8.70629431445368e-06
charging_tRNA_DWY14_RS06015_UCG,0.0,-8.70629431445368e-06
charging_tRNA_DWY14_RS06015_AGU,0.0,-8.70629431445368e-06
charging_tRNA_DWY14_RS06015_AGC,0.0,-8.70629431445368e-06
charging_tRNA_DWY14_RS06170_CGU,0.0,-1.3055683915270014e-05
charging_tRNA_DWY14_RS06170_CGC,0.0,-1.3055683915270014e-05
charging_tRNA_DWY14_RS06170_CGA,0.0,-1.3055683915270014e-05
charging_tRNA_DWY14_RS06170_CGG,0.0,-1.3055683915270014e-05
charging_tRNA_DWY14_RS06170_AGA,0.0,-1.3055683915270014e-05
charging_tRNA_DWY14_RS06170_AGG,0.0,-1.3055683915270014e-05
charging_tRNA_DWY14_RS06795_GCU,0.0,-2.0655807259229386e-06
charging_tRNA_DWY14_RS06795_GCC,0.0,-2.0655807259229386e-06
charging_tRNA_DWY14_RS06795_GCA,0.0,-2.0655807259229386e-06
charging_tRNA_DWY14_RS06795_GCG,0.0,-2.0655807259229386e-06
charging_tRNA_DWY14_RS06800_AUU,0.0,-1.7837360287342024e-07
charging_tRNA_DWY14_RS06800_AUC,0.0,-1.7837360287342024e-07
charging_tRNA_DWY14_RS06800_AUA,0.0,-1.7837360287342024e-07
charging_tRNA_DWY14_RS07015_AUG,0.0,-3.6266333019117998e-06
charging_tRNA_DWY14_RS07015_START,0.0,-3.6266333019117998e-06
charging_tRNA_DWY14_RS07020_AUG,0.0,-3.6266333019117998e-06
charging_tRNA_DWY14_RS07020_START,0.0,-3.6266333019117998e-06
charging_tRNA_DWY14_RS07025_AUG,0.0,-3.6266333019117998e-06
charging_tRNA_DWY14_RS07025_START,0.0,-3.6266333019117998e-06
charging_tRNA_DWY14_RS07030_AUG,0.0,-3.6266333019117998e-06
charging_tRNA_DWY14_RS07030_START,0.0,-3.6266333019117998e-06
charging_tRNA_DWY14_RS07035_AUG,0.0,-3.6266333019117998e-06
charging_tRNA_DWY14_RS07035_START,0.0,-3.6266333019117998e-06
charging_tRNA_DWY14_RS07040_AUG,0.0,-3.6266333019117998e-06
charging_tRNA_DWY14_RS07040_START,0.0,-3.6266333019117998e-06
charging_tRNA_DWY14_RS07045_AUG,0.0,-3.6266333019117998e-06
charging_tRNA_DWY14_RS07045_START,0.0,-3.6266333019117998e-06
charging_tRNA_DWY14_RS07050_AUG,0.0,-3.6266333019117998e-06
charging_tRNA_DWY14_RS07050_START,0.0,-3.6266333019117998e-06
charging_tRNA_DWY14_RS07065_GUU,0.006715608504459889,-2.0412986567259696e-38
charging_tRNA_DWY14_RS07065_GUC,0.006706635822966404,3.724730419063485e-38
charging_tRNA_DWY14_RS07065_GUA,0.017190384451578677,5.695478733480202e-38
charging_tRNA_DWY14_RS07065_GUG,0.015386927045678532,-2.3154044897833711e-38
charging_tRNA_DWY14_RS07815_UUU,0.009945093426373676,-2.2821845808557523e-38
charging_tRNA_DWY14_RS07815_UUC,0.0,1.5701855573589608e-37
charging_tRNA_DWY14_RS09185_CCU,0.004459278304658529,3.534514047904867e-39
charging_tRNA_DWY14_RS09185_CCC,0.004718028892017915,-7.660221250396552e-39
charging_tRNA_DWY14_RS09185_CCA,0.0023296146420375575,-1.26784293896158e-38
charging_tRNA_DWY14_RS09185_CCG,0.00823270174338231,1.6916538616667276e-38
charging_tRNA_DWY14_RS10070_UUA,0.0,-3.353520381201594e-06
charging_tRNA_DWY14_RS10070_UUG,0.0,-3.353520381201594e-06
charging_tRNA_DWY14_RS10070_CUU,0.0,-3.353520381201594e-06
charging_tRNA_DWY14_RS10070_CUC,0.0,-3.353520381201594e-06
charging_tRNA_DWY14_RS10070_CUA,0.0,-3.353520381201594e-06
charging_tRNA_DWY14_RS10070_CUG,0.0,-3.353520381201594e-06
charging_tRNA_DWY14_RS10120_GAA,0.0,-3.3916281527090486e-06
charging_tRNA_DWY14_RS10120_GAG,0.0,-3.3916281527090486e-06
charging_tRNA_DWY14_RS10545_CGU,0.0,-1.0914417757263975e-05
charging_tRNA_DWY14_RS10545_CGC,0.0,-1.0914417757263975e-05
charging_tRNA_DWY14_RS10545_CGA,0.0,-1.0914417757263975e-05
charging_tRNA_DWY14_RS10545_CGG,0.0,-1.0914417757263975e-05
charging_tRNA_DWY14_RS10545_AGA,0.0,-1.0914417757263975e-05
charging_tRNA_DWY14_RS10545_AGG,0.0,-1.0914417757263975e-05
charging_tRNA_DWY14_RS10865_GAU,0.013564735139034431,-2.3993516049361068e-37
charging_tRNA_DWY14_RS10865_GAC,0.0,2.2732469838422076e-37
charging_tRNA_DWY14_RS10940_CAA,0.0031302610902291987,2.2566148215744508e-34
charging_tRNA_DWY14_RS10940_CAG,0.014281776607283324,-5.696550382187284e-34
charging_tRNA_DWY14_RS11590_UUA,0.0,-1.7274069572131233e-05
charging_tRNA_DWY14_RS11590_UUG,0.0,-1.7274069572131233e-05
charging_tRNA_DWY14_RS11590_CUU,0.0,-1.7274069572131233e-05
charging_tRNA_DWY14_RS11590_CUC,0.0,-1.7274069572131233e-05
charging_tRNA_DWY14_RS11590_CUA,0.0,-1.7274069572131233e-05
charging_tRNA_DWY14_RS11590_CUG,0.0,-1.7274069572131233e-05
charging_tRNA_DWY14_RS02350_AUU,0.019591833986023113,5.863369067381717e-38
charging_tRNA_DWY14_RS02350_AUC,0.020433283208591266,1.4887537567803145e-38
charging_tRNA_DWY14_RS02350_AUA,0.003744185118063217,-2.171376410204622e-38
charging_tRNA_DWY14_RS13795_AAA,0.0,-2.0846346116766233e-06
charging_tRNA_DWY14_RS13795_AAG,0.0,-2.0846346116766233e-06
charging_tRNA_DWY14_RS13805_AAA,0.0,-2.0846346116766233e-06
charging_tRNA_DWY14_RS13805_AAG,0.0,-2.0846346116766233e-06
charging_tRNA_DWY14_RS13835_GGU,0.0,-1.5733817656485467e-05
charging_tRNA_DWY14_RS13835_GGC,0.0,-1.5733817656485467e-05
charging_tRNA_DWY14_RS13835_GGA,0.0,-1.5733817656485467e-05
charging_tRNA_DWY14_RS13835_GGG,0.0,-1.5733817656485467e-05
charging_tRNA_DWY14_RS13975_CGU,0.0074515968457897685,2.116333527582085e-38
charging_tRNA_DWY14_RS13975_CGC,0.009036145389040526,-5.129125311054269e-39
charging_tRNA_DWY14_RS13975_CGA,0.001994825458723899,5.287735398246433e-38
charging_tRNA_DWY14_RS13975_CGG,0.0014826550277546758,8.773320928398006e-38
charging_tRNA_DWY14_RS13975_AGA,0.0013192533191014866,4.718725943004907e-38
charging_tRNA_DWY14_RS13975_AGG,2.093638217593051e-05,5.242483703667883e-38
charging_tRNA_DWY14_RS02835_UCU,0.0,-2.0701528610826434e-05
charging_tRNA_DWY14_RS02835_UCC,0.0,-2.0701528610826434e-05
charging_tRNA_DWY14_RS02835_UCA,0.0,-2.0701528610826434e-05
charging_tRNA_DWY14_RS02835_UCG,0.0,-2.0701528610826434e-05
charging_tRNA_DWY14_RS02835_AGU,0.0,-2.0701528610826434e-05
charging_tRNA_DWY14_RS02835_AGC,0.0,-2.0701528610826434e-05
charging_tRNA_DWY14_RS02865_GCU,0.009786514422843947,-3.875451969034208e-38
charging_tRNA_DWY14_RS02865_GCC,0.01699380833830382,5.693230244873754e-38
charging_tRNA_DWY14_RS02865_GCA,0.009833201291129958,-5.368862544040233e-38
charging_tRNA_DWY14_RS02865_GCG,0.0024760519027200974,-3.4932331171710756e-38
charging_tRNA_DWY14_RS02910_GAA,0.0,-3.3916281527090486e-06
charging_tRNA_DWY14_RS02910_GAG,0.0,-3.3916281527090486e-06
charging_tRNA_DWY14_RS03160_UGU,0.0,-1.4569366832340397e-05
charging_tRNA_DWY14_RS03160_UGC,0.0,-1.4569366832340397e-05
charging_tRNA_DWY14_RS03165_UGU,0.001685952178073666,-2.3880124839666198e-37
charging_tRNA_DWY14_RS03165_UGC,0.0021569896764743516,-2.461641982474532e-37
charging_tRNA_DWY14_RS03170_AAA,0.0,-2.0846346116766233e-06
charging_tRNA_DWY14_RS03170_AAG,0.0,-2.0846346116766233e-06
charging_tRNA_DWY14_RS13985_AUG,0.020935430625069366,-1.583073421762291e-37
charging_tRNA_DWY14_RS13985_START,0.001661818590914106,-9.503402079547254e-38
charging_tRNA_DWY14_RS14060_UCU,0.005393772504229669,8.434217399252488e-38
charging_tRNA_DWY14_RS14060_UCC,0.009210762502711294,-2.6303016244404636e-38
charging_tRNA_DWY14_RS14060_UCA,0.0038539509044898165,6.315352741550648e-38
charging_tRNA_DWY14_RS14060_UCG,0.0033728526560470842,-1.238428749380961e-38
charging_tRNA_DWY14_RS14060_AGU,0.004099164555582386,9.58397868937982e-38
charging_tRNA_DWY14_RS14060_AGC,0.005566671705910539,-9.747473552146233e-39
charging_tRNA_DWY14_RS14210_GGU,0.0,-1.4569366832340312e-05
charging_tRNA_DWY14_RS14210_GGC,0.0,-1.4569366832340312e-05
charging_tRNA_DWY14_RS14210_GGA,0.0,-1.4569366832340312e-05
charging_tRNA_DWY14_RS14210_GGG,0.0,-1.4569366832340312e-05
charging_tRNA_DWY14_RS14215_UUA,0.005001004262107732,1.0712685089741568e-38
charging_tRNA_DWY14_RS14215_UUG,0.011677319027386321,-1.166471773703973e-38
charging_tRNA_DWY14_RS14215_CUU,0.006696158841118862,1.9574666952000974e-38
charging_tRNA_DWY14_RS14215_CUC,0.004095107629806607,3.247748989421358e-38
charging_tRNA_DWY14_RS14215_CUA,0.001328892847965034,-2.7851462248373547e-38
charging_tRNA_DWY14_RS14215_CUG,0.023723300759763293,2.2245309965843418e-38
charging_tRNA_DWY14_RS14310_ACU,0.004628050784787113,-1.4988221498636538e-38
charging_tRNA_DWY14_RS14310_ACC,0.01255253260859521,7.954122719159009e-38
charging_tRNA_DWY14_RS14310_ACA,0.005464319241722442,-3.4047623558354535e-38
charging_tRNA_DWY14_RS14310_ACG,0.006183967583080346,-3.5037319902639126e-38
charging_tRNA_DWY14_RS14500_AAA,0.019114445171315643,-3.5137140328841517e-38
charging_tRNA_DWY14_RS14500_AAG,0.014329036002213759,5.969978746907769e-38
charging_tRNA_DWY14_RS14755_UUU,0.0,-2.2821845808557523e-38
charging_tRNA_DWY14_RS14755_UUC,0.010765255140845252,1.5701855573589608e-37
charging_tRNA_DWY14_RS14760_CCU,0.0,-7.90033747064486e-06
charging_tRNA_DWY14_RS14760_CCC,0.0,-7.90033747064486e-06
charging_tRNA_DWY14_RS14760_CCA,0.0,-7.90033747064486e-06
charging_tRNA_DWY14_RS14760_CCG,0.0,-7.90033747064486e-06
charging_tRNA_DWY14_RS14830_ACU,0.0,3.42038900866321e-38
charging_tRNA_DWY14_RS14830_ACC,0.0,1.2126777260357178e-37
charging_tRNA_DWY14_RS14830_ACA,0.0,1.3322983131530036e-38
charging_tRNA_DWY14_RS14830_ACG,0.0,1.7416211647510677e-38
charging_tRNA_DWY14_RS14835_UAU,0.0,-3.850629789114631e-07
charging_tRNA_DWY14_RS14835_UAC,0.0,-3.850629789114631e-07
charging_tRNA_DWY14_RS14840_GGU,0.0,-1.6297254238270353e-05
charging_tRNA_DWY14_RS14840_GGC,0.0,-1.6297254238270353e-05
charging_tRNA_DWY14_RS14840_GGA,0.0,-1.6297254238270353e-05
charging_tRNA_DWY14_RS14840_GGG,0.0,-1.6297254238270353e-05
charging_tRNA_DWY14_RS14845_ACU,0.0,-4.116131226202992e-06
charging_tRNA_DWY14_RS14845_ACC,0.0,-4.116131226202992e-06
charging_tRNA_DWY14_RS14845_ACA,0.0,-4.116131226202992e-06
charging_tRNA_DWY14_RS14845_ACG,0.0,-4.116131226202992e-06
charging_tRNA_DWY14_RS14855_UGG,0.004349506603674805,-7.580057402636781e-39
charging_tRNA_DWY14_RS14910_AAU,0.009236114666619154,-1.901786039953815e-34
charging_tRNA_DWY14_RS14910_AAC,0.013736897632257397,9.130873435345217e-35
charging_tRNA_DWY14_RS17515_CAU,0.004678902459633975,-9.689551570593696e-35
charging_tRNA_DWY14_RS17515_CAC,0.0032389201846691573,-3.2710316792675753e-37
charging_tRNA_DWY14_RS15475_CAU,0.0,-5.102594750012757e-05
charging_tRNA_DWY14_RS15475_CAC,0.0,-5.102594750012757e-05
charging_tRNA_DWY14_RS15585_UAU,0.010920709217178432,-7.695142324684901e-38
charging_tRNA_DWY14_RS15585_UAC,0.008406286837301474,-1.2419939141636717e-37
charging_tRNA_DWY14_RS15590_GGU,0.0,-1.6297254238270353e-05
charging_tRNA_DWY14_RS15590_GGC,0.0,-1.6297254238270353e-05
charging_tRNA_DWY14_RS15590_GGA,0.0,-1.6297254238270353e-05
charging_tRNA_DWY14_RS15590_GGG,0.0,-1.6297254238270353e-05
charging_tRNA_DWY14_RS15710_UUA,0.0,-3.353520381201594e-06
charging_tRNA_DWY14_RS15710_UUG,0.0,-3.353520381201594e-06
charging_tRNA_DWY14_RS15710_CUU,0.0,-3.353520381201594e-06
charging_tRNA_DWY14_RS15710_CUC,0.0,-3.353520381201594e-06
charging_tRNA_DWY14_RS15710_CUA,0.0,-3.353520381201594e-06
charging_tRNA_DWY14_RS15710_CUG,0.0,-3.353520381201594e-06
charging_tRNA_DWY14_RS15785_UCU,0.0,-2.10865915897379e-05
charging_tRNA_DWY14_RS15785_UCC,0.0,-2.10865915897379e-05
charging_tRNA_DWY14_RS15785_UCA,0.0,-2.10865915897379e-05
charging_tRNA_DWY14_RS15785_UCG,0.0,-2.10865915897379e-05
charging_tRNA_DWY14_RS15785_AGU,0.0,-2.10865915897379e-05
charging_tRNA_DWY14_RS15785_AGC,0.0,-2.10865915897379e-05
charging_tRNA_DWY14_RS16290_GAU,0.0,-2.3993516049361068e-37
charging_tRNA_DWY14_RS16290_GAC,0.02725791733917644,2.2732469838422076e-37
charging_tRNA_DWY14_RS04220_GGU,0.0,-1.4569366832340312e-05
charging_tRNA_DWY14_RS04220_GGC,0.0,-1.4569366832340312e-05
charging_tRNA_DWY14_RS04220_GGA,0.0,-1.4569366832340312e-05
charging_tRNA_DWY14_RS04220_GGG,0.0,-1.4569366832340312e-05
charging_tRNA_DWY14_RS04225_GGU,0.012162826116184324,-1.4945419688932289e-38
charging_tRNA_DWY14_RS04225_GGC,0.00717036621372039,-7.474648239998965e-38
charging_tRNA_DWY14_RS04225_GGA,0.01256371839022163,2.9901193876284117e-38
charging_tRNA_DWY14_RS04225_GGG,0.002180625566163802,-1.757700323469964e-38
charging_tRNA_DWY14_RS04230_GGU,0.0,-1.4569366832340312e-05
charging_tRNA_DWY14_RS04230_GGC,0.0,-1.4569366832340312e-05
charging_tRNA_DWY14_RS04230_GGA,0.0,-1.4569366832340312e-05
charging_tRNA_DWY14_RS04230_GGG,0.0,-1.4569366832340312e-05
charging_tRNA_DWY14_RS04235_UUA,0.0,-6.143700551418364e-06
charging_tRNA_DWY14_RS04235_UUG,0.0,-6.143700551418364e-06
charging_tRNA_DWY14_RS04235_CUU,0.0,-6.143700551418364e-06
charging_tRNA_DWY14_RS04235_CUC,0.0,-6.143700551418364e-06
charging_tRNA_DWY14_RS04235_CUA,0.0,-6.143700551418364e-06
charging_tRNA_DWY14_RS04235_CUG,0.0,-6.143700551418364e-06
charging_tRNA_DWY14_RS04245_GGU,0.0,-1.588387548619418e-05
charging_tRNA_DWY14_RS04245_GGC,0.0,-1.588387548619418e-05
charging_tRNA_DWY14_RS04245_GGA,0.0,-1.588387548619418e-05
charging_tRNA_DWY14_RS04245_GGG,0.0,-1.588387548619418e-05
charging_tRNA_DWY14_RS16975_UGG,0.0,-4.2861779131273436e-38
charging_tRNA_DWY14_RS17010_UCU,0.0,-2.0701528610826434e-05
charging_tRNA_DWY14_RS17010_UCC,0.0,-2.0701528610826434e-05
charging_tRNA_DWY14_RS17010_UCA,0.0,-2.0701528610826434e-05
charging_tRNA_DWY14_RS17010_UCG,0.0,-2.0701528610826434e-05
charging_tRNA_DWY14_RS17010_AGU,0.0,-2.0701528610826434e-05
charging_tRNA_DWY14_RS17010_AGC,0.0,-2.0701528610826434e-05
charging_tRNA_DWY14_RS04890_CAA,0.0,-5.443826960310276e-07
charging_tRNA_DWY14_RS04890_CAG,0.0,-5.443826960310276e-07
charging_tRNA_DWY14_RS05270_CCU,0.0,-3.850629789114631e-07
charging_tRNA_DWY14_RS05270_CCC,0.0,-3.850629789114631e-07
charging_tRNA_DWY14_RS05270_CCA,0.0,-3.850629789114631e-07
charging_tRNA_DWY14_RS05270_CCG,0.0,-3.850629789114631e-07
charging_tRNA_DWY14_RS05395_AAA,0.0,-1.4286298373223587e-37
charging_tRNA_DWY14_RS05395_AAG,0.0,-5.0593040228031946e-39
DM_RNA_484018.6.peg.21,0.0,-74.52287301562542
DM_RNA_484018.6.peg.22,0.0,-63.2519606170891
DM_RNA_484018.6.peg.23,0.0,-76.90055410230423
DM_RNA_484018.6.peg.26,0.0,-59.10496287807757
DM_RNA_484018.6.peg.28,0.0,-59.0410670744217
DM_RNA_484018.6.peg.38,0.0,-143.4341697222245
DM_RNA_484018.6.peg.39,0.0,-41.47956932351094
DM_RNA_484018.6.peg.40,0.0,-42.567218024935116
DM_RNA_484018.6.peg.41,0.0,-17.174406314716908
DM_RNA_484018.6.peg.42,0.0,-26.206241516840258
DM_RNA_484018.6.peg.43,0.0,-32.837506105580424
DM_RNA_484018.6.peg.45,0.0,0.0
DM_RNA_484018.6.peg.51,0.0,-47.75484384286998
DM_RNA_484018.6.peg.52,0.0,-59.015938806427734
DM_RNA_484018.6.peg.57,0.0,-72.52858960448813
DM_RNA_484018.6.peg.60,0.0,-53.708203191133286
DM_RNA_484018.6.peg.77,0.0,-80.58550717208331
DM_RNA_484018.6.peg.90,0.0,-18.263738890975755
DM_RNA_484018.6.peg.91,0.0,-28.498766837345638
DM_RNA_484018.6.peg.92,0.0,-80.81405416418079
DM_RNA_484018.6.peg.93,0.0,-56.95382308169265
DM_RNA_484018.6.peg.94,0.0,-21.744237516577275
DM_RNA_484018.6.peg.95,0.0,-26.59378325908245
DM_RNA_484018.6.peg.96,0.0,-16.53628170090235
DM_RNA_484018.6.peg.97,0.0,-100.24640336725234
DM_RNA_484018.6.peg.98,0.0,-77.72470715512863
DM_RNA_484018.6.peg.99,0.0,-74.05841974059373
DM_RNA_484018.6.peg.109,0.0,-71.7140583896708
DM_RNA_484018.6.peg.113,0.0,-63.252151807225914
DM_RNA_484018.6.peg.130,0.0,0.0
DM_RNA_484018.6.peg.139,0.0,-36.67679312995367
DM_RNA_484018.6.peg.141,0.0,-45.5505886854293
DM_RNA_484018.6.peg.184,0.0,-6.546533797503366
DM_RNA_484018.6.peg.196,0.0,-1.5422709534721007e-32
DM_RNA_484018.6.peg.198,0.0,-1.3034586520488908e-32
DM_RNA_484018.6.peg.204,0.0,-49.33503232387504
DM_RNA_484018.6.peg.205,0.0,-58.804069776350715
DM_RNA_484018.6.peg.206,0.0,0.0
DM_RNA_484018.6.peg.207,0.0,-38.4285099670989
DM_RNA_484018.6.peg.211,0.0,-22.98062110110068
DM_RNA_484018.6.peg.218,0.0,0.0
DM_RNA_484018.6.peg.224,0.0,-77.2797783831851
DM_RNA_484018.6.peg.225,0.0,-1.3179054900604713e-32
DM_RNA_484018.6.peg.226,0.0,0.0
DM_RNA_484018.6.peg.240,0.0,-44.861747096452056
DM_RNA_484018.6.peg.247,0.0,-1.9659343034633282e-32
DM_RNA_484018.6.peg.248,0.0,-70.67097983433214
DM_RNA_484018.6.peg.250,0.0,0.0
DM_RNA_484018.6.peg.256,0.0,-65.37080594344103
DM_RNA_484018.6.peg.260,0.0,-6.756980277026778e-32
DM_RNA_484018.6.peg.273,0.0,-58.59246022223346
DM_RNA_484018.6.peg.280,0.0,-40.73221492373205
DM_RNA_484018.6.peg.283,0.0,-12.197391836659447
DM_RNA_484018.6.peg.284,0.0,-8.26351179334425
DM_RNA_484018.6.peg.286,0.0,-45.73440833053486
DM_RNA_484018.6.peg.287,0.0,-63.200971044661884
DM_RNA_484018.6.peg.308,0.0,-43.14027966931415
DM_RNA_484018.6.peg.309,0.0,-2.7382371126697294e-32
DM_RNA_484018.6.peg.310,0.0,-34.113531875685624
DM_RNA_484018.6.peg.312,0.0,1.3288554439458513e-32
DM_RNA_484018.6.peg.313,0.0,0.0
DM_RNA_484018.6.peg.315,0.0,-1.445785429690544e-32
DM_RNA_484018.6.peg.316,0.0,-38.69685882024594
DM_RNA_484018.6.peg.321,0.0,0.0
DM_RNA_484018.6.peg.322,0.0,0.0
DM_RNA_484018.6.peg.324,0.0,-2.0254603499611552e-32
DM_RNA_484018.6.peg.329,0.0,-1.6229887600820193e-32
DM_RNA_484018.6.peg.331,0.0,-60.049788963510885
DM_RNA_484018.6.peg.333,0.0,-37.00252028176625
DM_RNA_484018.6.peg.342,0.0,-80.98212200758732
DM_RNA_484018.6.peg.345,0.0,0.0
DM_RNA_484018.6.peg.350,0.0,-1.8884705723763162e-32
DM_RNA_484018.6.peg.351,0.0,-81.79618636375552
DM_RNA_484018.6.peg.352,0.0,-57.61785976184414
DM_RNA_484018.6.peg.377,0.0,-61.055953697044856
DM_RNA_484018.6.peg.383,0.0,-35.20289710558802
DM_RNA_484018.6.peg.391,0.0,0.0
DM_RNA_484018.6.peg.395,0.0,-30.880196568041097
DM_RNA_484018.6.peg.397,0.0,-140.69661675459898
DM_RNA_484018.6.peg.401,0.0,-87.98009413934625
DM_RNA_484018.6.peg.402,0.0,-47.16134156534347
DM_RNA_484018.6.peg.410,0.0,9.74931827957504e-33
DM_RNA_484018.6.peg.413,0.0,-1.1193934391910156e-32
DM_RNA_484018.6.peg.423,0.0,-44.44066602173749
DM_RNA_484018.6.peg.429,0.0,-25.114739001915776
DM_RNA_484018.6.peg.460,0.0,2.2244297795671396e-32
DM_RNA_484018.6.peg.471,0.0,-141.52445321460695
DM_RNA_484018.6.peg.488,0.0,-139.73218992595184
DM_RNA_484018.6.peg.527,0.0,-55.50734092565402
DM_RNA_484018.6.peg.543,0.0,-45.43201217111642
DM_RNA_484018.6.peg.545,0.0,-1.654560097463898e-32
DM_RNA_484018.6.peg.553,0.0,-2.084721668465639e-32
DM_RNA_484018.6.peg.582,0.0,-3.74533115578426e-32
DM_RNA_484018.6.peg.583,0.0,-69.89152196226486
DM_RNA_484018.6.peg.584,0.0,-46.21638654659853
DM_RNA_484018.6.peg.588,0.0,-43.310854292628676
DM_RNA_484018.6.peg.589,0.0,-79.23406219311707
DM_RNA_484018.6.peg.590,0.0,-26.40610963209942
DM_RNA_484018.6.peg.591,0.0,-24.1265805420013
DM_RNA_484018.6.peg.592,0.0,-13.072625140890628
DM_RNA_484018.6.peg.593,0.0,-51.70177234884775
DM_RNA_484018.6.peg.595,0.0,-11.97773914988613
DM_RNA_484018.6.peg.596,0.0,-75.79871198164258
DM_RNA_484018.6.peg.601,0.0,-34.02884530795798
DM_RNA_484018.6.peg.603,0.0,-65.73400250536697
DM_RNA_484018.6.peg.605,0.0,-57.200721230289425
DM_RNA_484018.6.peg.624,0.0,-44.58960225852834
DM_RNA_484018.6.peg.625,0.0,-27.781253535282143
DM_RNA_484018.6.peg.626,0.0,-43.637132138506516
DM_RNA_484018.6.peg.627,0.0,-55.98964222291609
DM_RNA_484018.6.peg.628,0.0,-64.36318411533583
DM_RNA_484018.6.peg.641,0.0,-63.5452246579201
DM_RNA_484018.6.peg.712,0.0,-58.216075058736145
DM_RNA_484018.6.peg.751,0.0,-58.216075058736145
DM_RNA_484018.6.peg.761,0.0,-1.220712173751856e-32
DM_RNA_484018.6.peg.762,0.0,3.0524704131418673e-32
DM_RNA_484018.6.peg.770,0.0,0.0
DM_RNA_484018.6.peg.776,0.0,-3.4277160079896217e-32
DM_RNA_484018.6.peg.814,0.0,-51.66770053885689
DM_RNA_484018.6.peg.823,0.0,-66.59276694514207
DM_RNA_484018.6.peg.825,0.0,-9.140753741074997e-33
DM_RNA_484018.6.peg.829,0.0,-52.455920498029805
DM_RNA_484018.6.peg.835,0.0,-54.044178970781736
DM_RNA_484018.6.peg.836,0.0,0.0
DM_RNA_484018.6.peg.841,0.0,-44.90474396527774
DM_RNA_484018.6.peg.848,0.0,-20.28211705506488
DM_RNA_484018.6.peg.849,0.0,-48.51253905068021
DM_RNA_484018.6.peg.850,0.0,-29.68163752855744
DM_RNA_484018.6.peg.851,0.0,-18.693895567125953
DM_RNA_484018.6.peg.852,0.0,-17.804941071298103
DM_RNA_484018.6.peg.853,0.0,-5.248177375381411
DM_RNA_484018.6.peg.854,0.0,-10.276617118270012
DM_RNA_484018.6.peg.855,0.0,-1.1081942190527653e-32
DM_RNA_484018.6.peg.857,0.0,-14.143520175007444
DM_RNA_484018.6.peg.858,0.0,-8.416650411496118
DM_RNA_484018.6.peg.859,0.0,-22.48253855351754
DM_RNA_484018.6.peg.860,0.0,-16.226626979683733
DM_RNA_484018.6.peg.861,0.0,-24.354590149510322
DM_RNA_484018.6.peg.862,0.0,-15.979272429537131
DM_RNA_484018.6.peg.863,0.0,-14.738125643865247
DM_RNA_484018.6.peg.864,0.0,-27.21437649534392
DM_RNA_484018.6.peg.865,0.0,-14.914772340300447
DM_RNA_484018.6.peg.866,0.0,-17.88913008027325
DM_RNA_484018.6.peg.867,0.0,-11.82450962105784
DM_RNA_484018.6.peg.868,0.0,-9.002492210389848
DM_RNA_484018.6.peg.869,0.0,-21.134709431583246
DM_RNA_484018.6.peg.870,0.0,-34.79559882350941
DM_RNA_484018.6.peg.871,0.0,-19.23243056724804
DM_RNA_484018.6.peg.872,0.0,-12.89384519705828
DM_RNA_484018.6.peg.873,0.0,-40.40944705051707
DM_RNA_484018.6.peg.874,0.0,-13.788342557820519
DM_RNA_484018.6.peg.875,0.0,-30.648482040991432
DM_RNA_484018.6.peg.876,0.0,-29.899994888752396
DM_RNA_484018.6.peg.877,0.0,-14.673361316219355
DM_RNA_484018.6.peg.878,0.0,-105.1406746454233
DM_RNA_484018.6.peg.879,0.0,-19.190300655128638
DM_RNA_484018.6.peg.880,0.0,-12.776311045550324
DM_RNA_484018.6.peg.883,0.0,-45.907995791848826
DM_RNA_484018.6.peg.895,0.0,-174.6060628642341
DM_RNA_484018.6.peg.896,0.0,0.0
DM_RNA_484018.6.peg.897,0.0,-5.324005328407661e-32
DM_RNA_484018.6.peg.901,0.0,-100.1352481619362
DM_RNA_484018.6.peg.910,0.0,-34.69455329627299
DM_RNA_484018.6.peg.911,0.0,-24.09447550242917
DM_RNA_484018.6.peg.912,0.0,-118.64758897295062
DM_RNA_484018.6.peg.926,0.0,-36.80605423403581
DM_RNA_484018.6.peg.949,0.0,-37.70427699178774
DM_RNA_484018.6.peg.950,0.0,-99.21240971068826
DM_RNA_484018.6.peg.951,0.0,-36.015421052790046
DM_RNA_484018.6.peg.953,0.0,-23.04184488230473
DM_RNA_484018.6.peg.954,0.0,-2.64650435929007e-32
DM_RNA_484018.6.peg.960,0.0,-25.115607622837913
DM_RNA_484018.6.peg.964,0.0,1.4102392655162778e-32
DM_RNA_484018.6.peg.965,0.0,-47.04551391352365
DM_RNA_484018.6.peg.969,0.0,-45.85819589754793
DM_RNA_484018.6.peg.975,0.0,3.1040824447859114e-32
DM_RNA_484018.6.peg.978,0.0,-138.5448563732095
DM_RNA_484018.6.peg.979,0.0,-116.65664941973917
DM_RNA_484018.6.peg.980,0.0,-142.15599413013334
DM_RNA_484018.6.peg.984,0.0,-102.65196408024644
DM_RNA_484018.6.peg.997,0.0,0.0
DM_RNA_484018.6.peg.998,0.0,-1.020796547202563e-32
DM_RNA_484018.6.peg.1000,0.0,0.0
DM_RNA_484018.6.peg.1001,0.0,-61.554741245169375
DM_RNA_484018.6.peg.1005,0.0,-19.26067870080519
DM_RNA_484018.6.peg.1008,0.0,-63.34206853590347
DM_RNA_484018.6.peg.1022,0.0,1.3794194443485595e-32
DM_RNA_484018.6.peg.1026,0.0,2.335207937264044e-32
DM_RNA_484018.6.peg.1028,0.0,-62.431332519060575
DM_RNA_484018.6.peg.1052,0.0,-108.28042208464113
DM_RNA_484018.6.peg.1053,0.0,-49.470069720106046
DM_RNA_484018.6.peg.1061,0.0,0.0
DM_RNA_484018.6.peg.1062,0.0,-53.470275502723716
DM_RNA_484018.6.peg.1063,0.0,-161.26783015938705
DM_RNA_484018.6.peg.1068,0.0,-47.47299856722202
DM_RNA_484018.6.peg.1082,0.0,-27.90215253780897
DM_RNA_484018.6.peg.1083,0.0,-25.89103741850093
DM_RNA_484018.6.peg.1094,0.0,0.0
DM_RNA_484018.6.peg.1095,0.0,-37.376451699516046
DM_RNA_484018.6.peg.1100,0.0,0.0
DM_RNA_484018.6.peg.1102,0.0,-33.985599798087954
DM_RNA_484018.6.peg.1104,0.0,-26.33795935381213
DM_RNA_484018.6.peg.1114,0.0,-39.4043708197259
DM_RNA_484018.6.peg.1115,0.0,-80.05218269519989
DM_RNA_484018.6.peg.1116,0.0,0.0
DM_RNA_484018.6.peg.1117,0.0,0.0
DM_RNA_484018.6.peg.1118,0.0,2.0440791967668685e-32
DM_RNA_484018.6.peg.1134,0.0,0.0
DM_RNA_484018.6.peg.1137,0.0,-20.983789463528385
DM_RNA_484018.6.peg.1139,0.0,-106.54946517395143
DM_RNA_484018.6.peg.1140,0.0,3.281518608983035e-32
DM_RNA_484018.6.peg.1141,0.0,-1.717098082459923e-32
DM_RNA_484018.6.peg.1144,0.0,-1.6061407735382023e-32
DM_RNA_484018.6.peg.1145,0.0,0.0
DM_RNA_484018.6.peg.1147,0.0,-8.849725599517878
DM_RNA_484018.6.peg.1148,0.0,-49.862207299035525
DM_RNA_484018.6.peg.1149,0.0,-43.047709933722544
DM_RNA_484018.6.peg.1154,0.0,-28.452578106665825
DM_RNA_484018.6.peg.1156,0.0,-22.21104691640932
DM_RNA_484018.6.peg.1157,0.0,-3.7108858429489917e-32
DM_RNA_484018.6.peg.1158,0.0,-2.6269188978811847e-32
DM_RNA_484018.6.peg.1159,0.0,-11.89070238520357
DM_RNA_484018.6.peg.1166,0.0,0.0
DM_RNA_484018.6.peg.1167,0.0,0.0
DM_RNA_484018.6.peg.1169,0.0,1.7897808287550952e-32
DM_RNA_484018.6.peg.1170,0.0,0.0
DM_RNA_484018.6.peg.1171,0.0,-1.9228204587879155e-32
DM_RNA_484018.6.peg.1174,0.0,-43.25900022961621
DM_RNA_484018.6.peg.1177,0.0,-65.85574821040754
DM_RNA_484018.6.peg.1178,0.0,-6.63920826409965e-33
DM_RNA_484018.6.peg.1182,0.0,-184.0565718681115
DM_RNA_484018.6.peg.1183,-1.946784318284393e-30,1.5341470323351367e-32
DM_RNA_484018.6.peg.1184,0.0,-88.67214167638751
DM_RNA_484018.6.peg.1185,0.0,-52.801268432598604
DM_RNA_484018.6.peg.1191,0.0,2.019733097690527e-32
DM_RNA_484018.6.peg.1193,0.0,-27.39220755432109
DM_RNA_484018.6.peg.1194,0.0,-69.90587131288966
DM_RNA_484018.6.peg.1204,0.0,-183.7142012069026
DM_RNA_484018.6.peg.1205,0.0,-15.117957540257365
DM_RNA_484018.6.peg.1211,0.0,-60.559649023267305
DM_RNA_484018.6.peg.1212,0.0,-74.49951754176973
DM_RNA_484018.6.peg.1214,0.0,-138.3706023340634
DM_RNA_484018.6.peg.1215,0.0,4.0463851755817895e-32
DM_RNA_484018.6.peg.1217,0.0,1.960434898333897e-32
DM_RNA_484018.6.peg.1219,0.0,-5.855868213050606e-32
DM_RNA_484018.6.peg.1220,0.0,-25.331661413424573
DM_RNA_484018.6.peg.1221,0.0,-93.03106080827591
DM_RNA_484018.6.peg.1222,2.5119061519818398e-30,1.1420302098135585e-32
DM_RNA_484018.6.peg.1227,0.0,-121.61692429690429
DM_RNA_484018.6.peg.1229,0.0,-94.30096826417028
DM_RNA_484018.6.peg.1230,0.0,-1.9063230924062984e-32
DM_RNA_484018.6.peg.1236,0.0,-43.96535180994783
DM_RNA_484018.6.peg.1238,0.0,-61.83509244565329
DM_RNA_484018.6.peg.1249,0.0,-130.05800064208543
DM_RNA_484018.6.peg.1259,0.0,-77.14539242387346
DM_RNA_484018.6.peg.1262,0.0,-63.96540246669617
DM_RNA_484018.6.peg.1268,0.0,-37.2708127344885
DM_RNA_484018.6.peg.1269,0.0,-44.061114272618426
DM_RNA_484018.6.peg.1274,0.0,-60.99347935578082
DM_RNA_484018.6.peg.1276,0.0,-73.33256559262908
DM_RNA_484018.6.peg.1279,0.0,-97.34498074018556
DM_RNA_484018.6.peg.1286,0.0,1.6437452538638361e-32
DM_RNA_484018.6.peg.1287,0.0,0.0
DM_RNA_484018.6.peg.1303,0.0,-72.5395565225473
DM_RNA_484018.6.peg.1304,0.0,-61.740064120563865
DM_RNA_484018.6.peg.1305,0.0,-51.68179374195363
DM_RNA_484018.6.peg.1306,0.0,-39.66443076843072
DM_RNA_484018.6.peg.1307,0.0,-57.53032286691558
DM_RNA_484018.6.peg.1308,0.0,0.0
DM_RNA_484018.6.peg.1314,0.0,-1.4615384681375718e-32
DM_RNA_484018.6.peg.1318,0.0,-132.90837855885093
DM_RNA_484018.6.peg.1330,0.0,-162.7227285228911
DM_RNA_484018.6.peg.1331,0.0,-91.78247599306522
DM_RNA_484018.6.peg.1346,0.0,-126.65857376500182
DM_RNA_484018.6.peg.1350,0.0,-131.82435408747327
DM_RNA_484018.6.peg.1360,0.0,-95.67291897413216
DM_RNA_484018.6.peg.1363,0.0,-45.51570367137762
DM_RNA_484018.6.peg.1367,0.0,-138.9828559124193
DM_RNA_484018.6.peg.1380,0.0,-77.15726046468687
DM_RNA_484018.6.peg.1382,0.0,-27.300895643693835
DM_RNA_484018.6.peg.1384,0.0,-94.88377160040835
DM_RNA_484018.6.peg.1385,0.0,-27.414758710331974
DM_RNA_484018.6.peg.1386,0.0,-9.270674741118073
DM_RNA_484018.6.peg.1387,0.0,-16.960261847861627
DM_RNA_484018.6.peg.1417,0.0,-58.214047645048915
DM_RNA_484018.6.peg.1419,0.0,-72.75117558443345
DM_RNA_484018.6.peg.1428,0.0,0.0
DM_RNA_484018.6.peg.1430,0.0,0.0
DM_RNA_484018.6.peg.1436,0.0,-56.291517156686176
DM_RNA_484018.6.peg.1437,0.0,-39.3307171358786
DM_RNA_484018.6.peg.1456,0.0,-92.45203637080188
DM_RNA_484018.6.peg.1457,0.0,-78.20133931835012
DM_RNA_484018.6.peg.1462,0.0,-61.68514750391083
DM_RNA_484018.6.peg.1466,0.0,-1.3580529365157504e-32
DM_RNA_484018.6.peg.1477,0.0,0.0
DM_RNA_484018.6.peg.1483,0.0,-3.1186725592145004e-32
DM_RNA_484018.6.peg.1488,0.0,1.1685438538537881e-32
DM_RNA_484018.6.peg.1494,0.0,-52.55602364837719
DM_RNA_484018.6.peg.1504,0.0,-87.2554941985899
DM_RNA_484018.6.peg.1509,0.0,-79.91593224474308
DM_RNA_484018.6.peg.1510,0.0,-33.478943901232526
DM_RNA_484018.6.peg.1511,0.0,-32.74341514261773
DM_RNA_484018.6.peg.1512,0.0,-91.77430512791969
DM_RNA_484018.6.peg.1514,0.0,-56.708384599160595
DM_RNA_484018.6.peg.1515,0.0,-39.56652668956859
DM_RNA_484018.6.peg.1516,0.0,-50.98547215588938
DM_RNA_484018.6.peg.1525,0.0,-87.11232347665998
DM_RNA_484018.6.peg.1531,0.0,0.0
DM_RNA_484018.6.peg.1532,0.0,-112.1250809004916
DM_RNA_484018.6.peg.1533,0.0,-13.137000920280226
DM_RNA_484018.6.peg.1542,0.0,-45.494945736915504
DM_RNA_484018.6.peg.1547,0.0,3.012740424458494e-32
DM_RNA_484018.6.peg.1548,0.0,-11.240693714840562
DM_RNA_484018.6.peg.1549,0.0,-62.458270348126526
DM_RNA_484018.6.peg.1550,0.0,-48.2416625496995
DM_RNA_484018.6.peg.1554,0.0,-11.383676243235842
DM_RNA_484018.6.peg.1557,0.0,-72.61533234512669
DM_RNA_484018.6.peg.1560,0.0,-57.85255543962684
DM_RNA_484018.6.peg.1561,0.0,-72.37237445899261
DM_RNA_484018.6.peg.1562,0.0,-67.93971347667133
DM_RNA_484018.6.peg.1563,0.0,-29.100030243647094
DM_RNA_484018.6.peg.1564,0.0,2.0040885386688437e-32
DM_RNA_484018.6.peg.1565,0.0,-52.15812208678606
DM_RNA_484018.6.peg.1566,0.0,-22.693085784181843
DM_RNA_484018.6.peg.1570,0.0,-50.38936192729153
DM_RNA_484018.6.peg.1572,0.0,-1.394853856481367e-32
DM_RNA_484018.6.peg.1574,0.0,-75.26368392076819
DM_RNA_484018.6.peg.1580,0.0,0.0
DM_RNA_484018.6.peg.1583,0.0,-46.27873268501107
DM_RNA_484018.6.peg.1610,0.0,1.0856405270209566e-32
DM_RNA_484018.6.peg.1640,0.0,-122.53312811536301
DM_RNA_484018.6.peg.1641,0.0,-124.06990076850707
DM_RNA_484018.6.peg.1642,0.0,0.0
DM_RNA_484018.6.peg.1643,0.0,-71.54351502953361
DM_RNA_484018.6.peg.1644,0.0,0.0
DM_RNA_484018.6.peg.1664,0.0,-1.599307945087989e-32
DM_RNA_484018.6.peg.1670,0.0,-160.73036782209923
DM_RNA_484018.6.peg.1685,0.0,-39.65373107442424
DM_RNA_484018.6.peg.1686,0.0,0.0
DM_RNA_484018.6.peg.1711,0.0,-135.42509643492156
DM_RNA_484018.6.peg.1713,0.0,-51.56085472119862
DM_RNA_484018.6.peg.1714,0.0,-55.39241040962265
DM_RNA_484018.6.peg.1721,0.0,-53.266822654625024
DM_RNA_484018.6.peg.1722,0.0,-24.007427666914158
DM_RNA_484018.6.peg.1726,0.0,0.0
DM_RNA_484018.6.peg.1728,0.0,-19.132949447250763
DM_RNA_484018.6.peg.1735,0.0,9.931390531930991e-33
DM_RNA_484018.6.peg.1736,0.0,0.0
DM_RNA_484018.6.peg.1738,0.0,-1.0629568104980194e-32
DM_RNA_484018.6.peg.1739,0.0,-3.7992681488044094e-32
DM_RNA_484018.6.peg.1742,0.0,-42.9688309213211
DM_RNA_484018.6.peg.1743,0.0,-64.34758016977425
DM_RNA_484018.6.peg.1760,0.0,-64.96902591007053
DM_RNA_484018.6.peg.1761,0.0,-111.81778474617933
DM_RNA_484018.6.peg.1765,0.0,-38.36488637023092
DM_RNA_484018.6.peg.1772,0.0,-2.6688750579239743e-32
DM_RNA_484018.6.peg.1773,0.0,1.1453816717859347e-32
DM_RNA_484018.6.peg.1775,0.0,-36.248607740815544
DM_RNA_484018.6.peg.1776,0.0,-65.49604690738387
DM_RNA_484018.6.peg.1777,0.0,-48.049031858785376
DM_RNA_484018.6.peg.1778,0.0,-83.40091440740859
DM_RNA_484018.6.peg.1782,0.0,-66.79772797265245
DM_RNA_484018.6.peg.1787,0.0,-110.78740077427835
DM_RNA_484018.6.peg.1788,0.0,-61.76467021357905
DM_RNA_484018.6.peg.1789,0.0,-66.28889112539845
DM_RNA_484018.6.peg.1801,0.0,-35.361552539928994
DM_RNA_484018.6.peg.1802,0.0,-110.3875538072003
DM_RNA_484018.6.peg.1813,0.0,-31.17533033846437
DM_RNA_484018.6.peg.1821,0.0,-1.1157079227584394e-32
DM_RNA_484018.6.peg.1823,0.0,0.0
DM_RNA_484018.6.peg.1824,0.0,0.0
DM_RNA_484018.6.peg.1826,0.0,-41.58831376052971
DM_RNA_484018.6.peg.1832,0.0,-166.0911886208393
DM_RNA_484018.6.peg.1837,0.0,2.0704207335903992e-32
DM_RNA_484018.6.peg.1838,0.0,-24.16186014551295
DM_RNA_484018.6.peg.1839,0.0,-2.0597748743193308e-32
DM_RNA_484018.6.peg.1873,0.0,0.0
DM_RNA_484018.6.peg.1877,0.0,-53.87537076418389
DM_RNA_484018.6.peg.1882,0.0,-58.63023149719571
DM_RNA_484018.6.peg.1890,0.0,-51.97656657592946
DM_RNA_484018.6.peg.1892,0.0,-55.3749024166094
DM_RNA_484018.6.peg.1911,0.0,-133.17697274862567
DM_RNA_484018.6.peg.1921,0.0,0.0
DM_RNA_484018.6.peg.1922,0.0,0.0
DM_RNA_484018.6.peg.1923,0.0,-2.4228186208472725e-32
DM_RNA_484018.6.peg.1924,0.0,0.0
DM_RNA_484018.6.peg.1925,0.0,-50.12875622942403
DM_RNA_484018.6.peg.1931,0.0,-179.65129854512017
DM_RNA_484018.6.peg.1933,0.0,-91.81465582642645
DM_RNA_484018.6.peg.1934,0.0,-223.0779777825893
DM_RNA_484018.6.peg.1935,0.0,-65.25365782779537
DM_RNA_484018.6.peg.1936,0.0,-82.62815696557453
DM_RNA_484018.6.peg.1937,0.0,-38.92343097089499
DM_RNA_484018.6.peg.1938,0.0,0.0
DM_RNA_484018.6.peg.1944,0.0,-49.512669969645735
DM_RNA_484018.6.peg.1945,0.0,-107.77489223144714
DM_RNA_484018.6.peg.1955,0.0,-37.17673785290039
DM_RNA_484018.6.peg.1957,0.0,-79.03138734036827
DM_RNA_484018.6.peg.1958,0.0,-158.93037173136344
DM_RNA_484018.6.peg.1966,0.0,-129.96951223318072
DM_RNA_484018.6.peg.1990,0.0,-116.66210580631889
DM_RNA_484018.6.peg.1993,0.0,-29.239346827667916
DM_RNA_484018.6.peg.1996,0.0,-42.078930960309705
DM_RNA_484018.6.peg.1999,0.0,-66.4651294504422
DM_RNA_484018.6.peg.2002,0.0,-43.38889985014552
DM_RNA_484018.6.peg.2009,0.0,-56.257103174293924
DM_RNA_484018.6.peg.2011,0.0,1.5273955033863976e-32
DM_RNA_484018.6.peg.2012,0.0,-64.87921722973219
DM_RNA_484018.6.peg.2014,0.0,-55.470969222910426
DM_RNA_484018.6.peg.2015,0.0,-27.365190638129206
DM_RNA_484018.6.peg.2022,0.0,-24.29431994657231
DM_RNA_484018.6.peg.2026,0.0,2.4965030492760743e-32
DM_RNA_484018.6.peg.2028,0.0,-56.01569528056013
DM_RNA_484018.6.peg.2029,0.0,-52.77064057879029
DM_RNA_484018.6.peg.2030,0.0,-63.03807328639693
DM_RNA_484018.6.peg.2031,0.0,-41.862139184161
DM_RNA_484018.6.peg.2034,0.0,-29.961460138808373
DM_RNA_484018.6.peg.2042,0.0,-170.4340148404645
DM_RNA_484018.6.peg.2050,0.0,-81.97061027553666
DM_RNA_484018.6.peg.2061,0.0,-52.01366183283052
DM_RNA_484018.6.peg.2063,0.0,-53.55819495474343
DM_RNA_484018.6.peg.2069,0.0,-1.1236646398265797e-32
DM_RNA_484018.6.peg.2072,0.0,0.0
DM_RNA_484018.6.peg.2075,0.0,-41.39709050342501
DM_RNA_484018.6.peg.2077,0.0,-120.91320382048698
DM_RNA_484018.6.peg.2083,0.0,-56.908328898675066
DM_RNA_484018.6.peg.2084,0.0,-62.32532305071718
DM_RNA_484018.6.peg.2086,0.0,-29.20507142534108
DM_RNA_484018.6.peg.2088,0.0,-35.09886520896634
DM_RNA_484018.6.peg.2089,0.0,-29.387724849777243
DM_RNA_484018.6.peg.2090,0.0,1.2361886776534592e-32
DM_RNA_484018.6.peg.2097,0.0,-46.91515584519238
DM_RNA_484018.6.peg.2098,0.0,-64.56330861826024
DM_RNA_484018.6.peg.2099,0.0,-58.35406666233779
DM_RNA_484018.6.peg.2100,0.0,-32.86181290102005
DM_RNA_484018.6.peg.2101,0.0,-36.98899940181883
DM_RNA_484018.6.peg.2102,0.0,-32.1293709916552
DM_RNA_484018.6.peg.2110,0.0,-26.565925333777272
DM_RNA_484018.6.peg.2111,0.0,-38.435443241677746
DM_RNA_484018.6.peg.2113,0.0,-54.05487524511658
DM_RNA_484018.6.peg.2114,0.0,-11.072459259690874
DM_RNA_484018.6.peg.2116,0.0,-111.83213074467236
DM_RNA_484018.6.peg.2118,0.0,-21.230746906980237
DM_RNA_484018.6.peg.2119,0.0,-100.35228248681183
DM_RNA_484018.6.peg.2120,0.0,-78.07829733318059
DM_RNA_484018.6.peg.2121,0.0,-74.99677770530073
DM_RNA_484018.6.peg.2122,0.0,-33.38488565755293
DM_RNA_484018.6.peg.2124,0.0,3.3162522100174305e-32
DM_RNA_484018.6.peg.2133,0.0,-152.97546322752348
DM_RNA_484018.6.peg.2136,0.0,-123.85487730351574
DM_RNA_484018.6.peg.2137,0.0,-63.57282040522746
DM_RNA_484018.6.peg.2160,0.0,-62.00697984380022
DM_RNA_484018.6.peg.2165,0.0,-76.69680953212558
DM_RNA_484018.6.peg.2166,0.0,-62.35927353503243
DM_RNA_484018.6.peg.2167,0.0,-90.71262608985921
DM_RNA_484018.6.peg.2168,0.0,-12.385112708942403
DM_RNA_484018.6.peg.2171,0.0,-81.50946577550783
DM_RNA_484018.6.peg.2173,0.0,-93.56984053814179
DM_RNA_484018.6.peg.2174,0.0,-106.7450003481547
DM_RNA_484018.6.peg.2178,0.0,-67.7561531136613
DM_RNA_484018.6.peg.2181,0.0,-46.30285931909355
DM_RNA_484018.6.peg.2183,0.0,-64.09665046600206
DM_RNA_484018.6.peg.2187,0.0,-23.9002442552955
DM_RNA_484018.6.peg.2189,0.0,-78.80347615993175
DM_RNA_484018.6.peg.2190,0.0,-12.797335821177446
DM_RNA_484018.6.peg.2193,0.0,-66.03319710277017
DM_RNA_484018.6.peg.2202,0.0,-42.510653644595216
DM_RNA_484018.6.peg.2208,0.0,1.266328037405899e-32
DM_RNA_484018.6.peg.2209,0.0,-57.04570479885506
DM_RNA_484018.6.peg.2210,0.0,0.0
DM_RNA_484018.6.peg.2215,0.0,-109.58927569691494
DM_RNA_484018.6.peg.2217,0.0,-58.23025152134849
DM_RNA_484018.6.peg.2218,0.0,-26.0621428130653
DM_RNA_484018.6.peg.2219,0.0,-116.80227703608676
DM_RNA_484018.6.peg.2220,0.0,-29.405946543503383
DM_RNA_484018.6.peg.2227,0.0,0.0
DM_RNA_484018.6.peg.2228,0.0,-60.92794373314341
DM_RNA_484018.6.peg.2229,0.0,-50.380966226982416
DM_RNA_484018.6.peg.2238,0.0,-14.525451291733662
DM_RNA_484018.6.peg.2303,0.0,-52.11041313948496
DM_RNA_484018.6.peg.2333,0.0,-6.801558886046699e-33
DM_RNA_484018.6.peg.2348,0.0,-41.89297836135151
DM_RNA_484018.6.peg.2349,0.0,-17.04610669577352
DM_RNA_484018.6.peg.2351,0.0,-93.77763991327096
DM_RNA_484018.6.peg.2352,0.0,1.0428199835636114e-32
DM_RNA_484018.6.peg.2354,0.0,3.858976340108869e-32
DM_RNA_484018.6.peg.2356,0.0,0.0
DM_RNA_484018.6.peg.2357,0.0,0.0
DM_RNA_484018.6.peg.2358,0.0,0.0
DM_RNA_484018.6.peg.2359,0.0,0.0
DM_RNA_484018.6.peg.2360,0.0,-1.1838774107136839e-32
DM_RNA_484018.6.peg.2361,0.0,-1.8118370480627305e-32
DM_RNA_484018.6.peg.2370,0.0,-99.27380453173704
DM_RNA_484018.6.peg.2372,0.0,-36.47285587801969
DM_RNA_484018.6.peg.2373,0.0,-36.46477354170114
DM_RNA_484018.6.peg.2374,0.0,-45.79363135630992
DM_RNA_484018.6.peg.2379,0.0,-84.05442103871194
DM_RNA_484018.6.peg.2398,0.0,-30.99382311495007
DM_RNA_484018.6.peg.2449,0.0,-88.38660464455646
DM_RNA_484018.6.peg.2450,0.0,-83.6065360594186
DM_RNA_484018.6.peg.2451,0.0,-27.319131924856176
DM_RNA_484018.6.peg.2453,0.0,-51.514102658337364
DM_RNA_484018.6.peg.2458,0.0,-71.30393302741824
DM_RNA_484018.6.peg.2485,0.0,-61.85778803390981
DM_RNA_484018.6.peg.2487,0.0,-39.7729220099792
DM_RNA_484018.6.peg.2490,0.0,-51.263006594313744
DM_RNA_484018.6.peg.2499,0.0,-94.30824485434519
DM_RNA_484018.6.peg.2502,0.0,-60.885458816642185
DM_RNA_484018.6.peg.2503,0.0,-75.92827465977724
DM_RNA_484018.6.peg.2515,0.0,0.0
DM_RNA_484018.6.peg.2527,0.0,-57.14726912345141
DM_RNA_484018.6.peg.2537,0.0,-45.49663739767571
DM_RNA_484018.6.peg.2538,0.0,-34.29372471925117
DM_RNA_484018.6.peg.2542,0.0,-40.88534260159602
DM_RNA_484018.6.peg.2543,0.0,-58.12469399706109
DM_RNA_484018.6.peg.2544,0.0,-53.053991232131615
DM_RNA_484018.6.peg.2545,0.0,-39.026283101453444
DM_RNA_484018.6.peg.2564,0.0,-63.315782475134014
DM_RNA_484018.6.peg.2565,0.0,-59.76335399690038
DM_RNA_484018.6.peg.2566,0.0,-119.89599922749265
DM_RNA_484018.6.peg.2583,0.0,1.7856206278338794e-32
DM_RNA_484018.6.peg.2584,0.0,0.0
DM_RNA_484018.6.peg.2585,0.0,-87.10270430707853
DM_RNA_484018.6.peg.2587,0.0,-43.988835889958196
DM_RNA_484018.6.peg.2588,0.0,-27.99616516257188
DM_RNA_484018.6.peg.2599,0.0,-19.31642577676026
DM_RNA_484018.6.peg.2603,0.0,-47.22356892977903
DM_RNA_484018.6.peg.2606,0.0,-46.91694013425217
DM_RNA_484018.6.peg.2608,0.0,-83.49787325278403
DM_RNA_484018.6.peg.2611,0.0,-1.4687415260709853e-32
DM_RNA_484018.6.peg.2612,0.0,-40.73940871631304
DM_RNA_484018.6.peg.2613,0.0,-44.14142524234363
DM_RNA_484018.6.peg.2615,0.0,-80.42410853081712
DM_RNA_484018.6.peg.2619,0.0,-60.08776523931308
DM_RNA_484018.6.peg.2620,0.0,-107.90981657533683
DM_RNA_484018.6.peg.2622,0.0,-98.29416247141364
DM_RNA_484018.6.peg.2636,0.0,-119.8443415774894
DM_RNA_484018.6.peg.2642,0.0,-100.80054272467953
DM_RNA_484018.6.peg.2646,0.0,-60.07483739166088
DM_RNA_484018.6.peg.2648,0.0,9.782165126631475e-33
DM_RNA_484018.6.peg.2649,0.0,-19.42154470999329
DM_RNA_484018.6.peg.2650,0.0,-12.593914622512548
DM_RNA_484018.6.peg.2668,0.0,-86.11544910888237
DM_RNA_484018.6.peg.2680,0.0,-82.53873884191202
DM_RNA_484018.6.peg.2683,0.0,-112.69560375866466
DM_RNA_484018.6.peg.2690,0.0,-62.31889945198583
DM_RNA_484018.6.peg.2692,0.0,8.575156047311482e-33
DM_RNA_484018.6.peg.2693,0.0,0.0
DM_RNA_484018.6.peg.2698,0.0,-54.876809840236184
DM_RNA_484018.6.peg.2699,0.0,-55.85360101175672
DM_RNA_484018.6.peg.2701,0.0,-99.47818156857922
DM_RNA_484018.6.peg.2702,0.0,-69.87201421381222
DM_RNA_484018.6.peg.2718,0.0,1.4981146631353675e-32
DM_RNA_484018.6.peg.2720,0.0,-2.175497063935751e-32
DM_RNA_484018.6.peg.2738,0.0,-61.33884033128798
DM_RNA_484018.6.peg.2741,0.0,-77.52850728518834
DM_RNA_484018.6.peg.2742,0.0,-19.55528730066712
DM_RNA_484018.6.peg.2747,0.0,-24.73119629597017
DM_RNA_484018.6.peg.2752,0.0,-21.4807292298613
DM_RNA_484018.6.peg.2753,0.0,-13.248442941087358
DM_RNA_484018.6.peg.2754,0.0,-13.431845518850139
DM_RNA_484018.6.peg.2761,0.0,-67.45918183898007
DM_RNA_484018.6.peg.2765,0.0,-32.46772460945967
DM_RNA_484018.6.peg.2771,0.0,-47.70937822099168
DM_RNA_484018.6.peg.2772,0.0,-92.56892350927187
DM_RNA_484018.6.peg.2790,0.0,-42.54682834186336
DM_RNA_484018.6.peg.2792,0.0,-47.730924129555206
DM_RNA_484018.6.peg.2798,0.0,-69.79731891987804
DM_RNA_484018.6.peg.2799,3.688237833968435e-30,1.1886344859400452e-32
DM_RNA_484018.6.peg.2800,0.0,-24.28783119236531
DM_RNA_484018.6.peg.2810,0.0,-57.57101887239121
DM_RNA_484018.6.peg.2811,0.0,-52.8323212111203
DM_RNA_484018.6.peg.2812,0.0,-1.169202329838866e-32
DM_RNA_484018.6.peg.2813,0.0,-49.480481670558
DM_RNA_484018.6.peg.2814,0.0,-67.49155807691017
DM_RNA_484018.6.peg.2815,0.0,-37.00402295320138
DM_RNA_484018.6.peg.2821,0.0,-2.5811928306580986e-32
DM_RNA_484018.6.peg.2826,0.0,-51.82086100934932
DM_RNA_484018.6.peg.2830,0.0,-128.63170892890398
DM_RNA_484018.6.peg.2833,0.0,-127.46605569240087
DM_RNA_484018.6.peg.2841,0.0,-128.8803981104437
DM_RNA_484018.6.peg.2851,0.0,-45.14470454595883
DM_RNA_484018.6.peg.2853,0.0,-33.72004165825517
DM_RNA_484018.6.peg.2854,0.0,-41.925128205274625
DM_RNA_484018.6.peg.2855,0.0,-48.372126544452634
DM_RNA_484018.6.peg.2856,0.0,0.0
DM_RNA_484018.6.peg.2857,0.0,0.0
DM_RNA_484018.6.peg.2858,0.0,0.0
DM_RNA_484018.6.peg.2859,0.0,3.73779668332217e-32
DM_RNA_484018.6.peg.2863,0.0,0.0
DM_RNA_484018.6.peg.2865,0.0,-40.42490096314451
DM_RNA_484018.6.peg.2866,0.0,-66.77528397474987
DM_RNA_484018.6.peg.2893,0.0,-51.534645504690566
DM_RNA_484018.6.peg.2894,0.0,-1.0890772007636807e-32
DM_RNA_484018.6.peg.2897,0.0,-47.47866295022424
DM_RNA_484018.6.peg.2900,0.0,0.0
DM_RNA_484018.6.peg.2901,-1.977139519452152e-30,0.0
DM_RNA_484018.6.peg.2902,0.0,-25.718809527743154
DM_RNA_484018.6.peg.2907,0.0,0.0
DM_RNA_484018.6.peg.2913,0.0,-1.1131044364378884e-32
DM_RNA_484018.6.peg.2914,0.0,-50.47050491938233
DM_RNA_484018.6.peg.2915,0.0,-183.1323265769924
DM_RNA_484018.6.peg.2917,0.0,-35.15381741574598
DM_RNA_484018.6.peg.2919,0.0,-42.320767261748195
DM_RNA_484018.6.peg.2920,0.0,-77.16554506619487
DM_RNA_484018.6.peg.2928,0.0,-25.269151422934414
DM_RNA_484018.6.peg.2932,0.0,-107.44710268955386
DM_RNA_484018.6.peg.2944,0.0,-93.53535153448377
DM_RNA_484018.6.peg.2975,0.0,-3.5211996778222616e-32
DM_RNA_484018.6.peg.2979,0.0,-28.988609322462487
DM_RNA_484018.6.peg.2984,0.0,-29.61762734119354
DM_RNA_484018.6.peg.2986,0.0,0.0
DM_RNA_484018.6.peg.2987,0.0,0.0
DM_RNA_484018.6.peg.2988,0.0,-40.00987610459537
DM_RNA_484018.6.peg.2989,0.0,0.0
DM_RNA_484018.6.peg.2990,0.0,0.0
DM_RNA_484018.6.peg.2991,0.0,0.0
DM_RNA_484018.6.peg.3007,0.0,-76.9373432180663
DM_RNA_484018.6.peg.3010,0.0,-6.894658843867177e-33
DM_RNA_484018.6.peg.3017,0.0,-53.13880283453084
DM_RNA_484018.6.peg.3018,0.0,-38.90087799610865
DM_RNA_484018.6.peg.3019,0.0,-30.504429481374522
DM_RNA_484018.6.peg.3020,0.0,-40.05322069310364
DM_RNA_484018.6.peg.3021,0.0,-49.851624308738856
DM_RNA_484018.6.peg.3022,0.0,-27.84014466893761
DM_RNA_484018.6.peg.3023,0.0,-69.57580523032809
DM_RNA_484018.6.peg.3024,0.0,-57.94178946545955
DM_RNA_484018.6.peg.3026,0.0,-41.440637781211805
DM_RNA_484018.6.peg.3045,0.0,-47.90938902538625
DM_RNA_484018.6.peg.3053,0.0,-37.65651939215478
DM_RNA_484018.6.peg.3056,0.0,-1.1257849758443275e-32
DM_RNA_484018.6.peg.3069,0.0,-160.502980073334
DM_RNA_484018.6.peg.3070,0.0,0.0
DM_RNA_484018.6.peg.3079,0.0,-43.02631670525189
DM_RNA_484018.6.peg.3080,0.0,-29.97475856544164
DM_RNA_484018.6.peg.3088,0.0,0.0
DM_RNA_484018.6.peg.3089,0.0,0.0
DM_RNA_484018.6.peg.3120,0.0,-44.088508376909815
DM_RNA_484018.6.peg.3121,0.0,-57.38063011643366
DM_RNA_484018.6.peg.3122,0.0,-85.01998641712012
DM_RNA_484018.6.peg.3123,0.0,-39.1933513023213
DM_RNA_484018.6.peg.3124,0.0,-31.44794222890146
DM_RNA_484018.6.peg.3125,0.0,-9.508519039467483
DM_RNA_484018.6.peg.3134,0.0,0.0
DM_RNA_484018.6.peg.3135,0.0,0.0
DM_RNA_484018.6.peg.3136,0.0,-50.095601373970574
DM_RNA_484018.6.peg.3142,0.0,-53.22614527421055
DM_RNA_484018.6.peg.3143,0.0,-44.66473738364368
DM_RNA_484018.6.peg.3154,0.0,-60.82496335867169
DM_RNA_484018.6.peg.3170,0.0,-94.34632054016275
DM_RNA_484018.6.peg.3199,0.0,0.0
DM_RNA_484018.6.peg.3212,0.0,-29.069062905657876
DM_RNA_484018.6.peg.3215,0.0,-23.603937096230588
DM_RNA_484018.6.peg.3219,0.0,-146.2805350530794
DM_RNA_484018.6.peg.3225,0.0,-19.759014212161777
DM_RNA_484018.6.peg.3226,0.0,-67.51310398969386
DM_RNA_484018.6.peg.3228,0.0,-16.591965574921964
DM_RNA_484018.6.peg.3253,0.0,-59.8246595294358
DM_RNA_484018.6.peg.3254,0.0,-134.92824212616782
DM_RNA_484018.6.peg.3261,0.0,-8.305444389396968
DM_RNA_484018.6.peg.3264,0.0,-59.279867677090245
DM_RNA_484018.6.peg.3266,0.0,-25.677702311325152
DM_RNA_484018.6.peg.3267,0.0,-21.83594956731446
DM_RNA_484018.6.peg.3268,0.0,-33.78399401689544
DM_RNA_484018.6.peg.3269,0.0,-25.192351341590072
DM_RNA_484018.6.peg.3270,0.0,-18.077072884849173
DM_RNA_484018.6.peg.3271,0.0,-188.64414966954718
DM_RNA_484018.6.peg.3272,0.0,-211.30811516065796
DM_RNA_484018.6.peg.3275,0.0,1.4447329077337865e-32
DM_RNA_484018.6.peg.3286,0.0,-131.6384116676446
DM_RNA_484018.6.peg.3290,0.0,-41.2019151445294
DM_RNA_484018.6.peg.3291,0.0,-90.99841906125141
DM_RNA_484018.6.peg.3292,0.0,-25.078229320013353
DM_RNA_484018.6.peg.3293,0.0,-18.247410076936713
DM_RNA_484018.6.peg.3296,0.0,-83.04422061122533
DM_RNA_484018.6.peg.3297,0.0,-2.294536632896484e-32
DM_RNA_484018.6.peg.3299,0.0,-1.8941098736515418e-32
DM_RNA_484018.6.peg.3306,0.0,-95.02481474169745
DM_RNA_484018.6.peg.3317,0.0,-38.5973951485027
DM_RNA_484018.6.peg.3318,0.0,-1.7127685299926406e-32
DM_RNA_484018.6.peg.3320,0.0,-151.54817834193685
DM_RNA_484018.6.peg.3324,0.0,-61.59017235618696
DM_RNA_484018.6.peg.3325,0.0,-47.789544619486335
DM_RNA_484018.6.peg.3329,0.0,-1.3787701094307466e-32
DM_RNA_484018.6.peg.3330,0.0,-52.24690416856278
DM_RNA_484018.6.peg.3340,0.0,0.0
DM_RNA_484018.6.peg.3341,0.0,-114.45185557035836
DM_RNA_484018.6.peg.3342,0.0,-65.1719233706931
DM_RNA_484018.6.peg.3343,0.0,-67.29924166148443
DM_RNA_484018.6.peg.3345,0.0,-69.20530058757322
DM_RNA_484018.6.peg.3347,0.0,-22.00641322237242
DM_RNA_484018.6.peg.3348,0.0,-11.612748987743892
DM_RNA_484018.6.peg.3349,0.0,-36.737806532885784
DM_RNA_484018.6.peg.3350,0.0,-47.49280225120607
DM_RNA_484018.6.peg.3351,0.0,-73.45798775997146
DM_RNA_484018.6.peg.3352,0.0,-7.345981868318394
DM_RNA_484018.6.peg.3357,0.0,-12.481664284068286
DM_RNA_484018.6.peg.3358,0.0,-50.83621291257435
DM_RNA_484018.6.peg.3371,0.0,-37.928870663437436
DM_RNA_484018.6.peg.3374,0.0,-108.04644104149307
DM_RNA_484018.6.peg.3385,0.0,0.0
DM_RNA_484018.6.peg.3386,-1.818111836314859e-30,-1.610943790483955e-32
DM_RNA_484018.6.peg.3387,0.0,-47.56614556664536
DM_RNA_484018.6.peg.3388,0.0,-58.26119785664731
DM_RNA_484018.6.peg.3389,0.0,-27.740109199286408
DM_RNA_484018.6.peg.3397,0.0,-105.13156827781647
DM_RNA_484018.6.peg.3401,0.0,-52.91177007210969
DM_RNA_484018.6.peg.3407,0.0,-44.54862310597693
DM_RNA_484018.6.peg.3408,0.0,0.0
DM_RNA_484018.6.peg.3413,0.0,-33.297417531635894
DM_RNA_484018.6.peg.3415,0.0,-113.88394581014884
DM_RNA_484018.6.peg.3417,0.0,-48.97114620124223
DM_RNA_484018.6.peg.3419,0.0,-30.53395887509502
DM_RNA_484018.6.peg.3421,0.0,-28.167655588788794
DM_RNA_484018.6.peg.3425,0.0,-0.8673827001135717
DM_RNA_484018.6.peg.3428,0.0,-57.18044508274756
DM_RNA_484018.6.peg.3432,0.0,-115.40973490035688
DM_RNA_484018.6.peg.3433,0.0,-69.59640069097287
DM_RNA_484018.6.peg.3456,0.0,9.220773463172749e-33
DM_RNA_484018.6.peg.3457,0.0,-92.74215882849387
DM_RNA_484018.6.peg.3467,0.0,-44.20778367312226
DM_RNA_484018.6.peg.3472,0.0,-88.28627885985722
DM_RNA_484018.6.peg.3474,0.0,-82.32225772349565
DM_RNA_484018.6.peg.3475,0.0,-107.94141379566955
DM_RNA_484018.6.peg.3477,0.0,-42.92275211263531
DM_RNA_484018.6.peg.3483,0.0,-37.342835972358415
DM_RNA_484018.6.peg.3485,0.0,-28.457055652564698
DM_RNA_484018.6.peg.3486,0.0,-104.7514834176509
DM_RNA_484018.6.peg.3487,0.0,-94.46918708562121
DM_RNA_484018.6.peg.3552,0.0,-7.537044017436315
DM_RNA_484018.6.peg.3556,0.0,-18.485367813883897
DM_RNA_DWY14_RS00070,0.0,-3.7637680643207547
DM_RNA_DWY14_RS00125,0.0,-3.7070020681790687
DM_RNA_DWY14_RS00300,0.0,-3.737409590590593
DM_RNA_DWY14_RS00490,0.0,-3.382088707346698
DM_RNA_DWY14_RS06005,0.0,-4.376544693498738
DM_RNA_DWY14_RS06010,0.0,-3.9028861586669144
DM_RNA_DWY14_RS06015,0.0,-4.376544693498738
DM_RNA_DWY14_RS06170,0.0,-3.6907864684602565
DM_RNA_DWY14_RS06790,0.0,-5.547320582946058
DM_RNA_DWY14_RS17565,0.0,-124.88658542251875
DM_RNA_DWY14_RS06795,0.0,-3.8076632541823487
DM_RNA_DWY14_RS06800,0.0,-3.733357025305476
DM_RNA_DWY14_RS06805,0.0,-74.61476370533379
DM_RNA_DWY14_RS07015,0.0,-3.703643208325332
DM_RNA_DWY14_RS07020,0.0,-3.703643208325332
DM_RNA_DWY14_RS07025,0.0,-3.703643208325332
DM_RNA_DWY14_RS07030,0.0,-3.703643208325332
DM_RNA_DWY14_RS07035,0.0,-3.703643208325332
DM_RNA_DWY14_RS07040,0.0,-3.703643208325332
DM_RNA_DWY14_RS07045,0.0,-3.703643208325332
DM_RNA_DWY14_RS07050,0.0,-3.703643208325332
DM_RNA_DWY14_RS07065,0.0,-3.8340252445162646
DM_RNA_DWY14_RS07815,0.0,-3.7171414255866644
DM_RNA_DWY14_RS09185,0.0,-3.8509204832514405
DM_RNA_DWY14_RS10070,0.0,-4.233327017065255
DM_RNA_DWY14_RS10120,0.0,-3.778583881390953
DM_RNA_DWY14_RS10545,0.0,-3.61647672297963
DM_RNA_DWY14_RS10865,0.0,-3.817792061778682
DM_RNA_DWY14_RS10940,0.0,-3.654278087511237
DM_RNA_DWY14_RS11590,0.0,-4.16709426932483
DM_RNA_DWY14_RS12065,0.0,-5.547317066342304
DM_RNA_DWY14_RS02350,0.0,-3.743496382713072
DM_RNA_DWY14_RS13795,0.0,-3.717134392379156
DM_RNA_DWY14_RS13805,0.0,-3.717134392379156
DM_RNA_DWY14_RS13835,0.0,-3.7914476544635365
DM_RNA_DWY14_RS13975,0.0,-3.709730000447811
DM_RNA_DWY14_RS02835,0.0,-4.310329528777083
DM_RNA_DWY14_RS02865,0.0,-3.7299876156404776
DM_RNA_DWY14_RS02910,0.0,-3.778583881390953
DM_RNA_DWY14_RS03160,0.0,-3.6671524103950834
DM_RNA_DWY14_RS03165,0.0,-3.83402172791251
DM_RNA_DWY14_RS03170,0.0,-3.717134392379156
DM_RNA_DWY14_RS13985,0.0,-3.7975344465860155
DM_RNA_DWY14_RS14060,0.0,-4.325231045290783
DM_RNA_DWY14_RS14210,0.0,-3.7272667165792432
DM_RNA_DWY14_RS14215,0.0,-4.26979671537298
DM_RNA_DWY14_RS14310,0.0,-3.841422603240101
DM_RNA_DWY14_RS14500,0.0,-3.6833750433214036
DM_RNA_DWY14_RS14755,0.0,-3.7171414255866644
DM_RNA_DWY14_RS14760,0.0,-3.6901379578564923
DM_RNA_DWY14_RS14830,0.0,-3.841422603240101
DM_RNA_DWY14_RS14835,0.0,-4.220459727388917
DM_RNA_DWY14_RS14840,0.0,-3.781304780452187
DM_RNA_DWY14_RS14845,0.0,-3.613117863125894
DM_RNA_DWY14_RS14855,0.0,-3.7272772663905056
DM_RNA_DWY14_RS14910,0.0,-3.7333535087017222
DM_RNA_DWY14_RS17515,0.0,-4.4487433678806
DM_RNA_DWY14_RS15475,0.0,-3.8414120534288387
DM_RNA_DWY14_RS15585,0.0,-4.220463243992671
DM_RNA_DWY14_RS15590,0.0,-3.781304780452187
DM_RNA_DWY14_RS15710,0.0,-4.233327017065255
DM_RNA_DWY14_RS15785,0.0,-4.310326012173329
DM_RNA_DWY14_RS16290,0.0,-3.817792061778682
DM_RNA_DWY14_RS04220,0.0,-3.7272667165792432
DM_RNA_DWY14_RS04225,0.0,-3.8941360340966704
DM_RNA_DWY14_RS04230,0.0,-3.7272667165792432
DM_RNA_DWY14_RS04235,0.0,-4.1860202182936135
DM_RNA_DWY14_RS04245,0.0,-3.761033098844504
DM_RNA_DWY14_RS16975,0.0,-3.7272772663905056
DM_RNA_DWY14_RS17010,0.0,-4.310329528777083
DM_RNA_DWY14_RS04890,0.0,-3.6880515029840057
DM_RNA_DWY14_RS05270,0.0,-3.8509169666476866
DM_RNA_DWY14_RS05395,0.0,-3.6833750433214036
formation_484018.6.peg.1008-MONOMER,7.490518268853195e-09,0.0
formation_484018.6.peg.1026-MONOMER,0.0,0.0
formation_484018.6.peg.1052-MONOMER,0.0,2.1075222295846642e-34
formation_484018.6.peg.1053-MONOMER,0.0,0.0
formation_484018.6.peg.1061-MONOMER,0.0,0.0
formation_484018.6.peg.1062-MONOMER,1.6857280139906604e-09,0.0
formation_484018.6.peg.1063-MONOMER,0.0,-8.45357971766727e-34
formation_484018.6.peg.1068-MONOMER,5.936199476024536e-08,2.478244241406057e-34
formation_484018.6.peg.1083-MONOMER,2.2012942223838036e-09,-3.804478179840425e-35
formation_484018.6.peg.109-MONOMER,0.0,0.0
formation_484018.6.peg.1094-MONOMER,0.0,0.0
formation_484018.6.peg.1095-MONOMER,0.0,0.0
formation_484018.6.peg.1100-MONOMER,0.0,0.0
formation_484018.6.peg.1102-MONOMER,3.582511944660959e-09,0.0
formation_484018.6.peg.1104-MONOMER,6.44031005335692e-10,-7.115759982953923e-35
formation_484018.6.peg.1115-MONOMER,0.0,2.8872699223725537e-34
formation_484018.6.peg.113-MONOMER,3.829417108408685e-06,1.835095982788355e-34
formation_484018.6.peg.1134-MONOMER,0.0,-1.7172783538823643e-34
formation_484018.6.peg.1137-MONOMER,3.712302680450569e-11,-1.3147273760491624e-34
formation_484018.6.peg.1139-MONOMER,5.345598011548497e-11,-1.3960052878420579e-33
formation_484018.6.peg.1140-MONOMER,0.0,0.0
formation_484018.6.peg.1141-MONOMER,0.0,2.3455008620029975e-34
formation_484018.6.peg.1147-MONOMER,3.829417108408685e-06,1.102581811703328e-34
formation_484018.6.peg.1149-MONOMER,1.4840749547888628e-12,1.5763041668395246e-34
formation_484018.6.peg.1154-MONOMER,0.0,0.0
formation_484018.6.peg.1156-MONOMER,0.0,0.0
formation_484018.6.peg.1157-MONOMER,0.0,0.0
formation_484018.6.peg.1159-MONOMER,3.829417108408685e-06,0.0
formation_484018.6.peg.1167-MONOMER,0.0,0.0
formation_484018.6.peg.1170-MONOMER,0.0,0.0
formation_484018.6.peg.1171-MONOMER,0.0,0.0
formation_484018.6.peg.1174-MONOMER,1.4840749547888628e-12,0.0
formation_484018.6.peg.1182-MONOMER,1.0941748512499193e-08,0.0
formation_484018.6.peg.1184-MONOMER,0.0,3.6908929295585286e-34
formation_484018.6.peg.1185-MONOMER,6.440085138986408e-10,0.0
formation_484018.6.peg.1193-MONOMER,0.0,-9.465288481530343e-35
formation_484018.6.peg.1194-MONOMER,0.0,0.0
formation_484018.6.peg.1204-MONOMER,0.0,5.573483995548616e-34
formation_484018.6.peg.1205-MONOMER,6.766829920862974e-09,-1.152511261895312e-34
formation_484018.6.peg.1211-MONOMER,1.7625469704454134e-09,-5.0292852295400695e-34
formation_484018.6.peg.1212-MONOMER,1.6946894745701696e-08,0.0
formation_484018.6.peg.1214-MONOMER,0.0,0.0
formation_484018.6.peg.1215-MONOMER,0.0,0.0
formation_484018.6.peg.1217-MONOMER,0.0,1.3256844148637558e-34
formation_484018.6.peg.1227-MONOMER,0.0,6.1037555695943976e-34
formation_484018.6.peg.1230-MONOMER,0.0,2.07966179380902e-34
formation_484018.6.peg.1238-MONOMER,1.512115468915607e-08,-4.006762255149557e-34
formation_484018.6.peg.1262-MONOMER,4.469771430190205e-07,3.6951926019582766e-34
formation_484018.6.peg.1276-MONOMER,2.968149909577729e-12,0.0
formation_484018.6.peg.1279-MONOMER,0.0,-5.156166721884601e-34
formation_484018.6.peg.1286-MONOMER,0.0,0.0
formation_484018.6.peg.1287-MONOMER,0.0,1.2584089998707279e-34
formation_484018.6.peg.130-MONOMER,0.0,0.0
formation_484018.6.peg.1305-MONOMER,5.965741376304626e-08,7.437790639891318e-34
formation_484018.6.peg.1308-MONOMER,0.0,-1.3551171113205548e-33
formation_484018.6.peg.1314-MONOMER,0.0,1.8929716328506472e-34
formation_484018.6.peg.1318-MONOMER,0.0,-3.1599859847554037e-34
formation_484018.6.peg.1330-MONOMER,0.0,6.799328051414547e-34
formation_484018.6.peg.1331-MONOMER,0.0,0.0
formation_484018.6.peg.1350-MONOMER,0.0,-5.896282575851673e-34
formation_484018.6.peg.1360-MONOMER,0.0,0.0
formation_484018.6.peg.1363-MONOMER,2.375072716356974e-24,-5.516294100507977e-34
formation_484018.6.peg.1384-MONOMER,1.1173137223756962e-08,5.844135662365769e-34
formation_484018.6.peg.1385-MONOMER,6.44031005335692e-10,0.0
formation_484018.6.peg.1386-MONOMER,3.829417108408685e-06,0.0
formation_484018.6.peg.1387-MONOMER,3.829417108408685e-06,0.0
formation_484018.6.peg.139-MONOMER,5.413193313619462e-09,0.0
formation_484018.6.peg.1417-MONOMER,0.0,3.7241338758254732e-34
formation_484018.6.peg.1419-MONOMER,7.650439346351734e-09,5.669656329521517e-34
formation_484018.6.peg.1430-MONOMER,0.0,-2.104903395888804e-34
formation_484018.6.peg.1456-MONOMER,6.600971041780787e-11,0.0
formation_484018.6.peg.1462-MONOMER,1.1106665986404522e-08,0.0
formation_484018.6.peg.1466-MONOMER,0.0,3.797979980278205e-34
formation_484018.6.peg.1477-MONOMER,0.0,0.0
formation_484018.6.peg.1483-MONOMER,0.0,-1.3057998089328572e-34
formation_484018.6.peg.1488-MONOMER,0.0,0.0
formation_484018.6.peg.1504-MONOMER,8.257288433597135e-09,2.509208933866363e-35
formation_484018.6.peg.1510-MONOMER,0.0,-5.957661059908103e-34
formation_484018.6.peg.1515-MONOMER,9.992270255358842e-09,0.0
formation_484018.6.peg.1525-MONOMER,0.0,0.0
formation_484018.6.peg.1531-MONOMER,0.0,-2.5344118776684742e-34
formation_484018.6.peg.1532-MONOMER,0.0,-3.4707216273967865e-34
formation_484018.6.peg.1533-MONOMER,3.829417108408685e-06,0.0
formation_484018.6.peg.1542-MONOMER,1.041380208213107e-09,4.471320645728404e-34
formation_484018.6.peg.1547-MONOMER,0.0,-1.5244035657262168e-34
formation_484018.6.peg.1548-MONOMER,0.0,-0.1753434974453021
formation_484018.6.peg.1554-MONOMER,4.896894443016472e-24,4.131987875261558e-35
formation_484018.6.peg.1557-MONOMER,1.4893999091472951e-09,3.870656077048043e-34
formation_484018.6.peg.1560-MONOMER,2.4091204641087664e-10,0.0
formation_484018.6.peg.1561-MONOMER,0.0,0.0
formation_484018.6.peg.1564-MONOMER,0.0,4.012436681067792e-34
formation_484018.6.peg.1566-MONOMER,0.0,0.0
formation_484018.6.peg.1570-MONOMER,8.043148666529656e-09,2.875057652912964e-34
formation_484018.6.peg.1574-MONOMER,1.3207350350278378e-08,3.0018829806562894e-34
formation_484018.6.peg.1583-MONOMER,0.0,0.0
formation_484018.6.peg.1642-MONOMER,0.0,0.0
formation_484018.6.peg.1643-MONOMER,0.0,0.0
formation_484018.6.peg.1644-MONOMER,0.0,0.0
formation_484018.6.peg.1664-MONOMER,0.0,0.0
formation_484018.6.peg.1685-MONOMER,0.0,0.0
formation_484018.6.peg.1686-MONOMER,0.0,0.0
formation_484018.6.peg.1714-MONOMER,0.0,0.0
formation_484018.6.peg.1722-MONOMER,8.975598120182688e-11,0.0
formation_484018.6.peg.1726-MONOMER,0.0,-1.5378523672268379e-35
formation_484018.6.peg.1728-MONOMER,3.1186023806405e-09,0.0
formation_484018.6.peg.1736-MONOMER,0.0,3.1052778147945517e-35
formation_484018.6.peg.1738-MONOMER,0.0,1.559726431277021e-35
formation_484018.6.peg.1739-MONOMER,0.0,0.0
formation_484018.6.peg.1742-MONOMER,2.555737553556197e-09,4.475975001200548e-34
formation_484018.6.peg.1743-MONOMER,4.448598171870184e-08,0.0
formation_484018.6.peg.1760-MONOMER,0.0,0.0
formation_484018.6.peg.1765-MONOMER,2.5991344526880777e-09,-1.8420025350964598e-34
formation_484018.6.peg.1775-MONOMER,0.0,4.931468209602201e-35
formation_484018.6.peg.1776-MONOMER,1.6435018743876508e-07,0.0
formation_484018.6.peg.1777-MONOMER,0.0,-4.690886815618293e-34
formation_484018.6.peg.1778-MONOMER,1.2961611105948516e-08,-5.424814424668987e-34
formation_484018.6.peg.1782-MONOMER,0.0,0.0
formation_484018.6.peg.1789-MONOMER,-7.832183740314631e-30,-1.46479358833682e-33
formation_484018.6.peg.1813-MONOMER,0.0,0.0
formation_484018.6.peg.1821-MONOMER,0.0,-1.160273901304075e-34
formation_484018.6.peg.1823-MONOMER,0.0,0.0
formation_484018.6.peg.1826-MONOMER,3.307687787103592e-10,-6.976558685982101e-35
formation_484018.6.peg.1838-MONOMER,1.5465985108936857e-08,0.0
formation_484018.6.peg.1839-MONOMER,0.0,0.0
formation_484018.6.peg.184-MONOMER,0.0,0.0
formation_484018.6.peg.1873-MONOMER,0.0,-2.5733438598362043e-34
formation_484018.6.peg.1892-MONOMER,0.0,0.0
formation_484018.6.peg.1911-MONOMER,0.0,-6.296108724489595e-34
formation_484018.6.peg.1921-MONOMER,0.0,6.954080873140629e-35
formation_484018.6.peg.1922-MONOMER,0.0,0.0
formation_484018.6.peg.1937-MONOMER,0.0,2.31377979974438e-34
formation_484018.6.peg.1938-MONOMER,0.0,0.0
formation_484018.6.peg.1944-MONOMER,3.829417108408685e-06,0.0
formation_484018.6.peg.1945-MONOMER,0.0,0.0
formation_484018.6.peg.1955-MONOMER,0.0,-1.262524691872204e-34
formation_484018.6.peg.1957-MONOMER,0.0,0.0
formation_484018.6.peg.1958-MONOMER,4.2277867107750694e-08,0.0
formation_484018.6.peg.196-MONOMER,0.0,0.0
formation_484018.6.peg.1966-MONOMER,1.7827939338977447e-08,0.0
formation_484018.6.peg.1990-MONOMER,0.0,0.0
formation_484018.6.peg.1993-MONOMER,3.561320176907425e-10,-5.148800061445691e-34
formation_484018.6.peg.1999-MONOMER,3.1542350993939763e-13,0.0
formation_484018.6.peg.2011-MONOMER,0.0,0.0
formation_484018.6.peg.2012-MONOMER,5.447486373041653e-10,0.0
formation_484018.6.peg.2015-MONOMER,2.544638307042133e-12,0.0
formation_484018.6.peg.2022-MONOMER,2.6724879387931415e-09,0.0
formation_484018.6.peg.2031-MONOMER,2.106489066844489e-09,0.0
formation_484018.6.peg.204-MONOMER,3.2395467414587247e-07,0.0
formation_484018.6.peg.2042-MONOMER,1.696356524645095e-08,0.0
formation_484018.6.peg.2050-MONOMER,2.2288875473413183e-07,0.0
formation_484018.6.peg.206-MONOMER,0.0,0.0
formation_484018.6.peg.2063-MONOMER,0.0,2.5290902455235108e-34
formation_484018.6.peg.2069-MONOMER,0.0,0.0
formation_484018.6.peg.207-MONOMER,1.2164966643014303e-09,0.0
formation_484018.6.peg.2077-MONOMER,0.0,0.0
formation_484018.6.peg.2084-MONOMER,1.5564145271648283e-08,-3.2297208370218967e-34
formation_484018.6.peg.2086-MONOMER,8.76819548773035e-09,0.0
formation_484018.6.peg.2088-MONOMER,4.0458450726273186e-09,-1.0813377554055177e-34
formation_484018.6.peg.2089-MONOMER,0.0,-2.7786367601787514e-34
formation_484018.6.peg.2090-MONOMER,0.0,7.025365707749774e-35
formation_484018.6.peg.2099-MONOMER,0.0,0.0
formation_484018.6.peg.2100-MONOMER,2.3319493507098064e-09,-2.26352021604102e-34
formation_484018.6.peg.2101-MONOMER,1.7302722926248293e-08,2.3563946495699146e-34
formation_484018.6.peg.2118-MONOMER,7.233379159018588e-08,-4.31305553778739e-34
formation_484018.6.peg.2120-MONOMER,5.0906706583603635e-08,0.0
formation_484018.6.peg.2122-MONOMER,9.418080352239833e-08,-1.9139461741446303e-34
formation_484018.6.peg.2124-MONOMER,0.0,0.0
formation_484018.6.peg.2133-MONOMER,0.0,6.4932733345262775e-34
formation_484018.6.peg.2136-MONOMER,6.706107995101996e-15,-3.6957750831194735e-34
formation_484018.6.peg.2167-MONOMER,0.0,4.9204237249727144e-34
formation_484018.6.peg.2178-MONOMER,1.0549566082890671e-08,-3.9425275570949505e-34
formation_484018.6.peg.218-MONOMER,0.0,0.0
formation_484018.6.peg.2189-MONOMER,2.1358866022552516e-12,-1.1700922582932174e-34
formation_484018.6.peg.2190-MONOMER,2.1358866022552516e-12,0.0
formation_484018.6.peg.2193-MONOMER,3.0686918442736824e-09,0.0
formation_484018.6.peg.2202-MONOMER,1.9595720759841507e-13,-1.6796762250091452e-35
formation_484018.6.peg.2209-MONOMER,5.505825021728383e-10,0.0
formation_484018.6.peg.2217-MONOMER,0.0,-2.250734117604762e-34
formation_484018.6.peg.2218-MONOMER,1.4676518357583957e-08,1.1164114152156035e-34
formation_484018.6.peg.2219-MONOMER,2.6757362885973952e-08,9.456523412796818e-29
formation_484018.6.peg.2220-MONOMER,9.238425920834737e-09,0.0
formation_484018.6.peg.2227-MONOMER,0.0,8.523146596412494e-36
formation_484018.6.peg.2228-MONOMER,0.0,-2.885400118216126e-34
formation_484018.6.peg.2229-MONOMER,1.765438594945927e-08,5.933437237380776e-34
formation_484018.6.peg.225-MONOMER,0.0,-1.437641930688961e-35
formation_484018.6.peg.226-MONOMER,0.0,0.0
formation_484018.6.peg.23-MONOMER,5.344079293551922e-08,3.3691405962897257e-34
formation_484018.6.peg.2333-MONOMER,0.0,0.0
formation_484018.6.peg.2349-MONOMER,6.074875877233483e-10,0.0
formation_484018.6.peg.2354-MONOMER,0.0,0.0
formation_484018.6.peg.2360-MONOMER,0.0,-6.414283351683301e-35
formation_484018.6.peg.2361-MONOMER,0.0,7.442629491944236e-35
formation_484018.6.peg.2370-MONOMER,1.7195217883727117e-10,-6.237771199537892e-34
formation_484018.6.peg.2372-MONOMER,1.2923435297719676e-08,-1.985852986955455e-34
formation_484018.6.peg.2373-MONOMER,0.0,-1.4459296080433574e-34
formation_484018.6.peg.2374-MONOMER,0.0,3.2993261391776606e-34
formation_484018.6.peg.2398-MONOMER,0.0,-2.6924365375335164e-35
formation_484018.6.peg.240-MONOMER,0.0,0.0
formation_484018.6.peg.2458-MONOMER,0.0,0.0
formation_484018.6.peg.248-MONOMER,0.0,0.0
formation_484018.6.peg.2485-MONOMER,1.2207285747284107e-08,5.131533490622325e-34
formation_484018.6.peg.2487-MONOMER,1.3157489359784472e-09,0.0
formation_484018.6.peg.2490-MONOMER,2.897849448138386e-07,-9.672400919986923e-34
formation_484018.6.peg.2499-MONOMER,0.0,0.0
formation_484018.6.peg.250-MONOMER,0.0,-1.4756364099601579e-34
formation_484018.6.peg.2503-MONOMER,-5.107360337030301e-30,-4.275088126198234e-34
formation_484018.6.peg.2515-MONOMER,0.0,4.090296595301016e-34
formation_484018.6.peg.2542-MONOMER,5.4745440023803475e-09,9.350529356594244e-34
formation_484018.6.peg.2543-MONOMER,1.4803650843751254e-08,0.0
formation_484018.6.peg.2544-MONOMER,3.149470201694595e-08,0.0
formation_484018.6.peg.2545-MONOMER,9.060730812349839e-09,0.0
formation_484018.6.peg.2565-MONOMER,0.0,0.0
formation_484018.6.peg.2566-MONOMER,2.9617816809219913e-08,1.7196944645069057e-33
formation_484018.6.peg.2583-MONOMER,0.0,-4.460702012126619e-35
formation_484018.6.peg.2584-MONOMER,0.0,0.0
formation_484018.6.peg.2587-MONOMER,0.0,0.0
formation_484018.6.peg.2588-MONOMER,1.5221975738874078e-09,1.7926514009820212e-34
formation_484018.6.peg.2599-MONOMER,0.0,0.0
formation_484018.6.peg.2603-MONOMER,8.461148399818513e-14,0.0
formation_484018.6.peg.2606-MONOMER,0.0,2.9001453389098096e-34
formation_484018.6.peg.2608-MONOMER,6.748342375790268e-09,3.240929236690972e-34
formation_484018.6.peg.2611-MONOMER,0.0,0.0
formation_484018.6.peg.2613-MONOMER,9.978985945476949e-09,0.0
formation_484018.6.peg.2615-MONOMER,0.0,0.0
formation_484018.6.peg.2619-MONOMER,0.0,-3.732258921092059e-34
formation_484018.6.peg.2620-MONOMER,0.0,3.3482148125240325e-34
formation_484018.6.peg.2622-MONOMER,4.065741615066034e-42,0.0
formation_484018.6.peg.2636-MONOMER,0.0,0.0
formation_484018.6.peg.2642-MONOMER,0.0,5.118877222396914e-34
formation_484018.6.peg.2648-MONOMER,0.0,0.0
formation_484018.6.peg.2649-MONOMER,3.829417108408685e-06,0.0
formation_484018.6.peg.2650-MONOMER,3.829417108408685e-06,1.2583915912792687e-34
formation_484018.6.peg.2668-MONOMER,3.829417108408685e-06,0.0
formation_484018.6.peg.2680-MONOMER,0.0,3.2418951228199826e-34
formation_484018.6.peg.2683-MONOMER,0.0,5.265363056359957e-34
formation_484018.6.peg.2690-MONOMER,7.014963053998615e-07,0.0
formation_484018.6.peg.2702-MONOMER,0.0,0.0
formation_484018.6.peg.2718-MONOMER,0.0,0.0
formation_484018.6.peg.273-MONOMER,1.558168927181917e-09,-3.7325753605242113e-34
formation_484018.6.peg.2742-MONOMER,0.0,0.0
formation_484018.6.peg.2752-MONOMER,3.829417108408685e-06,-7.291200885714238e-35
formation_484018.6.peg.2753-MONOMER,3.829417108408685e-06,0.0
formation_484018.6.peg.2754-MONOMER,3.829417108408685e-06,0.0
formation_484018.6.peg.2761-MONOMER,1.6615026921041267e-09,1.6483574140008199e-34
formation_484018.6.peg.2765-MONOMER,0.0001044859972779454,2.479345035270455e-69
formation_484018.6.peg.2772-MONOMER,0.0,0.0
formation_484018.6.peg.2790-MONOMER,0.0,0.0
formation_484018.6.peg.2792-MONOMER,1.8879467144292154e-07,1.5525835177455195e-34
formation_484018.6.peg.2798-MONOMER,1.4840749547888628e-12,0.0
formation_484018.6.peg.28-MONOMER,0.0,0.0
formation_484018.6.peg.2800-MONOMER,1.383957561567217e-28,0.0
formation_484018.6.peg.2811-MONOMER,2.24914370512737e-14,-1.7618750765135525e-34
formation_484018.6.peg.2812-MONOMER,0.0,0.0
formation_484018.6.peg.2813-MONOMER,2.083457053439244e-09,-4.359187473496863e-34
formation_484018.6.peg.2814-MONOMER,0.0,0.0
formation_484018.6.peg.2815-MONOMER,0.0,-4.7073720888554e-34
formation_484018.6.peg.2821-MONOMER,0.0,0.0
formation_484018.6.peg.2826-MONOMER,2.632362356789818e-10,0.0
formation_484018.6.peg.283-MONOMER,3.829417108408685e-06,0.0
formation_484018.6.peg.2830-MONOMER,0.0,0.0
formation_484018.6.peg.2833-MONOMER,1.5149854741382114e-08,-1.0850780025590076e-33
formation_484018.6.peg.284-MONOMER,3.829417108408685e-06,0.0
formation_484018.6.peg.2841-MONOMER,0.0,0.0
formation_484018.6.peg.2851-MONOMER,0.0,0.0
formation_484018.6.peg.286-MONOMER,6.581577600735577e-10,0.0
formation_484018.6.peg.2863-MONOMER,0.0,8.300116235321524e-35
formation_484018.6.peg.2865-MONOMER,2.968149909577729e-12,0.0
formation_484018.6.peg.2866-MONOMER,0.000638200904792656,-1.124586757366871e-35
formation_484018.6.peg.287-MONOMER,3.829417108408685e-06,0.0
formation_484018.6.peg.2893-MONOMER,0.0,0.0
formation_484018.6.peg.2897-MONOMER,4.3790752249631454e-08,0.0
formation_484018.6.peg.2900-MONOMER,0.0,0.0
formation_484018.6.peg.2901-MONOMER,6.170684227283607e-29,0.0
formation_484018.6.peg.2902-MONOMER,0.0,0.0
formation_484018.6.peg.2907-MONOMER,0.0,0.0
formation_484018.6.peg.2913-MONOMER,0.0,0.0
formation_484018.6.peg.2917-MONOMER,1.820537770894102e-08,0.0
formation_484018.6.peg.2919-MONOMER,0.0,5.071478929823661e-34
formation_484018.6.peg.2920-MONOMER,6.44031005335692e-10,-4.029045364035979e-34
formation_484018.6.peg.2928-MONOMER,3.829417108408685e-06,8.916466667782931e-35
formation_484018.6.peg.2932-MONOMER,0.0,2.4650456568588912e-34
formation_484018.6.peg.2944-MONOMER,2.544638307042133e-12,1.4594905796476194e-34
formation_484018.6.peg.2975-MONOMER,0.0,9.280129100487592e-35
formation_484018.6.peg.2979-MONOMER,3.829417108408685e-06,1.908767203368371e-35
formation_484018.6.peg.2984-MONOMER,4.073783657612853e-10,0.0
formation_484018.6.peg.2986-MONOMER,0.0,4.008622227545832e-35
formation_484018.6.peg.2987-MONOMER,0.0,0.0
formation_484018.6.peg.2988-MONOMER,0.0,-5.643605692677512e-34
formation_484018.6.peg.2989-MONOMER,0.0,-5.819034879533696e-35
formation_484018.6.peg.2990-MONOMER,0.0,0.0
formation_484018.6.peg.2991-MONOMER,0.0,0.0
formation_484018.6.peg.3007-MONOMER,8.904449728733186e-12,0.0
formation_484018.6.peg.3010-MONOMER,0.0,0.0
formation_484018.6.peg.3017-MONOMER,4.5979742028035887e-08,-3.0192034000235933e-34
formation_484018.6.peg.3019-MONOMER,2.4877478389628583e-09,-3.2554809475967367e-34
formation_484018.6.peg.3020-MONOMER,2.0711151323405417e-09,0.0
formation_484018.6.peg.3021-MONOMER,1.7515760519835384e-09,0.0
formation_484018.6.peg.3022-MONOMER,0.0,0.0
formation_484018.6.peg.3026-MONOMER,3.829417108408685e-06,-3.287348439347632e-34
formation_484018.6.peg.3045-MONOMER,0.0,0.0
formation_484018.6.peg.308-MONOMER,0.0,0.0
formation_484018.6.peg.3080-MONOMER,0.0,1.0541768312534632e-34
formation_484018.6.peg.3088-MONOMER,0.0,0.0
formation_484018.6.peg.3089-MONOMER,0.0,0.0
formation_484018.6.peg.3122-MONOMER,1.1540683121264999e-14,0.0
formation_484018.6.peg.3134-MONOMER,0.0,0.0
formation_484018.6.peg.3135-MONOMER,0.0,0.0
formation_484018.6.peg.3143-MONOMER,0.0,0.0
formation_484018.6.peg.3154-MONOMER,1.4840749547888628e-12,0.0
formation_484018.6.peg.316-MONOMER,0.0,0.0
formation_484018.6.peg.3170-MONOMER,3.829417108408685e-06,0.0
formation_484018.6.peg.3199-MONOMER,0.0,0.0
formation_484018.6.peg.321-MONOMER,0.0,0.0
formation_484018.6.peg.3212-MONOMER,1.6550613917826746e-09,-2.4080372446590067e-34
formation_484018.6.peg.3219-MONOMER,0.0,1.2543957636501614e-33
formation_484018.6.peg.322-MONOMER,0.0,-7.537013880462217e-35
formation_484018.6.peg.3225-MONOMER,3.4767768423229266e-08,0.0
formation_484018.6.peg.3228-MONOMER,1.4840749547888628e-12,0.0
formation_484018.6.peg.324-MONOMER,0.0,0.0
formation_484018.6.peg.3253-MONOMER,3.712302680450569e-11,0.0
formation_484018.6.peg.3254-MONOMER,1.2880620106713855e-09,-2.8754667726345217e-34
formation_484018.6.peg.3261-MONOMER,3.829417108408685e-06,0.0
formation_484018.6.peg.3264-MONOMER,2.140374826820211e-07,0.0
formation_484018.6.peg.3266-MONOMER,3.712302680450569e-11,-3.876907761822319e-35
formation_484018.6.peg.3267-MONOMER,3.829417108408685e-06,0.0
formation_484018.6.peg.3268-MONOMER,3.829417108408685e-06,3.9081879286065667e-35
formation_484018.6.peg.3269-MONOMER,3.829417108408685e-06,3.634549047033792e-35
formation_484018.6.peg.3270-MONOMER,3.829417108408685e-06,0.0
formation_484018.6.peg.3275-MONOMER,0.0,0.0
formation_484018.6.peg.3286-MONOMER,0.0,0.0
formation_484018.6.peg.3290-MONOMER,2.356364722855088e-24,-5.946796214695575e-34
formation_484018.6.peg.3292-MONOMER,0.0,2.5584856524706216e-34
formation_484018.6.peg.3293-MONOMER,5.3796495494925364e-08,-1.1263179855359432e-35
formation_484018.6.peg.3296-MONOMER,0.0,-2.531094455436369e-34
formation_484018.6.peg.3297-MONOMER,0.0,0.0
formation_484018.6.peg.3299-MONOMER,0.0,-9.507202995699958e-35
formation_484018.6.peg.3306-MONOMER,0.0,0.0
formation_484018.6.peg.3317-MONOMER,0.0,0.0
formation_484018.6.peg.3318-MONOMER,0.0,2.345007424547819e-35
formation_484018.6.peg.3320-MONOMER,0.0,0.0
formation_484018.6.peg.3324-MONOMER,2.380178771416521e-09,9.654433040536878e-34
formation_484018.6.peg.3325-MONOMER,0.0,-1.6427359688040033e-34
formation_484018.6.peg.3329-MONOMER,0.0,-1.0553342100336852e-35
formation_484018.6.peg.333-MONOMER,1.4840749547888628e-12,0.0
formation_484018.6.peg.3340-MONOMER,0.0,5.507359931691386e-35
formation_484018.6.peg.3341-MONOMER,0.0,0.0
formation_484018.6.peg.3343-MONOMER,2.4750829267567714e-09,0.0
formation_484018.6.peg.3345-MONOMER,8.903596183817542e-09,0.0
formation_484018.6.peg.3347-MONOMER,3.829433596136298e-06,0.0
formation_484018.6.peg.3348-MONOMER,3.829417108408685e-06,0.0
formation_484018.6.peg.3349-MONOMER,3.829417108408685e-06,0.0
formation_484018.6.peg.3350-MONOMER,2.1403748268202108e-07,3.576797235855232e-34
formation_484018.6.peg.3352-MONOMER,3.829417108408685e-06,-6.477061307218176e-35
formation_484018.6.peg.3357-MONOMER,3.829417108408685e-06,0.0
formation_484018.6.peg.3358-MONOMER,3.63552466474688e-07,0.0
formation_484018.6.peg.3371-MONOMER,1.7483634280028704e-09,0.0
formation_484018.6.peg.3374-MONOMER,1.0185185718725154e-09,0.0
formation_484018.6.peg.3385-MONOMER,0.0,0.0
formation_484018.6.peg.3387-MONOMER,5.419770878173962e-29,0.0
formation_484018.6.peg.3389-MONOMER,0.0,-2.286987026128243e-34
formation_484018.6.peg.3397-MONOMER,1.711271570043156e-08,-2.6283802276392794e-34
formation_484018.6.peg.3408-MONOMER,0.0,0.0
formation_484018.6.peg.3415-MONOMER,1.566554095650347e-08,0.0
formation_484018.6.peg.342-MONOMER,7.089055447525413e-10,0.0
formation_484018.6.peg.3425-MONOMER,4.225421893742286e-24,-3.178828886429219e-67
formation_484018.6.peg.3432-MONOMER,1.0632803083023555e-09,0.0
formation_484018.6.peg.345-MONOMER,0.0,1.2343124539895458e-34
formation_484018.6.peg.3457-MONOMER,8.037084769611633e-10,0.0
formation_484018.6.peg.3467-MONOMER,0.0,1.3738967726675356e-34
formation_484018.6.peg.3475-MONOMER,0.0,0.0
formation_484018.6.peg.3477-MONOMER,3.492541763196459e-08,0.0
formation_484018.6.peg.3483-MONOMER,3.163749578507336e-07,4.618189203065883e-34
formation_484018.6.peg.350-MONOMER,0.0,0.0
formation_484018.6.peg.351-MONOMER,2.644012780050459e-09,0.0
formation_484018.6.peg.352-MONOMER,0.0,-1.6339145122714444e-34
formation_484018.6.peg.377-MONOMER,0.0,-8.104754341360165e-34
formation_484018.6.peg.38-MONOMER,0.0,0.0
formation_484018.6.peg.383-MONOMER,0.0,0.0
formation_484018.6.peg.391-MONOMER,0.0,-2.3423949109156673e-35
formation_484018.6.peg.395-MONOMER,1.4840749547888628e-12,-6.091037927052217e-35
formation_484018.6.peg.397-MONOMER,1.2238114744397363e-08,-6.9442705509518884e-34
formation_484018.6.peg.401-MONOMER,1.5821539121192332e-08,0.0
formation_484018.6.peg.402-MONOMER,3.7179963701342807e-09,0.0
formation_484018.6.peg.41-MONOMER,3.829417108408685e-06,0.0
formation_484018.6.peg.410-MONOMER,0.0,0.0
formation_484018.6.peg.413-MONOMER,0.0,1.577352788310763e-35
formation_484018.6.peg.42-MONOMER,5.564874388247154e-09,1.9241321886895939e-34
formation_484018.6.peg.423-MONOMER,0.0,0.0
formation_484018.6.peg.429-MONOMER,1.7053633757038388e-07,0.0
formation_484018.6.peg.43-MONOMER,0.0,0.0
formation_484018.6.peg.471-MONOMER,0.0,0.0
formation_484018.6.peg.488-MONOMER,0.0,0.0
formation_484018.6.peg.51-MONOMER,6.464428558188884e-08,-1.785470213861129e-34
formation_484018.6.peg.543-MONOMER,0.0,0.0
formation_484018.6.peg.545-MONOMER,0.0,7.722737667855856e-35
formation_484018.6.peg.553-MONOMER,0.0,0.0
formation_484018.6.peg.57-MONOMER,0.0,0.0
formation_484018.6.peg.582-MONOMER,0.0,0.0
formation_484018.6.peg.601-MONOMER,1.4840749547888628e-12,-2.1509587808582255e-34
formation_484018.6.peg.603-MONOMER,3.3584556378958765e-08,0.0
formation_484018.6.peg.624-MONOMER,1.1193403822254924e-09,0.0
formation_484018.6.peg.625-MONOMER,0.0,-1.7948117889323073e-34
formation_484018.6.peg.626-MONOMER,1.132625260723155e-09,2.7662449261149054e-34
formation_484018.6.peg.628-MONOMER,0.0,0.0
formation_484018.6.peg.641-MONOMER,0.0,0.0
formation_484018.6.peg.712-MONOMER,5.3267698030188625e-08,0.0
formation_484018.6.peg.751-MONOMER,0.0,-1.9402645089555737e-34
formation_484018.6.peg.761-MONOMER,0.0,0.0
formation_484018.6.peg.762-MONOMER,0.0,0.0
formation_484018.6.peg.770-MONOMER,0.0,0.0
formation_484018.6.peg.814-MONOMER,0.0,-2.7241442909152816e-34
formation_484018.6.peg.823-MONOMER,0.0,0.0
formation_484018.6.peg.825-MONOMER,0.0,0.0
formation_484018.6.peg.829-MONOMER,6.462636045403577e-10,0.0
formation_484018.6.peg.835-MONOMER,0.0,0.0
formation_484018.6.peg.836-MONOMER,0.0,0.0
formation_484018.6.peg.841-MONOMER,0.0,0.0
formation_484018.6.peg.848-MONOMER,3.829417108408685e-06,3.646980695038908e-35
formation_484018.6.peg.850-MONOMER,3.829433596136298e-06,0.0
formation_484018.6.peg.851-MONOMER,3.829417108408685e-06,-6.549997007465484e-35
formation_484018.6.peg.852-MONOMER,3.829417108408685e-06,0.0
formation_484018.6.peg.853-MONOMER,3.829417108408685e-06,-2.654556076846027e-35
formation_484018.6.peg.854-MONOMER,6.44031005335692e-10,-2.0947501373957512e-35
formation_484018.6.peg.855-MONOMER,0.0,2.156709128537265e-34
formation_484018.6.peg.857-MONOMER,3.829417108408685e-06,0.0
formation_484018.6.peg.858-MONOMER,3.829417108408685e-06,-5.065839487297369e-35
formation_484018.6.peg.859-MONOMER,3.829417108408685e-06,0.0
formation_484018.6.peg.860-MONOMER,3.829417108408685e-06,6.277634595629645e-35
formation_484018.6.peg.861-MONOMER,3.829417108408685e-06,0.0
formation_484018.6.peg.862-MONOMER,3.829417108408685e-06,0.0
formation_484018.6.peg.863-MONOMER,3.829417108408685e-06,-1.575826848940301e-35
formation_484018.6.peg.864-MONOMER,3.829417108408685e-06,7.100905701051533e-35
formation_484018.6.peg.865-MONOMER,3.829417108408685e-06,-6.359557410528944e-35
formation_484018.6.peg.866-MONOMER,3.829417108408685e-06,-1.6661626240953792e-35
formation_484018.6.peg.867-MONOMER,3.829417108408685e-06,-1.521732420350036e-35
formation_484018.6.peg.869-MONOMER,3.829417108408685e-06,0.0
formation_484018.6.peg.870-MONOMER,3.829417108408685e-06,-5.081986329469306e-36
formation_484018.6.peg.871-MONOMER,3.829417108408685e-06,0.0
formation_484018.6.peg.872-MONOMER,3.829417108408685e-06,0.0
formation_484018.6.peg.873-MONOMER,3.829417108408685e-06,-4.358011731803926e-35
formation_484018.6.peg.874-MONOMER,3.829417108408685e-06,6.007335831178775e-35
formation_484018.6.peg.875-MONOMER,3.829433596136298e-06,0.0
formation_484018.6.peg.876-MONOMER,3.829433596136298e-06,1.8556058239460025e-34
formation_484018.6.peg.877-MONOMER,3.829433596136298e-06,0.0
formation_484018.6.peg.878-MONOMER,2.1403748268202108e-07,1.9339241828398347e-34
formation_484018.6.peg.879-MONOMER,3.829417108408685e-06,-4.1396312430742724e-35
formation_484018.6.peg.880-MONOMER,3.829417108408685e-06,0.0
formation_484018.6.peg.883-MONOMER,5.843792553699406e-10,3.069021049604622e-34
formation_484018.6.peg.895-MONOMER,0.0,0.0
formation_484018.6.peg.901-MONOMER,8.757962572197964e-09,0.0
formation_484018.6.peg.910-MONOMER,1.4105737971971994e-09,0.0
formation_484018.6.peg.911-MONOMER,3.0592709158658327e-09,-1.217909075183922e-34
formation_484018.6.peg.912-MONOMER,0.0,5.470686545040518e-34
formation_484018.6.peg.926-MONOMER,0.0,0.0
formation_484018.6.peg.951-MONOMER,0.0,0.0
formation_484018.6.peg.954-MONOMER,0.0,0.0
formation_484018.6.peg.964-MONOMER,0.0,-1.8113741960646695e-34
formation_484018.6.peg.969-MONOMER,0.0,-5.3946753349372214e-34
formation_484018.6.peg.975-MONOMER,0.0,1.4492005932600796e-34
formation_484018.6.peg.978-MONOMER,2.0355743682198845e-08,0.0
formation_484018.6.peg.984-MONOMER,0.0,0.0
formation_484018.6.peg.997-MONOMER,0.0,1.4730208713270306e-34
formation_CPLX_3OAS100-0,2.318367447008232e-09,0.0
formation_CPLX_ACHBPL-0,5.6423841487505124e-09,1.000572469067945e-33
formation_CPLX_ADOCBLabc-0,0.0,2.6408238780279946e-34
formation_CPLX_AGDC-0,0.0,-2.53103890998254e-35
formation_CPLX_AHEXASE3-0,0.0,0.0
formation_CPLX_ANS-0,1.0275649347903549e-09,0.0
formation_CPLX_ATPS4-0,2.5124491835609357e-07,1.1363914591913449e-31
formation_CPLX_BTNCLi-0,0.0,0.0
formation_CPLX_CBL1abc-0,0.0,8.572434423526796e-34
formation_CPLX_CRO4t3-0,0.0,0.0
formation_CPLX_CYTBD-0,3.798045249028379e-09,-9.528593070870158e-34
formation_CPLX_DHORD2-0,0.0,-1.3431123787116571e-34
formation_CPLX_FACOAL140-0,0.0,-3.1373184162731712e-34
formation_CPLX_FFSD-0,0.0,-1.0380597432357409e-33
formation_CPLX_FRD2-0,1.1107209950228654e-15,7.67758587742696e-34
formation_CPLX_G6PDA-0,0.0,1.4704554634274465e-34
formation_CPLX_GCCb-0,1.9871938758286894e-08,-4.179302941564611e-34
formation_CPLX_GCCc-0,0.0,0.0
formation_CPLX_GLUOX-0,0.0,0.0
formation_CPLX_GLUOX-2,3.2650393174053234e-09,0.0
formation_CPLX_HMPK1-0,2.4248595012143228e-14,0.0
formation_CPLX_IPPMIa-0,0.0,0.0
formation_CPLX_Kt3-0,0.0,0.0
formation_CPLX_LACZ-0,0.0,1.1077625957328195e-33
formation_CPLX_LACZ-1,0.0,-1.3278323802801556e-33
formation_CPLX_LACZ-2,0.0,-2.421579503058298e-33
formation_CPLX_MALT-0,0.0,0.0
formation_CPLX_MMCD-0,0.0,0.0
formation_CPLX_MMM2r-0,0.0,0.0
formation_CPLX_NADH6-0,2.2388843045272214e-07,1.8727060900023666e-32
formation_CPLX_NT5C-0,0.0,0.0
formation_CPLX_OAADC-0,0.0,2.068807040104953e-34
formation_CPLX_OOR2r-0,5.3170213335559865e-24,-1.5803254137260448e-33
formation_CPLX_OOR2r-1,1.6766217647353575e-08,2.2898082248332763e-32
formation_CPLX_PFL-0,2.5257819873633424e-07,4.7633787302992235e-34
formation_CPLX_PIabc-0,0.0,1.2009097985472474e-34
formation_CPLX_PTRCabc-0,0.0,-9.143256790021094e-35
formation_CPLX_SADT-0,0.0,0.0
formation_CPLX_SUCDimq-0,4.7292790375602683e-07,0.0
formation_CPLX_THZPSN-0,7.587986325599914e-15,-2.528988332849774e-32
formation_CPLX_YUMPS-0,0.0,0.0
formation_CPLX_YUMPS-1,0.0,3.447843016633956e-35
formation_CPLX_ZNabc-0,0.0,3.3381888790554767e-34
formation_CPLX_dreplication-0,0.0,0.0
formation_CPLX_dreplication-1,0.0,3.163371206440837e-34
formation_CPLX_dreplication-2,0.0,-3.8308894239206115e-34
formation_CPLX_dreplication-3,0.0,0.0
formation_CPLX_pbiosynthesis-0,1.6487727613993844e-11,1.639971253735919e-30
formation_CPLX_rtranscription-0,3.712302680450569e-11,-5.859415198597929e-32
formation_484018.6.peg.2453-MONOMER_mod_mg2(1),6.154446447902178e-09,0.0
formation_484018.6.peg.2564-MONOMER_mod_pydx5p(1),0.0,-3.973332232660572e-33
formation_484018.6.peg.1191-MONOMER_mod_zn2(1)_mod_mg2(1),0.0,-2.3075639598101037e-35
formation_484018.6.peg.605-MONOMER_mod_mg2(1),0.0,-2.0106070855961385e-34
formation_484018.6.peg.1222-MONOMER_mod_mg2(1),-3.919849742507287e-29,0.0
formation_484018.6.peg.205-MONOMER_mod_mg2(1),1.0633942845649946e-06,0.0
formation_484018.6.peg.1183-MONOMER_mod_zn2(1),3.0379725782046143e-29,0.0
formation_484018.6.peg.1787-MONOMER_mod_4fe4s(1),-1.310630032467322e-29,1.0763301827440666e-33
formation_484018.6.peg.1436-MONOMER_mod_pydx5p(1),0.0,5.558938109998304e-34
formation_484018.6.peg.3386-MONOMER_mod_pydx5p(1),2.837178135737841e-29,1.0438348592353534e-34
formation_484018.6.peg.1082-MONOMER_mod_mg2(1),1.9041502267689621e-06,2.7768535807853587e-32
formation_484018.6.peg.960-MONOMER_mod_mg2(1),0.0,-4.996583485928815e-35
formation_484018.6.peg.960-MONOMER_mod_mn2(1),9.7663836029907e-09,0.0
formation_484018.6.peg.1116-MONOMER_mod_mg2(1),0.0,2.3066270339783105e-34
formation_484018.6.peg.1116-MONOMER_mod_mn2(1),0.0,1.8932008328541603e-34
formation_484018.6.peg.1116-MONOMER_mod_cobalt2(1),0.0,0.0
formation_484018.6.peg.1116-MONOMER_mod_cd2(1),0.0,1.9086382060205356e-34
formation_484018.6.peg.2160-MONOMER_mod_mg2(1),1.5755626725465427e-09,1.0264550017432138e-33
formation_484018.6.peg.2183-MONOMER_mod_pydx5p(1),0.0,0.0
formation_484018.6.peg.280-MONOMER_mod_fe2(2),4.753881168475125e-11,1.6053394067502587e-33
formation_484018.6.peg.2098-MONOMER_mod_pydx5p(1),8.73149389250923e-10,0.0
formation_484018.6.peg.2121-MONOMER_mod_mn2(1),1.3407633831454212e-08,0.0
formation_484018.6.peg.1221-MONOMER_mod_mg2(1)_mod_pydx5p(4),0.0,0.0
formation_484018.6.peg.3388-MONOMER_mod_mg2(1),0.0,5.80506470728989e-34
formation_484018.6.peg.1936-MONOMER_mod_mg2(1),0.0,0.0
formation_484018.6.peg.1713-MONOMER_mod_mg2(1),0.0,1.274964191426998e-34
formation_484018.6.peg.1259-MONOMER_mod_fad(1),0.0,4.263584080575733e-34
formation_484018.6.peg.1114-MONOMER_mod_mg2(1),0.0,0.0
formation_484018.6.peg.2097-MONOMER_mod_4fe4s(1)_mod_2fe2s(1),1.0927105125225229e-09,-2.7550648847397363e-40
formation_CPLX_CBPS-0_mod_mg2(1),0.0,-1.3260226553596753e-33
formation_CPLX_CBPS-0_mod_mn2(1),0.0,-1.149054186431704e-33
formation_CPLX_CBPS-0_mod_cobalt2(1),0.0,0.0
formation_CPLX_CBPS-0_mod_cd2(1),0.0,0.0
formation_CPLX_CBPS-0_mod_zn2(1),0.0,1.0477749922380632e-33
formation_484018.6.peg.2075-MONOMER_mod_mg2(1),7.814722730415286e-09,0.0
formation_484018.6.peg.1877-MONOMER_mod_fmnh2(1),0.0,-2.0124209433294898e-33
formation_484018.6.peg.1877-MONOMER_mod_fadh2(1),5.924004391897921e-09,9.628214247366068e-34
formation_484018.6.peg.1457-MONOMER_mod_mg2(1),6.14455230238856e-10,-1.2695487251202298e-33
formation_484018.6.peg.141-MONOMER_mod_pydx5p(2),0.0,1.3541069218908478e-32
formation_484018.6.peg.2034-MONOMER_mod_mg2(1),4.769424584665045e-09,6.535393182193959e-34
formation_484018.6.peg.2853-MONOMER_mod_mg2(1),2.760646853590992e-08,0.0
formation_484018.6.peg.2083-MONOMER_mod_pydx5p(1),0.0,0.0
formation_484018.6.peg.2208-MONOMER_mod_mg2(1)_mod_k(1),0.0,-1.0734857039672233e-34
formation_484018.6.peg.26-MONOMER_mod_mg2(1),8.674206120540215e-10,6.821918400364726e-34
formation_484018.6.peg.2102-MONOMER_mod_mg2(1),1.4356045408279814e-09,-3.4856232354733266e-35
formation_484018.6.peg.3421-MONOMER_mod_mg2(1),7.765740646336922e-09,-4.168876771697413e-33
formation_484018.6.peg.2449-MONOMER_mod_4fe4s(1),6.886264085349191e-09,2.197864226487968e-34
formation_484018.6.peg.3417-MONOMER_mod_mg2(1),0.0,0.0
formation_484018.6.peg.1428-MONOMER_mod_fmn(1),0.0,2.696494839537608e-35
formation_484018.6.peg.1824-MONOMER_mod_cobalt2(1)_mod_zn2(1),0.0,0.0
formation_484018.6.peg.1824-MONOMER_mod_mn2(1)_mod_zn2(1),0.0,9.113911418734887e-34
formation_484018.6.peg.1824-MONOMER_mod_ni2(1)_mod_zn2(1),0.0,-8.772798194022234e-34
formation_484018.6.peg.198-MONOMER_mod_mg2(1),0.0,2.447836120878884e-34
formation_484018.6.peg.60-MONOMER_mod_cobalt2(1)_mod_nad(1),1.6486809898543654e-08,8.080287584977584e-33
formation_484018.6.peg.965-MONOMER_mod_mg2(1),1.2781789333651933e-09,0.0
formation_484018.6.peg.2854-MONOMER_mod_nadph(1)_mod_nadh(1)_mod_fad(1)_mod_cobalt2(1),7.336241723663076e-09,-1.396765940543731e-32
formation_484018.6.peg.1178-MONOMER_mod_zn2(1),0.0,3.515355410680152e-34
formation_484018.6.peg.3428-MONOMER_mod_mn2(1),0.0,0.0
formation_484018.6.peg.3428-MONOMER_mod_cobalt2(1),6.1941527225795366e-09,-1.881543314967844e-34
formation_484018.6.peg.3428-MONOMER_mod_mg2(1),0.0,0.0
formation_484018.6.peg.1229-MONOMER_mod_thmpp(1),4.254253056865002e-09,0.0
formation_484018.6.peg.1028-MONOMER_mod_mg2(4),4.049043679138618e-07,8.315963169824176e-32
formation_484018.6.peg.2585-MONOMER_mod_mn2(1),0.0,0.0
formation_484018.6.peg.77-MONOMER_mod_4fe4s(1),2.7361861973481087e-41,-1.2890446343946794e-34
formation_484018.6.peg.2009-MONOMER_mod_mg2(1),2.817891012330098e-08,4.572601800652149e-34
formation_484018.6.peg.2527-MONOMER_mod_mg2(1),1.5680383675752387e-14,0.0
formation_484018.6.peg.1346-MONOMER_mod_pydx5p(1),0.0,0.0
formation_484018.6.peg.3401-MONOMER_mod_mg2(1),2.6102918251227725e-09,-7.057293853056039e-35
formation_CPLX_GLUOX-1_mod_fe2(1)_mod_fad(1),0.0,-5.795889764855785e-33
formation_484018.6.peg.1933-MONOMER_mod_mg2(1),3.74466222114446e-15,0.0
formation_484018.6.peg.1212-MONOMER_mod_mg2(1)_mod_zn2(1),0.0,-1.2082836861969239e-34
formation_484018.6.peg.52-MONOMER_mod_pydx5p(1),0.0,0.0
formation_484018.6.peg.1380-MONOMER_mod_mg2(1),1.3408050364370538e-09,-5.910827480863648e-34
formation_484018.6.peg.3485-MONOMER_mod_zn2(1),0.0,0.0
formation_484018.6.peg.2215-MONOMER_mod_mn2(1),0.0,0.0
formation_484018.6.peg.247-MONOMER_mod_zn2(1),0.0,-1.493438492170922e-34
formation_484018.6.peg.2030-MONOMER_mod_mn2(1),1.5841699475389523e-09,-4.3282221039440106e-33
formation_484018.6.peg.2028-MONOMER_mod_mg2(1),0.0,0.0
formation_484018.6.peg.2028-MONOMER_mod_mn2(1),3.3664483789605193e-09,2.8451306305478534e-32
formation_484018.6.peg.1000-MONOMER_mod_mg2(1),0.0,-9.397327609052917e-35
formation_484018.6.peg.2029-MONOMER_mod_pydx5p(1),1.059494653762497e-08,-3.816942815985243e-33
formation_484018.6.peg.1788-MONOMER_mod_mn2(1),2.0044465484173902e-29,0.0
formation_484018.6.peg.1788-MONOMER_mod_mg2(1),-2.0049392166885585e-29,0.0
formation_484018.6.peg.1925-MONOMER_mod_mg2(1),0.0,-4.1010406630882215e-34
formation_484018.6.peg.2914-MONOMER_mod_pydx5p(6),4.512909466905141e-09,6.470595643387746e-32
formation_484018.6.peg.2914-MONOMER_mod_pydx5p(1),0.0,0.0
formation_484018.6.peg.2187-MONOMER_mod_mg2(1)_mod_zn2(1),-1.678794823630231e-42,0.0
formation_484018.6.peg.2187-MONOMER_mod_mn2(1)_mod_zn2(1),0.0,0.0
formation_484018.6.peg.1565-MONOMER_mod_mg2(1)_mod_mn2(1),0.0,-4.47503975241156e-34
formation_484018.6.peg.3053-MONOMER_mod_mg2(1),3.840197870404676e-09,8.55764373108932e-35
formation_484018.6.peg.2747-MONOMER_mod_mg2(1),1.8177033929465994e-09,5.578140479742524e-34
formation_484018.6.peg.1670-MONOMER_mod_mg2(1),0.0,-5.224585262666102e-33
formation_484018.6.peg.1307-MONOMER_mod_fe2(1),3.2638166266187235e-08,-3.549563983317449e-34
formation_484018.6.peg.1761-MONOMER_mod_mn2(1),4.0935702273208215e-09,0.0
formation_484018.6.peg.1761-MONOMER_mod_mg2(1),0.0,0.0
formation_484018.6.peg.3291-MONOMER_mod_mn2(1),7.290799968307915e-09,0.0
formation_484018.6.peg.211-MONOMER_mod_mn2(1),8.727795684620024e-09,1.0864915031699334e-34
formation_484018.6.peg.3413-MONOMER_mod_mg2(1),0.0,0.0
formation_484018.6.peg.3413-MONOMER_mod_mn2(1),0.0,0.0
formation_484018.6.peg.3413-MONOMER_mod_cobalt2(1),9.324968916811631e-09,-3.800659156676418e-34
formation_484018.6.peg.1001-MONOMER_mod_k(4)_mod_mg2(1),0.0,0.0
formation_484018.6.peg.1001-MONOMER_mod_k(4)_mod_mn2(1),0.0,0.0
formation_484018.6.peg.1001-MONOMER_mod_k(4)_mod_cobalt2(1),0.0,3.326889564307296e-34
formation_484018.6.peg.1001-MONOMER_mod_k(4)_mod_zn2(1),1.6797274659348406e-09,2.895753687859545e-34
formation_484018.6.peg.1001-MONOMER_mod_k(4)_mod_cd2(1),3.395538130168e-24,3.281030109971792e-34
formation_484018.6.peg.1001-MONOMER_mod_k(4)_mod_ni2(1),0.0,0.0
formation_484018.6.peg.1001-MONOMER_mod_k(4)_mod_ca2(1),0.0,0.0
formation_484018.6.peg.1001-MONOMER_mod_nh4(4)_mod_mg2(1),0.0,0.0
formation_484018.6.peg.1001-MONOMER_mod_nh4(4)_mod_mn2(1),0.0,0.0
formation_484018.6.peg.1001-MONOMER_mod_nh4(4)_mod_cobalt2(1),0.0,0.0
formation_484018.6.peg.1001-MONOMER_mod_nh4(4)_mod_zn2(1),0.0,0.0
formation_484018.6.peg.1001-MONOMER_mod_nh4(4)_mod_cd2(1),0.0,-3.204694427850686e-34
formation_484018.6.peg.1001-MONOMER_mod_nh4(4)_mod_ni2(1),0.0,3.5640263663624112e-34
formation_484018.6.peg.1001-MONOMER_mod_nh4(4)_mod_ca2(1),0.0,3.436680469904013e-34
formation_484018.6.peg.1001-MONOMER_mod_tl(4)_mod_mg2(1),0.0,-9.033132930296925e-35
formation_484018.6.peg.1001-MONOMER_mod_tl(4)_mod_mn2(1),0.0,4.6860505987542095e-35
formation_484018.6.peg.1001-MONOMER_mod_tl(4)_mod_cobalt2(1),0.0,9.587019686948258e-35
formation_484018.6.peg.1001-MONOMER_mod_tl(4)_mod_zn2(1),0.0,-2.3928939193323595e-34
formation_484018.6.peg.1001-MONOMER_mod_tl(4)_mod_cd2(1),0.0,-3.3980548150924206e-34
formation_484018.6.peg.1001-MONOMER_mod_tl(4)_mod_ni2(1),0.0,-1.4386690218909873e-34
formation_484018.6.peg.1001-MONOMER_mod_tl(4)_mod_ca2(1),0.0,2.6090686919977e-34
formation_484018.6.peg.1001-MONOMER_mod_cs(4)_mod_mg2(1),0.0,-9.033132930296925e-35
formation_484018.6.peg.1001-MONOMER_mod_cs(4)_mod_mn2(1),0.0,4.6860505987542095e-35
formation_484018.6.peg.1001-MONOMER_mod_cs(4)_mod_cobalt2(1),0.0,9.587019686948258e-35
formation_484018.6.peg.1001-MONOMER_mod_cs(4)_mod_zn2(1),0.0,-2.3928939193323595e-34
formation_484018.6.peg.1001-MONOMER_mod_cs(4)_mod_cd2(1),0.0,-3.3980548150924206e-34
formation_484018.6.peg.1001-MONOMER_mod_cs(4)_mod_ni2(1),0.0,-1.4386690218909873e-34
formation_484018.6.peg.1001-MONOMER_mod_cs(4)_mod_ca2(1),0.0,2.6090686919977e-34
formation_484018.6.peg.1001-MONOMER_mod_na1(4)_mod_mg2(1),0.0,-3.6828587307814567e-34
formation_484018.6.peg.1001-MONOMER_mod_na1(4)_mod_mn2(1),0.0,0.0
formation_484018.6.peg.1001-MONOMER_mod_na1(4)_mod_cobalt2(1),0.0,0.0
formation_484018.6.peg.1001-MONOMER_mod_na1(4)_mod_zn2(1),0.0,2.8891172180976175e-34
formation_484018.6.peg.1001-MONOMER_mod_na1(4)_mod_cd2(1),0.0,-3.2252075237835083e-34
formation_484018.6.peg.1001-MONOMER_mod_na1(4)_mod_ni2(1),0.0,0.0
formation_484018.6.peg.1001-MONOMER_mod_na1(4)_mod_ca2(1),0.0,0.0
formation_484018.6.peg.2181-MONOMER_mod_fad(1),0.0,0.0
formation_484018.6.peg.1711-MONOMER_mod_zn2(1)_mod_cbl1(1),0.0,0.0
formation_484018.6.peg.3056-MONOMER_mod_mg2(1),0.0,-2.394014309807731e-34
formation_484018.6.peg.2002-MONOMER_mod_mg2(1),5.587267308224377e-11,0.0
formation_484018.6.peg.3407-MONOMER_mod_mg2(1),8.204520911790399e-16,-9.826469930307187e-34
formation_484018.6.peg.3215-MONOMER_mod_mg2(1),0.0,-5.0494305745875534e-34
formation_484018.6.peg.3215-MONOMER_mod_mn2(1),0.0,0.0
formation_484018.6.peg.3215-MONOMER_mod_ca2(1),0.0,0.0
formation_484018.6.peg.3419-MONOMER_mod_mg2(1),3.9679125203627167e-10,1.2137812358701354e-33
formation_484018.6.peg.2026-MONOMER_mod_mg2(1),0.0,0.0
formation_484018.6.peg.1923-MONOMER_mod_hco3(1),0.0,-4.982913176419536e-34
formation_484018.6.peg.2210-MONOMER_mod_cobalt2(1),0.0,1.9826519599251416e-34
formation_484018.6.peg.1177-MONOMER_mod_mg2(1),0.0,2.296064107076363e-33
formation_484018.6.peg.1802-MONOMER_mod_glycyl(1),0.0,1.2556241925177223e-31
formation_484018.6.peg.3142-MONOMER_mod_pydx5p(1),0.0,1.5935361570164855e-32
formation_484018.6.peg.2348-MONOMER_mod_mg2(1)_mod_k(1),0.0,0.0
formation_484018.6.peg.2348-MONOMER_mod_mg2(1)_mod_nh4(1),0.0,-6.781795338280636e-34
formation_484018.6.peg.2348-MONOMER_mod_mn2(1)_mod_k(1),1.87186756516119e-10,0.0
formation_484018.6.peg.2348-MONOMER_mod_mn2(1)_mod_nh4(1),0.0,0.0
formation_484018.6.peg.2855-MONOMER_mod_mg2(1),0.0,5.410221756602605e-34
formation_484018.6.peg.1735-MONOMER_mod_mg2(1)_mod_cl(1),0.0,-9.673869517664771e-35
formation_484018.6.peg.2894-MONOMER_mod_23bpg(1),0.0,0.0
formation_484018.6.peg.3351-MONOMER_mod_mn2(1),5.901751883813527e-07,-3.2871254051409023e-34
formation_484018.6.peg.2379-MONOMER_mod_mg2(1),1.7335725983548022e-08,3.7078550613705124e-34
formation_484018.6.peg.1931-MONOMER_mod_thmpp(1),1.3614620140584915e-08,1.4809074178917932e-33
formation_484018.6.peg.331-MONOMER_mod_fmn(1),7.741446697232673e-11,0.0
formation_484018.6.peg.331-MONOMER_mod_mg2(1),0.0,0.0
formation_484018.6.peg.1509-MONOMER_mod_mg2(1),4.6789198110642876e-42,-4.725148622714451e-34
formation_484018.6.peg.1509-MONOMER_mod_ca2(1),0.0,3.465770361467517e-34
formation_484018.6.peg.1509-MONOMER_mod_mn2(1),0.0,3.924853885213729e-34
formation_484018.6.peg.1274-MONOMER_mod_mg2(1),1.4813556710476075e-14,2.3389316392841693e-34
formation_484018.6.peg.2810-MONOMER_mod_k(1)_mod_mg2(1),9.246601743001857e-15,5.775404238623929e-34
formation_484018.6.peg.2915-MONOMER_mod_mg2(1),6.507938172794714e-15,0.0
formation_484018.6.peg.3079-MONOMER_mod_mg2(1)_mod_pi(1),0.0,0.0
formation_484018.6.peg.3079-MONOMER_mod_mn2(1)_mod_pi(1),2.2053247056837944e-08,0.0
formation_484018.6.peg.256-MONOMER_mod_mg2(1),0.0,0.0
formation_484018.6.peg.953-MONOMER_mod_mg2(1),1.2645283897401252e-10,8.215275120158555e-35
formation_484018.6.peg.3136-MONOMER_mod_zn2(1),9.788279617099827e-11,0.0
formation_484018.6.peg.3136-MONOMER_mod_mg2(1),0.0,-4.7744449985950536e-34
formation_484018.6.peg.3226-MONOMER_mod_mg2(1)_mod_k(1),0.0,-2.902211287327613e-34
formation_484018.6.peg.3226-MONOMER_mod_mn2(1)_mod_k(1),2.1295942402264172e-07,3.604061913529349e-34
formation_484018.6.peg.1022-MONOMER_mod_4fe4s(1),0.0,4.740977534414873e-34
formation_484018.6.peg.1304-MONOMER_mod_mn2(1),1.7319355572590357e-08,2.9932115109501855e-33
formation_484018.6.peg.1303-MONOMER_mod_mg2(1),4.4324608207057365e-08,1.1112329608176955e-32
formation_484018.6.peg.1306-MONOMER_mod_k(1)_mod_zn2(1),2.4277188906557744e-08,1.1075015867433038e-33
formation_484018.6.peg.1924-MONOMER_mod_mg2(1)_mod_mn2(1)_mod_thmpp(1),0.0,-1.3748861733302806e-34
formation_484018.6.peg.1220-MONOMER_mod_mg2(1),0.0,-1.988669692432883e-34
formation_484018.6.peg.1220-MONOMER_mod_mn2(1),0.0,-1.6246933401944452e-34
formation_484018.6.peg.1220-MONOMER_mod_cobalt2(1),2.7760447924747845e-08,8.270189867076757e-35
formation_484018.6.peg.1220-MONOMER_mod_fe2(1),0.0,-7.790492812690615e-35
formation_484018.6.peg.1220-MONOMER_mod_ca2(1),0.0,0.0
formation_484018.6.peg.1220-MONOMER_mod_k(1),0.0,0.0
formation_484018.6.peg.3456-MONOMER_mod_fe3(1),0.0,9.317542206528556e-35
formation_484018.6.peg.627-MONOMER_mod_nad(1),5.419779216826028e-10,-4.677976159224848e-34
formation_484018.6.peg.1514-MONOMER_mod_mg2(1),9.586818655719548e-10,-2.277243451162631e-34
formation_484018.6.peg.1882-MONOMER_mod_pydx5p(1),4.93410418359753e-09,-1.3101301854805732e-33
formation_484018.6.peg.2119-MONOMER_mod_thmpp(1)_mod_mn2(1)_mod_mg2(1),2.572571054710346e-08,0.0
formation_484018.6.peg.2799-MONOMER_mod_mg2(1),-5.755524788368496e-29,0.0
formation_484018.6.peg.1516-MONOMER_mod_mg2(1),1.69832458044245e-14,-2.0948212008413427e-34
formation_484018.6.peg.3124-MONOMER_mod_mg2(1),2.4098157025808462e-14,-1.035320905138814e-34
formation_CPLX_TRPS1-0_mod_pydx5p(1),6.162964855569254e-10,-5.646097364079918e-33
formation_484018.6.peg.1890-MONOMER_mod_nad(1),1.819214769060545e-08,1.9730443597546836e-34
formation_484018.6.peg.1169-MONOMER_mod_k(1)_mod_mg2(1),0.0,0.0
formation_484018.6.peg.1166-MONOMER_mod_mg2(1),0.0,0.0
formation_484018.6.peg.1572-MONOMER_mod_fad(1),0.0,5.875001052611264e-34
formation_484018.6.peg.1494-MONOMER_mod_fad(1),0.0,3.089324187065665e-34
formation_484018.6.peg.22-MONOMER_mod_mn2(1),2.032933514902755e-08,1.5331214092340857e-33
formation_484018.6.peg.21-MONOMER_mod_mg2(1),3.212735244096238e-08,0.0
formation_484018.6.peg.1580-MONOMER_mod_hemed(6),0.0,1.4054652414493864e-29
formation_484018.6.peg.2646-MONOMER_mod_4fe4s(1),3.559109943563012e-07,7.703718400016501e-34
formation_484018.6.peg.527-MONOMER_mod_mg2(1),0.0,0.0
formation_484018.6.peg.527-MONOMER_mod_cobalt2(1),8.440940538202733e-15,0.0
formation_484018.6.peg.527-MONOMER_mod_mn2(1),0.0,1.831549607381901e-34
formation_484018.6.peg.527-MONOMER_mod_fe2(1),0.0,-1.7564690633519272e-34
formation_484018.6.peg.527-MONOMER_mod_ca2(1),0.0,3.2382562112450043e-34
formation_484018.6.peg.1382-MONOMER_mod_fe2(1),6.44031005335692e-10,3.2187146003843965e-32
formation_484018.6.peg.1548-MONOMER_mod_pan4p(1),3.5590786811378686e-08,0.0
formation_484018.6.peg.1550-MONOMER_mod_mg2(2),8.904449728733186e-12,-1.1897454741143283e-34
formation_484018.6.peg.1778-MONOMER_mod_mg2(6),0.0,0.0
formation_484018.6.peg.1778-MONOMER_mod_lys__L(1),1.6487727613993844e-11,-4.722752219625709e-34
formation_484018.6.peg.1832-MONOMER_mod_mg2(1),3.712302680450569e-11,0.0
formation_484018.6.peg.2014-MONOMER_mod_zn2(4),2.544638307042133e-12,5.7741382902293635e-34
formation_484018.6.peg.2061-MONOMER_mod_4fe4s(1),1.4840749547888628e-12,3.8518585112420293e-34
formation_484018.6.peg.2771-MONOMER_mod_mg2(1)_mod_k(1),6.44031005335692e-10,-4.2769894625098074e-33
formation_484018.6.peg.3045-MONOMER_mod_zn2(2),3.2975455227987726e-11,0.0
formation_RNAP-CPLX_mod_zn2(1)_mod_mg2(2),1.7053633757038388e-07,-3.0995389538824956e-34
formation_484018.6.peg.3330-MONOMER_mod_mg2(1),4.452224864366585e-12,0.0
formation_484018.6.peg.583-MONOMER_mod_4fe4s(1),1.4840749547888628e-12,-1.3775324423698682e-40
484018.6.peg.1174-MONOMER_to_generic_16Sm4Cm1402,1.4840749547888628e-12,6.367628705351521e-35
484018.6.peg.43-MONOMER_to_generic_16Sm4Cm1402,0.0,-1.2324654694573438
RNA_DWY14_RS06805_to_generic_16s_rRNAs,3.829417108408685e-06,-1.3893611362017212e-32
RNA_DWY14_RS17565_to_generic_23s_rRNAs,3.829417108408685e-06,4.2842207925685434e-32
RNA_DWY14_RS06790_to_generic_5s_rRNAs,3.829417108408685e-06,-1.0495650836996732e-33
RNA_DWY14_RS12065_to_generic_5s_rRNAs,0.0,-0.006868504365571058
484018.6.peg.1314-MONOMER_to_generic_Dus,0.0,0.0
484018.6.peg.1778-MONOMER_to_generic_LYSINEaaRS,0.0,-0.06524863594231263
484018.6.peg.1778-MONOMER_mod_lys__L(1)_to_generic_LYSINEaaRS,1.6487727613993844e-11,3.5022275539180235e-34
484018.6.peg.1778-MONOMER_mod_mg2(6)_to_generic_LYSINEaaRS,0.0,-0.0026123014449725168
CPLX_pbiosynthesis-0_to_generic_LYSINEaaRS,0.0,-46.80978606116984
484018.6.peg.1185-MONOMER_to_generic_RF,6.402945465193469e-10,-6.811450421459751e-35
484018.6.peg.2811-MONOMER_to_generic_RF,0.0,-1.4278265758228272
484018.6.peg.3045-MONOMER_to_generic_RNase,0.0,-0.06023912648079555
484018.6.peg.3045-MONOMER_mod_zn2(2)_to_generic_RNase,3.2975455227987726e-11,0.0
484018.6.peg.3264-MONOMER_to_generic_Tuf,2.140374826820211e-07,-9.442295094226298e-35
484018.6.peg.1570-MONOMER_to_generic_phe_ligase,8.043148666529656e-09,3.867737320653078e-34
484018.6.peg.2077-MONOMER_to_generic_phe_ligase,0.0,-2.124072577829848
CPLX_pbiosynthesis-0_to_generic_phe_ligase,0.0,-47.682389401304384
transcription_RNA_dummy,2.1492378804579152e-05,2.723344226047798e-32
DM_RNA_dummy,0.0,-44.37596485819444
translation_dummy,0.000670780597886029,-1.2843948769849352e-32
formation_CPLX_dummy,7.844075320084239e-06,1.3562205142084098e-34
dummy_protein_to_mass,0.0006629365224244961,-2.532196825914618e-33
formation_CPLX_dummy_mod_2fe2s(1),4.2347549471910655e-16,0.0
formation_CPLX_dummy_mod_4fe4s(1),1.4102522104340399e-13,0.0
12PPDt_REV_CPLX_dummy,0.14898579,0.0
12PPDt_FWD_CPLX_dummy,0.0,-7.750918287433936e-07
23DHMPO_REV_484018.6.peg.2453-MONOMER_mod_mg2(1),0.0,-7.0749710965697e-07
23DHMPO_FWD_484018.6.peg.2453-MONOMER_mod_mg2(1),0.0,-7.0749710965697e-07
23PDE2_REV_484018.6.peg.2680-MONOMER,0.0,4.208611258173891e-07
23PDE2_FWD_484018.6.peg.2680-MONOMER,0.0,-1.5423564574745688e-06
23PDE2_REV_484018.6.peg.2515-MONOMER,0.0,1.963217583291958e-06
23PDE2_FWD_484018.6.peg.2515-MONOMER,0.0,8.965130916973682e-38
23PDE4_REV_484018.6.peg.2680-MONOMER,0.0,4.208611258173891e-07
23PDE4_FWD_484018.6.peg.2680-MONOMER,0.0,-1.5423564574745688e-06
23PDE4_REV_484018.6.peg.2515-MONOMER,0.0,1.963217583291958e-06
23PDE4_FWD_484018.6.peg.2515-MONOMER,0.0,8.965130916973682e-38
23PDE7_REV_484018.6.peg.2680-MONOMER,0.0,4.208611258173891e-07
23PDE7_FWD_484018.6.peg.2680-MONOMER,0.0,-1.5423564574745688e-06
23PDE7_REV_484018.6.peg.2515-MONOMER,0.0,1.963217583291958e-06
23PDE7_FWD_484018.6.peg.2515-MONOMER,0.0,8.965130916973682e-38
23PDE9_REV_484018.6.peg.2680-MONOMER,0.0,4.208611258173891e-07
23PDE9_FWD_484018.6.peg.2680-MONOMER,0.0,-1.5423564574745688e-06
23PDE9_REV_484018.6.peg.2515-MONOMER,0.0,1.963217583291958e-06
23PDE9_FWD_484018.6.peg.2515-MONOMER,0.0,8.965130916973682e-38
26DAPLLAT_REV_484018.6.peg.2619-MONOMER,0.0,-1.4496540312786995e-06
26DAPLLAT_FWD_484018.6.peg.2619-MONOMER,0.0,-6.642140276495689e-07
26DAPLLAT_REV_484018.6.peg.1938-MONOMER,0.0,-7.854400036291306e-07
26DAPLLAT_FWD_484018.6.peg.1938-MONOMER,0.0,-1.0261700523483797e-35
2AHBUTI_REV_484018.6.peg.2453-MONOMER_mod_mg2(1),0.0,-1.41499421931394e-06
2AHBUTI_FWD_484018.6.peg.2453-MONOMER_mod_mg2(1),0.0,-2.651847022477426e-36
2MBCOATA_REV_484018.6.peg.2613-MONOMER,0.0,4.7101846940438514e-35
2MBCOATA_FWD_484018.6.peg.2613-MONOMER,0.0,-2.2928224326842793e-06
3HACPR1_REV_484018.6.peg.2101-MONOMER,0.0,-1.7608531964396664e-06
3HACPR1_FWD_484018.6.peg.2101-MONOMER,0.004493996475699539,-2.6755324104782728e-36
3HACPR2_REV_484018.6.peg.2101-MONOMER,0.0,-1.7608531964396664e-06
3HACPR2_FWD_484018.6.peg.2101-MONOMER,0.004493996475699539,-2.6755324104782728e-36
3HAD100_REV_484018.6.peg.2814-MONOMER,0.0,-8.81722390319316e-07
3HAD100_FWD_484018.6.peg.2814-MONOMER,0.0,1.1210449131362162e-36
3HAD10M11_REV_484018.6.peg.2814-MONOMER,0.0,-8.87876960862308e-07
3HAD10M11_FWD_484018.6.peg.2814-MONOMER,0.0,-4.494322796931725e-35
3HAD10M12_REV_484018.6.peg.2814-MONOMER,0.0,-8.87876960862308e-07
3HAD10M12_FWD_484018.6.peg.2814-MONOMER,0.0,-5.628820249025576e-36
3HAD11M12_REV_484018.6.peg.2814-MONOMER,0.0,-8.87876960862308e-07
3HAD11M12_FWD_484018.6.peg.2814-MONOMER,0.0,9.235810376897032e-37
3HAD120_REV_484018.6.peg.2814-MONOMER,0.0,-8.942912216718073e-07
3HAD120_FWD_484018.6.peg.2814-MONOMER,0.0,1.1210449131362162e-36
3HAD12M13_REV_484018.6.peg.2814-MONOMER,0.0,-8.87876960862308e-07
3HAD12M13_FWD_484018.6.peg.2814-MONOMER,0.0,-4.494322796931725e-35
3HAD12M14_REV_484018.6.peg.2814-MONOMER,0.0,-8.87876960862308e-07
3HAD12M14_FWD_484018.6.peg.2814-MONOMER,0.0,-2.3526196056679364e-36
3HAD13M14_REV_484018.6.peg.2814-MONOMER,0.0,-8.87876960862308e-07
3HAD13M14_FWD_484018.6.peg.2814-MONOMER,0.0,-2.3526196056679364e-36
3HAD140_REV_484018.6.peg.2814-MONOMER,0.0,-9.06860072508307e-07
3HAD140_FWD_484018.6.peg.2814-MONOMER,0.0,-1.3361055693820135e-36
3HAD14M15_REV_484018.6.peg.2814-MONOMER,0.0,-8.87876960862308e-07
3HAD14M15_FWD_484018.6.peg.2814-MONOMER,0.0,-9.736243826303948e-35
3HAD14M16_REV_484018.6.peg.2814-MONOMER,0.0,-8.87876960862308e-07
3HAD14M16_FWD_484018.6.peg.2814-MONOMER,0.0,1.0453087685029333e-37
3HAD15M16_REV_484018.6.peg.2814-MONOMER,0.0,-8.87876960862308e-07
3HAD15M16_FWD_484018.6.peg.2814-MONOMER,0.0,1.0453087685029333e-37
3HAD160_REV_484018.6.peg.2814-MONOMER,0.0,-8.942912875009941e-07
3HAD160_FWD_484018.6.peg.2814-MONOMER,0.0,3.0199475229680634e-37
3HAD180_REV_484018.6.peg.2814-MONOMER,0.0,-9.068601383375957e-07
3HAD180_FWD_484018.6.peg.2814-MONOMER,0.0,-1.3361055693820135e-36
3HAD40_REV_484018.6.peg.2814-MONOMER,0.0,-9.021435683425601e-07
3HAD40_FWD_484018.6.peg.2814-MONOMER,0.0,-1.3361055693820135e-36
3HAD4M5_REV_484018.6.peg.2814-MONOMER,0.0,-8.87876960862308e-07
3HAD4M5_FWD_484018.6.peg.2814-MONOMER,0.0,-9.736243826303948e-35
3HAD4M6_REV_484018.6.peg.2814-MONOMER,0.0,-8.87876960862308e-07
3HAD4M6_FWD_484018.6.peg.2814-MONOMER,0.0,7.475982324404983e-36
3HAD5M6_REV_484018.6.peg.2814-MONOMER,0.0,-8.87876960862308e-07
3HAD5M6_FWD_484018.6.peg.2814-MONOMER,0.0,-5.628820249025576e-36
3HAD60_REV_484018.6.peg.2814-MONOMER,0.0,-8.565847860662375e-07
3HAD60_FWD_484018.6.peg.2814-MONOMER,0.0,8.492496360690905e-36
3HAD6M7_REV_484018.6.peg.2814-MONOMER,0.0,-8.87876960862308e-07
3HAD6M7_FWD_484018.6.peg.2814-MONOMER,0.0,-4.494322796931725e-35
3HAD6M8_REV_484018.6.peg.2814-MONOMER,0.0,-8.87876960862308e-07
3HAD6M8_FWD_484018.6.peg.2814-MONOMER,0.0,7.475982324404983e-36
3HAD7M8_REV_484018.6.peg.2814-MONOMER,0.0,-8.87876960862308e-07
3HAD7M8_FWD_484018.6.peg.2814-MONOMER,0.0,7.475982324404983e-36
3HAD80_REV_484018.6.peg.2814-MONOMER,0.0,-8.691535784508028e-07
3HAD80_FWD_484018.6.peg.2814-MONOMER,0.0,-1.3361055693820135e-36
3HAD8M10_REV_484018.6.peg.2814-MONOMER,0.0,-8.87876960862308e-07
3HAD8M10_FWD_484018.6.peg.2814-MONOMER,0.0,-5.628820249025576e-36
3HAD8M9_REV_484018.6.peg.2814-MONOMER,0.0,-8.87876960862308e-07
3HAD8M9_FWD_484018.6.peg.2814-MONOMER,0.0,-9.736243826303948e-35
3HAD9M10_REV_484018.6.peg.2814-MONOMER,0.0,-8.87876960862308e-07
3HAD9M10_FWD_484018.6.peg.2814-MONOMER,0.0,9.235810376897032e-37
3MOBS_REV_484018.6.peg.1561-MONOMER,0.0,-3.656999107079754e-35
3MOBS_FWD_484018.6.peg.1561-MONOMER,0.0,-1.1355752985737057e-06
3OAACPR1_REV_484018.6.peg.2101-MONOMER,0.0,-1.7608531964396664e-06
3OAACPR1_FWD_484018.6.peg.2101-MONOMER,0.004493996475699539,-1.723255298578141e-33
3OAACPR2_REV_484018.6.peg.2101-MONOMER,0.0,-1.7608531964396664e-06
3OAACPR2_FWD_484018.6.peg.2101-MONOMER,0.004493996475699539,1.2130023744128865e-34
3OAR100_REV_484018.6.peg.383-MONOMER,0.0,-9.876165415089305e-07
3OAR100_FWD_484018.6.peg.383-MONOMER,0.0,-3.5387182929072404e-07
3OAR100_REV_484018.6.peg.139-MONOMER,0.0,-6.337447122182064e-07
3OAR100_FWD_484018.6.peg.139-MONOMER,0.0,-1.5448985218325373e-35
3OAR10M11_REV_484018.6.peg.383-MONOMER,0.0,-9.937722652685827e-07
3OAR10M11_FWD_484018.6.peg.383-MONOMER,0.0,-3.5387182929072404e-07
3OAR10M11_REV_484018.6.peg.139-MONOMER,0.0,-6.399004359778587e-07
3OAR10M11_FWD_484018.6.peg.139-MONOMER,0.0,7.424817053125823e-35
3OAR10M12_REV_484018.6.peg.383-MONOMER,0.0,-9.937722652685827e-07
3OAR10M12_FWD_484018.6.peg.383-MONOMER,0.0,-3.5387182929072404e-07
3OAR10M12_REV_484018.6.peg.139-MONOMER,0.0,-6.399004359778587e-07
3OAR10M12_FWD_484018.6.peg.139-MONOMER,0.0,3.4410628013684307e-34
3OAR11M12_REV_484018.6.peg.383-MONOMER,0.0,-9.937722652685827e-07
3OAR11M12_FWD_484018.6.peg.383-MONOMER,0.0,-3.5387182929072404e-07
3OAR11M12_REV_484018.6.peg.139-MONOMER,0.0,-6.399004359778587e-07
3OAR11M12_FWD_484018.6.peg.139-MONOMER,0.0,6.505042751896322e-37
3OAR120_REV_484018.6.peg.383-MONOMER,0.0,-1.0001853679904243e-06
3OAR120_FWD_484018.6.peg.383-MONOMER,0.0,-3.5387182929072404e-07
3OAR120_REV_484018.6.peg.139-MONOMER,0.0,-6.463135386997003e-07
3OAR120_FWD_484018.6.peg.139-MONOMER,0.0,1.0184729537728395e-34
3OAR12M13_REV_484018.6.peg.383-MONOMER,0.0,-9.937722652685827e-07
3OAR12M13_FWD_484018.6.peg.383-MONOMER,0.0,-3.5387182929072404e-07
3OAR12M13_REV_484018.6.peg.139-MONOMER,0.0,-6.399004359778587e-07
3OAR12M13_FWD_484018.6.peg.139-MONOMER,0.0,3.1957372471815353e-34
3OAR12M14_REV_484018.6.peg.383-MONOMER,0.0,-9.937722652685827e-07
3OAR12M14_FWD_484018.6.peg.383-MONOMER,0.0,-3.5387182929072404e-07
3OAR12M14_REV_484018.6.peg.139-MONOMER,0.0,-6.399004359778587e-07
3OAR12M14_FWD_484018.6.peg.139-MONOMER,0.0,4.971561511256869e-35
3OAR13M14_REV_484018.6.peg.383-MONOMER,0.0,-9.937722652685827e-07
3OAR13M14_FWD_484018.6.peg.383-MONOMER,0.0,-3.5387182929072404e-07
3OAR13M14_REV_484018.6.peg.139-MONOMER,0.0,-6.399004359778587e-07
3OAR13M14_FWD_484018.6.peg.139-MONOMER,0.0,9.878072594994777e-35
3OAR140_REV_484018.6.peg.383-MONOMER,0.0,-1.012754213955919e-06
3OAR140_FWD_484018.6.peg.383-MONOMER,0.0,-3.5387182929072404e-07
3OAR140_REV_484018.6.peg.139-MONOMER,0.0,-6.58882384665195e-07
3OAR140_FWD_484018.6.peg.139-MONOMER,0.010551471770758505,1.3557955907798206e-34
3OAR14M15_REV_484018.6.peg.383-MONOMER,0.0,-9.937722652685827e-07
3OAR14M15_FWD_484018.6.peg.383-MONOMER,0.0,-3.5387182929072404e-07
3OAR14M15_REV_484018.6.peg.139-MONOMER,0.0,-6.399004359778587e-07
3OAR14M15_FWD_484018.6.peg.139-MONOMER,0.0,7.424817053125823e-35
3OAR14M16_REV_484018.6.peg.383-MONOMER,0.0,-9.937722652685827e-07
3OAR14M16_FWD_484018.6.peg.383-MONOMER,0.0,-3.5387182929072404e-07
3OAR14M16_REV_484018.6.peg.139-MONOMER,0.0,-6.399004359778587e-07
3OAR14M16_FWD_484018.6.peg.139-MONOMER,0.0,9.878072594994777e-35
3OAR15M16_REV_484018.6.peg.383-MONOMER,0.0,-9.937722652685827e-07
3OAR15M16_FWD_484018.6.peg.383-MONOMER,0.0,-3.5387182929072404e-07
3OAR15M16_REV_484018.6.peg.139-MONOMER,0.0,-6.399004359778587e-07
3OAR15M16_FWD_484018.6.peg.139-MONOMER,0.0,9.878072594994777e-35
3OAR160_REV_484018.6.peg.383-MONOMER,0.0,-3.5387182929072404e-07
3OAR160_FWD_484018.6.peg.383-MONOMER,0.0,-1.0001856842957823e-06
3OAR160_REV_484018.6.peg.139-MONOMER,0.0,-3.768161356651276e-35
3OAR160_FWD_484018.6.peg.139-MONOMER,0.0,-6.463138550050584e-07
3OAR180_REV_484018.6.peg.383-MONOMER,0.0,-1.0127542797851823e-06
3OAR180_FWD_484018.6.peg.383-MONOMER,0.0,-3.5387182929072404e-07
3OAR180_REV_484018.6.peg.139-MONOMER,0.0,-6.588824504944582e-07
3OAR180_FWD_484018.6.peg.139-MONOMER,0.0,-7.601373140821516e-35
3OAR40_REV_484018.6.peg.383-MONOMER,0.0,-1.0080377116180334e-06
3OAR40_FWD_484018.6.peg.383-MONOMER,0.0,-3.5387182929072404e-07
3OAR40_REV_484018.6.peg.139-MONOMER,0.0,-6.541658823273094e-07
3OAR40_FWD_484018.6.peg.139-MONOMER,0.0,-1.5881110594629232e-34
3OAR4M5_REV_484018.6.peg.383-MONOMER,0.0,-9.937722652685827e-07
3OAR4M5_FWD_484018.6.peg.383-MONOMER,0.0,-3.5387182929072404e-07
3OAR4M5_REV_484018.6.peg.139-MONOMER,0.0,-6.399004359778587e-07
3OAR4M5_FWD_484018.6.peg.139-MONOMER,0.0,-2.38820511434999e-35
3OAR4M6_REV_484018.6.peg.383-MONOMER,0.0,-9.937722652685827e-07
3OAR4M6_FWD_484018.6.peg.383-MONOMER,0.0,-3.5387182929072404e-07
3OAR4M6_REV_484018.6.peg.139-MONOMER,0.0,-6.399004359778587e-07
3OAR4M6_FWD_484018.6.peg.139-MONOMER,0.0,-2.38820511434999e-35
3OAR5M6_REV_484018.6.peg.383-MONOMER,0.0,-9.937722652685827e-07
3OAR5M6_FWD_484018.6.peg.383-MONOMER,0.0,-3.5387182929072404e-07
3OAR5M6_REV_484018.6.peg.139-MONOMER,0.0,-6.399004359778587e-07
3OAR5M6_FWD_484018.6.peg.139-MONOMER,0.0,-4.841460656218943e-35
3OAR60_REV_484018.6.peg.383-MONOMER,0.0,-9.624789469978238e-07
3OAR60_FWD_484018.6.peg.383-MONOMER,0.0,-3.5387182929072404e-07
3OAR60_REV_484018.6.peg.139-MONOMER,0.0,-6.086071177070999e-07
3OAR60_FWD_484018.6.peg.139-MONOMER,0.0,1.9049920839206782e-35
3OAR6M7_REV_484018.6.peg.383-MONOMER,0.0,-9.937722652685827e-07
3OAR6M7_FWD_484018.6.peg.383-MONOMER,0.0,-3.5387182929072404e-07
3OAR6M7_REV_484018.6.peg.139-MONOMER,0.0,-6.399004359778587e-07
3OAR6M7_FWD_484018.6.peg.139-MONOMER,0.0,1.7237839220601636e-34
3OAR6M8_REV_484018.6.peg.383-MONOMER,0.0,-9.937722652685827e-07
3OAR6M8_FWD_484018.6.peg.383-MONOMER,0.0,-3.5387182929072404e-07
3OAR6M8_REV_484018.6.peg.139-MONOMER,0.0,-6.399004359778587e-07
3OAR6M8_FWD_484018.6.peg.139-MONOMER,0.0,-4.841460656218943e-35
3OAR7M8_REV_484018.6.peg.383-MONOMER,0.0,-9.937722652685827e-07
3OAR7M8_FWD_484018.6.peg.383-MONOMER,0.0,-3.5387182929072404e-07
3OAR7M8_REV_484018.6.peg.139-MONOMER,0.0,-6.399004359778587e-07
3OAR7M8_FWD_484018.6.peg.139-MONOMER,0.0,2.9504116929946403e-34
3OAR80_REV_484018.6.peg.383-MONOMER,0.0,-9.75047734511407e-07
3OAR80_FWD_484018.6.peg.383-MONOMER,0.0,-3.5387182929072404e-07
3OAR80_REV_484018.6.peg.139-MONOMER,0.0,-6.21175905220683e-07
3OAR80_FWD_484018.6.peg.139-MONOMER,0.0,-1.4682342861491325e-35
3OAR8M10_REV_484018.6.peg.383-MONOMER,0.0,-9.937722652685827e-07
3OAR8M10_FWD_484018.6.peg.383-MONOMER,0.0,-3.5387182929072404e-07
3OAR8M10_REV_484018.6.peg.139-MONOMER,0.0,-6.399004359778587e-07
3OAR8M10_FWD_484018.6.peg.139-MONOMER,0.0,6.505042751896322e-37
3OAR8M9_REV_484018.6.peg.383-MONOMER,0.0,-9.937722652685827e-07
3OAR8M9_FWD_484018.6.peg.383-MONOMER,0.0,-3.5387182929072404e-07
3OAR8M9_REV_484018.6.peg.139-MONOMER,0.0,-6.399004359778587e-07
3OAR8M9_FWD_484018.6.peg.139-MONOMER,0.0,2.5183059693879164e-35
3OAR9M10_REV_484018.6.peg.383-MONOMER,0.0,-9.937722652685827e-07
3OAR9M10_FWD_484018.6.peg.383-MONOMER,0.0,-3.5387182929072404e-07
3OAR9M10_REV_484018.6.peg.139-MONOMER,0.0,-6.399004359778587e-07
3OAR9M10_FWD_484018.6.peg.139-MONOMER,0.0,-2.38820511434999e-35
3OAS100_REV_CPLX_3OAS100-0,0.0,-2.3555639326377806e-06
3OAS100_FWD_CPLX_3OAS100-0,0.0,2.5274920908148768e-36
3OAS100_REV_484018.6.peg.377-MONOMER,0.0,-2.6485182961959903e-06
3OAS100_FWD_484018.6.peg.377-MONOMER,0.0,-2.929543635582095e-07
3OAS10M11_REV_CPLX_3OAS100-0,0.0,-2.368003465326593e-06
3OAS10M11_FWD_CPLX_3OAS100-0,0.0,5.116553580224422e-35
3OAS10M12_REV_CPLX_3OAS100-0,0.0,-2.368003465326593e-06
3OAS10M12_FWD_CPLX_3OAS100-0,0.0,2.5274920908148768e-36
3OAS11M12_REV_CPLX_3OAS100-0,0.0,-2.368003465326593e-06
3OAS11M12_FWD_CPLX_3OAS100-0,0.0,2.5274920908148768e-36
3OAS120_REV_CPLX_3OAS100-0,0.0,-2.368132754248279e-06
3OAS120_FWD_CPLX_3OAS100-0,0.0,2.5274920908148768e-36
3OAS120_REV_484018.6.peg.377-MONOMER,0.0,-2.661087117806489e-06
3OAS120_FWD_484018.6.peg.377-MONOMER,0.0,-2.929543635582095e-07
3OAS12M13_REV_CPLX_3OAS100-0,0.0,-2.368003465326593e-06
3OAS12M13_FWD_CPLX_3OAS100-0,0.0,-7.1504415661374595e-37
3OAS12M14_REV_CPLX_3OAS100-0,0.0,-2.368003465326593e-06
3OAS12M14_FWD_CPLX_3OAS100-0,0.0,5.7700283382435e-36
3OAS13M14_REV_CPLX_3OAS100-0,0.0,-2.368003465326593e-06
3OAS13M14_FWD_CPLX_3OAS100-0,0.0,5.7700283382435e-36
3OAS140_REV_CPLX_3OAS100-0,0.0,-2.380701595342771e-06
3OAS140_FWD_CPLX_3OAS100-0,0.010551475859938283,-7.1504415661374595e-37
3OAS140_REV_484018.6.peg.377-MONOMER,0.0,-2.6736559589009805e-06
3OAS140_FWD_484018.6.peg.377-MONOMER,0.0,-2.929543635582095e-07
3OAS160_REV_CPLX_3OAS100-0,0.0,0.016214270637687187
3OAS160_FWD_CPLX_3OAS100-0,0.0,-0.016216645055700318
3OAS160_REV_484018.6.peg.377-MONOMER,0.0,0.016213977683323628
3OAS160_FWD_484018.6.peg.377-MONOMER,0.0,-0.016216938010063877
3OAS180_REV_CPLX_3OAS100-0,0.0,-2.3807016611720086e-06
3OAS180_FWD_CPLX_3OAS100-0,0.0,-3.146946342185213e-36
3OAS2M3_REV_CPLX_3OAS100-0,0.0,-2.368003465326593e-06
3OAS2M3_FWD_CPLX_3OAS100-0,0.0,-7.1504415661374595e-37
3OAS3M4_REV_CPLX_3OAS100-0,0.0,-2.368003465326593e-06
3OAS3M4_FWD_CPLX_3OAS100-0,0.0,-1.3685189146328237e-35
3OAS4M3O6_REV_CPLX_3OAS100-0,0.0,-2.368003465326593e-06
3OAS4M3O6_FWD_CPLX_3OAS100-0,0.0,-1.3685189146328237e-35
3OAS4M5_REV_CPLX_3OAS100-0,0.0,-2.368003465326593e-06
3OAS4M5_FWD_CPLX_3OAS100-0,0.0,-7.1504415661374595e-37
3OAS4M6_REV_CPLX_3OAS100-0,0.0,-2.368003465326593e-06
3OAS4M6_FWD_CPLX_3OAS100-0,0.0,1.2255100833100745e-35
3OAS5M6_REV_CPLX_3OAS100-0,0.0,-2.368003465326593e-06
3OAS5M6_FWD_CPLX_3OAS100-0,0.0,1.2255100833100745e-35
3OAS60_REV_CPLX_3OAS100-0,0.0,-2.3304263478686426e-06
3OAS60_FWD_CPLX_3OAS100-0,0.0,9.012564585672123e-36
3OAS60_REV_484018.6.peg.377-MONOMER,0.0,-2.6233807114268523e-06
3OAS60_FWD_484018.6.peg.377-MONOMER,0.0,-2.929543635582095e-07
3OAS6M7_REV_CPLX_3OAS100-0,0.0,-2.368003465326593e-06
3OAS6M7_FWD_CPLX_3OAS100-0,0.0,5.116553580224422e-35
3OAS6M8_REV_CPLX_3OAS100-0,0.0,-2.368003465326593e-06
3OAS6M8_FWD_CPLX_3OAS100-0,0.0,-7.200116651470991e-36
3OAS7M8_REV_CPLX_3OAS100-0,0.0,-2.368003465326593e-06
3OAS7M8_FWD_CPLX_3OAS100-0,0.0,1.2255100833100745e-35
3OAS80_REV_CPLX_3OAS100-0,0.0,-2.3429951305112455e-06
3OAS80_FWD_CPLX_3OAS100-0,0.0,2.5274920908148768e-36
3OAS80_REV_484018.6.peg.377-MONOMER,0.0,-2.635949494069455e-06
3OAS80_FWD_484018.6.peg.377-MONOMER,0.0,-2.929543635582095e-07
3OAS8M10_REV_CPLX_3OAS100-0,0.0,-2.368003465326593e-06
3OAS8M10_FWD_CPLX_3OAS100-0,0.0,-7.200116651470991e-36
3OAS8M9_REV_CPLX_3OAS100-0,0.0,-2.368003465326593e-06
3OAS8M9_FWD_CPLX_3OAS100-0,0.0,-5.259562411547171e-35
3OAS9M10_REV_CPLX_3OAS100-0,0.0,-2.368003465326593e-06
3OAS9M10_FWD_CPLX_3OAS100-0,0.0,-7.1504415661374595e-37
4HBZt2_REV_CPLX_dummy,0.0,9.090646939234118e-38
4HBZt2_FWD_CPLX_dummy,0.0,-7.750918287433936e-07
4HTHRS_REV_484018.6.peg.2564-MONOMER_mod_pydx5p(1),0.0,-1.2355021588856825e-06
4HTHRS_FWD_484018.6.peg.2564-MONOMER_mod_pydx5p(1),0.0,2.7944610966632097e-36
4NTPPH2_REV_484018.6.peg.1957-MONOMER,0.0,-5.746007475774954e-07
4NTPPH2_FWD_484018.6.peg.1957-MONOMER,0.0,-6.586767406825097e-07
4NTPPH2_REV_484018.6.peg.1191-MONOMER_mod_zn2(1)_mod_mg2(1),0.0,8.40759931050142e-08
4NTPPH2_FWD_484018.6.peg.1191-MONOMER_mod_zn2(1)_mod_mg2(1),0.0,-3.2402293445336657e-37
5AIZCDC_REV_484018.6.peg.3292-MONOMER,0.0,6.21349544424771e-07
5AIZCDC_FWD_484018.6.peg.3292-MONOMER,0.0,-1.0978100008038032e-38
A5PISO_REV_484018.6.peg.3212-MONOMER,0.0,-8.461202951540744e-07
A5PISO_FWD_484018.6.peg.3212-MONOMER,0.007913600761185236,-4.1834080480636044e-36
AACPS7_REV_CPLX_dummy,0.0,-7.76009146179451e-07
AACPS7_FWD_CPLX_dummy,0.013189347891809271,3.5054063066958157e-36
AADSACYCL_REV_CPLX_dummy,0.0,-7.750918287433936e-07
AADSACYCL_FWD_CPLX_dummy,0.0,-4.170357542444583e-37
ACBIPGT_REV_484018.6.peg.2986-MONOMER,0.0,1.9922148418097348e-07
ACBIPGT_FWD_484018.6.peg.2986-MONOMER,0.0,-3.1349154818306976e-35
ACCOAC_REV_484018.6.peg.1838-MONOMER,0.0,1.0309652987451202e-07
ACCOAC_FWD_484018.6.peg.1838-MONOMER,0.024033472859478208,-1.3388243953461096e-34
ACCOAC_REV_484018.6.peg.2167-MONOMER,0.0,-7.860601567253032e-07
ACCOAC_FWD_484018.6.peg.2167-MONOMER,0.0,-8.891566865998152e-07
ACCOACL_REV_484018.6.peg.1839-MONOMER,0.0,-6.83462727709356e-07
ACCOACL_FWD_484018.6.peg.1839-MONOMER,0.0,8.92435179243709e-35
ACGAM2E_REV_484018.6.peg.1286-MONOMER,0.0,-1.0298785446372998e-07
ACGAM2E_FWD_484018.6.peg.1286-MONOMER,0.0,-8.238588979035326e-07
ACGAM2E_REV_484018.6.peg.3385-MONOMER,0.0,-3.633637507302498e-41
ACGAM2E_FWD_484018.6.peg.3385-MONOMER,0.0,-7.208710434398026e-07
ACGAMPM_REV_CPLX_dummy,0.0,-7.750918287433936e-07
ACGAMPM_FWD_CPLX_dummy,0.0,7.001947469074584e-36
ACGAMT_REV_484018.6.peg.605-MONOMER_mod_mg2(1),0.0,-1.3954051058496998e-06
ACGAMT_FWD_484018.6.peg.605-MONOMER_mod_mg2(1),0.0,-6.071422168600948e-35
ACGK_REV_484018.6.peg.1222-MONOMER_mod_mg2(1),0.0,0.017233584748198718
ACGK_FWD_484018.6.peg.1222-MONOMER_mod_mg2(1),0.0,-0.017231881054746823
ACGS_REV_484018.6.peg.3389-MONOMER,0.0,0.008102750770385855
ACGS_FWD_484018.6.peg.3389-MONOMER,0.0,-0.008105086831697434
ACHBPL_REV_CPLX_ACHBPL-0,0.0,-1.8524878282875733e-06
ACHBPL_FWD_CPLX_ACHBPL-0,0.043771756112957305,-4.33199905666199e-35
ACKr_REV_484018.6.peg.205-MONOMER_mod_mg2(1),3.0263733599242495,-2.1153660137893653e-35
ACKr_FWD_484018.6.peg.205-MONOMER_mod_mg2(1),0.0,-1.8091714076106764e-06
ACLS_a_REV_CPLX_ACHBPL-0,0.0,-1.7013357428871804e-06
ACLS_a_FWD_CPLX_ACHBPL-0,0.0,-1.511520854003931e-07
ACLS_b_REV_CPLX_ACHBPL-0,0.0,-1.8524878282875733e-06
ACLS_b_FWD_CPLX_ACHBPL-0,2.1276938925536204e-22,7.644452623151408e-36
ACNML_REV_484018.6.peg.1287-MONOMER,0.0,-7.237568995108158e-07
ACNML_FWD_484018.6.peg.1287-MONOMER,0.0,-7.52287564101168e-37
ACOAAGPAT140_REV_484018.6.peg.1821-MONOMER,0.0,-6.05059262350106e-07
ACOAAGPAT140_FWD_484018.6.peg.1821-MONOMER,0.0,-3.3318535245648236e-36
ACOAAGPAT160_REV_484018.6.peg.1821-MONOMER,0.0,-6.05059262350106e-07
ACOAAGPAT160_FWD_484018.6.peg.1821-MONOMER,0.0,-3.3318535245648236e-36
ACOAAGPAT180_REV_484018.6.peg.1821-MONOMER,0.0,-6.05059262350106e-07
ACOAAGPAT180_FWD_484018.6.peg.1821-MONOMER,0.0,-3.3318535245648236e-36
ACOAAGPATAI15_REV_484018.6.peg.1821-MONOMER,0.0,-6.05059262350106e-07
ACOAAGPATAI15_FWD_484018.6.peg.1821-MONOMER,0.0,-3.7459067459633946e-35
ACOAAGPATAI17_REV_484018.6.peg.1821-MONOMER,0.0,-6.05059262350106e-07
ACOAAGPATAI17_FWD_484018.6.peg.1821-MONOMER,0.0,-3.3318535245648236e-36
ACOAAGPATI14_REV_484018.6.peg.1821-MONOMER,0.0,-6.05059262350106e-07
ACOAAGPATI14_FWD_484018.6.peg.1821-MONOMER,0.0,-3.7459067459633946e-35
ACOAAGPATI15_REV_484018.6.peg.1821-MONOMER,0.0,-6.05059262350106e-07
ACOAAGPATI15_FWD_484018.6.peg.1821-MONOMER,0.0,-7.384400151567814e-36
ACOAAGPATI16_REV_484018.6.peg.1821-MONOMER,0.0,-6.05059262350106e-07
ACOAAGPATI16_FWD_484018.6.peg.1821-MONOMER,0.0,-3.7459067459633946e-35
ACOAAGPATI17_REV_484018.6.peg.1821-MONOMER,0.0,-6.05059262350106e-07
ACOAAGPATI17_FWD_484018.6.peg.1821-MONOMER,0.0,-3.3318535245648236e-36
ACOATA_REV_CPLX_3OAS100-0,0.0,-1.5256782184709017e-36
ACOATA_FWD_CPLX_3OAS100-0,0.0,-2.3640759684958497e-06
ACOCT_REV_484018.6.peg.3325-MONOMER,0.0,-1.3252777842256182e-06
ACOCT_FWD_484018.6.peg.3325-MONOMER,0.0,2.5683603524538533e-38
ACODAr_REV_484018.6.peg.1183-MONOMER_mod_zn2(1),3.78009928880579e-49,-1.098225594338873e-36
ACODAr_FWD_484018.6.peg.1183-MONOMER_mod_zn2(1),0.0,-1.1876640982313977e-07
ACONT_REV_484018.6.peg.1787-MONOMER_mod_4fe4s(1),0.0,-2.1585918412047794e-06
ACONT_FWD_484018.6.peg.1787-MONOMER_mod_4fe4s(1),-1.0029769680980387e-22,-1.9152072983333006e-36
ACONTa_REV_484018.6.peg.1787-MONOMER_mod_4fe4s(1),0.0,-2.1585918412047794e-06
ACONTa_FWD_484018.6.peg.1787-MONOMER_mod_4fe4s(1),0.0,-2.828599619087133e-37
ACONTb_REV_484018.6.peg.1787-MONOMER_mod_4fe4s(1),0.0,-1.0792959206023897e-06
ACONTb_FWD_484018.6.peg.1787-MONOMER_mod_4fe4s(1),0.0,-1.0792959206023897e-06
ACOTA_REV_484018.6.peg.3386-MONOMER_mod_pydx5p(1),0.0,-1.264374695637095e-07
ACOTA_FWD_484018.6.peg.3386-MONOMER_mod_pydx5p(1),1.3374532141605943e-22,5.0447497941234464e-36
ACOTA_REV_484018.6.peg.1436-MONOMER_mod_pydx5p(1),0.0,-6.763562793029275e-07
ACOTA_FWD_484018.6.peg.1436-MONOMER_mod_pydx5p(1),0.0,-5.49918809739218e-07
ACPS1_REV_CPLX_dummy,0.0,-6.267925489158651e-07
ACPS1_FWD_CPLX_dummy,0.0,-7.48450104339207e-35
ACS_REV_484018.6.peg.2101-MONOMER,0.0,0.008108223737539211
ACS_FWD_484018.6.peg.2101-MONOMER,0.0,-0.008109984590735652
ACt2r_REV_CPLX_dummy,3.0316490937650395,9.090646939234118e-38
ACt2r_FWD_CPLX_dummy,0.0,-7.750918287433936e-07
ADCL_REV_484018.6.peg.3135-MONOMER,0.0,9.577185646523553e-08
ADCL_FWD_484018.6.peg.3135-MONOMER,0.0,-9.636685990137656e-36
ADCPS1_REV_484018.6.peg.2991-MONOMER,0.0,3.4769236687874604e-08
ADCPS1_FWD_484018.6.peg.2991-MONOMER,0.0,2.864552786183964e-36
ADCPS2_REV_484018.6.peg.2991-MONOMER,0.0,3.4769236687874604e-08
ADCPS2_FWD_484018.6.peg.2991-MONOMER,0.0,2.864552786183964e-36
ADCS_REV_484018.6.peg.3134-MONOMER,0.0,-3.5474874114624824e-07
ADCS_FWD_484018.6.peg.3134-MONOMER,0.0,7.676123343552914e-34
ADCS_REV_484018.6.peg.3022-MONOMER,0.0,-5.793969979511657e-07
ADCS_FWD_484018.6.peg.3022-MONOMER,0.0,-2.246482568049174e-07
ADCYRS_REV_484018.6.peg.2989-MONOMER,0.0,1.8084314032719576e-07
ADCYRS_FWD_484018.6.peg.2989-MONOMER,0.0,-5.163793473549884e-35
ADK1_REV_484018.6.peg.1082-MONOMER_mod_mg2(1),0.0,-3.5430019626100623e-07
ADK1_FWD_484018.6.peg.1082-MONOMER_mod_mg2(1),1.9040178924577145,6.903441622832621e-36
ADK10_REV_484018.6.peg.1082-MONOMER_mod_mg2(1),0.00744079202380981,-3.041085270293844e-36
ADK10_FWD_484018.6.peg.1082-MONOMER_mod_mg2(1),0.0,-3.5430019626100623e-07
ADK11_REV_484018.6.peg.1082-MONOMER_mod_mg2(1),0.0,-3.5430019626100623e-07
ADK11_FWD_484018.6.peg.1082-MONOMER_mod_mg2(1),0.0,-9.124508957545626e-36
ADK2_REV_484018.6.peg.1082-MONOMER_mod_mg2(1),0.0,1.521482495144991e-36
ADK2_FWD_484018.6.peg.1082-MONOMER_mod_mg2(1),0.0,-3.5430019626100623e-07
ADK3_REV_484018.6.peg.1082-MONOMER_mod_mg2(1),1.1376701093691655,-2.103218361292991e-35
ADK3_FWD_484018.6.peg.1082-MONOMER_mod_mg2(1),0.0,-3.5430019626100623e-07
ADK5_REV_484018.6.peg.1082-MONOMER_mod_mg2(1),0.05020050710243875,-1.2166220801171514e-35
ADK5_FWD_484018.6.peg.1082-MONOMER_mod_mg2(1),0.0,-3.5430019626100623e-07
ADK7_REV_484018.6.peg.1082-MONOMER_mod_mg2(1),0.0,-2.452495306322572e-07
ADK7_FWD_484018.6.peg.1082-MONOMER_mod_mg2(1),0.0,-1.0905066562874904e-07
ADK8_REV_484018.6.peg.1082-MONOMER_mod_mg2(1),0.003927435583434766,9.125762104209717e-36
ADK8_FWD_484018.6.peg.1082-MONOMER_mod_mg2(1),0.0,-3.5430019626100623e-07
ADK9_REV_484018.6.peg.1082-MONOMER_mod_mg2(1),0.0,-1.2166220801171514e-35
ADK9_FWD_484018.6.peg.1082-MONOMER_mod_mg2(1),0.0,-3.5430019626100623e-07
ADNCNT3tc_REV_484018.6.peg.603-MONOMER,0.0,-2.5152671817641873e-06
ADNCNT3tc_FWD_484018.6.peg.603-MONOMER,0.031125095766753763,1.6606221199787794e-37
ADOCBIK_REV_484018.6.peg.2986-MONOMER,0.0,1.9922148418097348e-07
ADOCBIK_FWD_484018.6.peg.2986-MONOMER,0.0,-7.00869399446575e-36
ADOCBIK2_REV_484018.6.peg.2986-MONOMER,0.0,5.535216804419797e-07
ADOCBIK2_FWD_484018.6.peg.2986-MONOMER,0.0,-3.5430019626100623e-07
ADOCBLS_REV_484018.6.peg.2988-MONOMER,0.0,-4.524926576922287e-06
ADOCBLS_FWD_484018.6.peg.2988-MONOMER,0.0,-3.0993990953227e-36
ADOCBLabc_REV_CPLX_ADOCBLabc-0,0.0,-1.7170552194275377e-06
ADOCBLabc_FWD_CPLX_ADOCBLabc-0,0.0,1.57009071099288e-35
ADPT_REV_484018.6.peg.960-MONOMER_mod_mn2(1),0.0,-2.5663866627939655e-07
ADPT_FWD_484018.6.peg.960-MONOMER_mod_mn2(1),0.025680425872253294,-7.351920835536096e-35
ADPT_REV_484018.6.peg.960-MONOMER_mod_mg2(1),0.0,-2.6094850372059124e-07
ADPT_FWD_484018.6.peg.960-MONOMER_mod_mg2(1),0.0,-4.309837441194715e-09
ADSELK_REV_484018.6.peg.1116-MONOMER_mod_cd2(1),0.0,1.1609456749432022e-06
ADSELK_FWD_484018.6.peg.1116-MONOMER_mod_cd2(1),0.0,-1.08772667163023e-35
ADSELK_REV_484018.6.peg.1116-MONOMER_mod_mg2(1),0.0,1.1552324464710042e-06
ADSELK_FWD_484018.6.peg.1116-MONOMER_mod_mg2(1),0.0,-5.71322847219806e-09
ADSELK_REV_484018.6.peg.1116-MONOMER_mod_mn2(1),0.0,1.1587223816244075e-06
ADSELK_FWD_484018.6.peg.1116-MONOMER_mod_mn2(1),0.0,-2.2232933187948016e-09
ADSELK_REV_484018.6.peg.1116-MONOMER_mod_cobalt2(1),0.0,1.1599542959022722e-06
ADSELK_FWD_484018.6.peg.1116-MONOMER_mod_cobalt2(1),0.0,-9.913790409299917e-10
ADSK_REV_484018.6.peg.1116-MONOMER_mod_cd2(1),0.0,1.1609456749432022e-06
ADSK_FWD_484018.6.peg.1116-MONOMER_mod_cd2(1),0.0,1.2499546805032635e-35
ADSK_REV_484018.6.peg.1116-MONOMER_mod_mg2(1),0.0,1.1552324464710042e-06
ADSK_FWD_484018.6.peg.1116-MONOMER_mod_mg2(1),0.0,-5.71322847219806e-09
ADSK_REV_484018.6.peg.1116-MONOMER_mod_mn2(1),0.0,1.1587223816244075e-06
ADSK_FWD_484018.6.peg.1116-MONOMER_mod_mn2(1),0.0,-2.2232933187948016e-09
ADSK_REV_484018.6.peg.1116-MONOMER_mod_cobalt2(1),0.0,1.1599542959022722e-06
ADSK_FWD_484018.6.peg.1116-MONOMER_mod_cobalt2(1),0.0,-9.913790409299917e-10
ADSL1r_REV_484018.6.peg.3343-MONOMER,0.0,-8.573133713818222e-07
ADSL1r_FWD_484018.6.peg.3343-MONOMER,0.007918266534298921,3.5293646043346366e-36
ADSL2r_REV_484018.6.peg.3343-MONOMER,0.0,-8.573133713818222e-07
ADSL2r_FWD_484018.6.peg.3343-MONOMER,0.0,6.72686930640625e-36
ADSS_REV_484018.6.peg.2160-MONOMER_mod_mg2(1),0.0,-1.9215929298329295e-06
ADSS_FWD_484018.6.peg.2160-MONOMER_mod_mg2(1),0.007918266534298921,7.264759498940888e-36
AEPPT_REV_484018.6.peg.762-MONOMER,0.0,-6.274651051300697e-07
AEPPT_FWD_484018.6.peg.762-MONOMER,0.0,1.5612717101826376e-35
AGDC_REV_CPLX_AGDC-0,0.0,0.008104382809810155
AGDC_FWD_CPLX_AGDC-0,0.0,-0.008104482087021884
AGMD_REV_484018.6.peg.226-MONOMER,0.0,-1.1680051393186142e-06
AGMD_FWD_484018.6.peg.226-MONOMER,0.0,2.9379463277375044e-40
AGMHE_REV_CPLX_dummy,0.0,-7.750918287433936e-07
AGMHE_FWD_CPLX_dummy,0.010551467681580315,-2.265181310652127e-35
AGPAT120_REV_484018.6.peg.1821-MONOMER,0.0,-6.059765797861634e-07
AGPAT120_FWD_484018.6.peg.1821-MONOMER,0.0,-9.334787313438372e-37
AGPAT140_REV_484018.6.peg.1821-MONOMER,0.0,5.424971574666462e-07
AGPAT140_FWD_484018.6.peg.1821-MONOMER,0.0,-1.1484742934161298e-06
AGPAT141_REV_484018.6.peg.1821-MONOMER,0.0,-6.027688554008809e-07
AGPAT141_FWD_484018.6.peg.1821-MONOMER,0.0,3.477903411704904e-38
AGPAT160_REV_484018.6.peg.1821-MONOMER,0.0,5.424971574666462e-07
AGPAT160_FWD_484018.6.peg.1821-MONOMER,0.0,-1.148473770167422e-06
AGPAT161_REV_484018.6.peg.1821-MONOMER,0.0,-6.027688554008809e-07
AGPAT161_FWD_484018.6.peg.1821-MONOMER,0.0,-9.334787313438372e-37
AGPAT180_REV_484018.6.peg.1821-MONOMER,0.0,-6.059758672310757e-07
AGPAT180_FWD_484018.6.peg.1821-MONOMER,0.0,3.477903411704904e-38
AGPAT181_REV_484018.6.peg.1821-MONOMER,0.0,-6.027688554008809e-07
AGPAT181_FWD_484018.6.peg.1821-MONOMER,0.0,-9.334787313438372e-37
AGPR_REV_484018.6.peg.3387-MONOMER,0.0,-1.8518333392499257e-06
AGPR_FWD_484018.6.peg.3387-MONOMER,1.3374532141605943e-22,-3.181986480570375e-34
AHCYSNS_r_REV_484018.6.peg.910-MONOMER,0.0,-2.9467598434238024e-06
AHCYSNS_r_FWD_484018.6.peg.910-MONOMER,0.004551437732325669,2.8044223257152408e-34
AHEXASE3_REV_CPLX_AHEXASE3-0,0.0,0.0
AHEXASE3_FWD_CPLX_AHEXASE3-0,0.0,-2.3676915272675918e-07
AHEXASE3_REV_484018.6.peg.1279-MONOMER,0.0,-6.58462908888877e-07
AHEXASE3_FWD_484018.6.peg.1279-MONOMER,0.0,-8.952320616156362e-07
AHEXASE3_REV_484018.6.peg.2458-MONOMER,0.0,-9.317900398479443e-07
AHEXASE3_FWD_484018.6.peg.2458-MONOMER,0.0,-1.1685591925747035e-06
AHEXASE3_REV_484018.6.peg.38-MONOMER,0.0,-8.132133581714015e-07
AHEXASE3_FWD_484018.6.peg.38-MONOMER,0.0,-1.0499825108981607e-06
AHEXASE3_REV_484018.6.peg.2642-MONOMER,0.0,-9.315281777737893e-07
AHEXASE3_FWD_484018.6.peg.2642-MONOMER,0.0,-1.1682973305005486e-06
AHEXASE3_REV_484018.6.peg.130-MONOMER,0.0,-1.9538750318713012e-07
AHEXASE3_FWD_484018.6.peg.130-MONOMER,0.0,-4.321566559138893e-07
AHEXASE3_REV_484018.6.peg.975-MONOMER,0.0,-4.590731642792059e-08
AHEXASE3_FWD_484018.6.peg.975-MONOMER,0.0,-2.826764691546798e-07
AHMMPS_REV_484018.6.peg.3122-MONOMER,0.0,-2.8002191327291694e-06
AHMMPS_FWD_484018.6.peg.3122-MONOMER,4.359458374455337e-08,3.2791592264639607e-35
AHSERL2_REV_484018.6.peg.2183-MONOMER_mod_pydx5p(1),0.0,-2.160041359714946e-06
AHSERL2_FWD_484018.6.peg.2183-MONOMER_mod_pydx5p(1),0.0,-5.465525622109828e-07
AHSERL2_REV_484018.6.peg.1141-MONOMER,0.0,-1.613488797503963e-06
AHSERL2_FWD_484018.6.peg.1141-MONOMER,0.0,-2.934464146958103e-34
AHSERL3_REV_484018.6.peg.2183-MONOMER_mod_pydx5p(1),0.0,-2.688517101265661e-06
AHSERL3_FWD_484018.6.peg.2183-MONOMER_mod_pydx5p(1),0.0,-5.465525622109828e-07
AHSERL3_REV_484018.6.peg.1141-MONOMER,0.0,-2.1419645390546783e-06
AHSERL3_FWD_484018.6.peg.1141-MONOMER,0.0,1.786361760543595e-36
AICART_REV_484018.6.peg.2220-MONOMER,0.0,-7.663792309871012e-07
AICART_FWD_484018.6.peg.2220-MONOMER,0.007918266534298921,4.832079841911351e-35
AICART_REV_484018.6.peg.2217-MONOMER,0.0,-9.804543399296752e-07
AICART_FWD_484018.6.peg.2217-MONOMER,0.0,-2.140751089425741e-07
AIHPDCOATA_REV_484018.6.peg.2613-MONOMER,0.0,-2.2928224326842793e-06
AIHPDCOATA_FWD_484018.6.peg.2613-MONOMER,0.0,-1.3518108551723774e-35
AIPDCOATA_REV_484018.6.peg.2613-MONOMER,0.0,1.1431027654788898e-34
AIPDCOATA_FWD_484018.6.peg.2613-MONOMER,0.0,-2.2928224326842793e-06
AIRC4_REV_484018.6.peg.3292-MONOMER,0.0,0.008106021908500521
AIRC4_FWD_484018.6.peg.3292-MONOMER,0.0,-0.008105400558956095
AKP1_REV_484018.6.peg.1957-MONOMER,0.0,-5.746007475774954e-07
AKP1_FWD_484018.6.peg.1957-MONOMER,0.0,-6.586767406825097e-07
AKP1_REV_484018.6.peg.1191-MONOMER_mod_zn2(1)_mod_mg2(1),0.0,8.40759931050142e-08
AKP1_FWD_484018.6.peg.1191-MONOMER_mod_zn2(1)_mod_mg2(1),-3.8643384819182894e-49,-3.574569230078414e-35
ALAALA_REV_484018.6.peg.3329-MONOMER,0.0,4.94873080521538e-08
ALAALA_FWD_484018.6.peg.3329-MONOMER,0.0,-1.5798574430693142e-35
ALAASP1c_REV_484018.6.peg.280-MONOMER_mod_fe2(2),0.0,-1.0547521391348567e-06
ALAASP1c_FWD_484018.6.peg.280-MONOMER_mod_fe2(2),0.0,-7.523727361742316e-07
ALAASP1c_REV_484018.6.peg.855-MONOMER,0.0,-5.700556743415013e-07
ALAASP1c_FWD_484018.6.peg.855-MONOMER,0.0,-2.676762713808762e-07
ALAASP1c_REV_484018.6.peg.1873-MONOMER,0.0,-4.3507924105843506e-07
ALAASP1c_FWD_484018.6.peg.1873-MONOMER,0.0,-1.3269983809780987e-07
ALAASP1c_REV_484018.6.peg.2863-MONOMER,0.0,-3.023794029606252e-07
ALAASP1c_FWD_484018.6.peg.2863-MONOMER,2.364248137005255e-51,-8.934154260604168e-37
ALACI_REV_484018.6.peg.2453-MONOMER_mod_mg2(1),0.0,-7.95418137830778e-37
ALACI_FWD_484018.6.peg.2453-MONOMER_mod_mg2(1),0.0,-1.41499421931394e-06
ALAD_R_REV_CPLX_dummy,0.043585720280969804,-2.4848475093882234e-35
ALAD_R_FWD_CPLX_dummy,0.0,-7.750918287433936e-07
ALAGLN1c_REV_484018.6.peg.280-MONOMER_mod_fe2(2),0.0,-1.0547521391348567e-06
ALAGLN1c_FWD_484018.6.peg.280-MONOMER_mod_fe2(2),0.0,-7.523727361742316e-07
ALAGLN1c_REV_484018.6.peg.855-MONOMER,0.0,-5.700556743415013e-07
ALAGLN1c_FWD_484018.6.peg.855-MONOMER,0.0,-2.676762713808762e-07
ALAGLN1c_REV_484018.6.peg.1873-MONOMER,0.0,-4.3507924105843506e-07
ALAGLN1c_FWD_484018.6.peg.1873-MONOMER,0.0,-1.3269983809780987e-07
ALAGLN1c_REV_484018.6.peg.2863-MONOMER,0.0,-3.023794029606252e-07
ALAGLN1c_FWD_484018.6.peg.2863-MONOMER,3.1179289829437874e-51,-7.983564523898583e-37
ALAGLU1c_REV_484018.6.peg.280-MONOMER_mod_fe2(2),0.0,-1.0547521391348567e-06
ALAGLU1c_FWD_484018.6.peg.280-MONOMER_mod_fe2(2),0.0,-7.523727361742316e-07
ALAGLU1c_REV_484018.6.peg.855-MONOMER,0.0,-5.700556743415013e-07
ALAGLU1c_FWD_484018.6.peg.855-MONOMER,0.0,-2.676762713808762e-07
ALAGLU1c_REV_484018.6.peg.1873-MONOMER,0.0,-4.3507924105843506e-07
ALAGLU1c_FWD_484018.6.peg.1873-MONOMER,0.0,-1.3269983809780987e-07
ALAGLU1c_REV_484018.6.peg.2863-MONOMER,0.0,-3.023794029606252e-07
ALAGLU1c_FWD_484018.6.peg.2863-MONOMER,0.0,1.2878329964625609e-36
ALAGLY1c_REV_484018.6.peg.280-MONOMER_mod_fe2(2),0.0,-1.0547521391348567e-06
ALAGLY1c_FWD_484018.6.peg.280-MONOMER_mod_fe2(2),0.0,-7.523727361742316e-07
ALAGLY1c_REV_484018.6.peg.855-MONOMER,0.0,-5.700556743415013e-07
ALAGLY1c_FWD_484018.6.peg.855-MONOMER,0.0,-2.676762713808762e-07
ALAGLY1c_REV_484018.6.peg.1873-MONOMER,0.0,-4.3507924105843506e-07
ALAGLY1c_FWD_484018.6.peg.1873-MONOMER,0.0,-1.3269983809780987e-07
ALAGLY1c_REV_484018.6.peg.2863-MONOMER,0.0,-3.023794029606252e-07
ALAGLY1c_FWD_484018.6.peg.2863-MONOMER,0.0,1.0603276779034059e-35
ALAHIS1c_REV_484018.6.peg.280-MONOMER_mod_fe2(2),0.0,-7.523727361742316e-07
ALAHIS1c_FWD_484018.6.peg.280-MONOMER_mod_fe2(2),0.0,-1.0547521391348567e-06
ALAHIS1c_REV_484018.6.peg.855-MONOMER,0.0,-2.676762713808762e-07
ALAHIS1c_FWD_484018.6.peg.855-MONOMER,0.0,-5.700556743415013e-07
ALAHIS1c_REV_484018.6.peg.1873-MONOMER,0.0,-1.3269983809780987e-07
ALAHIS1c_FWD_484018.6.peg.1873-MONOMER,0.0,-4.3507924105843506e-07
ALAHIS1c_REV_484018.6.peg.2863-MONOMER,-1.0550862383794338e-50,-1.174197375587906e-35
ALAHIS1c_FWD_484018.6.peg.2863-MONOMER,0.0,-3.023794029606252e-07
ALALEU1c_REV_484018.6.peg.280-MONOMER_mod_fe2(2),0.0,-1.0547521391348567e-06
ALALEU1c_FWD_484018.6.peg.280-MONOMER_mod_fe2(2),0.0,-7.523727361742316e-07
ALALEU1c_REV_484018.6.peg.855-MONOMER,0.0,-5.700556743415013e-07
ALALEU1c_FWD_484018.6.peg.855-MONOMER,0.0,-2.676762713808762e-07
ALALEU1c_REV_484018.6.peg.1873-MONOMER,0.0,-4.3507924105843506e-07
ALALEU1c_FWD_484018.6.peg.1873-MONOMER,0.0,-1.3269983809780987e-07
ALALEU1c_REV_484018.6.peg.2863-MONOMER,0.0,-3.023794029606252e-07
ALALEU1c_FWD_484018.6.peg.2863-MONOMER,0.0,5.119331857059819e-37
ALAR_REV_484018.6.peg.1227-MONOMER,0.0,-1.5201296957985262e-06
ALAR_FWD_484018.6.peg.1227-MONOMER,0.0,-2.1256393195140057e-34
ALATHR1c_REV_484018.6.peg.280-MONOMER_mod_fe2(2),0.0,-1.0547521391348567e-06
ALATHR1c_FWD_484018.6.peg.280-MONOMER_mod_fe2(2),0.0,-7.523727361742316e-07
ALATHR1c_REV_484018.6.peg.855-MONOMER,0.0,-5.700556743415013e-07
ALATHR1c_FWD_484018.6.peg.855-MONOMER,0.0,-2.676762713808762e-07
ALATHR1c_REV_484018.6.peg.1873-MONOMER,0.0,-4.3507924105843506e-07
ALATHR1c_FWD_484018.6.peg.1873-MONOMER,0.0,-1.3269983809780987e-07
ALATHR1c_REV_484018.6.peg.2863-MONOMER,0.0,-3.023794029606252e-07
ALATHR1c_FWD_484018.6.peg.2863-MONOMER,1.931888377299673e-51,-1.9699580894215293e-36
ALCD1_REV_CPLX_dummy,0.0,-7.750918287433936e-07
ALCD1_FWD_CPLX_dummy,0.004493996475699539,-7.636742877272021e-36
ALCD19_REV_484018.6.peg.1644-MONOMER,0.0,-1.4515181762742406e-35
ALCD19_FWD_484018.6.peg.1644-MONOMER,0.0,-4.93344001803586e-07
ALCD19_REV_484018.6.peg.1664-MONOMER,0.0,-1.5204169215756592e-07
ALCD19_FWD_484018.6.peg.1664-MONOMER,0.0,-6.45385693961152e-07
ALCD19_REV_484018.6.peg.1140-MONOMER,0.0,-1.0322674693797725e-07
ALCD19_FWD_484018.6.peg.1140-MONOMER,0.0,-5.965707487415633e-07
ALCD2x_REV_484018.6.peg.1644-MONOMER,0.0,1.283476232010629e-35
ALCD2x_FWD_484018.6.peg.1644-MONOMER,0.0,-4.93344001803586e-07
ALCD2x_REV_484018.6.peg.1664-MONOMER,0.0,-1.5204169215756592e-07
ALCD2x_FWD_484018.6.peg.1664-MONOMER,0.0,-6.45385693961152e-07
ALCD2x_REV_484018.6.peg.1140-MONOMER,0.0,-1.0322674693797725e-07
ALCD2x_FWD_484018.6.peg.1140-MONOMER,0.0,-5.965707487415633e-07
ALCD4_REV_484018.6.peg.352-MONOMER,0.0,-8.31527433150763e-07
ALCD4_FWD_484018.6.peg.352-MONOMER,0.0,-3.23113626828083e-07
ALCD4_REV_484018.6.peg.545-MONOMER,0.0,-5.0841380632268e-07
ALCD4_FWD_484018.6.peg.545-MONOMER,0.0,-1.4916517129788713e-35
ALDD1_REV_CPLX_dummy,0.0,-7.750918287433936e-07
ALDD1_FWD_CPLX_dummy,0.004493996475699539,-7.636742877272021e-36
ALKP_REV_484018.6.peg.1957-MONOMER,0.0,-5.746007475774954e-07
ALKP_FWD_484018.6.peg.1957-MONOMER,0.0,-6.586767406825097e-07
ALKP_REV_484018.6.peg.1191-MONOMER_mod_zn2(1)_mod_mg2(1),0.0,8.40759931050142e-08
ALKP_FWD_484018.6.peg.1191-MONOMER_mod_zn2(1)_mod_mg2(1),0.0,5.804222512046421e-37
ALLTNRS_REV_CPLX_dummy,0.0,-7.750918287433936e-07
ALLTNRS_FWD_CPLX_dummy,0.0,-1.7282296515639446e-37
ALLTNS_REV_CPLX_dummy,0.0,-7.750918287433936e-07
ALLTNS_FWD_CPLX_dummy,0.0,-1.7282296515639446e-37
ALTRH_REV_484018.6.peg.324-MONOMER,0.0,-4.012270794678584e-07
ALTRH_FWD_484018.6.peg.324-MONOMER,0.0,-2.0998051912376894e-07
ALTRH_REV_484018.6.peg.3089-MONOMER,0.0,-3.4801252535254576e-07
ALTRH_FWD_484018.6.peg.3089-MONOMER,0.0,-1.5676596500845635e-07
ALTRH_REV_484018.6.peg.1642-MONOMER,0.0,-1.912465603440894e-07
ALTRH_FWD_484018.6.peg.1642-MONOMER,0.0,1.9507197160653647e-36
AMALT1_REV_484018.6.peg.1157-MONOMER,0.0,-1.3177638085781098e-06
AMALT1_FWD_484018.6.peg.1157-MONOMER,0.0,8.129271599866194e-36
AMALT2_REV_484018.6.peg.1157-MONOMER,0.0,-1.3177638085781098e-06
AMALT2_FWD_484018.6.peg.1157-MONOMER,0.0,8.129271599866194e-36
AMALT3_REV_484018.6.peg.1157-MONOMER,0.0,-1.3177638085781098e-06
AMALT3_FWD_484018.6.peg.1157-MONOMER,0.0,8.129271599866194e-36
AMALT4_REV_484018.6.peg.1157-MONOMER,0.0,-1.3177638085781098e-06
AMALT4_FWD_484018.6.peg.1157-MONOMER,0.0,2.0468532846133356e-35
AMAOTr_REV_484018.6.peg.2098-MONOMER_mod_pydx5p(1),0.0,-2.9860111352198768e-06
AMAOTr_FWD_484018.6.peg.2098-MONOMER_mod_pydx5p(1),0.004493996475699539,-2.0739829555299416e-35
AMMQT8r_REV_484018.6.peg.2373-MONOMER,0.0,-9.515939782665547e-07
AMMQT8r_FWD_484018.6.peg.2373-MONOMER,0.0,-3.3594520907203895e-35
AMOPBHL_REV_CPLX_dummy,0.0,0.060429362089157
AMOPBHL_FWD_CPLX_dummy,0.0,-0.06043013718098574
AMPMS2_REV_484018.6.peg.3122-MONOMER,0.0,0.007082272702598835
AMPMS2_FWD_484018.6.peg.3122-MONOMER,0.0,-0.007085072921731564
AMPN_REV_484018.6.peg.316-MONOMER,0.0,0.016212823897360493
AMPN_FWD_484018.6.peg.316-MONOMER,0.0,-0.016214140647373726
AMPTASECG_REV_484018.6.peg.280-MONOMER_mod_fe2(2),0.0,-1.0547521391348567e-06
AMPTASECG_FWD_484018.6.peg.280-MONOMER_mod_fe2(2),0.0,-7.523727361742316e-07
AMPTASECG_REV_484018.6.peg.855-MONOMER,0.0,-5.700556743415013e-07
AMPTASECG_FWD_484018.6.peg.855-MONOMER,0.0,-2.676762713808762e-07
AMPTASECG_REV_484018.6.peg.1873-MONOMER,0.0,-4.3507924105843506e-07
AMPTASECG_FWD_484018.6.peg.1873-MONOMER,0.0,-1.3269983809780987e-07
AMPTASECG_REV_484018.6.peg.2863-MONOMER,0.0,-3.023794029606252e-07
AMPTASECG_FWD_484018.6.peg.2863-MONOMER,0.0,-5.936289031452443e-36
AMPTASEGC_REV_484018.6.peg.280-MONOMER_mod_fe2(2),0.0,-1.0547521391348567e-06
AMPTASEGC_FWD_484018.6.peg.280-MONOMER_mod_fe2(2),0.0,-7.523727361742316e-07
AMPTASEGC_REV_484018.6.peg.855-MONOMER,0.0,-5.700556743415013e-07
AMPTASEGC_FWD_484018.6.peg.855-MONOMER,0.0,-2.676762713808762e-07
AMPTASEGC_REV_484018.6.peg.1873-MONOMER,0.0,-4.3507924105843506e-07
AMPTASEGC_FWD_484018.6.peg.1873-MONOMER,0.0,-1.3269983809780987e-07
AMPTASEGC_REV_484018.6.peg.2863-MONOMER,0.0,-3.023794029606252e-07
AMPTASEGC_FWD_484018.6.peg.2863-MONOMER,0.0,-3.343158068255539e-35
ANPRT_REV_484018.6.peg.3021-MONOMER,0.0,-2.1644347528086376e-06
ANPRT_FWD_484018.6.peg.3021-MONOMER,0.004349750446275823,-7.08329751427053e-36
ANS_REV_CPLX_ANS-0,0.0,3.704414428419876e-07
ANS_FWD_CPLX_ANS-0,0.0,-1.7137363011752918e-06
ANS2_REV_CPLX_ANS-0,0.0,-1.3432948583333042e-06
ANS2_FWD_CPLX_ANS-0,0.004349750446275823,-6.073257372078776e-36
AOBUTDs_REV_CPLX_dummy,0.0,-7.750918287433936e-07
AOBUTDs_FWD_CPLX_dummy,0.0,1.8045034741748675e-36
AOXHEXCYCL_REV_CPLX_dummy,0.0,-1.1419379908117697e-40
AOXHEXCYCL_FWD_CPLX_dummy,0.0,-7.750918287433936e-07
AOXSr_REV_484018.6.peg.273-MONOMER,0.0,-3.0602764931189663e-35
AOXSr_FWD_484018.6.peg.273-MONOMER,0.0,-1.4734796666548042e-06
AOXSr_REV_484018.6.peg.2099-MONOMER,0.0,-1.5652977822557467e-07
AOXSr_FWD_484018.6.peg.2099-MONOMER,0.0,-1.630009444880379e-06
AOXSr2_REV_484018.6.peg.273-MONOMER,0.0,-1.4711892597055792e-06
AOXSr2_FWD_484018.6.peg.273-MONOMER,0.004493996475699539,8.312709502144793e-35
AOXSr2_REV_484018.6.peg.2099-MONOMER,0.0,-1.6277190379311537e-06
AOXSr2_FWD_484018.6.peg.2099-MONOMER,0.0,-1.5652977822557467e-07
APRAUR_REV_484018.6.peg.829-MONOMER,0.0,-2.003888227613379e-06
APRAUR_FWD_484018.6.peg.829-MONOMER,0.0014164158354695298,1.2835861973846164e-34
ARABASE3e_REV_484018.6.peg.1331-MONOMER,0.0,-8.860328875064112e-07
ARABASE3e_FWD_484018.6.peg.1331-MONOMER,0.0,-1.0349382499900648e-06
ARABASE3e_REV_484018.6.peg.2354-MONOMER,0.0,-7.868112788264678e-08
ARABASE3e_FWD_484018.6.peg.2354-MONOMER,0.0,-2.275864903663004e-07
ARABASE3e_REV_484018.6.peg.3340-MONOMER,0.0,1.4890536248365363e-07
ARABASE3e_FWD_484018.6.peg.3340-MONOMER,0.0,-2.7279326552923055e-37
ARAI_REV_484018.6.peg.2121-MONOMER_mod_mn2(1),0.0,-3.5437929569276312e-06
ARAI_FWD_484018.6.peg.2121-MONOMER_mod_mn2(1),0.17878295,-1.3292191139276428e-36
ARBabc_REV_CPLX_dummy,0.0,-7.750918287433936e-07
ARBabc_FWD_CPLX_dummy,0.17878295,-3.177388213948211e-36
ARGDC_REV_484018.6.peg.1221-MONOMER_mod_mg2(1)_mod_pydx5p(4),0.0,-1.1588145255389591e-06
ARGDC_FWD_484018.6.peg.1221-MONOMER_mod_mg2(1)_mod_pydx5p(4),0.0,6.03505859202915e-37
ARGN_REV_484018.6.peg.2913-MONOMER,0.0,-1.2782317364141915e-06
ARGN_FWD_484018.6.peg.2913-MONOMER,0.0,-2.234287232280823e-07
ARGN_REV_484018.6.peg.2901-MONOMER,0.0,-1.0548030131861093e-06
ARGN_FWD_484018.6.peg.2901-MONOMER,1.3374532141605943e-22,2.474224872443363e-35
ARGSL_REV_484018.6.peg.823-MONOMER,0.0,-1.3422631693864746e-07
ARGSL_FWD_484018.6.peg.823-MONOMER,0.0,-9.915396883204698e-07
ARGSL_REV_484018.6.peg.3343-MONOMER,0.0,-1.0759521527974425e-36
ARGSL_FWD_484018.6.peg.3343-MONOMER,0.0,-8.573133713818222e-07
ARGSSr_REV_484018.6.peg.3388-MONOMER_mod_mg2(1),0.0,-1.1853055065641398e-06
ARGSSr_FWD_484018.6.peg.3388-MONOMER_mod_mg2(1),0.0,-1.6795663495560954e-35
ARGt2r_REV_CPLX_dummy,0.0,-7.750918287433936e-07
ARGt2r_FWD_CPLX_dummy,0.02130660684936943,-2.960686810788599e-37
ASAD_REV_484018.6.peg.1053-MONOMER,0.0,-2.1182304993495794e-35
ASAD_FWD_484018.6.peg.1053-MONOMER,0.0,-3.323522492333039e-07
ASNS1_REV_484018.6.peg.1936-MONOMER_mod_mg2(1),0.0,0.01621419797400261
ASNS1_FWD_484018.6.peg.1936-MONOMER_mod_mg2(1),0.0,-0.016216647119783396
ASNS2_REV_484018.6.peg.1713-MONOMER_mod_mg2(1),0.0,0.0162134590927501
ASNS2_FWD_484018.6.peg.1713-MONOMER_mod_mg2(1),0.0,-0.016213958528433558
ASNt2r_REV_CPLX_dummy,0.0,-7.750918287433936e-07
ASNt2r_FWD_CPLX_dummy,0.225,4.681952270697963e-37
ASP1DC_REV_484018.6.peg.2349-MONOMER,0.0,-8.454717896154005e-07
ASP1DC_FWD_484018.6.peg.2349-MONOMER,0.0007082368396912849,-1.9003884042751272e-34
ASPCT_REV_484018.6.peg.1466-MONOMER,0.0,0.0428731048119903
ASPCT_FWD_484018.6.peg.1466-MONOMER,0.0,-0.04287207791987433
ASPKi_REV_484018.6.peg.2084-MONOMER,0.0,0.012167660584610116
ASPKi_FWD_484018.6.peg.2084-MONOMER,0.0,-0.012168948396126169
ASPKi_REV_484018.6.peg.2566-MONOMER,0.0,0.012167516723753675
ASPKi_FWD_484018.6.peg.2566-MONOMER,0.0,-0.012169092256982608
ASPO1_REV_484018.6.peg.1259-MONOMER_mod_fad(1),0.0,0.007089570627650275
ASPO1_FWD_484018.6.peg.1259-MONOMER_mod_fad(1),0.0,-0.007091359993451626
ASPO5_REV_CPLX_dummy,0.0,0.04152580647171605
ASPO5_FWD_CPLX_dummy,0.0,-0.041526581563544794
ASPO6_REV_484018.6.peg.1259-MONOMER_mod_fad(1),0.0,0.04152393538647419
ASPO6_FWD_484018.6.peg.1259-MONOMER_mod_fad(1),0.0,-0.04152572475227554
ASPO7_REV_484018.6.peg.1259-MONOMER_mod_fad(1),0.0,0.03443347154611599
ASPO7_FWD_484018.6.peg.1259-MONOMER_mod_fad(1),0.0,-0.03443526091191734
ASPT_REV_484018.6.peg.2084-MONOMER,0.0,-1.2878115160534641e-06
ASPT_FWD_484018.6.peg.2084-MONOMER,0.07961149247291882,-1.189785507064357e-34
ASPT_REV_484018.6.peg.2566-MONOMER,0.0,-1.4316723724929394e-06
ASPT_FWD_484018.6.peg.2566-MONOMER,0.0,-1.438608564394753e-07
ASPTA_REV_484018.6.peg.1417-MONOMER,0.0,-1.6395697942915575e-06
ASPTA_FWD_484018.6.peg.1417-MONOMER,0.0,-2.161881571469035e-07
ASPTA_REV_484018.6.peg.28-MONOMER,0.0,-1.4615862232121748e-06
ASPTA_FWD_484018.6.peg.28-MONOMER,0.0,-3.820458606752094e-08
ASPTA_REV_484018.6.peg.1782-MONOMER,0.0,-1.4899311488180742e-06
ASPTA_FWD_484018.6.peg.1782-MONOMER,0.0,-6.654951167342016e-08
ASPTA_REV_484018.6.peg.2543-MONOMER,0.0,-1.423381637144654e-06
ASPTA_FWD_484018.6.peg.2543-MONOMER,0.07296276285520467,-4.894243969754811e-35
ATPPRT_REV_484018.6.peg.2031-MONOMER,0.0,-6.205878551200249e-07
ATPPRT_FWD_484018.6.peg.2031-MONOMER,0.007918266534298921,-1.610813783238666e-35
ATPS4_REV_CPLX_ATPS4-0,0.0,-1.695156124241385e-07
ATPS4_FWD_CPLX_ATPS4-0,2.5783938764644696,-1.0576687210807093e-35
BACCLi_REV_484018.6.peg.1100-MONOMER,0.0,-3.783208960573459e-09
BACCLi_FWD_484018.6.peg.1100-MONOMER,0.0,-1.0364578302177244e-35
BGLA_REV_484018.6.peg.1318-MONOMER,0.0,-9.264464409121342e-07
BGLA_FWD_484018.6.peg.1318-MONOMER,0.0,-1.2275909723277531e-09
BGLAr_REV_484018.6.peg.3397-MONOMER,0.0,-9.252188499398065e-07
BGLAr_FWD_484018.6.peg.3397-MONOMER,0.07449289,6.942674401678938e-36
BGLAr_REV_484018.6.peg.1532-MONOMER,0.0,-1.2035740493813325e-06
BGLAr_FWD_484018.6.peg.1532-MONOMER,0.0,-2.7835519944152605e-07
BGLAr_REV_484018.6.peg.1318-MONOMER,0.0,-9.264464409121342e-07
BGLAr_FWD_484018.6.peg.1318-MONOMER,0.0,-1.2275909723277531e-09
BPNT_REV_484018.6.peg.1114-MONOMER_mod_mg2(1),0.0,-9.904630195141281e-07
BPNT_FWD_484018.6.peg.1114-MONOMER_mod_mg2(1),0.0,-9.077768024216132e-36
BTNCLi_REV_CPLX_BTNCLi-0,0.0,4.326642943087322e-07
BTNCLi_FWD_CPLX_BTNCLi-0,0.0,-3.538949632751358e-07
BTNabc_REV_CPLX_dummy,0.0,0.008105150029167448
BTNabc_FWD_CPLX_dummy,0.0,-0.008105925120996192
BTS4_REV_484018.6.peg.2097-MONOMER_mod_4fe4s(1)_mod_2fe2s(1),0.0,-2.565797165991615e-06
BTS4_FWD_484018.6.peg.2097-MONOMER_mod_4fe4s(1)_mod_2fe2s(1),0.004493996475699539,4.6508126170865016e-35
BUTKr_REV_484018.6.peg.835-MONOMER,0.0,-1.6731427187667398e-06
BUTKr_FWD_484018.6.peg.835-MONOMER,0.0,7.667737089277282e-36
CA2abc_REV_CPLX_dummy,0.0,-7.750918287433936e-07
CA2abc_FWD_CPLX_dummy,0.0,1.5234062037304518e-36
CBIAT_REV_484018.6.peg.1154-MONOMER,0.0,-8.939550852271576e-36
CBIAT_FWD_484018.6.peg.1154-MONOMER,0.0,-1.2531841465203283e-06
CBL1abc_REV_CPLX_CBL1abc-0,0.0,0.06011017258438045
CBL1abc_FWD_CPLX_CBL1abc-0,0.0,-0.0601120299005684
CBL2abc_REV_CPLX_ADOCBLabc-0,0.0,-1.7170552194275377e-06
CBL2abc_FWD_CPLX_ADOCBLabc-0,0.0,7.773582602750165e-36
CBLAT_REV_484018.6.peg.1154-MONOMER,0.0,-7.488657942293112e-36
CBLAT_FWD_484018.6.peg.1154-MONOMER,0.0,-1.2531841465203283e-06
CBMTHL2_REV_CPLX_dummy,0.0,-7.750918287433936e-07
CBMTHL2_FWD_CPLX_dummy,0.0,6.716893436890077e-38
CBPS_REV_CPLX_CBPS-0_mod_cd2(1),0.0,0.03647783779408282
CBPS_FWD_CPLX_CBPS-0_mod_cd2(1),0.0,-0.036479302379248284
CBPS_REV_CPLX_CBPS-0_mod_zn2(1),0.0,0.036477837745120735
CBPS_FWD_CPLX_CBPS-0_mod_zn2(1),0.0,-0.03647930242821037
CBPS_REV_484018.6.peg.1063-MONOMER,0.0,0.03647784165426958
CBPS_FWD_484018.6.peg.1063-MONOMER,0.0,-0.03647929851906152
CBPS_REV_CPLX_CBPS-0_mod_mn2(1),0.0,0.03647783704829717
CBPS_FWD_CPLX_CBPS-0_mod_mn2(1),0.0,-0.03647930312503393
CBPS_REV_CPLX_CBPS-0_mod_mg2(1),0.0,0.03647783611184055
CBPS_FWD_CPLX_CBPS-0_mod_mg2(1),0.0,-0.03647930406149055
CBPS_REV_CPLX_CBPS-0_mod_cobalt2(1),0.0,0.036477837352293416
CBPS_FWD_CPLX_CBPS-0_mod_cobalt2(1),0.0,-0.03647930282103769
CD2abc1_REV_484018.6.peg.2975-MONOMER,0.0,0.0060783807622104774
CD2abc1_FWD_484018.6.peg.2975-MONOMER,0.0,-0.006078025154272385
CD2t6r_REV_484018.6.peg.2603-MONOMER,0.0,-2.076136785917221e-06
CD2t6r_FWD_484018.6.peg.2603-MONOMER,-3.395538130168e-24,1.5983507745370034e-36
CDOSKT_REV_484018.6.peg.1211-MONOMER,0.0,-1.4662328359591162e-06
CDOSKT_FWD_484018.6.peg.1211-MONOMER,0.0026378669203950787,2.147622792845538e-35
CDPMEK_REV_484018.6.peg.2075-MONOMER_mod_mg2(1),0.0,-1.94151345587674e-06
CDPMEK_FWD_484018.6.peg.2075-MONOMER_mod_mg2(1),0.029016536124345866,-1.754178424240072e-35
CELLBabc_REV_CPLX_dummy,0.0,-7.750918287433936e-07
CELLBabc_FWD_CPLX_dummy,0.07449289,-9.053635636543685e-36
CHOLSH_REV_484018.6.peg.553-MONOMER,0.0,-8.659762414937645e-07
CHOLSH_FWD_484018.6.peg.553-MONOMER,0.0,-5.211988415204486e-07
CHOLSH_REV_484018.6.peg.1360-MONOMER,0.0,-1.0546650040914223e-06
CHOLSH_FWD_484018.6.peg.1360-MONOMER,0.0,-7.098876041181066e-07
CHOLSH_REV_484018.6.peg.3299-MONOMER,0.0,-4.459460029820309e-07
CHOLSH_FWD_484018.6.peg.3299-MONOMER,0.0,-1.0116860300871508e-07
CHOLSH_REV_484018.6.peg.218-MONOMER,0.0,-3.447773999733158e-07
CHOLSH_FWD_484018.6.peg.218-MONOMER,0.0,2.212778592835791e-37
CHORM_REV_484018.6.peg.2544-MONOMER,0.0,-1.5711868922686113e-06
CHORM_FWD_484018.6.peg.2544-MONOMER,0.04003963279506817,-6.925487276792755e-36
CHORS_REV_484018.6.peg.1877-MONOMER_mod_fmnh2(1),0.0,-2.2475041557110647e-06
CHORS_FWD_484018.6.peg.1877-MONOMER_mod_fmnh2(1),0.0,-1.2454644734107648e-08
CHORS_REV_484018.6.peg.1877-MONOMER_mod_fadh2(1),0.0,-2.2350495109769572e-06
CHORS_FWD_484018.6.peg.1877-MONOMER_mod_fadh2(1),0.044389383241344,-6.018668133202253e-36
CITRAMALS_REV_484018.6.peg.1564-MONOMER,0.0,1.3029699109333648e-06
CITRAMALS_FWD_484018.6.peg.1564-MONOMER,0.0,-2.1183573844586187e-36
CLPNS140_REV_484018.6.peg.2228-MONOMER,0.0,-1.2197486122924782e-06
CLPNS140_FWD_484018.6.peg.2228-MONOMER,0.0,0.0
CLPNS140_REV_484018.6.peg.57-MONOMER,0.0,-1.2700958050421988e-06
CLPNS140_FWD_484018.6.peg.57-MONOMER,0.0,-5.0347192749720584e-08
CLPNS160_REV_484018.6.peg.2228-MONOMER,0.0,0.0
CLPNS160_FWD_484018.6.peg.2228-MONOMER,0.0,-1.2197486122924782e-06
CLPNS160_REV_484018.6.peg.57-MONOMER,0.0,-5.0347192749720584e-08
CLPNS160_FWD_484018.6.peg.57-MONOMER,0.0,-1.2700958050421988e-06
CLPNS180_REV_484018.6.peg.2228-MONOMER,0.0,0.0
CLPNS180_FWD_484018.6.peg.2228-MONOMER,0.0,-1.2197486122924782e-06
CLPNS180_REV_484018.6.peg.57-MONOMER,0.0,-5.0347192749720584e-08
CLPNS180_FWD_484018.6.peg.57-MONOMER,0.0,-1.2700958050421988e-06
CLPNSAI15_REV_484018.6.peg.2228-MONOMER,0.0,0.0
CLPNSAI15_FWD_484018.6.peg.2228-MONOMER,0.0,-1.2197486122924782e-06
CLPNSAI15_REV_484018.6.peg.57-MONOMER,0.0,-5.0347192749720584e-08
CLPNSAI15_FWD_484018.6.peg.57-MONOMER,0.0,-1.2700958050421988e-06
CLPNSAI17_REV_484018.6.peg.2228-MONOMER,0.0,0.0
CLPNSAI17_FWD_484018.6.peg.2228-MONOMER,0.0,-1.2197486122924782e-06
CLPNSAI17_REV_484018.6.peg.57-MONOMER,0.0,-5.0347192749720584e-08
CLPNSAI17_FWD_484018.6.peg.57-MONOMER,0.0,-1.2700958050421988e-06
CLPNSI14_REV_484018.6.peg.2228-MONOMER,0.0,0.0
CLPNSI14_FWD_484018.6.peg.2228-MONOMER,0.0,-1.2197486122924782e-06
CLPNSI14_REV_484018.6.peg.57-MONOMER,0.0,-5.0347192749720584e-08
CLPNSI14_FWD_484018.6.peg.57-MONOMER,0.0,-1.2700958050421988e-06
CLPNSI15_REV_484018.6.peg.2228-MONOMER,0.0,0.0
CLPNSI15_FWD_484018.6.peg.2228-MONOMER,0.0,-1.2197486122924782e-06
CLPNSI15_REV_484018.6.peg.57-MONOMER,0.0,-5.0347192749720584e-08
CLPNSI15_FWD_484018.6.peg.57-MONOMER,0.0,-1.2700958050421988e-06
CLPNSI16_REV_484018.6.peg.2228-MONOMER,0.0,0.0
CLPNSI16_FWD_484018.6.peg.2228-MONOMER,0.0,-1.2197486122924782e-06
CLPNSI16_REV_484018.6.peg.57-MONOMER,0.0,-5.0347192749720584e-08
CLPNSI16_FWD_484018.6.peg.57-MONOMER,0.0,-1.2700958050421988e-06
CLPNSI17_REV_484018.6.peg.2228-MONOMER,0.0,0.0
CLPNSI17_FWD_484018.6.peg.2228-MONOMER,0.0,-1.2197486122924782e-06
CLPNSI17_REV_484018.6.peg.57-MONOMER,0.0,-5.0347192749720584e-08
CLPNSI17_FWD_484018.6.peg.57-MONOMER,0.0,-1.2700958050421988e-06
CMLDC_REV_484018.6.peg.413-MONOMER,0.0,-1.3903051475271674e-07
CMLDC_FWD_484018.6.peg.413-MONOMER,0.0,2.2316408939922264e-37
CO2t_REV_CPLX_dummy,1.6201865506050455,3.883232353367842e-41
CO2t_FWD_CPLX_dummy,0.0,-7.750918287433936e-07
COBALTt5_REV_484018.6.peg.2826-MONOMER,0.0007082683515341008,0.0
COBALTt5_FWD_484018.6.peg.2826-MONOMER,0.0,-1.4665704528544543e-06
CRO4t3_REV_CPLX_CRO4t3-0,0.0,3.63944891588521e-37
CRO4t3_FWD_CPLX_CRO4t3-0,0.0,-2.9093549329700675e-07
CTPS1_REV_484018.6.peg.1457-MONOMER_mod_mg2(1),0.0,-2.397025030763377e-06
CTPS1_FWD_484018.6.peg.1457-MONOMER_mod_mg2(1),0.006272739960923627,2.2215941162925387e-36
CTPS2_REV_484018.6.peg.1457-MONOMER_mod_mg2(1),0.0,-6.832887295880854e-07
CTPS2_FWD_484018.6.peg.1457-MONOMER_mod_mg2(1),0.0,-1.7137363011752918e-06
CYRDAAT_REV_484018.6.peg.1154-MONOMER,0.0,-1.2531841465203283e-06
CYRDAAT_FWD_484018.6.peg.1154-MONOMER,0.0,1.6059560972490392e-35
CYRDAS_REV_484018.6.peg.350-MONOMER,0.0,-4.960733754587038e-07
CYRDAS_FWD_484018.6.peg.350-MONOMER,0.0,2.2705496776139429e-35
CYSS_REV_484018.6.peg.141-MONOMER_mod_pydx5p(2),0.0,2.3391025468641825e-07
CYSS_FWD_484018.6.peg.141-MONOMER_mod_pydx5p(2),0.0,-3.672075362416825e-35
CYSS3r_REV_484018.6.peg.141-MONOMER_mod_pydx5p(2),0.0,-2.9456548686429713e-07
CYSS3r_FWD_484018.6.peg.141-MONOMER_mod_pydx5p(2),0.0,1.5815176625556443e-34
CYSTGL_REV_CPLX_dummy,0.0,-7.750918287433936e-07
CYSTGL_FWD_CPLX_dummy,0.004551437732325669,-5.857180888099922e-36
CYSTS_REV_CPLX_dummy,0.0,-7.750918287433936e-07
CYSTS_FWD_CPLX_dummy,0.004551437732325669,-3.5128978320778986e-34
CYTBD_REV_484018.6.peg.951-MONOMER,0.0,-2.334720789002619e-06
CYTBD_FWD_484018.6.peg.951-MONOMER,0.0,-3.029454353475677e-07
CYTBD_REV_CPLX_CYTBD-0,0.0,-2.031775353655051e-06
CYTBD_FWD_CPLX_CYTBD-0,0.020000043594583745,1.7872238480682167e-36
CYTBD2_REV_484018.6.peg.951-MONOMER,0.0,-5.177443303831938e-07
CYTBD2_FWD_484018.6.peg.951-MONOMER,0.0,-2.1199218939669926e-06
CYTBD2_REV_CPLX_CYTBD-0,0.0,-2.1479889503562608e-07
CYTBD2_FWD_CPLX_CYTBD-0,0.0,-1.816976458619425e-06
CYTD_REV_484018.6.peg.2022-MONOMER,0.0,0.016212507480436372
CYTD_FWD_484018.6.peg.2022-MONOMER,0.0,-0.016213402723694363
CYTDK1_REV_484018.6.peg.3296-MONOMER,0.0,0.008105665264778133
CYTDK1_FWD_484018.6.peg.3296-MONOMER,0.0,-0.008106531380717165
CYTDK1_REV_484018.6.peg.2034-MONOMER_mod_mg2(1),0.0,0.008106100864726054
CYTDK1_FWD_484018.6.peg.2034-MONOMER_mod_mg2(1),0.0,-0.008106095780769245
CYTDK2_REV_484018.6.peg.3296-MONOMER,0.0,0.008106019564974394
CYTDK2_FWD_484018.6.peg.3296-MONOMER,0.0,-0.008106885680913426
CYTDK2_REV_484018.6.peg.2034-MONOMER_mod_mg2(1),0.0,0.008106455164922314
CYTDK2_FWD_484018.6.peg.2034-MONOMER_mod_mg2(1),0.0,-0.008106450080965506
CYTDK3_REV_484018.6.peg.1813-MONOMER,0.0,0.008105902177049614
CYTDK3_FWD_484018.6.peg.1813-MONOMER,0.0,-0.008107813869957457
CYTDK3_REV_484018.6.peg.2853-MONOMER_mod_mg2(1),0.0,0.008106814721172192
CYTDK3_FWD_484018.6.peg.2853-MONOMER_mod_mg2(1),0.0,-0.008106901325834881
CYTDK4_REV_484018.6.peg.3296-MONOMER,0.0,0.008106019564974394
CYTDK4_FWD_484018.6.peg.3296-MONOMER,0.0,-0.008106885680913426
CYTDK4_REV_484018.6.peg.2034-MONOMER_mod_mg2(1),0.0,0.008106455164922314
CYTDK4_FWD_484018.6.peg.2034-MONOMER_mod_mg2(1),0.0,-0.008106450080965506
CYTDt2r_REV_484018.6.peg.603-MONOMER,0.0,-5.028346877289434e-38
CYTDt2r_FWD_484018.6.peg.603-MONOMER,0.0,-2.5152671817641873e-06
CYTK1_REV_484018.6.peg.1813-MONOMER,0.0,-9.991487852664219e-07
CYTK1_FWD_484018.6.peg.1813-MONOMER,0.0,-9.125441225761874e-07
CYTK1_REV_484018.6.peg.2853-MONOMER_mod_mg2(1),0.0,-8.66046626902345e-08
CYTK1_FWD_484018.6.peg.2853-MONOMER_mod_mg2(1),0.05020050710243875,2.0744959627635674e-35
CYTK2_REV_484018.6.peg.1813-MONOMER,0.0,-9.991487852664219e-07
CYTK2_FWD_484018.6.peg.1813-MONOMER,0.0,-9.125441225761874e-07
CYTK2_REV_484018.6.peg.2853-MONOMER_mod_mg2(1),0.0,-8.66046626902345e-08
CYTK2_FWD_484018.6.peg.2853-MONOMER_mod_mg2(1),0.003927435583434766,4.949613165103841e-37
Cuabc_REV_484018.6.peg.2975-MONOMER,0.0,3.5560793809254166e-07
Cuabc_FWD_484018.6.peg.2975-MONOMER,0.0,3.5922924005226575e-36
Cut1_REV_484018.6.peg.2975-MONOMER,0.0,0.01621107515016364
Cut1_FWD_484018.6.peg.2975-MONOMER,0.0,-0.016210719542225548
DADNt2r_REV_484018.6.peg.603-MONOMER,0.009996107626826138,-2.666291495436666e-37
DADNt2r_FWD_484018.6.peg.603-MONOMER,0.0,-2.5152671817641873e-06
DAGK120_REV_484018.6.peg.2599-MONOMER,0.0,-1.1469473906157296e-06
DAGK120_FWD_484018.6.peg.2599-MONOMER,0.0,1.0580297652885098e-38
DAGK140_REV_484018.6.peg.2599-MONOMER,0.0,-1.1469473906157296e-06
DAGK140_FWD_484018.6.peg.2599-MONOMER,0.0,3.3441879273619126e-36
DAGK141_REV_484018.6.peg.2599-MONOMER,0.0,-1.1469473906157296e-06
DAGK141_FWD_484018.6.peg.2599-MONOMER,0.0,1.0580297652885098e-38
DAGK160_REV_484018.6.peg.2599-MONOMER,0.0,-1.1469473906157296e-06
DAGK160_FWD_484018.6.peg.2599-MONOMER,0.0,3.3441879273619126e-36
DAGK161_REV_484018.6.peg.2599-MONOMER,0.0,-1.1469473906157296e-06
DAGK161_FWD_484018.6.peg.2599-MONOMER,0.0,1.0580297652885098e-38
DAGK180_REV_484018.6.peg.2599-MONOMER,0.0,-1.1469473906157296e-06
DAGK180_FWD_484018.6.peg.2599-MONOMER,0.0,3.3441879273619126e-36
DAGK181_REV_484018.6.peg.2599-MONOMER,0.0,-1.1469473906157296e-06
DAGK181_FWD_484018.6.peg.2599-MONOMER,0.0,1.0580297652885098e-38
DAPDC_REV_484018.6.peg.2083-MONOMER_mod_pydx5p(1),0.0,-2.561662686133493e-06
DAPDC_FWD_484018.6.peg.2083-MONOMER_mod_pydx5p(1),-3.5434673647225765e-51,-1.0000101912670278e-39
DAPE_REV_484018.6.peg.1937-MONOMER,0.0,-1.9224400982539036e-06
DAPE_FWD_484018.6.peg.1937-MONOMER,0.0,0.0
DAPMDH_REV_484018.6.peg.3467-MONOMER,0.0,3.7566298640882194e-35
DAPMDH_FWD_484018.6.peg.3467-MONOMER,0.0,-6.774597778038542e-07
DASYN120_REV_484018.6.peg.2208-MONOMER_mod_mg2(1)_mod_k(1),0.0,-6.890959130060803e-07
DASYN120_FWD_484018.6.peg.2208-MONOMER_mod_mg2(1)_mod_k(1),0.0,1.467470979417097e-36
DASYN140_REV_484018.6.peg.2208-MONOMER_mod_mg2(1)_mod_k(1),0.0,-6.890959130060803e-07
DASYN140_FWD_484018.6.peg.2208-MONOMER_mod_mg2(1)_mod_k(1),0.0,1.678249151444043e-36
DASYN141_REV_484018.6.peg.2208-MONOMER_mod_mg2(1)_mod_k(1),0.0,-6.890959130060803e-07
DASYN141_FWD_484018.6.peg.2208-MONOMER_mod_mg2(1)_mod_k(1),0.0,1.467470979417097e-36
DASYN160_REV_484018.6.peg.2208-MONOMER_mod_mg2(1)_mod_k(1),0.0,-6.890959130060803e-07
DASYN160_FWD_484018.6.peg.2208-MONOMER_mod_mg2(1)_mod_k(1),0.0,1.678249151444043e-36
DASYN161_REV_484018.6.peg.2208-MONOMER_mod_mg2(1)_mod_k(1),0.0,-6.890959130060803e-07
DASYN161_FWD_484018.6.peg.2208-MONOMER_mod_mg2(1)_mod_k(1),0.0,1.467470979417097e-36
DASYN180_REV_484018.6.peg.2208-MONOMER_mod_mg2(1)_mod_k(1),0.0,-6.890959130060803e-07
DASYN180_FWD_484018.6.peg.2208-MONOMER_mod_mg2(1)_mod_k(1),0.0,1.678249151444043e-36
DASYN181_REV_484018.6.peg.2208-MONOMER_mod_mg2(1)_mod_k(1),0.0,-6.890959130060803e-07
DASYN181_FWD_484018.6.peg.2208-MONOMER_mod_mg2(1)_mod_k(1),0.0,1.467470979417097e-36
DASYNAI15_REV_484018.6.peg.2208-MONOMER_mod_mg2(1)_mod_k(1),0.0,-6.890959130060803e-07
DASYNAI15_FWD_484018.6.peg.2208-MONOMER_mod_mg2(1)_mod_k(1),0.0,1.678249151444043e-36
DASYNAI17_REV_484018.6.peg.2208-MONOMER_mod_mg2(1)_mod_k(1),0.0,-6.890959130060803e-07
DASYNAI17_FWD_484018.6.peg.2208-MONOMER_mod_mg2(1)_mod_k(1),0.0,1.678249151444043e-36
DASYNI14_REV_484018.6.peg.2208-MONOMER_mod_mg2(1)_mod_k(1),0.0,-6.890959130060803e-07
DASYNI14_FWD_484018.6.peg.2208-MONOMER_mod_mg2(1)_mod_k(1),0.0,1.678249151444043e-36
DASYNI15_REV_484018.6.peg.2208-MONOMER_mod_mg2(1)_mod_k(1),0.0,-6.890959130060803e-07
DASYNI15_FWD_484018.6.peg.2208-MONOMER_mod_mg2(1)_mod_k(1),0.0,1.678249151444043e-36
DASYNI16_REV_484018.6.peg.2208-MONOMER_mod_mg2(1)_mod_k(1),0.0,-6.890959130060803e-07
DASYNI16_FWD_484018.6.peg.2208-MONOMER_mod_mg2(1)_mod_k(1),0.0,1.678249151444043e-36
DASYNI17_REV_484018.6.peg.2208-MONOMER_mod_mg2(1)_mod_k(1),0.0,-6.890959130060803e-07
DASYNI17_FWD_484018.6.peg.2208-MONOMER_mod_mg2(1)_mod_k(1),0.0,1.678249151444043e-36
DB4PS_REV_484018.6.peg.26-MONOMER_mod_mg2(1),0.0,-1.5392089447677416e-06
DB4PS_FWD_484018.6.peg.26-MONOMER_mod_mg2(1),0.0028328316709390596,-3.502870666866538e-36
DBTS_REV_484018.6.peg.2102-MONOMER_mod_mg2(1),0.0,1.1502639156383214e-07
DBTS_FWD_484018.6.peg.2102-MONOMER_mod_mg2(1),0.004493996475699539,-2.0764173583521695e-35
DCMPDA_REV_484018.6.peg.1728-MONOMER,0.003927435583434766,-3.3894932292000973e-37
DCMPDA_FWD_484018.6.peg.1728-MONOMER,0.0,-1.3353922700209682e-06
DCYTD_REV_484018.6.peg.2022-MONOMER,0.0,-8.952432579928025e-07
DCYTD_FWD_484018.6.peg.2022-MONOMER,0.003927435583434766,1.3948515874544246e-37
DCYTt2r_REV_484018.6.peg.603-MONOMER,0.0,-2.5152671817641873e-06
DCYTt2r_FWD_484018.6.peg.603-MONOMER,0.003927435583434766,1.6606221199787794e-37
DDCAt_REV_CPLX_dummy,0.0,-7.750918287433936e-07
DDCAt_FWD_CPLX_dummy,0.013189347891809271,0.0
DDGLK_REV_484018.6.peg.206-MONOMER,0.0,-4.5744518100979064e-07
DDGLK_FWD_484018.6.peg.206-MONOMER,0.0,1.1729117896120791e-36
DDGLK_REV_484018.6.peg.322-MONOMER,0.0,-4.7044784467978946e-07
DDGLK_FWD_484018.6.peg.322-MONOMER,0.0,-1.3002663669998819e-08
DDPA_REV_484018.6.peg.2544-MONOMER,0.0,-1.5711868922686113e-06
DDPA_FWD_484018.6.peg.2544-MONOMER,0.044389383241344,5.523878511351801e-37
DDPGA_REV_484018.6.peg.321-MONOMER,0.0,3.816584108798482e-36
DDPGA_FWD_484018.6.peg.321-MONOMER,0.0,-2.0593665256442267e-06
DGK1_REV_484018.6.peg.3421-MONOMER_mod_mg2(1),0.0,-9.644088194946573e-36
DGK1_FWD_484018.6.peg.3421-MONOMER_mod_mg2(1),0.0,-1.0905066562874904e-07
DGSNt2_REV_484018.6.peg.603-MONOMER,0.0,-2.5152671817641873e-06
DGSNt2_FWD_484018.6.peg.603-MONOMER,0.009996107626826138,1.6606221199787794e-37
DHAD1_REV_484018.6.peg.2449-MONOMER_mod_4fe4s(1),0.0,0.016205060319280512
DHAD1_FWD_484018.6.peg.2449-MONOMER_mod_4fe4s(1),0.0,-0.01620790385263114
DHAD2_REV_484018.6.peg.2449-MONOMER_mod_4fe4s(1),0.0,-2.8435333506249447e-06
DHAD2_FWD_484018.6.peg.2449-MONOMER_mod_4fe4s(1),0.043771756112957305,-6.233400460754032e-37
DHDPRy_REV_484018.6.peg.926-MONOMER,0.0,0.01620330361311198
DHDPRy_FWD_484018.6.peg.926-MONOMER,0.0,-0.01620527050332149
DHDPS_REV_484018.6.peg.841-MONOMER,0.0,-1.7682644307688001e-06
DHDPS_FWD_484018.6.peg.841-MONOMER,0.0,-1.2575171489620153e-06
DHDPS_REV_484018.6.peg.308-MONOMER,0.0,-5.10747281806785e-07
DHDPS_FWD_484018.6.peg.308-MONOMER,0.0,1.61166046835996e-36
DHFOR2_REV_484018.6.peg.2800-MONOMER,0.0,3.061132846914518e-35
DHFOR2_FWD_484018.6.peg.2800-MONOMER,0.0,-1.7992216893812168e-06
DHFR_REV_484018.6.peg.2800-MONOMER,2.122782526932509e-22,-4.21488638474767e-35
DHFR_FWD_484018.6.peg.2800-MONOMER,0.0,-1.7992216893812168e-06
DHFS_REV_484018.6.peg.2012-MONOMER,0.0,-2.029958416792644e-06
DHFS_FWD_484018.6.peg.2012-MONOMER,-3.8643384819182894e-49,-3.161575198720694e-35
DHNAOPT_REV_484018.6.peg.3417-MONOMER_mod_mg2(1),0.0,-3.1292026917775713e-06
DHNAOPT_FWD_484018.6.peg.3417-MONOMER_mod_mg2(1),0.0,2.3100757122682308e-35
DHNAOT4_REV_484018.6.peg.3417-MONOMER_mod_mg2(1),0.0,-3.1292026917775713e-06
DHNAOT4_FWD_484018.6.peg.3417-MONOMER_mod_mg2(1),0.0,4.1665856961628594e-35
DHNPA_REV_484018.6.peg.1736-MONOMER,0.0,4.5412389001639223e-07
DHNPA_FWD_484018.6.peg.1736-MONOMER,-3.8643384819182894e-49,2.1419026858462937e-35
DHNPA2_REV_484018.6.peg.1736-MONOMER,0.0,4.5412389001639223e-07
DHNPA2_FWD_484018.6.peg.1736-MONOMER,0.0,1.3744248331878301e-37
DHORD2_REV_484018.6.peg.1428-MONOMER_mod_fmn(1),0.0,1.982649271530297e-06
DHORD2_FWD_484018.6.peg.1428-MONOMER_mod_fmn(1),0.0,-1.7514941699255442e-06
DHORD2_REV_CPLX_DHORD2-0,0.0,1.917166982836416e-06
DHORD2_FWD_CPLX_DHORD2-0,0.0,-1.816976458619425e-06
DHORD5_REV_CPLX_DHORD2-0,0.0,1.0019052421699139e-07
DHORD5_FWD_CPLX_DHORD2-0,0.0,5.585963559074622e-35
DHORDfum_REV_484018.6.peg.1428-MONOMER_mod_fmn(1),0.0,1.5951033571586001e-06
DHORDfum_FWD_484018.6.peg.1428-MONOMER_mod_fmn(1),0.0,-1.3639482555538475e-06
DHORDi_REV_484018.6.peg.1428-MONOMER_mod_fmn(1),0.0,2.3115510160475268e-07
DHORDi_FWD_484018.6.peg.1428-MONOMER_mod_fmn(1),0.0,2.5962291804123978e-34
DHORDi_REV_CPLX_DHORD2-0,0.0,1.6567281291087203e-07
DHORDi_FWD_CPLX_DHORD2-0,0.0,-6.548228869388064e-08
DHORTS_REV_484018.6.peg.1824-MONOMER_mod_ni2(1)_mod_zn2(1),0.0,-3.0610323585330104e-09
DHORTS_FWD_484018.6.peg.1824-MONOMER_mod_ni2(1)_mod_zn2(1),0.0,-1.7977070369087072e-06
DHORTS_REV_484018.6.peg.1824-MONOMER_mod_cobalt2(1)_mod_zn2(1),0.0,-6.71357274756497e-37
DHORTS_FWD_484018.6.peg.1824-MONOMER_mod_cobalt2(1)_mod_zn2(1),0.0,-1.7946460045501741e-06
DHORTS_REV_484018.6.peg.1824-MONOMER_mod_mn2(1)_mod_zn2(1),0.0,-4.3656879638179403e-10
DHORTS_FWD_484018.6.peg.1824-MONOMER_mod_mn2(1)_mod_zn2(1),0.0,-1.7950825733465559e-06
DHPPDA_REV_484018.6.peg.829-MONOMER,0.0,-2.003888227613379e-06
DHPPDA_FWD_484018.6.peg.829-MONOMER,0.0014164158354695298,-4.3031973550493854e-36
DHPS_REV_484018.6.peg.198-MONOMER_mod_mg2(1),0.0,1.2924670109295393e-06
DHPS_FWD_484018.6.peg.198-MONOMER_mod_mg2(1),0.0,-1.0524382492601422e-35
DHPS2_REV_484018.6.peg.198-MONOMER_mod_mg2(1),0.0,1.2924670109295393e-06
DHPS2_FWD_484018.6.peg.198-MONOMER_mod_mg2(1),0.0,-1.014703963258933e-35
DHQS_REV_484018.6.peg.60-MONOMER_mod_cobalt2(1)_mod_nad(1),0.0,-2.4121122947397804e-06
DHQS_FWD_484018.6.peg.60-MONOMER_mod_cobalt2(1)_mod_nad(1),0.044389383241344,-1.7557488562741447e-35
DHQTi_REV_484018.6.peg.3225-MONOMER,0.0,-1.7183859684633135e-06
DHQTi_FWD_484018.6.peg.3225-MONOMER,0.044389383241344,-5.925633285864599e-37
DINSt2_REV_484018.6.peg.603-MONOMER,0.0,3.498789374123214e-06
DINSt2_FWD_484018.6.peg.603-MONOMER,0.0,-6.0140565558874015e-06
DMATT_REV_484018.6.peg.2851-MONOMER,0.0,-2.651456053746156e-07
DMATT_FWD_484018.6.peg.2851-MONOMER,0.0,-6.344275287131163e-07
DMATT_REV_484018.6.peg.965-MONOMER_mod_mg2(1),0.0,3.692819233385008e-07
DMATT_FWD_484018.6.peg.965-MONOMER_mod_mg2(1),0.0026378669203950787,-2.483985251781573e-35
DMPPS_REV_484018.6.peg.2854-MONOMER_mod_nadph(1)_mod_nadh(1)_mod_fad(1)_mod_cobalt2(1),0.0,-2.3501271119994446e-06
DMPPS_FWD_484018.6.peg.2854-MONOMER_mod_nadph(1)_mod_nadh(1)_mod_fad(1)_mod_cobalt2(1),0.0026378669203950787,-5.014613361520634e-34
DMPPS2r_REV_484018.6.peg.2854-MONOMER_mod_nadph(1)_mod_nadh(1)_mod_fad(1)_mod_cobalt2(1),0.0,-7.745938830670299e-07
DMPPS2r_FWD_484018.6.peg.2854-MONOMER_mod_nadph(1)_mod_nadh(1)_mod_fad(1)_mod_cobalt2(1),0.0,-1.5755332289324148e-06
DPCOAK_REV_484018.6.peg.2984-MONOMER,0.0,-2.319873973280626e-07
DPCOAK_FWD_484018.6.peg.2984-MONOMER,0.0007082012489044736,5.774140750505264e-35
DPRr_REV_484018.6.peg.2453-MONOMER_mod_mg2(1),0.0,-1.41499421931394e-06
DPRr_FWD_484018.6.peg.2453-MONOMER_mod_mg2(1),0.0007082368396912849,2.7363527114029533e-35
DPRr_REV_484018.6.peg.969-MONOMER,0.0,-1.5944240955442373e-06
DPRr_FWD_484018.6.peg.969-MONOMER,0.0,-1.7942987623029744e-07
DRBK_REV_484018.6.peg.2360-MONOMER,0.0,3.856560869293346e-07
DRBK_FWD_484018.6.peg.2360-MONOMER,0.0,1.5763599446260144e-36
DRBK_REV_484018.6.peg.3275-MONOMER,0.0,7.483468489780446e-08
DRBK_FWD_484018.6.peg.3275-MONOMER,0.0,-3.108214020315302e-07
DRPAr_REV_484018.6.peg.964-MONOMER,0.0,-2.673348121899965e-36
DRPAr_FWD_484018.6.peg.964-MONOMER,0.0,-8.462465484874481e-07
DTMPK_REV_CPLX_dummy,0.0,-7.750918287433936e-07
DTMPK_FWD_CPLX_dummy,0.004802925103414731,-4.8865487611881606e-36
DURIK1_REV_484018.6.peg.42-MONOMER,0.0,-2.1595077106988107e-06
DURIK1_FWD_484018.6.peg.42-MONOMER,0.003927435583434766,1.9618861648283682e-35
DURIPP_REV_484018.6.peg.423-MONOMER,0.0,-1.1376943194246612e-06
DURIPP_FWD_484018.6.peg.423-MONOMER,0.0,-2.1212165117836876e-06
DURIPP_REV_484018.6.peg.1515-MONOMER,0.0,-6.2825290824626754e-37
DURIPP_FWD_484018.6.peg.1515-MONOMER,0.0,-9.835221923590266e-07
DURIt2_REV_484018.6.peg.603-MONOMER,0.0,0.002022625223679398
DURIt2_FWD_484018.6.peg.603-MONOMER,0.0,-0.0020251404908611624
DUTPDP_REV_484018.6.peg.1178-MONOMER_mod_zn2(1),0.0,0.01621331057116695
DUTPDP_FWD_484018.6.peg.1178-MONOMER_mod_zn2(1),0.0,-0.01621204798693441
DXPRIr_REV_484018.6.peg.3428-MONOMER_mod_cobalt2(1),0.0,-8.13212394999796e-07
DXPRIr_FWD_484018.6.peg.3428-MONOMER_mod_cobalt2(1),0.029016536124345866,-2.8033934388270584e-34
DXPRIr_REV_484018.6.peg.3428-MONOMER_mod_mn2(1),0.0,-8.14025500668242e-07
DXPRIr_FWD_484018.6.peg.3428-MONOMER_mod_mn2(1),0.0,-8.131056684459483e-10
DXPRIr_REV_484018.6.peg.3428-MONOMER_mod_mg2(1),0.0,-8.165115942976915e-07
DXPRIr_FWD_484018.6.peg.3428-MONOMER_mod_mg2(1),0.0,-3.299199297895504e-09
DXPS_REV_484018.6.peg.1229-MONOMER_mod_thmpp(1),0.0,-2.333114893111684e-06
DXPS_FWD_484018.6.peg.1229-MONOMER_mod_thmpp(1),0.02901657971892961,-4.069778764852196e-36
D_LACt2_REV_CPLX_dummy,0.0,-1.1815511081592333e-36
D_LACt2_FWD_CPLX_dummy,0.0,-7.750918287433936e-07
E4PD_REV_484018.6.peg.2490-MONOMER,0.0,2.58157119635029e-35
E4PD_FWD_484018.6.peg.2490-MONOMER,0.0,-2.730933578852078e-06
EACPR1_REV_484018.6.peg.2101-MONOMER,0.0,-1.7608531964396664e-06
EACPR1_FWD_484018.6.peg.2101-MONOMER,0.004493996475699539,7.460262893446765e-35
EACPR2_REV_484018.6.peg.2101-MONOMER,0.0,-1.7608531964396664e-06
EACPR2_FWD_484018.6.peg.2101-MONOMER,0.004493996475699539,-1.8792588079174352e-35
EAR100x_REV_484018.6.peg.2790-MONOMER,0.0,-9.332345900980265e-07
EAR100x_FWD_484018.6.peg.2790-MONOMER,0.0,5.6090596693060356e-36
EAR10M11x_REV_484018.6.peg.2790-MONOMER,0.0,-9.393885599826777e-07
EAR10M11x_FWD_484018.6.peg.2790-MONOMER,0.0,-2.2419559048775578e-35
EAR10M12x_REV_484018.6.peg.2790-MONOMER,0.0,-9.393885599826777e-07
EAR10M12x_FWD_484018.6.peg.2790-MONOMER,0.0,5.6090596693060356e-36
EAR11M12x_REV_484018.6.peg.2790-MONOMER,0.0,-9.393885599826777e-07
EAR11M12x_FWD_484018.6.peg.2790-MONOMER,0.0,-8.405249689734771e-36
EAR120x_REV_484018.6.peg.2790-MONOMER,0.0,-9.458034263215171e-07
EAR120x_FWD_484018.6.peg.2790-MONOMER,0.0,2.105482329545834e-36
EAR12M13x_REV_484018.6.peg.2790-MONOMER,0.0,-9.393885599826777e-07
EAR12M13x_FWD_484018.6.peg.2790-MONOMER,0.0,-2.2419559048775578e-35
EAR12M14x_REV_484018.6.peg.2790-MONOMER,0.0,-9.393885599826777e-07
EAR12M14x_FWD_484018.6.peg.2790-MONOMER,0.0,-5.044817776685719e-35
EAR13M14x_REV_484018.6.peg.2790-MONOMER,0.0,-9.393885599826777e-07
EAR13M14x_FWD_484018.6.peg.2790-MONOMER,0.0,-5.044817776685719e-35
EAR140x_REV_484018.6.peg.2790-MONOMER,0.0,0.01621357288410769
EAR140x_FWD_484018.6.peg.2790-MONOMER,0.0,-0.016214524972516808
EAR14M15x_REV_484018.6.peg.2790-MONOMER,0.0,0.016214988992854038
EAR14M15x_FWD_484018.6.peg.2790-MONOMER,0.0,-0.01621592838141402
EAR14M16x_REV_484018.6.peg.2790-MONOMER,0.0,-9.393885599826777e-07
EAR14M16x_FWD_484018.6.peg.2790-MONOMER,0.0,5.6090596693060356e-36
EAR15M16x_REV_484018.6.peg.2790-MONOMER,0.0,-9.393885599826777e-07
EAR15M16x_FWD_484018.6.peg.2790-MONOMER,0.0,5.6090596693060356e-36
EAR160x_REV_484018.6.peg.2790-MONOMER,0.0,-9.458034921507293e-07
EAR160x_FWD_484018.6.peg.2790-MONOMER,0.0,-1.9791876043955426e-35
EAR180x_REV_484018.6.peg.2790-MONOMER,0.0,0.016216931540467466
EAR180x_FWD_484018.6.peg.2790-MONOMER,0.0,-0.016217883627640782
EAR40x_REV_484018.6.peg.2790-MONOMER,0.0,0.07499352999668285
EAR40x_FWD_484018.6.peg.2790-MONOMER,0.0,-0.0749944545886644
EAR4M5x_REV_484018.6.peg.2790-MONOMER,0.0,-9.393885599826777e-07
EAR4M5x_FWD_484018.6.peg.2790-MONOMER,0.0,-2.2419559048775578e-35
EAR4M6x_REV_484018.6.peg.2790-MONOMER,0.0,-9.393885599826777e-07
EAR4M6x_FWD_484018.6.peg.2790-MONOMER,0.0,1.962336902834684e-35
EAR5M6x_REV_484018.6.peg.2790-MONOMER,0.0,-9.393885599826777e-07
EAR5M6x_FWD_484018.6.peg.2790-MONOMER,0.0,1.962336902834684e-35
EAR60x_REV_484018.6.peg.2790-MONOMER,0.0,-9.080969761029722e-07
EAR60x_FWD_484018.6.peg.2790-MONOMER,0.0,-1.3980950102143676e-36
EAR6M7x_REV_484018.6.peg.2790-MONOMER,0.0,-9.393885599826777e-07
EAR6M7x_FWD_484018.6.peg.2790-MONOMER,0.0,2.018093906958773e-34
EAR6M8x_REV_484018.6.peg.2790-MONOMER,0.0,-9.393885599826777e-07
EAR6M8x_FWD_484018.6.peg.2790-MONOMER,0.0,-8.405249689734771e-36
EAR7M8x_REV_484018.6.peg.2790-MONOMER,0.0,-9.393885599826777e-07
EAR7M8x_FWD_484018.6.peg.2790-MONOMER,0.0,5.6090596693060356e-36
EAR80x_REV_484018.6.peg.2790-MONOMER,0.0,-9.206657733585217e-07
EAR80x_FWD_484018.6.peg.2790-MONOMER,0.0,9.112637009066238e-36
EAR8M10x_REV_484018.6.peg.2790-MONOMER,0.0,-9.393885599826777e-07
EAR8M10x_FWD_484018.6.peg.2790-MONOMER,0.0,5.6090596693060356e-36
EAR8M9x_REV_484018.6.peg.2790-MONOMER,0.0,-9.393885599826777e-07
EAR8M9x_FWD_484018.6.peg.2790-MONOMER,0.0,8.969491582355087e-35
EAR9M10x_REV_484018.6.peg.2790-MONOMER,0.0,-9.393885599826777e-07
EAR9M10x_FWD_484018.6.peg.2790-MONOMER,0.0,-8.405249689734771e-36
EDA_R_REV_484018.6.peg.321-MONOMER,0.0,2.6890238522350112e-36
EDA_R_FWD_484018.6.peg.321-MONOMER,0.0,-2.0593665256442267e-06
EDTXS1_REV_484018.6.peg.1542-MONOMER,0.0,-2.127831911912986e-06
EDTXS1_FWD_484018.6.peg.1542-MONOMER,0.0026378669203950787,-2.18893457222622e-36
EDTXS2_REV_CPLX_dummy,0.0,-7.760097023427712e-07
EDTXS2_FWD_CPLX_dummy,0.0026378669203950787,5.220271568010141e-35
EHGLAT_REV_484018.6.peg.1417-MONOMER,0.0,-1.6395697942915575e-06
EHGLAT_FWD_484018.6.peg.1417-MONOMER,0.0,-2.161881571469035e-07
EHGLAT_REV_484018.6.peg.28-MONOMER,0.0,-1.4615862232121748e-06
EHGLAT_FWD_484018.6.peg.28-MONOMER,0.0,-3.820458606752094e-08
EHGLAT_REV_484018.6.peg.1782-MONOMER,0.0,-1.4899311488180742e-06
EHGLAT_FWD_484018.6.peg.1782-MONOMER,0.0,-6.654951167342016e-08
EHGLAT_REV_484018.6.peg.2543-MONOMER,0.0,-1.423381637144654e-06
EHGLAT_FWD_484018.6.peg.2543-MONOMER,0.0,7.577173897202211e-36
ENO_REV_484018.6.peg.1028-MONOMER_mod_mg2(4),0.0,-9.75719809704942e-07
ENO_FWD_484018.6.peg.1028-MONOMER_mod_mg2(4),2.018596740645818,1.6910000681956796e-36
ETHAP_REV_CPLX_dummy,0.0,-7.750918287433936e-07
ETHAP_FWD_CPLX_dummy,0.0,-1.329827058112331e-36
FACOAL140_REV_484018.6.peg.2615-MONOMER,0.0,-1.3899117801128582e-06
FACOAL140_FWD_484018.6.peg.2615-MONOMER,0.0,-3.9752513254272374e-08
FACOAL140_REV_484018.6.peg.1184-MONOMER,0.0,-1.4261260092565136e-06
FACOAL140_FWD_484018.6.peg.1184-MONOMER,0.0,-7.596674239792762e-08
FACOAL140_REV_CPLX_FACOAL140-0,0.0,-2.0034391191324775e-06
FACOAL140_FWD_CPLX_FACOAL140-0,0.0,-6.532798522738916e-07
FACOAL140_REV_484018.6.peg.342-MONOMER,0.0,-1.3501592668585859e-06
FACOAL140_FWD_484018.6.peg.342-MONOMER,0.0026378679426896263,7.469175198360118e-35
FACOAL160_REV_484018.6.peg.2615-MONOMER,0.0,-3.9752513254272374e-08
FACOAL160_FWD_484018.6.peg.2615-MONOMER,0.0,-1.3899117801128582e-06
FACOAL160_REV_484018.6.peg.1184-MONOMER,0.0,-7.596674239792762e-08
FACOAL160_FWD_484018.6.peg.1184-MONOMER,0.0,-1.4261260092565136e-06
FACOAL160_REV_CPLX_FACOAL140-0,0.0,-6.532798522738916e-07
FACOAL160_FWD_CPLX_FACOAL140-0,0.0,-2.0034391191324775e-06
FACOAL160_REV_484018.6.peg.342-MONOMER,0.0,-4.878425615936897e-35
FACOAL160_FWD_484018.6.peg.342-MONOMER,0.0,-1.3501592668585859e-06
FACOAL161_REV_484018.6.peg.2615-MONOMER,0.0,-3.9752513254272374e-08
FACOAL161_FWD_484018.6.peg.2615-MONOMER,0.0,-1.3899117801128582e-06
FACOAL161_REV_484018.6.peg.1184-MONOMER,0.0,-7.596674239792762e-08
FACOAL161_FWD_484018.6.peg.1184-MONOMER,0.0,-1.4261260092565136e-06
FACOAL161_REV_CPLX_FACOAL140-0,0.0,-6.532798522738916e-07
FACOAL161_FWD_CPLX_FACOAL140-0,0.0,-2.0034391191324775e-06
FACOAL161_REV_484018.6.peg.342-MONOMER,0.0,-4.878425615936897e-35
FACOAL161_FWD_484018.6.peg.342-MONOMER,0.0,-1.3501592668585859e-06
FACOAL180_REV_484018.6.peg.2615-MONOMER,0.0,-3.9752513254272374e-08
FACOAL180_FWD_484018.6.peg.2615-MONOMER,0.0,-1.3899117801128582e-06
FACOAL180_REV_484018.6.peg.1184-MONOMER,0.0,-7.596674239792762e-08
FACOAL180_FWD_484018.6.peg.1184-MONOMER,0.0,-1.4261260092565136e-06
FACOAL180_REV_CPLX_FACOAL140-0,0.0,-6.532798522738916e-07
FACOAL180_FWD_CPLX_FACOAL140-0,0.0,-2.0034391191324775e-06
FACOAL180_REV_484018.6.peg.342-MONOMER,0.0,1.083581538470345e-35
FACOAL180_FWD_484018.6.peg.342-MONOMER,0.0,-1.3501592668585859e-06
FACOAL181_REV_484018.6.peg.2615-MONOMER,0.0,-3.9752513254272374e-08
FACOAL181_FWD_484018.6.peg.2615-MONOMER,0.0,-1.3899117801128582e-06
FACOAL181_REV_484018.6.peg.1184-MONOMER,0.0,-7.596674239792762e-08
FACOAL181_FWD_484018.6.peg.1184-MONOMER,0.0,-1.4261260092565136e-06
FACOAL181_REV_CPLX_FACOAL140-0,0.0,-6.532798522738916e-07
FACOAL181_FWD_CPLX_FACOAL140-0,0.0,-2.0034391191324775e-06
FACOAL181_REV_484018.6.peg.342-MONOMER,0.0,-4.878425615936897e-35
FACOAL181_FWD_484018.6.peg.342-MONOMER,0.0,-1.3501592668585859e-06
FACOALAI15_REV_484018.6.peg.2615-MONOMER,0.0,-3.9752513254272374e-08
FACOALAI15_FWD_484018.6.peg.2615-MONOMER,0.0,-1.3899117801128582e-06
FACOALAI15_REV_484018.6.peg.1184-MONOMER,0.0,-7.596674239792762e-08
FACOALAI15_FWD_484018.6.peg.1184-MONOMER,0.0,-1.4261260092565136e-06
FACOALAI15_REV_CPLX_FACOAL140-0,0.0,-6.532798522738916e-07
FACOALAI15_FWD_CPLX_FACOAL140-0,0.0,-2.0034391191324775e-06
FACOALAI15_REV_484018.6.peg.342-MONOMER,0.0,-4.348469424434031e-35
FACOALAI15_FWD_484018.6.peg.342-MONOMER,0.0,-1.3501592668585859e-06
FACOALAI17_REV_484018.6.peg.2615-MONOMER,0.0,-3.9752513254272374e-08
FACOALAI17_FWD_484018.6.peg.2615-MONOMER,0.0,-1.3899117801128582e-06
FACOALAI17_REV_484018.6.peg.1184-MONOMER,0.0,-7.596674239792762e-08
FACOALAI17_FWD_484018.6.peg.1184-MONOMER,0.0,-1.4261260092565136e-06
FACOALAI17_REV_CPLX_FACOAL140-0,0.0,-6.532798522738916e-07
FACOALAI17_FWD_CPLX_FACOAL140-0,0.0,-2.0034391191324775e-06
FACOALAI17_REV_484018.6.peg.342-MONOMER,0.0,-5.408381807439763e-35
FACOALAI17_FWD_484018.6.peg.342-MONOMER,0.0,-1.3501592668585859e-06
FACOALI14_REV_484018.6.peg.2615-MONOMER,0.0,-3.9752513254272374e-08
FACOALI14_FWD_484018.6.peg.2615-MONOMER,0.0,-1.3899117801128582e-06
FACOALI14_REV_484018.6.peg.1184-MONOMER,0.0,-7.596674239792762e-08
FACOALI14_FWD_484018.6.peg.1184-MONOMER,0.0,-1.4261260092565136e-06
FACOALI14_REV_CPLX_FACOAL140-0,0.0,-6.532798522738916e-07
FACOALI14_FWD_CPLX_FACOAL140-0,0.0,-2.0034391191324775e-06
FACOALI14_REV_484018.6.peg.342-MONOMER,0.0,-4.878425615936897e-35
FACOALI14_FWD_484018.6.peg.342-MONOMER,0.0,-1.3501592668585859e-06
FACOALI15_REV_484018.6.peg.2615-MONOMER,0.0,-3.9752513254272374e-08
FACOALI15_FWD_484018.6.peg.2615-MONOMER,0.0,-1.3899117801128582e-06
FACOALI15_REV_484018.6.peg.1184-MONOMER,0.0,-7.596674239792762e-08
FACOALI15_FWD_484018.6.peg.1184-MONOMER,0.0,-1.4261260092565136e-06
FACOALI15_REV_CPLX_FACOAL140-0,0.0,-6.532798522738916e-07
FACOALI15_FWD_CPLX_FACOAL140-0,0.0,-2.0034391191324775e-06
FACOALI15_REV_484018.6.peg.342-MONOMER,0.0,-4.878425615936897e-35
FACOALI15_FWD_484018.6.peg.342-MONOMER,0.0,-1.3501592668585859e-06
FACOALI16_REV_484018.6.peg.2615-MONOMER,0.0,-3.9752513254272374e-08
FACOALI16_FWD_484018.6.peg.2615-MONOMER,0.0,-1.3899117801128582e-06
FACOALI16_REV_484018.6.peg.1184-MONOMER,0.0,-7.596674239792762e-08
FACOALI16_FWD_484018.6.peg.1184-MONOMER,0.0,-1.4261260092565136e-06
FACOALI16_REV_CPLX_FACOAL140-0,0.0,-6.532798522738916e-07
FACOALI16_FWD_CPLX_FACOAL140-0,0.0,-2.0034391191324775e-06
FACOALI16_REV_484018.6.peg.342-MONOMER,0.0,-4.878425615936897e-35
FACOALI16_FWD_484018.6.peg.342-MONOMER,0.0,-1.3501592668585859e-06
FACOALI17_REV_484018.6.peg.2615-MONOMER,0.0,-3.9752513254272374e-08
FACOALI17_FWD_484018.6.peg.2615-MONOMER,0.0,-1.3899117801128582e-06
FACOALI17_REV_484018.6.peg.1184-MONOMER,0.0,-7.596674239792762e-08
FACOALI17_FWD_484018.6.peg.1184-MONOMER,0.0,-1.4261260092565136e-06
FACOALI17_REV_CPLX_FACOAL140-0,0.0,-6.532798522738916e-07
FACOALI17_FWD_CPLX_FACOAL140-0,0.0,-2.0034391191324775e-06
FACOALI17_REV_484018.6.peg.342-MONOMER,0.0,-4.878425615936897e-35
FACOALI17_FWD_484018.6.peg.342-MONOMER,0.0,-1.3501592668585859e-06
FBA_REV_484018.6.peg.3358-MONOMER,0.0,-1.8211874050591267e-06
FBA_FWD_484018.6.peg.3358-MONOMER,0.8033313017257231,4.743737236586471e-37
FBA_REV_484018.6.peg.2893-MONOMER,0.0,-2.620469618265738e-06
FBA_FWD_484018.6.peg.2893-MONOMER,0.0,-7.99282213206611e-07
FBA2_REV_484018.6.peg.3358-MONOMER,0.0,-8.030023195734745e-37
FBA2_FWD_484018.6.peg.3358-MONOMER,0.0,-1.8211874050591267e-06
FBA3_REV_484018.6.peg.3358-MONOMER,0.0,-1.8211874050591267e-06
FBA3_FWD_484018.6.peg.3358-MONOMER,0.10715102340983257,1.753722590304742e-36
FBA3_REV_484018.6.peg.2893-MONOMER,0.0,-2.620469618265738e-06
FBA3_FWD_484018.6.peg.2893-MONOMER,0.0,-7.99282213206611e-07
FBP_REV_484018.6.peg.2622-MONOMER,0.0,-1.792534540593504e-06
FBP_FWD_484018.6.peg.2622-MONOMER,0.0,-7.013664656237963e-08
FCI_REV_484018.6.peg.2585-MONOMER_mod_mn2(1),0.0,1.519868325335758e-36
FCI_FWD_484018.6.peg.2585-MONOMER_mod_mn2(1),0.0,-3.281172837966502e-06
FCLK_REV_484018.6.peg.2583-MONOMER,0.0,2.854656250509881e-07
FCLK_FWD_484018.6.peg.2583-MONOMER,0.0,2.7534748924693002e-36
FCLPA_REV_484018.6.peg.2584-MONOMER,0.0,-8.002068404865758e-07
FCLPA_FWD_484018.6.peg.2584-MONOMER,0.0,3.2266465839063465e-36
FE2abc_REV_484018.6.peg.2136-MONOMER,0.0,-1.3298700925306862e-06
FE2abc_FWD_484018.6.peg.2136-MONOMER,3.337727489489243e-08,5.679120076703372e-36
FE3abc_REV_CPLX_dummy,0.0,-7.750918287433936e-07
FE3abc_FWD_CPLX_dummy,0.0,9.03828882051182e-36
FFSD_REV_CPLX_FFSD-0,0.0,-2.706673748891229e-06
FFSD_FWD_CPLX_FFSD-0,0.0,-2.797395445686838e-36
FMNAT_REV_484018.6.peg.883-MONOMER,0.0,-2.5340822947148183e-06
FMNAT_FWD_484018.6.peg.883-MONOMER,0.0007082145091505892,1.0927506063484957e-34
FMNRx2_REV_484018.6.peg.1738-MONOMER,0.0,-1.4114874612948513e-07
FMNRx2_FWD_484018.6.peg.1738-MONOMER,0.0,1.1690013795073548e-35
FOLD3_REV_484018.6.peg.198-MONOMER_mod_mg2(1),0.0,1.2924670109295393e-06
FOLD3_FWD_484018.6.peg.198-MONOMER_mod_mg2(1),0.0,-1.014703963258933e-35
FORt2r_REV_CPLX_dummy,1.4550641765498475,1.3958729465116669e-37
FORt2r_FWD_CPLX_dummy,0.0,-7.750918287433936e-07
FPGS_REV_484018.6.peg.2012-MONOMER,0.0,0.2198917747228276
FPGS_FWD_484018.6.peg.2012-MONOMER,0.0,-0.2198938046812444
FPGS7_REV_484018.6.peg.2012-MONOMER,0.0,-2.029958416792644e-06
FPGS7_FWD_484018.6.peg.2012-MONOMER,0.001661818590914106,1.247873332972317e-32
FPGS_tm_REV_484018.6.peg.2012-MONOMER,0.0,0.18035945279491833
FPGS_tm_FWD_484018.6.peg.2012-MONOMER,0.0,-0.18036148275333513
FRD2_REV_CPLX_FRD2-0,0.0,2.097140238403909e-07
FRD2_FWD_CPLX_FRD2-0,0.0,-2.6491470646550654e-06
FRD3_REV_CPLX_FRD2-0,0.0,-2.4394330408146745e-06
FRD3_FWD_CPLX_FRD2-0,0.0,3.152519317240836e-35
FRD7_REV_CPLX_dummy,0.0,-7.750918287433936e-07
FRD7_FWD_CPLX_dummy,3.087529759007218,1.1176376533990058e-36
FTHFCL_REV_484018.6.peg.1726-MONOMER,0.0,-1.2283152572112785e-07
FTHFCL_FWD_484018.6.peg.1726-MONOMER,0.0,3.086310120218909e-35
FTHFL_REV_484018.6.peg.351-MONOMER,0.0,0.004054174081733043
FTHFL_FWD_484018.6.peg.351-MONOMER,0.0,-0.004055510808900301
FUM_REV_484018.6.peg.77-MONOMER_mod_4fe4s(1),0.0,-2.9359113152776553e-07
FUM_FWD_484018.6.peg.77-MONOMER_mod_4fe4s(1),0.0,-2.3882533441073985e-06
G1PACT_REV_CPLX_dummy,0.0,-7.750918287433936e-07
G1PACT_FWD_CPLX_dummy,0.0052757338407901574,9.64336973564567e-35
G1PTT_REV_484018.6.peg.2587-MONOMER,0.0,-8.137485087053613e-07
G1PTT_FWD_484018.6.peg.2587-MONOMER,0.0,-6.021963243252391e-09
G1PTT_REV_484018.6.peg.624-MONOMER,0.0,-8.077265454621089e-07
G1PTT_FWD_484018.6.peg.624-MONOMER,0.0026378669203950787,-1.597483253396182e-35
G3PD1_REV_484018.6.peg.1777-MONOMER,0.0,-2.1487730951702053e-07
G3PD1_FWD_484018.6.peg.1777-MONOMER,0.0,-1.5755332289324148e-06
G3PD2_REV_484018.6.peg.1777-MONOMER,0.0,-1.7904105384494352e-06
G3PD2_FWD_484018.6.peg.1777-MONOMER,0.0,-2.6546990632906394e-34
G5SADs_REV_CPLX_dummy,0.0,-7.750918287433936e-07
G5SADs_FWD_CPLX_dummy,0.019740730227423238,-1.976161757699461e-36
G5SDr_REV_484018.6.peg.3324-MONOMER,0.0,-2.1036490060112606e-06
G5SDr_FWD_484018.6.peg.3324-MONOMER,0.019740730227423238,-2.0253789319418604e-34
G6PDA_REV_CPLX_G6PDA-0,0.0,2.758389609271295e-06
G6PDA_FWD_CPLX_G6PDA-0,0.0,-3.239269433756962e-06
G6PI_REV_484018.6.peg.1776-MONOMER,0.0,-5.918316645423589e-07
G6PI_FWD_484018.6.peg.1776-MONOMER,0.0,-5.918316645423589e-07
G6PI3_REV_484018.6.peg.1776-MONOMER,0.0,-1.1836633290847178e-06
G6PI3_FWD_484018.6.peg.1776-MONOMER,0.14898578,-2.0526717748406046e-36
GACPCD_REV_484018.6.peg.2101-MONOMER,0.0,-1.7633397609084197e-06
GACPCD_FWD_484018.6.peg.2101-MONOMER,0.004493996475699539,3.1467463304163387e-37
GALK_REV_484018.6.peg.2009-MONOMER_mod_mg2(1),0.0,-2.7664066600797366e-06
GALK_FWD_484018.6.peg.2009-MONOMER_mod_mg2(1),0.07919483000000001,8.588296674807818e-37
GALM1r_REV_484018.6.peg.2011-MONOMER,0.0,-2.729743958171275e-07
GALM1r_FWD_484018.6.peg.2011-MONOMER,0.0,-2.729743958171275e-07
GALM1r_REV_484018.6.peg.2124-MONOMER,0.0,-2.089126956565465e-07
GALM1r_FWD_484018.6.peg.2124-MONOMER,0.0,-2.089126956565465e-07
GALS3_REV_484018.6.peg.3374-MONOMER,0.0,-7.925903241894421e-07
GALS3_FWD_484018.6.peg.3374-MONOMER,0.0,-9.657909600739178e-07
GALS3_REV_484018.6.peg.3475-MONOMER,0.0,-8.572874108951284e-07
GALS3_FWD_484018.6.peg.3475-MONOMER,0.0,-1.0304880467796042e-06
GALT1_REV_CPLX_dummy,0.0,-7.750918287433936e-07
GALT1_FWD_CPLX_dummy,0.0026378669203950787,1.1129856618073524e-34
GALTpts_REV_484018.6.peg.1217-MONOMER,0.0,-6.443949225589445e-07
GALTpts_FWD_484018.6.peg.1217-MONOMER,0.0,1.4446470193780848e-36
GALU_REV_CPLX_dummy,0.0,-7.750918287433936e-07
GALU_FWD_CPLX_dummy,0.010551467681580315,-7.963880494568496e-36
GALURt2r_REV_484018.6.peg.1215-MONOMER,0.0,-1.941165379146837e-06
GALURt2r_FWD_484018.6.peg.1215-MONOMER,0.0,2.3046101665659816e-36
GAPD_REV_484018.6.peg.2490-MONOMER,0.0,-2.730933578852078e-06
GAPD_FWD_484018.6.peg.2490-MONOMER,2.0185967188485265,1.171563722614052e-34
GARFTi_REV_484018.6.peg.2527-MONOMER_mod_mg2(1),0.0,-1.8479672278330264e-06
GARFTi_FWD_484018.6.peg.2527-MONOMER_mod_mg2(1),4.359458374455337e-08,2.3036986897644098e-35
GART_REV_484018.6.peg.2527-MONOMER_mod_mg2(1),0.0,0.004052994478088839
GART_FWD_484018.6.peg.2527-MONOMER_mod_mg2(1),0.0,-0.004054842445316672
GCALDD_REV_CPLX_dummy,0.0,-7.750918287433936e-07
GCALDD_FWD_CPLX_dummy,4.359458374455337e-08,-7.636742877272021e-36
GCALDt_REV_CPLX_dummy,0.0,9.090646939234118e-38
GCALDt_FWD_CPLX_dummy,0.0,-7.750918287433936e-07
GCCa_REV_484018.6.peg.397-MONOMER,0.0,-2.530194060225083e-06
GCCa_FWD_484018.6.peg.397-MONOMER,0.06657903520635534,-3.99106687195909e-34
GCCb_REV_CPLX_GCCb-0,0.0,-1.4366131374138523e-06
GCCb_FWD_CPLX_GCCb-0,0.06657903520635534,2.1885230529087335e-35
GCCc_REV_484018.6.peg.1262-MONOMER,0.0,-1.0579173362619065e-06
GCCc_FWD_484018.6.peg.1262-MONOMER,0.0,-9.284395341987339e-07
GCCc_REV_484018.6.peg.3293-MONOMER,0.0,-1.294778020631726e-07
GCCc_FWD_484018.6.peg.3293-MONOMER,0.06657903520635534,7.206385238576031e-36
GCCc_REV_CPLX_GCCc-0,0.0,-1.2256374422240172e-06
GCCc_FWD_CPLX_GCCc-0,0.0,-1.0961596401608447e-06
GCDCHOLBHSe_REV_484018.6.peg.2718-MONOMER,0.0,2.520526638545797e-07
GCDCHOLBHSe_FWD_484018.6.peg.2718-MONOMER,0.0,0.0
GCHOLBHSe_REV_484018.6.peg.2718-MONOMER,0.0,2.520526638545797e-07
GCHOLBHSe_FWD_484018.6.peg.2718-MONOMER,0.0,0.0
GF6PTA_REV_484018.6.peg.3457-MONOMER,0.0,-2.5701864406776733e-06
GF6PTA_FWD_484018.6.peg.3457-MONOMER,0.0052757338407901574,7.1115855128092994e-34
GFUCS_REV_484018.6.peg.1483-MONOMER,0.0,-4.6626854917280773e-07
GFUCS_FWD_484018.6.peg.1483-MONOMER,0.0,1.1042662689939869e-34
GHMT2r_REV_484018.6.peg.1462-MONOMER,0.056290669646867283,1.2205096911942282e-35
GHMT2r_FWD_484018.6.peg.1462-MONOMER,0.0,-1.2747967747431323e-06
GK1_REV_484018.6.peg.3421-MONOMER_mod_mg2(1),0.0,-1.0905066562874904e-07
GK1_FWD_484018.6.peg.3421-MONOMER_mod_mg2(1),0.021839042863818565,-1.7991331895807586e-34
GK2_REV_484018.6.peg.3421-MONOMER_mod_mg2(1),0.0,5.141647867672062e-37
GK2_FWD_484018.6.peg.3421-MONOMER_mod_mg2(1),0.0,-1.0905066562874904e-07
GLCP3_REV_484018.6.peg.1346-MONOMER_mod_pydx5p(1),0.0,-8.66095282618024e-07
GLCP3_FWD_484018.6.peg.1346-MONOMER_mod_pydx5p(1),0.0,-1.5408234226576455e-06
GLCP3_REV_484018.6.peg.2900-MONOMER,0.0,-5.540337747737071e-36
GLCP3_FWD_484018.6.peg.2900-MONOMER,0.0,-6.747281400396213e-07
GLCTR1_REV_CPLX_dummy,0.0,-7.750918287433936e-07
GLCTR1_FWD_CPLX_dummy,0.0026378669203950787,-6.6169040651141e-35
GLCTR2_REV_CPLX_dummy,0.0,-7.750918287433936e-07
GLCTR2_FWD_CPLX_dummy,0.0026378669203950787,-7.013171707182257e-36
GLCTR3_REV_CPLX_dummy,0.0,-7.750918287433936e-07
GLCTR3_FWD_CPLX_dummy,0.0026378669203950787,-7.013171707182257e-36
GLCURt2r_REV_484018.6.peg.1215-MONOMER,0.0,-1.0718302312715434e-36
GLCURt2r_FWD_484018.6.peg.1215-MONOMER,0.0,-1.941165379146837e-06
GLCabc_REV_CPLX_dummy,0.0,-7.750918287433936e-07
GLCabc_FWD_CPLX_dummy,0.0,-3.562628014822392e-36
GLNS_REV_484018.6.peg.2620-MONOMER,0.0,0.008103281830839092
GLNS_FWD_484018.6.peg.2620-MONOMER,0.0,-0.008104365846722198
GLNS_REV_484018.6.peg.1945-MONOMER,0.0,0.008103340347476009
GLNS_FWD_484018.6.peg.1945-MONOMER,0.0,-0.008104307330085282
GLU5K_REV_484018.6.peg.3401-MONOMER_mod_mg2(1),0.0,-8.700775393759212e-08
GLU5K_FWD_484018.6.peg.3401-MONOMER_mod_mg2(1),0.019740730227423238,-7.983063991388056e-36
GLUDxi_REV_484018.6.peg.1760-MONOMER,0.0,1.5130868577209528e-06
GLUDxi_FWD_484018.6.peg.1760-MONOMER,0.0,-3.2054503689181422e-06
GLUDxi_REV_484018.6.peg.1743-MONOMER,0.0,1.5755332289324148e-06
GLUDxi_FWD_484018.6.peg.1743-MONOMER,0.0,-3.1430039977066807e-06
GLUDy_REV_484018.6.peg.1760-MONOMER,0.0,-6.244637121146185e-08
GLUDy_FWD_484018.6.peg.1760-MONOMER,0.0,-1.6299171399857277e-06
GLUDy_REV_484018.6.peg.1743-MONOMER,0.13619551617232167,-2.7402990057868387e-35
GLUDy_FWD_484018.6.peg.1743-MONOMER,0.0,-1.567470768774266e-06
GLUOX_REV_CPLX_GLUOX-0,0.0,-1.916395593457586e-06
GLUOX_FWD_CPLX_GLUOX-0,0.0,-5.63937598812681e-08
GLUOX_REV_CPLX_GLUOX-1_mod_fe2(1)_mod_fad(1),0.0,-2.1728146879552602e-06
GLUOX_FWD_CPLX_GLUOX-1_mod_fe2(1)_mod_fad(1),0.0,-3.128128543789427e-07
GLUOX_REV_CPLX_GLUOX-2,0.0,-1.8600018335763178e-06
GLUOX_FWD_CPLX_GLUOX-2,0.03060710141767551,-8.557356934617887e-34
GLUPRT_REV_484018.6.peg.2702-MONOMER,0.0,-2.231052406580087e-06
GLUPRT_FWD_484018.6.peg.2702-MONOMER,0.0,-1.7187361517072492e-07
GLUPRT_REV_484018.6.peg.1933-MONOMER_mod_mg2(1),0.0,-2.0591787914093625e-06
GLUPRT_FWD_484018.6.peg.1933-MONOMER_mod_mg2(1),4.359458374455337e-08,1.0897097649207072e-36
GLUR_REV_484018.6.peg.1531-MONOMER,0.0,-7.266913659378886e-07
GLUR_FWD_484018.6.peg.1531-MONOMER,0.0,2.1607157430751613e-36
GLUSy_REV_CPLX_GLUOX-0,0.0,-5.63937598812681e-08
GLUSy_FWD_CPLX_GLUOX-0,0.0,-1.916395593457586e-06
GLUSy_REV_CPLX_GLUOX-1_mod_fe2(1)_mod_fad(1),0.0,-3.128128543789427e-07
GLUSy_FWD_CPLX_GLUOX-1_mod_fe2(1)_mod_fad(1),0.0,-2.1728146879552602e-06
GLUSy_REV_CPLX_GLUOX-2,0.0,-8.263498452605171e-34
GLUSy_FWD_CPLX_GLUOX-2,0.0,-1.8600018335763178e-06
GLUTRS_REV_484018.6.peg.1212-MONOMER_mod_mg2(1)_mod_zn2(1),0.0,-6.550981456421893e-07
GLUTRS_FWD_484018.6.peg.1212-MONOMER_mod_mg2(1)_mod_zn2(1),0.0,1.1182083426838107e-35
GLXCL_REV_CPLX_dummy,0.0,-7.750918287433936e-07
GLXCL_FWD_CPLX_dummy,2.1797291872276686e-08,-7.377733763938978e-37
GLYASN1c_REV_484018.6.peg.280-MONOMER_mod_fe2(2),0.0,-7.523727361742316e-07
GLYASN1c_FWD_484018.6.peg.280-MONOMER_mod_fe2(2),0.0,-1.0547521391348567e-06
GLYASN1c_REV_484018.6.peg.855-MONOMER,0.0,-2.676762713808762e-07
GLYASN1c_FWD_484018.6.peg.855-MONOMER,0.0,-5.700556743415013e-07
GLYASN1c_REV_484018.6.peg.1873-MONOMER,0.0,-1.3269983809780987e-07
GLYASN1c_FWD_484018.6.peg.1873-MONOMER,0.0,-4.3507924105843506e-07
GLYASN1c_REV_484018.6.peg.2863-MONOMER,0.0,-2.517190597001299e-36
GLYASN1c_FWD_484018.6.peg.2863-MONOMER,0.0,-3.023794029606252e-07
GLYASP1c_REV_484018.6.peg.280-MONOMER_mod_fe2(2),0.0,-1.0547521391348567e-06
GLYASP1c_FWD_484018.6.peg.280-MONOMER_mod_fe2(2),0.0,-7.523727361742316e-07
GLYASP1c_REV_484018.6.peg.855-MONOMER,0.0,-5.700556743415013e-07
GLYASP1c_FWD_484018.6.peg.855-MONOMER,0.0,-2.676762713808762e-07
GLYASP1c_REV_484018.6.peg.1873-MONOMER,0.0,-4.3507924105843506e-07
GLYASP1c_FWD_484018.6.peg.1873-MONOMER,0.0,-1.3269983809780987e-07
GLYASP1c_REV_484018.6.peg.2863-MONOMER,0.0,-3.023794029606252e-07
GLYASP1c_FWD_484018.6.peg.2863-MONOMER,-9.023605356497452e-51,-1.0903354665369431e-36
GLYAT_REV_484018.6.peg.273-MONOMER,0.0,-1.5307185105286168e-07
GLYAT_FWD_484018.6.peg.273-MONOMER,0.0,-1.3204078156019424e-06
GLYAT_REV_484018.6.peg.751-MONOMER,0.0,1.1106742628768646e-34
GLYAT_FWD_484018.6.peg.751-MONOMER,0.0,-1.167335964549081e-06
GLYAT_REV_484018.6.peg.52-MONOMER_mod_pydx5p(1),0.0,-4.907917733149184e-07
GLYAT_FWD_484018.6.peg.52-MONOMER_mod_pydx5p(1),0.0,-1.6581277378639992e-06
GLYAT_REV_484018.6.peg.712-MONOMER,0.15694919519333742,1.110719257874368e-34
GLYAT_FWD_484018.6.peg.712-MONOMER,0.0,-1.167335964549081e-06
GLYCLTDxr_REV_CPLX_dummy,0.0,-7.750918287433936e-07
GLYCLTDxr_FWD_CPLX_dummy,4.359458374455337e-08,-7.636742877272021e-36
GLYGLN1c_REV_484018.6.peg.280-MONOMER_mod_fe2(2),0.0,-1.0547521391348567e-06
GLYGLN1c_FWD_484018.6.peg.280-MONOMER_mod_fe2(2),0.0,-7.523727361742316e-07
GLYGLN1c_REV_484018.6.peg.855-MONOMER,0.0,-5.700556743415013e-07
GLYGLN1c_FWD_484018.6.peg.855-MONOMER,0.0,-2.676762713808762e-07
GLYGLN1c_REV_484018.6.peg.1873-MONOMER,0.0,-4.3507924105843506e-07
GLYGLN1c_FWD_484018.6.peg.1873-MONOMER,0.0,-1.3269983809780987e-07
GLYGLN1c_REV_484018.6.peg.2863-MONOMER,0.0,-3.023794029606252e-07
GLYGLN1c_FWD_484018.6.peg.2863-MONOMER,0.0,2.253859652138304e-36
GLYGLU1c_REV_484018.6.peg.280-MONOMER_mod_fe2(2),0.0,-1.0547521391348567e-06
GLYGLU1c_FWD_484018.6.peg.280-MONOMER_mod_fe2(2),0.0,-7.523727361742316e-07
GLYGLU1c_REV_484018.6.peg.855-MONOMER,0.0,-5.700556743415013e-07
GLYGLU1c_FWD_484018.6.peg.855-MONOMER,0.0,-2.676762713808762e-07
GLYGLU1c_REV_484018.6.peg.1873-MONOMER,0.0,-4.3507924105843506e-07
GLYGLU1c_FWD_484018.6.peg.1873-MONOMER,0.0,-1.3269983809780987e-07
GLYGLU1c_REV_484018.6.peg.2863-MONOMER,0.0,-3.023794029606252e-07
GLYGLU1c_FWD_484018.6.peg.2863-MONOMER,0.0,1.2666855410605413e-35
GLYLEUHYDROc_REV_484018.6.peg.280-MONOMER_mod_fe2(2),0.0,-1.0547521391348567e-06
GLYLEUHYDROc_FWD_484018.6.peg.280-MONOMER_mod_fe2(2),0.0,-7.523727361742316e-07
GLYLEUHYDROc_REV_484018.6.peg.855-MONOMER,0.0,-5.700556743415013e-07
GLYLEUHYDROc_FWD_484018.6.peg.855-MONOMER,0.0,-2.676762713808762e-07
GLYLEUHYDROc_REV_484018.6.peg.1873-MONOMER,0.0,-4.3507924105843506e-07
GLYLEUHYDROc_FWD_484018.6.peg.1873-MONOMER,0.0,-1.3269983809780987e-07
GLYLEUHYDROc_REV_484018.6.peg.2863-MONOMER,0.0,-3.023794029606252e-07
GLYLEUHYDROc_FWD_484018.6.peg.2863-MONOMER,0.0,1.2012989549676575e-36
GLYMET1c_REV_484018.6.peg.280-MONOMER_mod_fe2(2),0.0,-1.0547521391348567e-06
GLYMET1c_FWD_484018.6.peg.280-MONOMER_mod_fe2(2),0.0,-7.523727361742316e-07
GLYMET1c_REV_484018.6.peg.855-MONOMER,0.0,-5.700556743415013e-07
GLYMET1c_FWD_484018.6.peg.855-MONOMER,0.0,-2.676762713808762e-07
GLYMET1c_REV_484018.6.peg.1873-MONOMER,0.0,-4.3507924105843506e-07
GLYMET1c_FWD_484018.6.peg.1873-MONOMER,0.0,-1.3269983809780987e-07
GLYMET1c_REV_484018.6.peg.2863-MONOMER,0.0,-3.023794029606252e-07
GLYMET1c_FWD_484018.6.peg.2863-MONOMER,0.0,3.954765044703304e-37
GLYPHEHYc_REV_484018.6.peg.280-MONOMER_mod_fe2(2),0.0,-7.523727361742316e-07
GLYPHEHYc_FWD_484018.6.peg.280-MONOMER_mod_fe2(2),0.0,-1.0547521391348567e-06
GLYPHEHYc_REV_484018.6.peg.855-MONOMER,0.0,-2.676762713808762e-07
GLYPHEHYc_FWD_484018.6.peg.855-MONOMER,0.0,-5.700556743415013e-07
GLYPHEHYc_REV_484018.6.peg.1873-MONOMER,0.0,-1.3269983809780987e-07
GLYPHEHYc_FWD_484018.6.peg.1873-MONOMER,0.0,-4.3507924105843506e-07
GLYPHEHYc_REV_484018.6.peg.2863-MONOMER,-1.3984540356567046e-51,1.7456304196230177e-35
GLYPHEHYc_FWD_484018.6.peg.2863-MONOMER,0.0,-3.023794029606252e-07
GLYPROPRO1c_REV_484018.6.peg.280-MONOMER_mod_fe2(2),0.0,-1.0547521391348567e-06
GLYPROPRO1c_FWD_484018.6.peg.280-MONOMER_mod_fe2(2),0.0,-7.523727361742316e-07
GLYPROPRO1c_REV_484018.6.peg.855-MONOMER,0.0,-5.700556743415013e-07
GLYPROPRO1c_FWD_484018.6.peg.855-MONOMER,0.0,-2.676762713808762e-07
GLYPROPRO1c_REV_484018.6.peg.1873-MONOMER,0.0,-4.3507924105843506e-07
GLYPROPRO1c_FWD_484018.6.peg.1873-MONOMER,0.0,-1.3269983809780987e-07
GLYPROPRO1c_REV_484018.6.peg.2863-MONOMER,0.0,-3.023794029606252e-07
GLYPROPRO1c_FWD_484018.6.peg.2863-MONOMER,-6.581874910948377e-52,1.6751599040141701e-37
GLYTYR1c_REV_484018.6.peg.280-MONOMER_mod_fe2(2),0.0,-7.523727361742316e-07
GLYTYR1c_FWD_484018.6.peg.280-MONOMER_mod_fe2(2),0.0,-1.0547521391348567e-06
GLYTYR1c_REV_484018.6.peg.855-MONOMER,0.0,-2.676762713808762e-07
GLYTYR1c_FWD_484018.6.peg.855-MONOMER,0.0,-5.700556743415013e-07
GLYTYR1c_REV_484018.6.peg.1873-MONOMER,0.0,-1.3269983809780987e-07
GLYTYR1c_FWD_484018.6.peg.1873-MONOMER,0.0,-4.3507924105843506e-07
GLYTYR1c_REV_484018.6.peg.2863-MONOMER,-3.732220071560329e-51,-8.943607650774867e-36
GLYTYR1c_FWD_484018.6.peg.2863-MONOMER,0.0,-3.023794029606252e-07
GMHEPAT_REV_CPLX_dummy,0.0,-7.750918287433936e-07
GMHEPAT_FWD_CPLX_dummy,0.010551467681580315,-2.565077183327545e-36
GMHEPK_REV_CPLX_dummy,0.0,-7.750918287433936e-07
GMHEPK_FWD_CPLX_dummy,0.010551467681580315,-1.6768392417297576e-35
GMHEPPA_REV_CPLX_dummy,0.0,-7.750918287433936e-07
GMHEPPA_FWD_CPLX_dummy,0.010551467681580315,-3.9791323256357296e-36
GMPS2_REV_484018.6.peg.1380-MONOMER_mod_mg2(1),0.0,0.008103386443530751
GMPS2_FWD_484018.6.peg.1380-MONOMER_mod_mg2(1),0.0,-0.008105290656276059
GPDDA1_REV_484018.6.peg.2090-MONOMER,0.0,-5.446029536717371e-07
GPDDA1_FWD_484018.6.peg.2090-MONOMER,0.0,-5.354079818862451e-37
GPDDA2_REV_484018.6.peg.2090-MONOMER,0.0,-5.446029536717371e-07
GPDDA2_FWD_484018.6.peg.2090-MONOMER,0.0,6.298460457279586e-36
GPDDA4_REV_484018.6.peg.2090-MONOMER,0.0,-5.446029536717371e-07
GPDDA4_FWD_484018.6.peg.2090-MONOMER,0.0,2.667967848972738e-36
GRTT_REV_484018.6.peg.2851-MONOMER,0.0,-2.651456053746156e-07
GRTT_FWD_484018.6.peg.2851-MONOMER,0.0,-6.344275287131163e-07
GRTT_REV_484018.6.peg.965-MONOMER_mod_mg2(1),0.0,3.692819233385008e-07
GRTT_FWD_484018.6.peg.965-MONOMER_mod_mg2(1),0.0026378669203950787,-3.5007172258745353e-35
GSNt2r_REV_484018.6.peg.603-MONOMER,0.0,-2.666291495436666e-37
GSNt2r_FWD_484018.6.peg.603-MONOMER,0.0,-2.5152671817641873e-06
GTPCI_REV_484018.6.peg.184-MONOMER,0.0,-3.23010102725714e-07
GTPCI_FWD_484018.6.peg.184-MONOMER,-3.8643384819182894e-49,1.0102940450273548e-35
GTPCI_REV_484018.6.peg.3485-MONOMER_mod_zn2(1),0.0,-7.498742644427891e-07
GTPCI_FWD_484018.6.peg.3485-MONOMER_mod_zn2(1),0.0,-4.268641617170751e-07
GTPCII_REV_484018.6.peg.26-MONOMER_mod_mg2(1),0.0,-1.5392089447677416e-06
GTPCII_FWD_484018.6.peg.26-MONOMER_mod_mg2(1),0.0014164158354695298,4.710768563483478e-36
GTPDPK_REV_484018.6.peg.2932-MONOMER,0.0,-6.367277260012465e-07
GTPDPK_FWD_484018.6.peg.2932-MONOMER,0.0,3.7984658104277056e-35
GTPDPK_REV_484018.6.peg.2215-MONOMER_mod_mn2(1),0.0,-8.387853039695739e-07
GTPDPK_FWD_484018.6.peg.2215-MONOMER_mod_mn2(1),0.0,-2.0205757796832743e-07
GUAPRT_REV_484018.6.peg.1083-MONOMER,0.0,1.7108343564259722e-07
GUAPRT_FWD_484018.6.peg.1083-MONOMER,0.009996107626826138,-1.0965089885549755e-35
GUI1_REV_484018.6.peg.247-MONOMER_mod_zn2(1),0.0,5.9728827077362945e-37
GUI1_FWD_484018.6.peg.247-MONOMER_mod_zn2(1),0.0,-8.343549723340112e-07
GUI2_REV_484018.6.peg.247-MONOMER_mod_zn2(1),0.0,2.644871981022715e-36
GUI2_FWD_484018.6.peg.247-MONOMER_mod_zn2(1),0.0,-8.343549723340112e-07
H2CO3D_REV_484018.6.peg.2218-MONOMER,0.0,-9.686668373994868e-07
H2CO3D_FWD_484018.6.peg.2218-MONOMER,0.024033472859478208,4.609303196635058e-37
H2Ot_REV_CPLX_dummy,0.0,-7.750918287433936e-07
H2Ot_FWD_CPLX_dummy,2.0414923782774266,-3.806459969372565e-41
H2td_REV_CPLX_dummy,0.0,-7.750918287433936e-07
H2td_FWD_CPLX_dummy,1.7436224626974555e-23,1.4444847708057699e-36
HDCAtr_REV_CPLX_dummy,0.0,-7.750918287433936e-07
HDCAtr_FWD_CPLX_dummy,0.0,3.883232353367842e-41
HEMEti_REV_CPLX_dummy,0.0,0.008105150029167448
HEMEti_FWD_CPLX_dummy,0.0,-0.008105925120996192
HEPK1_REV_CPLX_dummy,0.0,-7.750918287433936e-07
HEPK1_FWD_CPLX_dummy,0.0026378669203950787,-2.470875123383767e-35
HEPK2_REV_CPLX_dummy,0.0,-7.750918287433936e-07
HEPK2_FWD_CPLX_dummy,0.0026378669203950787,4.0863244154364404e-35
HEPT1_REV_CPLX_dummy,0.0,-7.750918287433936e-07
HEPT1_FWD_CPLX_dummy,0.0026378669203950787,-9.451954164181946e-35
HEPT2_REV_CPLX_dummy,0.0,-7.750918287433936e-07
HEPT2_FWD_CPLX_dummy,0.0026378669203950787,-2.2205889003419026e-35
HEPT3_REV_CPLX_dummy,0.0,-7.750918287433936e-07
HEPT3_FWD_CPLX_dummy,0.0026378669203950787,-9.451954164181946e-35
HEPT4_REV_CPLX_dummy,0.0,-7.750918287433936e-07
HEPT4_FWD_CPLX_dummy,0.0026378669203950787,-2.1075988180944019e-35
HEX1_REV_484018.6.peg.2792-MONOMER,0.0,-1.3147693475809835e-06
HEX1_FWD_484018.6.peg.2792-MONOMER,0.30267350000000004,3.426353886173469e-35
HEX4_REV_CPLX_dummy,0.0,-7.750918287433936e-07
HEX4_FWD_CPLX_dummy,0.14898579,-8.315752386787151e-36
HEX7_REV_484018.6.peg.3477-MONOMER,0.0,-1.912998914143027e-06
HEX7_FWD_484018.6.peg.3477-MONOMER,0.07919483000000001,-3.290746523996306e-35
HEXb_REV_484018.6.peg.2792-MONOMER,0.0,-1.3147693475809835e-06
HEXb_FWD_484018.6.peg.2792-MONOMER,0.14898578,9.52087977406203e-36
HG2abc_REV_484018.6.peg.2975-MONOMER,0.0,3.5560793809254166e-07
HG2abc_FWD_484018.6.peg.2975-MONOMER,0.0,-6.943026190544906e-37
HISTD_REV_484018.6.peg.2030-MONOMER_mod_mn2(1),0.0,-6.563948372043598e-07
HISTD_FWD_484018.6.peg.2030-MONOMER_mod_mn2(1),0.007918266534298921,9.155204479922551e-36
HISTDOX_REV_484018.6.peg.2030-MONOMER_mod_mn2(1),0.0,-6.563948372043598e-07
HISTDOX_FWD_484018.6.peg.2030-MONOMER_mod_mn2(1),0.0,2.809280276385628e-35
HISTLOX_REV_484018.6.peg.2030-MONOMER_mod_mn2(1),0.0,-3.281974186021799e-07
HISTLOX_FWD_484018.6.peg.2030-MONOMER_mod_mn2(1),0.0,-3.281974186021799e-07
HISTP_REV_484018.6.peg.2028-MONOMER_mod_mn2(1),0.0,-2.627720571553144e-06
HISTP_FWD_484018.6.peg.2028-MONOMER_mod_mn2(1),0.007918266534298921,1.7857398842326682e-36
HISTP_REV_484018.6.peg.2028-MONOMER_mod_mg2(1),0.0,-2.6304379093685792e-06
HISTP_FWD_484018.6.peg.2028-MONOMER_mod_mg2(1),0.0,-2.7173378154354e-09
HMPK1_REV_CPLX_HMPK1-0,0.0,-2.1003714882326704e-06
HMPK1_FWD_CPLX_HMPK1-0,4.359458374455337e-08,-8.48844781344374e-36
HPPK_REV_484018.6.peg.1000-MONOMER_mod_mg2(1),0.0,0.016213598120645354
HPPK_FWD_484018.6.peg.1000-MONOMER_mod_mg2(1),0.0,-0.016212447809712798
HPPK2_REV_484018.6.peg.1000-MONOMER_mod_mg2(1),0.0,0.016213598120645354
HPPK2_FWD_484018.6.peg.1000-MONOMER_mod_mg2(1),0.0,-0.016212447809712798
HPPK2_REV_484018.6.peg.250-MONOMER,0.0,0.016213708876864078
HPPK2_FWD_484018.6.peg.250-MONOMER,0.0,-0.016212337053494074
HSDx_REV_484018.6.peg.2566-MONOMER,0.20239687786031502,-1.8283903187122667e-35
HSDx_FWD_484018.6.peg.2566-MONOMER,0.0,-1.5755332289324148e-06
HSDy_REV_484018.6.peg.2566-MONOMER,0.0,-1.5755332289324148e-06
HSDy_FWD_484018.6.peg.2566-MONOMER,0.20239687786031502,8.062551526239228e-35
HSK_REV_484018.6.peg.2565-MONOMER,0.0,-1.8725637535123696e-06
HSK_FWD_484018.6.peg.2565-MONOMER,0.0,2.0542978493888533e-35
HSK_REV_484018.6.peg.2075-MONOMER_mod_mg2(1),0.0,-1.9070386046945547e-06
HSK_FWD_484018.6.peg.2075-MONOMER_mod_mg2(1),0.0,-3.44748511821851e-08
HSST_REV_484018.6.peg.1583-MONOMER,0.0,-1.5050627783448164e-06
HSST_FWD_484018.6.peg.1583-MONOMER,0.0,-1.3686279049786604e-34
HSTPTr_REV_484018.6.peg.2029-MONOMER_mod_pydx5p(1),0.007918266534298921,6.47494278308084e-36
HSTPTr_FWD_484018.6.peg.2029-MONOMER_mod_pydx5p(1),0.0,-1.8567548242805856e-06
HXPRT_REV_484018.6.peg.1083-MONOMER,0.0,0.01012868396817138
HXPRT_FWD_484018.6.peg.1083-MONOMER,0.0,-0.010128512884735737
HYD1_REV_484018.6.peg.2503-MONOMER,0.0,0.003035732102115445
HYD1_FWD_484018.6.peg.2503-MONOMER,0.0,-0.003037118502394611
HYD4_REV_CPLX_dummy,0.0,1.0269049555442502e-06
HYD4_FWD_CPLX_dummy,0.0,-1.8019967842876438e-06
HYXNti_REV_484018.6.peg.2178-MONOMER,0.0,-1.6320400645101617e-06
HYXNti_FWD_484018.6.peg.2178-MONOMER,0.031125095766753763,0.0
IAHDGK_REV_484018.6.peg.2599-MONOMER,0.0,-1.1469473906157296e-06
IAHDGK_FWD_484018.6.peg.2599-MONOMER,0.0,3.3441879273619126e-36
IAPDGK_REV_484018.6.peg.2599-MONOMER,0.0,-1.1469473906157296e-06
IAPDGK_FWD_484018.6.peg.2599-MONOMER,0.0,3.3441879273619126e-36
IBCOATA_REV_484018.6.peg.2613-MONOMER,0.0,4.7101846940438514e-35
IBCOATA_FWD_484018.6.peg.2613-MONOMER,0.0,-2.2928224326842793e-06
ICDHy_REV_484018.6.peg.1788-MONOMER_mod_mg2(1),0.0,0.007079978557120771
ICDHy_FWD_484018.6.peg.1788-MONOMER_mod_mg2(1),0.0,-0.007081226042539347
ICDHy_REV_484018.6.peg.1788-MONOMER_mod_mn2(1),0.0,0.007079980934818353
ICDHy_FWD_484018.6.peg.1788-MONOMER_mod_mn2(1),0.0,-0.007081223664841765
ICHORS_REV_484018.6.peg.1925-MONOMER_mod_mg2(1),0.0,-1.8513472961348218e-06
ICHORS_FWD_484018.6.peg.1925-MONOMER_mod_mg2(1),0.0,-4.668505388407881e-36
IG3PS_REV_484018.6.peg.1380-MONOMER_mod_mg2(1),0.0,-1.904212745308166e-06
IG3PS_FWD_484018.6.peg.1380-MONOMER_mod_mg2(1),0.007918266534298921,-1.8964963137780423e-34
IG3PS_REV_484018.6.peg.2089-MONOMER,0.0,-2.066215419983825e-06
IG3PS_FWD_484018.6.peg.2089-MONOMER,0.0,-1.620026746756592e-07
IGPDH_REV_484018.6.peg.2028-MONOMER_mod_mn2(1),0.0,-2.627720571553144e-06
IGPDH_FWD_484018.6.peg.2028-MONOMER_mod_mn2(1),0.007918266534298921,2.3562782189325707e-38
IGPDH_REV_484018.6.peg.2028-MONOMER_mod_mg2(1),0.0,-2.6304379093685792e-06
IGPDH_FWD_484018.6.peg.2028-MONOMER_mod_mg2(1),0.0,-2.7173378154354e-09
IGPS_REV_484018.6.peg.3020-MONOMER,0.0,-1.6544430505223772e-07
IGPS_FWD_484018.6.peg.3020-MONOMER,0.004349750446275823,3.4285568548641046e-35
IHDCOATA_REV_484018.6.peg.2613-MONOMER,0.0,-6.929657929449388e-36
IHDCOATA_FWD_484018.6.peg.2613-MONOMER,0.0,-2.2928224326842793e-06
IHDGK_REV_484018.6.peg.2599-MONOMER,0.0,-1.1469473906157296e-06
IHDGK_FWD_484018.6.peg.2599-MONOMER,0.0,3.3441879273619126e-36
IHPDCOATA_REV_484018.6.peg.2613-MONOMER,0.0,-2.2928224326842793e-06
IHPDCOATA_FWD_484018.6.peg.2613-MONOMER,0.0,-1.3518108551723774e-35
IHXDGK_REV_484018.6.peg.2599-MONOMER,0.0,-1.1469473906157296e-06
IHXDGK_FWD_484018.6.peg.2599-MONOMER,0.0,3.3441879273619126e-36
ILETA_REV_484018.6.peg.2914-MONOMER_mod_pydx5p(1),0.0,-5.0444010728500574e-08
ILETA_FWD_484018.6.peg.2914-MONOMER_mod_pydx5p(1),0.0,-3.1046349968612138e-06
ILETA_REV_484018.6.peg.2914-MONOMER_mod_pydx5p(6),0.043771756112957305,9.924141676380943e-34
ILETA_FWD_484018.6.peg.2914-MONOMER_mod_pydx5p(6),0.0,-3.054190986132713e-06
IMPC_REV_484018.6.peg.2220-MONOMER,0.007918266534298921,9.908464468039609e-36
IMPC_FWD_484018.6.peg.2220-MONOMER,0.0,-7.663792309871012e-07
IMPD_REV_484018.6.peg.109-MONOMER,0.0,-3.3324724306189826e-07
IMPD_FWD_484018.6.peg.109-MONOMER,0.0,-3.9659517062387924e-36
INSt2_REV_484018.6.peg.603-MONOMER,0.031125095766753763,-2.666291495436666e-37
INSt2_FWD_484018.6.peg.603-MONOMER,0.0,-2.5152671817641873e-06
IPDCOATA_REV_484018.6.peg.2613-MONOMER,0.0,1.1431027654788898e-34
IPDCOATA_FWD_484018.6.peg.2613-MONOMER,0.0,-2.2928224326842793e-06
IPDDI_REV_484018.6.peg.2187-MONOMER_mod_mn2(1)_mod_zn2(1),0.0,-2.63776345111332e-07
IPDDI_FWD_484018.6.peg.2187-MONOMER_mod_mn2(1)_mod_zn2(1),0.0,-2.63776345111332e-07
IPDDI_REV_484018.6.peg.2187-MONOMER_mod_mg2(1)_mod_zn2(1),0.0,-2.7128846672355e-07
IPDDI_FWD_484018.6.peg.2187-MONOMER_mod_mg2(1)_mod_zn2(1),0.0,-2.7128846672355e-07
IPDGK_REV_484018.6.peg.2599-MONOMER,0.0,-1.1469473906157296e-06
IPDGK_FWD_484018.6.peg.2599-MONOMER,0.0,3.3441879273619126e-36
IPDPS_REV_484018.6.peg.2854-MONOMER_mod_nadph(1)_mod_nadh(1)_mod_fad(1)_mod_cobalt2(1),0.0,-2.3501271119994446e-06
IPDPS_FWD_484018.6.peg.2854-MONOMER_mod_nadph(1)_mod_nadh(1)_mod_fad(1)_mod_cobalt2(1),0.026378669203950787,3.2334760986658496e-34
IPDPS2_REV_484018.6.peg.2854-MONOMER_mod_nadph(1)_mod_nadh(1)_mod_fad(1)_mod_cobalt2(1),0.0,-7.745938830670299e-07
IPDPS2_FWD_484018.6.peg.2854-MONOMER_mod_nadph(1)_mod_nadh(1)_mod_fad(1)_mod_cobalt2(1),0.0,-1.5755332289324148e-06
IPMDr_REV_484018.6.peg.1565-MONOMER_mod_mg2(1)_mod_mn2(1),0.0,9.123014547094343e-36
IPMDr_FWD_484018.6.peg.1565-MONOMER_mod_mg2(1)_mod_mn2(1),0.0,-1.7034964632319854e-06
IPPMIa_REV_CPLX_IPPMIa-0,0.0,-2.9863087791234736e-36
IPPMIa_FWD_CPLX_IPPMIa-0,0.0,-1.7748308103558272e-06
IPPMIb_REV_CPLX_IPPMIa-0,0.0,-4.8155473248585755e-37
IPPMIb_FWD_CPLX_IPPMIa-0,0.0,-1.7748308103558272e-06
ISOBUTt2r_REV_CPLX_dummy,0.0,3.1256137212257762e-37
ISOBUTt2r_FWD_CPLX_dummy,0.0,-7.750918287433936e-07
ISOCAPRt2r_REV_CPLX_dummy,0.0,4.090208637802348e-37
ISOCAPRt2r_FWD_CPLX_dummy,0.0,-7.750918287433936e-07
ISOVALt2r_REV_CPLX_dummy,0.0,8.276924284821962e-38
ISOVALt2r_FWD_CPLX_dummy,0.0,-7.750918287433936e-07
ITDCOATA_REV_484018.6.peg.2613-MONOMER,0.0,5.36903093092198e-35
ITDCOATA_FWD_484018.6.peg.2613-MONOMER,0.0,-2.2928224326842793e-06
ITDGK_REV_484018.6.peg.2599-MONOMER,0.0,-1.1469473906157296e-06
ITDGK_FWD_484018.6.peg.2599-MONOMER,0.0,3.3441879273619126e-36
IVCOATA_REV_484018.6.peg.2613-MONOMER,0.0,-1.3518108551723774e-35
IVCOATA_FWD_484018.6.peg.2613-MONOMER,0.0,-2.2928224326842793e-06
KARA1_REV_484018.6.peg.2453-MONOMER_mod_mg2(1),0.0,-1.41499421931394e-06
KARA1_FWD_484018.6.peg.2453-MONOMER_mod_mg2(1),2.1276938925536204e-22,-6.643586300844831e-35
KARA2_REV_484018.6.peg.2453-MONOMER_mod_mg2(1),0.0,-1.41499421931394e-06
KARA2_FWD_484018.6.peg.2453-MONOMER_mod_mg2(1),0.043771756112957305,1.0031860832040119e-34
KARA3_REV_484018.6.peg.2453-MONOMER_mod_mg2(1),0.0,-7.0749710965697e-07
KARA3_FWD_484018.6.peg.2453-MONOMER_mod_mg2(1),0.0,-7.0749710965697e-07
KAS14_REV_CPLX_3OAS100-0,0.0,-2.3759850948327458e-06
KAS14_FWD_CPLX_3OAS100-0,0.0,9.062239671005654e-37
KAS14_REV_484018.6.peg.377-MONOMER,0.0,-2.6689394583909554e-06
KAS14_FWD_484018.6.peg.377-MONOMER,0.0,-2.929543635582095e-07
KAS_HP_REV_CPLX_dummy,0.0,0.016215389006708488
KAS_HP_FWD_CPLX_dummy,0.0,-0.01621617300053402
KDOCT2_REV_484018.6.peg.3053-MONOMER_mod_mg2(1),0.0,-8.161751348301314e-07
KDOCT2_FWD_484018.6.peg.3053-MONOMER_mod_mg2(1),0.007913600761185236,4.979679401035414e-38
KDOPP_REV_484018.6.peg.2747-MONOMER_mod_mg2(1),0.0,-2.1562213238822366e-06
KDOPP_FWD_484018.6.peg.2747-MONOMER_mod_mg2(1),0.007913600761185236,-9.111759981846792e-36
KDOPSr_REV_484018.6.peg.2487-MONOMER,0.0,-1.2182448572653518e-07
KDOPSr_FWD_484018.6.peg.2487-MONOMER,0.007913600761185236,-6.775692799401932e-36
Kt1r_REV_484018.6.peg.2202-MONOMER,0.0,-1.333117429423953e-07
Kt1r_FWD_484018.6.peg.2202-MONOMER,4.4145401600412403e-07,-7.471913694000529e-42
Kt3_REV_484018.6.peg.1230-MONOMER,0.0,0.002026833020361134
Kt3_FWD_484018.6.peg.1230-MONOMER,0.0,-0.002026026700019613
Kt3_REV_CPLX_Kt3-0,0.0,0.0020253373915920117
Kt3_FWD_CPLX_Kt3-0,0.0,-0.002027522328788735
L2A6ODs_REV_CPLX_dummy,0.0,6.259596284258954e-07
L2A6ODs_FWD_CPLX_dummy,0.0,-1.401051457169289e-06
LACZ_REV_484018.6.peg.1670-MONOMER_mod_mg2(1),0.0,-2.2404288815186923e-06
LACZ_FWD_484018.6.peg.1670-MONOMER_mod_mg2(1),0.0,-6.158488522695478e-07
LACZ_REV_484018.6.peg.1330-MONOMER,0.0,-1.6812410373033608e-06
LACZ_FWD_484018.6.peg.1330-MONOMER,0.0,-5.6661008054216266e-08
LACZ_REV_484018.6.peg.3290-MONOMER,0.0,-1.6245800292491445e-06
LACZ_FWD_484018.6.peg.3290-MONOMER,1.2407092873161782e-17,3.606345244698486e-35
LACZ_REV_484018.6.peg.895-MONOMER,0.0,-1.7408844369856037e-06
LACZ_FWD_484018.6.peg.895-MONOMER,0.0,-1.1630440773645914e-07
LACZ_REV_484018.6.peg.2133-MONOMER,0.0,-1.7689373385981559e-06
LACZ_FWD_484018.6.peg.2133-MONOMER,0.0,-1.4435730934901136e-07
LACZ_REV_484018.6.peg.1350-MONOMER,0.0,-1.7285382259035897e-06
LACZ_FWD_484018.6.peg.1350-MONOMER,0.0,-1.0395819665444507e-07
LACZ_REV_CPLX_LACZ-1,0.0,-2.1994769981873057e-06
LACZ_FWD_CPLX_LACZ-1,0.0,-5.748969689381613e-07
LACZ_REV_484018.6.peg.1214-MONOMER,0.0,-1.7788502401372464e-06
LACZ_FWD_484018.6.peg.1214-MONOMER,0.0,-1.542702108881018e-07
LACZ_REV_484018.6.peg.3286-MONOMER,0.0,-1.8416514940162055e-06
LACZ_FWD_484018.6.peg.3286-MONOMER,0.0,-2.17071464767061e-07
LACZ_REV_484018.6.peg.912-MONOMER,0.0,-1.7951326273630242e-06
LACZ_FWD_484018.6.peg.912-MONOMER,0.0,-1.7055259811387959e-07
LACZ_REV_484018.6.peg.2830-MONOMER,0.0,-2.0535563481411387e-06
LACZ_FWD_484018.6.peg.2830-MONOMER,0.0,-4.2897631889199415e-07
LACZ_REV_484018.6.peg.3306-MONOMER,0.0,-1.6272836932233163e-06
LACZ_FWD_484018.6.peg.3306-MONOMER,0.0,-2.7036639741716384e-09
LACZ_REV_CPLX_LACZ-0,0.0,-1.7351834879630236e-06
LACZ_FWD_CPLX_LACZ-0,0.0,-1.1060345871387905e-07
LACZ_REV_CPLX_LACZ-2,0.0,-1.8401953731557404e-06
LACZ_FWD_CPLX_LACZ-2,0.0,-2.1561534390659584e-07
LACZ_REV_484018.6.peg.3219-MONOMER,0.0,-2.041784486303905e-06
LACZ_FWD_484018.6.peg.3219-MONOMER,0.0,-4.1720445705476044e-07
LACZ_REV_484018.6.peg.1363-MONOMER,0.0,-1.6245800292491445e-06
LACZ_FWD_484018.6.peg.1363-MONOMER,1.1441128379229704e-17,4.116470173371107e-35
LACZ_REV_484018.6.peg.3341-MONOMER,0.0,-1.741969541295443e-06
LACZ_FWD_484018.6.peg.3341-MONOMER,0.0,-1.1738951204629837e-07
LACZ_REV_484018.6.peg.3320-MONOMER,0.0,-1.868939347837528e-06
LACZ_FWD_484018.6.peg.3320-MONOMER,0.0,-2.443593185883835e-07
LACZ_REV_484018.6.peg.488-MONOMER,0.0,-1.7556039524179664e-06
LACZ_FWD_484018.6.peg.488-MONOMER,0.0,-1.3102392316882177e-07
LACZ_REV_484018.6.peg.471-MONOMER,0.0,-1.9782020576338e-06
LACZ_FWD_484018.6.peg.471-MONOMER,0.0,-3.5362202838465567e-07
LACZ_REV_484018.6.peg.984-MONOMER,0.0,-1.694749616339194e-06
LACZ_FWD_484018.6.peg.984-MONOMER,0.0,-7.016958709004945e-08
LACZ_REV_484018.6.peg.3415-MONOMER,0.0,-1.6245800292491445e-06
LACZ_FWD_484018.6.peg.3415-MONOMER,0.07449288999999998,6.125957630084012e-35
LARGNAT_REV_484018.6.peg.2543-MONOMER,0.0,-6.471558167921219e-07
LARGNAT_FWD_484018.6.peg.2543-MONOMER,0.0,-7.762258203525321e-07
LCARS_REV_484018.6.peg.1307-MONOMER_mod_fe2(1),0.0,-1.540176443475777e-06
LCARS_FWD_484018.6.peg.1307-MONOMER_mod_fe2(1),0.14898579,-2.751156083732784e-35
LCTSabc_REV_CPLX_dummy,0.0,-7.750918287433936e-07
LCTSabc_FWD_CPLX_dummy,0.07449289,6.046635323189872e-36
LDH_D_REV_CPLX_dummy,0.0,-7.750918287433936e-07
LDH_D_FWD_CPLX_dummy,0.0,-6.239514596652195e-36
LEUO_REV_CPLX_dummy,0.0,4.263005058088665e-06
LEUO_FWD_CPLX_dummy,0.0,-5.038096886832058e-06
LEUTA_REV_484018.6.peg.2914-MONOMER_mod_pydx5p(1),0.0,-3.1046349968612138e-06
LEUTA_FWD_484018.6.peg.2914-MONOMER_mod_pydx5p(1),0.0,-5.0444010728500574e-08
LEUTA_REV_484018.6.peg.2914-MONOMER_mod_pydx5p(6),0.0,-3.054190986132713e-06
LEUTA_FWD_484018.6.peg.2914-MONOMER_mod_pydx5p(6),0.0,3.3386831667849565e-36
LEUt2r_REV_CPLX_dummy,0.0,-7.750918287433936e-07
LEUt2r_FWD_CPLX_dummy,0.052524727851151,1.4271083152913158e-37
LGTHL_REV_484018.6.peg.345-MONOMER,0.0,-1.2648426601432446e-06
LGTHL_FWD_484018.6.peg.345-MONOMER,0.0,-1.558555544847675e-36
LPADSS_REV_484018.6.peg.2209-MONOMER,0.0,-1.6687975517420328e-06
LPADSS_FWD_484018.6.peg.2209-MONOMER,0.0026378669203950787,1.0719703046896899e-36
LPAMS_REV_CPLX_dummy,0.0,-7.750918287433936e-07
LPAMS_FWD_CPLX_dummy,0.043771756112957305,-5.441832855657158e-35
LYSt3r_REV_484018.6.peg.2917-MONOMER,0.0334453561027784,-6.365773491686501e-37
LYSt3r_FWD_484018.6.peg.2917-MONOMER,0.0,-1.5165751404349297e-06
L_AROND_REV_484018.6.peg.2545-MONOMER,0.0,-1.2966170885010447e-06
L_AROND_FWD_484018.6.peg.2545-MONOMER,0.0,-3.5945232230489167e-35
MADGBG_REV_484018.6.peg.1318-MONOMER,0.0,3.828949866258551e-36
MADGBG_FWD_484018.6.peg.1318-MONOMER,0.0,-9.27674031884462e-07
MALCOACD_REV_484018.6.peg.2101-MONOMER,0.0,-1.7656301678576447e-06
MALCOACD_FWD_484018.6.peg.2101-MONOMER,0.004493996475699539,3.0818706190468476e-35
MALCOAMT_REV_CPLX_dummy,0.0,-7.750918287433936e-07
MALCOAMT_FWD_CPLX_dummy,0.004493996475699539,-7.31472351121837e-35
MALT_REV_484018.6.peg.1525-MONOMER,0.0,-1.6683073110159307e-06
MALT_FWD_484018.6.peg.1525-MONOMER,0.0,-7.239760884892618e-07
MALT_REV_484018.6.peg.1911-MONOMER,0.0,-1.1339807432637296e-06
MALT_FWD_484018.6.peg.1911-MONOMER,0.0,-1.8964952073706077e-07
MALT_REV_484018.6.peg.2499-MONOMER,0.0,-1.5233808317664625e-06
MALT_FWD_484018.6.peg.2499-MONOMER,0.0,-5.790496092397934e-07
MALT_REV_CPLX_MALT-0,0.0,-1.6135265863050047e-06
MALT_FWD_CPLX_MALT-0,0.0,-6.691953637783358e-07
MALT_REV_484018.6.peg.1182-MONOMER,0.0,-9.44331222526669e-07
MALT_FWD_484018.6.peg.1182-MONOMER,0.07449289,1.3365024494424933e-36
MALTATr_REV_484018.6.peg.391-MONOMER,0.0,-1.8800765004423192e-35
MALTATr_FWD_484018.6.peg.391-MONOMER,0.0,-1.662613190091947e-07
MALTabc_REV_CPLX_dummy,0.0,-7.750918287433936e-07
MALTabc_FWD_CPLX_dummy,0.07449289,-4.935379920252715e-36
MAN1PT2_REV_484018.6.peg.1134-MONOMER,0.0,-7.329763708856741e-07
MAN1PT2_FWD_484018.6.peg.1134-MONOMER,0.0,-4.495716139255444e-09
MAN1PT2_REV_484018.6.peg.2611-MONOMER,0.0,-7.284806547464187e-07
MAN1PT2_FWD_484018.6.peg.2611-MONOMER,0.0,1.4736494953115372e-35
MAN6PI_REV_484018.6.peg.1068-MONOMER,0.0,-1.4978350411065496e-06
MAN6PI_FWD_484018.6.peg.1068-MONOMER,0.14898579,-3.83117507096379e-36
MANA4_REV_484018.6.peg.3374-MONOMER,0.0,1.0247155925614578e-35
MANA4_FWD_484018.6.peg.3374-MONOMER,0.0,-1.7583812842633597e-06
MANA4_REV_484018.6.peg.3475-MONOMER,0.0,-6.46970867056864e-08
MANA4_FWD_484018.6.peg.3475-MONOMER,0.0,-1.8230783709690462e-06
MANAO_REV_484018.6.peg.1685-MONOMER,0.0,-2.2154683012022895e-07
MANAO_FWD_484018.6.peg.1685-MONOMER,0.0,-6.655803033458581e-07
MANAO_REV_484018.6.peg.3317-MONOMER,0.0,-4.2974332764075503e-38
MANAO_FWD_484018.6.peg.3317-MONOMER,0.0,-4.4403347322562923e-07
MANTRabc_REV_CPLX_dummy,0.0,-7.750918287433936e-07
MANTRabc_FWD_CPLX_dummy,0.0,-4.935379920252715e-36
MANabc_REV_CPLX_dummy,0.0,-7.750918287433936e-07
MANabc_FWD_CPLX_dummy,0.14898579,5.556277014685784e-37
MBDGBG_REV_484018.6.peg.1318-MONOMER,0.0,3.828949866258551e-36
MBDGBG_FWD_484018.6.peg.1318-MONOMER,0.0,-9.27674031884462e-07
MCOATA_REV_484018.6.peg.2613-MONOMER,0.0,-2.2975994041022574e-06
MCOATA_FWD_484018.6.peg.2613-MONOMER,0.01953947638377867,-4.00812025130966e-35
MDH_REV_484018.6.peg.2229-MONOMER,0.07296276285520467,-3.563703417747138e-35
MDH_FWD_484018.6.peg.2229-MONOMER,0.0,-2.488304892968272e-06
ME2_REV_484018.6.peg.1761-MONOMER_mod_mn2(1),0.0,-1.0093073304850351e-06
ME2_FWD_484018.6.peg.1761-MONOMER_mod_mn2(1),0.07296276285520467,1.1858260805328058e-34
ME2_REV_484018.6.peg.1761-MONOMER_mod_mg2(1),0.0,-1.009954629955193e-06
ME2_FWD_484018.6.peg.1761-MONOMER_mod_mg2(1),0.0,-6.472994701579753e-10
MECDPDH2_REV_484018.6.peg.3291-MONOMER_mod_mn2(1),0.0,-2.0568249878673847e-06
MECDPDH2_FWD_484018.6.peg.3291-MONOMER_mod_mn2(1),0.029016536124345866,-5.748965178791924e-37
MECDPS_REV_484018.6.peg.211-MONOMER_mod_mn2(1),0.0,-6.067910590228677e-07
MECDPS_FWD_484018.6.peg.211-MONOMER_mod_mn2(1),0.029016536124345866,4.5485240137831e-36
MEPCT_REV_484018.6.peg.3413-MONOMER_mod_cobalt2(1),0.0,-1.1630944227907061e-06
MEPCT_FWD_484018.6.peg.3413-MONOMER_mod_cobalt2(1),0.029016536124345866,-6.943082780633045e-38
MEPCT_REV_484018.6.peg.3413-MONOMER_mod_mn2(1),0.0,-1.1643322334116944e-06
MEPCT_FWD_484018.6.peg.3413-MONOMER_mod_mn2(1),0.0,-1.237810620988186e-09
MEPCT_REV_484018.6.peg.3413-MONOMER_mod_mg2(1),0.0,-1.1681810325920196e-06
MEPCT_FWD_484018.6.peg.3413-MONOMER_mod_mg2(1),0.0,-5.086609801313328e-09
METALA1c_REV_484018.6.peg.280-MONOMER_mod_fe2(2),0.0,-1.0547521391348567e-06
METALA1c_FWD_484018.6.peg.280-MONOMER_mod_fe2(2),0.0,-7.523727361742316e-07
METALA1c_REV_484018.6.peg.855-MONOMER,0.0,-5.700556743415013e-07
METALA1c_FWD_484018.6.peg.855-MONOMER,0.0,-2.676762713808762e-07
METALA1c_REV_484018.6.peg.1873-MONOMER,0.0,-4.3507924105843506e-07
METALA1c_FWD_484018.6.peg.1873-MONOMER,0.0,-1.3269983809780987e-07
METALA1c_REV_484018.6.peg.2863-MONOMER,0.0,-3.023794029606252e-07
METALA1c_FWD_484018.6.peg.2863-MONOMER,1.8794119657657684e-52,-6.777304602074159e-37
METAT_REV_484018.6.peg.1001-MONOMER_mod_na1(4)_mod_mn2(1),0.0,-5.076586649426237e-07
METAT_FWD_484018.6.peg.1001-MONOMER_mod_na1(4)_mod_mn2(1),0.0,-3.390925741602528e-09
METAT_REV_484018.6.peg.1001-MONOMER_mod_k(4)_mod_mn2(1),0.0,-5.052862246751014e-07
METAT_FWD_484018.6.peg.1001-MONOMER_mod_k(4)_mod_mn2(1),0.0,-1.018485474080237e-09
METAT_REV_484018.6.peg.1001-MONOMER_mod_tl(4)_mod_zn2(1),0.0,-5.042677489406422e-07
METAT_FWD_484018.6.peg.1001-MONOMER_mod_tl(4)_mod_zn2(1),0.0,-9.739621084030986e-15
METAT_REV_484018.6.peg.1001-MONOMER_mod_k(4)_mod_ni2(1),0.0,-5.078850822873066e-07
METAT_FWD_484018.6.peg.1001-MONOMER_mod_k(4)_mod_ni2(1),0.0,-3.6173430862854497e-09
METAT_REV_484018.6.peg.1001-MONOMER_mod_tl(4)_mod_cobalt2(1),0.0,-5.048413774507327e-07
METAT_FWD_484018.6.peg.1001-MONOMER_mod_tl(4)_mod_cobalt2(1),0.0,-5.736382497115039e-10
METAT_REV_484018.6.peg.1001-MONOMER_mod_nh4(4)_mod_mn2(1),0.0,-5.096380001211184e-07
METAT_FWD_484018.6.peg.1001-MONOMER_mod_nh4(4)_mod_mn2(1),0.0,-5.370260920097229e-09
METAT_REV_484018.6.peg.1001-MONOMER_mod_k(4)_mod_cobalt2(1),0.0,-5.048410102925078e-07
METAT_FWD_484018.6.peg.1001-MONOMER_mod_k(4)_mod_cobalt2(1),0.0,-5.732710914867111e-10
METAT_REV_484018.6.peg.1001-MONOMER_mod_nh4(4)_mod_cobalt2(1),0.0,-5.091925673566027e-07
METAT_FWD_484018.6.peg.1001-MONOMER_mod_nh4(4)_mod_cobalt2(1),0.0,-4.924828155581644e-09
METAT_REV_484018.6.peg.1001-MONOMER_mod_cs(4)_mod_cobalt2(1),0.0,-5.048413774507327e-07
METAT_FWD_484018.6.peg.1001-MONOMER_mod_cs(4)_mod_cobalt2(1),0.0,-5.736382497115039e-10
METAT_REV_484018.6.peg.1001-MONOMER_mod_tl(4)_mod_ni2(1),0.0,-5.078873531355775e-07
METAT_FWD_484018.6.peg.1001-MONOMER_mod_tl(4)_mod_ni2(1),0.0,-3.619613934556321e-09
METAT_REV_484018.6.peg.1001-MONOMER_mod_na1(4)_mod_zn2(1),0.0,-5.066398194338531e-07
METAT_FWD_484018.6.peg.1001-MONOMER_mod_na1(4)_mod_zn2(1),0.0,-2.372080232832012e-09
METAT_REV_484018.6.peg.1001-MONOMER_mod_na1(4)_mod_cobalt2(1),0.0,-5.072132987036232e-07
METAT_FWD_484018.6.peg.1001-MONOMER_mod_na1(4)_mod_cobalt2(1),0.0,-2.9455595026021284e-09
METAT_REV_484018.6.peg.1001-MONOMER_mod_nh4(4)_mod_cd2(1),0.0,-5.086181748583453e-07
METAT_FWD_484018.6.peg.1001-MONOMER_mod_nh4(4)_mod_cd2(1),0.0,-4.350435657324213e-09
METAT_REV_484018.6.peg.1001-MONOMER_mod_na1(4)_mod_ni2(1),0.0,-5.102587098431699e-07
METAT_FWD_484018.6.peg.1001-MONOMER_mod_na1(4)_mod_ni2(1),0.0,-5.9909706421487534e-09
METAT_REV_484018.6.peg.1001-MONOMER_mod_na1(4)_mod_cd2(1),0.0,-5.066393729026171e-07
METAT_FWD_484018.6.peg.1001-MONOMER_mod_na1(4)_mod_cd2(1),0.0,-2.3716337015959424e-09
METAT_REV_484018.6.peg.1001-MONOMER_mod_tl(4)_mod_mn2(1),0.0,-5.052868692112124e-07
METAT_FWD_484018.6.peg.1001-MONOMER_mod_tl(4)_mod_mn2(1),0.0,-1.0191300101912545e-09
METAT_REV_484018.6.peg.1001-MONOMER_mod_nh4(4)_mod_mg2(1),0.0,-5.109822105645472e-07
METAT_FWD_484018.6.peg.1001-MONOMER_mod_nh4(4)_mod_mg2(1),0.0,-6.7144713635260155e-09
METAT_REV_484018.6.peg.1001-MONOMER_mod_nh4(4)_mod_ni2(1),0.0,-5.122386828760683e-07
METAT_FWD_484018.6.peg.1001-MONOMER_mod_nh4(4)_mod_ni2(1),0.0,-7.970943675047142e-09
METAT_REV_484018.6.peg.1001-MONOMER_mod_tl(4)_mod_mg2(1),0.0,-5.066309384360573e-07
METAT_FWD_484018.6.peg.1001-MONOMER_mod_tl(4)_mod_mg2(1),0.0,-2.363199235036137e-09
METAT_REV_484018.6.peg.1001-MONOMER_mod_cs(4)_mod_cd2(1),0.0,-5.042677392010211e-07
METAT_FWD_484018.6.peg.1001-MONOMER_mod_cs(4)_mod_cd2(1),0.0,-3.778435388219302e-35
METAT_REV_484018.6.peg.1001-MONOMER_mod_cs(4)_mod_ca2(1),0.0,-5.067720376822237e-07
METAT_FWD_484018.6.peg.1001-MONOMER_mod_cs(4)_mod_ca2(1),0.0,-2.5042984812025663e-09
METAT_REV_484018.6.peg.1001-MONOMER_mod_na1(4)_mod_ca2(1),0.0,-5.091434292343487e-07
METAT_FWD_484018.6.peg.1001-MONOMER_mod_na1(4)_mod_ca2(1),0.0,-4.87569003332755e-09
METAT_REV_484018.6.peg.1001-MONOMER_mod_tl(4)_mod_cd2(1),0.0,-5.042677392010211e-07
METAT_FWD_484018.6.peg.1001-MONOMER_mod_tl(4)_mod_cd2(1),0.0,-3.778435388219302e-35
METAT_REV_484018.6.peg.1001-MONOMER_mod_cs(4)_mod_zn2(1),0.0,-5.042677489406422e-07
METAT_FWD_484018.6.peg.1001-MONOMER_mod_cs(4)_mod_zn2(1),0.0,-9.739621084030986e-15
METAT_REV_484018.6.peg.1001-MONOMER_mod_nh4(4)_mod_ca2(1),0.0,-5.11122998369436e-07
METAT_FWD_484018.6.peg.1001-MONOMER_mod_nh4(4)_mod_ca2(1),0.0,-6.8552591684148825e-09
METAT_REV_484018.6.peg.1001-MONOMER_mod_k(4)_mod_zn2(1),0.0,-5.042677392010211e-07
METAT_FWD_484018.6.peg.1001-MONOMER_mod_k(4)_mod_zn2(1),0.014247631932629191,-3.4191989688818665e-35
METAT_REV_484018.6.peg.1001-MONOMER_mod_tl(4)_mod_ca2(1),0.0,-5.067720376822237e-07
METAT_FWD_484018.6.peg.1001-MONOMER_mod_tl(4)_mod_ca2(1),0.0,-2.5042984812025663e-09
METAT_REV_484018.6.peg.1001-MONOMER_mod_cs(4)_mod_mn2(1),0.0,-5.052868692112124e-07
METAT_FWD_484018.6.peg.1001-MONOMER_mod_cs(4)_mod_mn2(1),0.0,-1.0191300101912545e-09
METAT_REV_484018.6.peg.1001-MONOMER_mod_na1(4)_mod_mg2(1),0.0,-5.090025280943312e-07
METAT_FWD_484018.6.peg.1001-MONOMER_mod_na1(4)_mod_mg2(1),0.0,-4.7347888933100564e-09
METAT_REV_484018.6.peg.1001-MONOMER_mod_k(4)_mod_mg2(1),0.0,-5.066294529719138e-07
METAT_FWD_484018.6.peg.1001-MONOMER_mod_k(4)_mod_mg2(1),0.0,-2.3617137708927067e-09
METAT_REV_484018.6.peg.1001-MONOMER_mod_k(4)_mod_cd2(1),0.0,-5.042677392010211e-07
METAT_FWD_484018.6.peg.1001-MONOMER_mod_k(4)_mod_cd2(1),2.8806697680061054e-17,-5.817770203739501e-35
METAT_REV_484018.6.peg.1001-MONOMER_mod_nh4(4)_mod_zn2(1),0.0,-5.086189919310552e-07
METAT_FWD_484018.6.peg.1001-MONOMER_mod_nh4(4)_mod_zn2(1),0.0,-4.351252730034091e-09
METAT_REV_484018.6.peg.1001-MONOMER_mod_cs(4)_mod_mg2(1),0.0,-5.066309384360573e-07
METAT_FWD_484018.6.peg.1001-MONOMER_mod_cs(4)_mod_mg2(1),0.0,-2.363199235036137e-09
METAT_REV_484018.6.peg.1001-MONOMER_mod_k(4)_mod_ca2(1),0.0,-5.067704680142832e-07
METAT_FWD_484018.6.peg.1001-MONOMER_mod_k(4)_mod_ca2(1),0.0,-2.5027288132620297e-09
METAT_REV_484018.6.peg.1001-MONOMER_mod_cs(4)_mod_ni2(1),0.0,-5.078873531355775e-07
METAT_FWD_484018.6.peg.1001-MONOMER_mod_cs(4)_mod_ni2(1),0.0,-3.619613934556321e-09
METFR_REV_484018.6.peg.2181-MONOMER_mod_fad(1),0.0,-1.5755332289324148e-06
METFR_FWD_484018.6.peg.2181-MONOMER_mod_fad(1),0.0,-9.676671005888702e-07
METS_REV_484018.6.peg.1823-MONOMER,0.0,0.29180362127677034
METS_FWD_484018.6.peg.1823-MONOMER,0.0,-0.29180366457486867
METS_REV_484018.6.peg.1711-MONOMER_mod_zn2(1)_mod_cbl1(1),0.0,0.2918032908786402
METS_FWD_484018.6.peg.1711-MONOMER_mod_zn2(1)_mod_cbl1(1),0.0,-0.29180399497299886
METSOXR1r_REV_484018.6.peg.1566-MONOMER,0.0,-2.9679200936918704e-06
METSOXR1r_FWD_484018.6.peg.1566-MONOMER,0.0,1.6193310025963675e-34
METabc_REV_CPLX_dummy,0.0,-7.750918287433936e-07
METabc_FWD_CPLX_dummy,0.032229485253036705,-1.0192047032897317e-35
MG2abc_REV_CPLX_dummy,0.0,0.00810511828005967
MG2abc_FWD_CPLX_dummy,0.0,-0.008105893371888414
MGSA_REV_484018.6.peg.2902-MONOMER,0.0,-1.679630676976347e-06
MGSA_FWD_484018.6.peg.2902-MONOMER,0.0,-8.04678013073622e-36
MGt5_REV_484018.6.peg.2826-MONOMER,0.0,-7.015361186487867e-07
MGt5_FWD_484018.6.peg.2826-MONOMER,0.0,-7.650343342056677e-07
MGt5_REV_484018.6.peg.2866-MONOMER,1000.0,6.349821555688103e-08
MGt5_FWD_484018.6.peg.2866-MONOMER,999.9993400220152,-3.254412627477561e-42
MI1PI_REV_484018.6.peg.2361-MONOMER,0.0,-6.925361495391447e-36
MI1PI_FWD_484018.6.peg.2361-MONOMER,0.0,-3.979914657320797e-07
MI1PP_REV_484018.6.peg.3056-MONOMER_mod_mg2(1),0.0,-1.8965638892689996e-06
MI1PP_FWD_484018.6.peg.3056-MONOMER_mod_mg2(1),0.0,8.599426258467918e-36
MI3PP_REV_484018.6.peg.3056-MONOMER_mod_mg2(1),0.0,-1.8965638892689996e-06
MI3PP_FWD_484018.6.peg.3056-MONOMER_mod_mg2(1),0.0,8.599426258467918e-36
MI4PP_REV_484018.6.peg.3056-MONOMER_mod_mg2(1),0.0,-1.8965638892689996e-06
MI4PP_FWD_484018.6.peg.3056-MONOMER_mod_mg2(1),0.0,8.599426258467918e-36
MMCD_REV_CPLX_MMCD-0,0.0,-1.5443909730889067e-06
MMCD_FWD_CPLX_MMCD-0,0.0,5.117515190497746e-35
MME_REV_484018.6.peg.2742-MONOMER,0.0,-1.3243009032351503e-06
MME_FWD_484018.6.peg.2742-MONOMER,0.0,3.2891959622791897e-36
MMM2r_REV_CPLX_MMM2r-0,0.0,-2.2773741830262953e-06
MMM2r_FWD_CPLX_MMM2r-0,0.0,-4.4595880722437793e-35
MNNH_REV_484018.6.peg.3318-MONOMER,0.0,1.5267079083799207e-07
MNNH_FWD_484018.6.peg.3318-MONOMER,0.0,-3.451986537387612e-36
MNNH_REV_484018.6.peg.1686-MONOMER,0.0,-1.5547747252584183e-08
MNNH_FWD_484018.6.peg.1686-MONOMER,0.0,-1.6821853809057625e-07
MNt2_REV_484018.6.peg.1999-MONOMER,0.0,-1.1953184875571957e-06
MNt2_FWD_484018.6.peg.1999-MONOMER,9.36986249127263e-07,-4.6679994536700577e-38
MOAT_REV_484018.6.peg.1211-MONOMER,0.0,-1.4662328359591162e-06
MOAT_FWD_484018.6.peg.1211-MONOMER,0.0026378669203950787,-6.126423039509119e-36
MOAT3C_REV_CPLX_dummy,0.0,-7.750918287433936e-07
MOAT3C_FWD_CPLX_dummy,0.0026378669203950787,-7.621176642440265e-36
MOHMT_REV_484018.6.peg.2002-MONOMER_mod_mg2(1),0.0,-5.140471580250672e-07
MOHMT_FWD_484018.6.peg.2002-MONOMER_mod_mg2(1),0.0007082368396912849,1.1441808612324248e-35
MTAN_REV_484018.6.peg.910-MONOMER,0.0,-2.9467598434238024e-06
MTAN_FWD_484018.6.peg.910-MONOMER,0.0,0.0
MTHFC_REV_484018.6.peg.351-MONOMER,0.0,-1.3367271672578028e-06
MTHFC_FWD_484018.6.peg.351-MONOMER,0.009580128719796771,-1.0835520424896416e-34
MTHFC_REV_484018.6.peg.1742-MONOMER,0.0,-1.607265228091263e-06
MTHFC_FWD_484018.6.peg.1742-MONOMER,0.0,-2.7053806083346024e-07
MTHFD_REV_484018.6.peg.1742-MONOMER,0.0,-1.8778032889247231e-06
MTHFD_FWD_484018.6.peg.1742-MONOMER,0.009580128719796771,1.3749696262709717e-33
NACt2r_REV_CPLX_dummy,0.0007082511423234317,-2.2720792499555245e-37
NACt2r_FWD_CPLX_dummy,0.0,-7.750918287433936e-07
NADH10_REV_484018.6.peg.2636-MONOMER,0.0,0.007088069120982666
NADH10_FWD_484018.6.peg.2636-MONOMER,0.0,-0.007089435379952353
NADH5_REV_484018.6.peg.2636-MONOMER,0.0,0.007089886097441285
NADH5_FWD_484018.6.peg.2636-MONOMER,0.0,-0.007091252356410973
NADH6_REV_CPLX_NADH6-0,0.0,-3.4039763800566024e-06
NADH6_FWD_CPLX_NADH6-0,3.107529808525806,-9.094842536611547e-35
NADH9_REV_484018.6.peg.2636-MONOMER,0.0,0.0070907182680473215
NADH9_FWD_484018.6.peg.2636-MONOMER,0.0,-0.007092084527017008
NADK_REV_484018.6.peg.3407-MONOMER_mod_mg2(1),0.0,-1.578431055756368e-06
NADK_FWD_484018.6.peg.3407-MONOMER_mod_mg2(1),7.336241723663076e-09,6.580912166773825e-36
NADK2_REV_484018.6.peg.3407-MONOMER_mod_mg2(1),0.0,-1.2241308594953617e-06
NADK2_FWD_484018.6.peg.3407-MONOMER_mod_mg2(1),0.0,-3.5430019626100623e-07
NADS1_REV_484018.6.peg.2370-MONOMER,0.0,-2.1988172282265676e-06
NADS1_FWD_484018.6.peg.2370-MONOMER,0.0007082511423234317,-3.026472083663175e-34
NADS2_REV_484018.6.peg.2370-MONOMER,0.0,-4.850809270512757e-07
NADS2_FWD_484018.6.peg.2370-MONOMER,0.0,-1.7137363011752918e-06
NAPRT_REV_484018.6.peg.1560-MONOMER,0.0,-2.3326614832043084e-06
NAPRT_FWD_484018.6.peg.1560-MONOMER,0.0007082511423234317,3.817669507813072e-35
NAt3_1_REV_484018.6.peg.1052-MONOMER,0.0,-8.27568770877122e-07
NAt3_1_FWD_484018.6.peg.1052-MONOMER,0.0,-3.4437821261207406e-37
NCPTRCA_REV_484018.6.peg.225-MONOMER,0.0,1.0217641639980338e-07
NCPTRCA_FWD_484018.6.peg.225-MONOMER,0.0,-1.0599323291487308e-36
NDPK1_REV_484018.6.peg.3215-MONOMER_mod_mg2(1),0.0,-1.1169177392110913e-06
NDPK1_FWD_484018.6.peg.3215-MONOMER_mod_mg2(1),0.0,-4.0831734668907893e-07
NDPK1_REV_484018.6.peg.3215-MONOMER_mod_ca2(1),0.0,-1.117114390077689e-06
NDPK1_FWD_484018.6.peg.3215-MONOMER_mod_ca2(1),0.0,-4.085139975556765e-07
NDPK1_REV_484018.6.peg.3215-MONOMER_mod_mn2(1),0.0,-1.1140009521483397e-06
NDPK1_FWD_484018.6.peg.3215-MONOMER_mod_mn2(1),0.0,-4.0540055962632727e-07
NDPK2_REV_484018.6.peg.3215-MONOMER_mod_mg2(1),0.0,-1.1169177392110913e-06
NDPK2_FWD_484018.6.peg.3215-MONOMER_mod_mg2(1),0.0,-4.0831734668907893e-07
NDPK2_REV_484018.6.peg.3215-MONOMER_mod_ca2(1),0.0,-1.117114390077689e-06
NDPK2_FWD_484018.6.peg.3215-MONOMER_mod_ca2(1),0.0,-4.085139975556765e-07
NDPK2_REV_484018.6.peg.3215-MONOMER_mod_mn2(1),0.0,-1.1140009521483397e-06
NDPK2_FWD_484018.6.peg.3215-MONOMER_mod_mn2(1),0.0,-4.0540055962632727e-07
NDPK3_REV_484018.6.peg.3215-MONOMER_mod_mg2(1),0.0,-1.1169177392110913e-06
NDPK3_FWD_484018.6.peg.3215-MONOMER_mod_mg2(1),0.0,-4.0831734668907893e-07
NDPK3_REV_484018.6.peg.3215-MONOMER_mod_ca2(1),0.0,-1.117114390077689e-06
NDPK3_FWD_484018.6.peg.3215-MONOMER_mod_ca2(1),0.0,-4.085139975556765e-07
NDPK3_REV_484018.6.peg.3215-MONOMER_mod_mn2(1),0.0,-1.1140009521483397e-06
NDPK3_FWD_484018.6.peg.3215-MONOMER_mod_mn2(1),0.0,-4.0540055962632727e-07
NDPK4_REV_484018.6.peg.3215-MONOMER_mod_mg2(1),0.0,-1.1169177392110913e-06
NDPK4_FWD_484018.6.peg.3215-MONOMER_mod_mg2(1),0.0,-4.0831734668907893e-07
NDPK4_REV_484018.6.peg.3215-MONOMER_mod_ca2(1),0.0,-1.117114390077689e-06
NDPK4_FWD_484018.6.peg.3215-MONOMER_mod_ca2(1),0.0,-4.085139975556765e-07
NDPK4_REV_484018.6.peg.3215-MONOMER_mod_mn2(1),0.0,-1.1140009521483397e-06
NDPK4_FWD_484018.6.peg.3215-MONOMER_mod_mn2(1),0.0,-4.0540055962632727e-07
NDPK5_REV_484018.6.peg.3215-MONOMER_mod_mg2(1),0.0,-1.1169177392110913e-06
NDPK5_FWD_484018.6.peg.3215-MONOMER_mod_mg2(1),0.0,-4.0831734668907893e-07
NDPK5_REV_484018.6.peg.3215-MONOMER_mod_ca2(1),0.0,-1.117114390077689e-06
NDPK5_FWD_484018.6.peg.3215-MONOMER_mod_ca2(1),0.0,-4.085139975556765e-07
NDPK5_REV_484018.6.peg.3215-MONOMER_mod_mn2(1),0.0,-1.1140009521483397e-06
NDPK5_FWD_484018.6.peg.3215-MONOMER_mod_mn2(1),0.0,-4.0540055962632727e-07
NDPK6_REV_484018.6.peg.3215-MONOMER_mod_mg2(1),0.0,-7.626175429500852e-07
NDPK6_FWD_484018.6.peg.3215-MONOMER_mod_mg2(1),0.0,-7.626175429500852e-07
NDPK6_REV_484018.6.peg.3215-MONOMER_mod_ca2(1),0.0,-7.628141938166828e-07
NDPK6_FWD_484018.6.peg.3215-MONOMER_mod_ca2(1),0.0,-7.628141938166828e-07
NDPK6_REV_484018.6.peg.3215-MONOMER_mod_mn2(1),0.0,-7.597007558873335e-07
NDPK6_FWD_484018.6.peg.3215-MONOMER_mod_mn2(1),0.0,-7.597007558873335e-07
NDPK7_REV_484018.6.peg.3215-MONOMER_mod_mg2(1),0.0,-1.1169177392110913e-06
NDPK7_FWD_484018.6.peg.3215-MONOMER_mod_mg2(1),0.0,-4.0831734668907893e-07
NDPK7_REV_484018.6.peg.3215-MONOMER_mod_ca2(1),0.0,-1.117114390077689e-06
NDPK7_FWD_484018.6.peg.3215-MONOMER_mod_ca2(1),0.0,-4.085139975556765e-07
NDPK7_REV_484018.6.peg.3215-MONOMER_mod_mn2(1),0.0,-1.1140009521483397e-06
NDPK7_FWD_484018.6.peg.3215-MONOMER_mod_mn2(1),0.0,-4.0540055962632727e-07
NDPK8_REV_484018.6.peg.3215-MONOMER_mod_mg2(1),0.0,-8.716682085788342e-07
NDPK8_FWD_484018.6.peg.3215-MONOMER_mod_mg2(1),0.0,-6.535668773213361e-07
NDPK8_REV_484018.6.peg.3215-MONOMER_mod_ca2(1),0.0,-8.718648594454317e-07
NDPK8_FWD_484018.6.peg.3215-MONOMER_mod_ca2(1),0.0,-6.537635281879337e-07
NDPK8_REV_484018.6.peg.3215-MONOMER_mod_mn2(1),0.0,-8.687514215160826e-07
NDPK8_FWD_484018.6.peg.3215-MONOMER_mod_mn2(1),0.0,-6.506500902585844e-07
NDPK9_REV_484018.6.peg.3215-MONOMER_mod_mg2(1),0.0,-1.5223182988374186e-06
NDPK9_FWD_484018.6.peg.3215-MONOMER_mod_mg2(1),0.0,-2.9167870627516795e-09
NDPK9_REV_484018.6.peg.3215-MONOMER_mod_ca2(1),0.0,-1.5225149497040163e-06
NDPK9_FWD_484018.6.peg.3215-MONOMER_mod_ca2(1),0.0,-3.1134379293492554e-09
NDPK9_REV_484018.6.peg.3215-MONOMER_mod_mn2(1),0.0,-1.519401511774667e-06
NDPK9_FWD_484018.6.peg.3215-MONOMER_mod_mn2(1),0.0,7.747234466634762e-36
NH4tb_REV_CPLX_dummy,1.2181829622506386,0.0
NH4tb_FWD_CPLX_dummy,0.0,-7.750918287433936e-07
NNATr_REV_484018.6.peg.3419-MONOMER_mod_mg2(1),0.0,-1.1731289403865411e-06
NNATr_FWD_484018.6.peg.3419-MONOMER_mod_mg2(1),0.0007082511423234317,2.150482930714894e-36
NNDMBRT_REV_484018.6.peg.2987-MONOMER,0.0,-1.6916279553841912e-06
NNDMBRT_FWD_484018.6.peg.2987-MONOMER,0.0,1.962207478596302e-36
NNDPR_REV_484018.6.peg.2026-MONOMER_mod_mg2(1),0.0,1.0585815495182368e-06
NNDPR_FWD_484018.6.peg.2026-MONOMER_mod_mg2(1),0.0,-4.915737476600402e-38
NO2rPmq_REV_CPLX_dummy,0.0,-7.750918287433936e-07
NO2rPmq_FWD_CPLX_dummy,1.0,-1.1291104059916751e-34
NP1_r_REV_484018.6.peg.423-MONOMER,0.0,-1.1376943194246612e-06
NP1_r_FWD_484018.6.peg.423-MONOMER,0.0,-2.1212165117836876e-06
NP1_r_REV_484018.6.peg.1515-MONOMER,0.0,2.050773741943775e-37
NP1_r_FWD_484018.6.peg.1515-MONOMER,0.0,-9.835221923590266e-07
NPHS_REV_484018.6.peg.1923-MONOMER_mod_hco3(1),0.0,-6.095450048415047e-07
NPHS_FWD_484018.6.peg.1923-MONOMER_mod_hco3(1),0.0,8.281639893090013e-36
NT5C_REV_484018.6.peg.2680-MONOMER,0.0,0.05200506244832253
NT5C_FWD_484018.6.peg.2680-MONOMER,0.0,-0.05200618394365419
NT5C_REV_CPLX_NT5C-0,0.0,0.052004832688904594
NT5C_FWD_CPLX_NT5C-0,0.0,-0.052006413703072116
NTD1_REV_484018.6.peg.2680-MONOMER,0.0,0.00810605658127134
NTD1_FWD_484018.6.peg.2680-MONOMER,0.0,-0.008107178076602998
NTD1_REV_484018.6.peg.2210-MONOMER_mod_cobalt2(1),0.0,0.008105998959159033
NTD1_FWD_484018.6.peg.2210-MONOMER_mod_cobalt2(1),0.0,-0.008107235698715305
NTD1_REV_CPLX_NT5C-0,0.0,0.008105826821853408
NTD1_FWD_CPLX_NT5C-0,0.0,-0.008107407836020932
NTD10_REV_484018.6.peg.2680-MONOMER,0.0,0.052003810575863105
NTD10_FWD_484018.6.peg.2680-MONOMER,0.0,-0.05200493207119476
NTD10_REV_CPLX_NT5C-0,0.0,0.05200358081644517
NTD10_FWD_CPLX_NT5C-0,0.0,-0.0520051618306127
NTD11_REV_484018.6.peg.2680-MONOMER,0.0,0.04187431416893501
NTD11_FWD_484018.6.peg.2680-MONOMER,0.0,-0.041875435664266665
NTD11_REV_CPLX_NT5C-0,0.0,0.04187408440951708
NTD11_FWD_CPLX_NT5C-0,0.0,-0.0418756654236846
NTD2_REV_484018.6.peg.2680-MONOMER,0.0,0.008104974285437588
NTD2_FWD_484018.6.peg.2680-MONOMER,0.0,-0.008106095780769245
NTD2_REV_CPLX_NT5C-0,0.0,0.008104744526019654
NTD2_FWD_CPLX_NT5C-0,0.0,-0.008106325540187177
NTD3_REV_484018.6.peg.2680-MONOMER,0.0,0.008107171899035348
NTD3_FWD_484018.6.peg.2680-MONOMER,0.0,-0.008108293394367005
NTD3_REV_CPLX_NT5C-0,0.0,0.008106942139617416
NTD3_FWD_CPLX_NT5C-0,0.0,-0.008108523153784939
NTD4_REV_484018.6.peg.2680-MONOMER,0.0,-1.1214953316571797e-06
NTD4_FWD_484018.6.peg.2680-MONOMER,0.0,3.850536492500596e-37
NTD4_REV_CPLX_NT5C-0,0.0,-1.3512547495906758e-06
NTD4_FWD_CPLX_NT5C-0,0.0,-2.2975941793349623e-07
NTD5_REV_484018.6.peg.2680-MONOMER,0.0,0.00810605658127134
NTD5_FWD_484018.6.peg.2680-MONOMER,0.0,-0.008107178076602998
NTD5_REV_CPLX_NT5C-0,0.0,0.008105826821853408
NTD5_FWD_CPLX_NT5C-0,0.0,-0.008107407836020932
NTD5_a_REV_484018.6.peg.2680-MONOMER,0.0,-1.1214953316571797e-06
NTD5_a_FWD_484018.6.peg.2680-MONOMER,0.0,-2.076482475286868e-37
NTD5_a_REV_CPLX_NT5C-0,0.0,-1.3512547495906758e-06
NTD5_a_FWD_CPLX_NT5C-0,0.0,-2.2975941793349623e-07
NTD6_REV_484018.6.peg.2680-MONOMER,0.0,0.052011501485471644
NTD6_FWD_484018.6.peg.2680-MONOMER,0.0,-0.0520126229808033
NTD6_REV_CPLX_NT5C-0,0.0,0.05201127172605371
NTD6_FWD_CPLX_NT5C-0,0.0,-0.05201285274022123
NTD7_REV_484018.6.peg.2680-MONOMER,0.0,0.05200402443691406
NTD7_FWD_484018.6.peg.2680-MONOMER,0.0,-0.05200514593224572
NTD7_REV_CPLX_NT5C-0,0.0,0.052003794677496135
NTD7_FWD_CPLX_NT5C-0,0.0,-0.052005375691663656
NTD8_REV_484018.6.peg.2680-MONOMER,0.0,0.052012134947748034
NTD8_FWD_484018.6.peg.2680-MONOMER,0.0,-0.05201325644307969
NTD8_REV_CPLX_NT5C-0,0.0,0.052011905188330106
NTD8_FWD_CPLX_NT5C-0,0.0,-0.05201348620249763
NTD9_REV_484018.6.peg.2680-MONOMER,0.0,0.05200282705367074
NTD9_FWD_484018.6.peg.2680-MONOMER,0.0,-0.0520039485490024
NTD9_REV_CPLX_NT5C-0,0.0,0.052002597294252814
NTD9_FWD_CPLX_NT5C-0,0.0,-0.052004178308420336
NTPTP1_REV_484018.6.peg.1177-MONOMER_mod_mg2(1),0.0,0.06011861629793594
NTPTP1_FWD_484018.6.peg.1177-MONOMER_mod_mg2(1),0.0,-0.06012128252222441
NTRIR5_REV_484018.6.peg.1430-MONOMER,0.0,-1.239225008548633e-06
NTRIR5_FWD_484018.6.peg.1430-MONOMER,0.0,-8.32701991330799e-37
O2t_REV_CPLX_dummy,0.0,-7.750918287433936e-07
O2t_FWD_CPLX_dummy,0.01,-1.7163691356854613e-36
OAADC_REV_CPLX_OAADC-0,0.0,-5.838093802678045e-07
OAADC_FWD_CPLX_OAADC-0,0.0,-2.3726361467932643e-07
OAASr_REV_484018.6.peg.1789-MONOMER,0.0,-1.5194102623152339e-06
OAASr_FWD_484018.6.peg.1789-MONOMER,2.284622633878137e-24,-4.0906260004505135e-35
OBTFL_REV_484018.6.peg.1802-MONOMER_mod_glycyl(1),0.0,0.006060741666461993
OBTFL_FWD_484018.6.peg.1802-MONOMER_mod_glycyl(1),0.0,-5.366973750542784e-35
OCBT_REV_484018.6.peg.3325-MONOMER,0.0,-1.3252777842256182e-06
OCBT_FWD_484018.6.peg.3325-MONOMER,0.0,5.943324685867538e-37
OCDCAtr_REV_CPLX_dummy,0.0,3.883232353367842e-41
OCDCAtr_FWD_CPLX_dummy,0.0,-7.750918287433936e-07
OHPBAT_REV_484018.6.peg.3142-MONOMER_mod_pydx5p(1),0.0,-3.7938015995104634e-35
OHPBAT_FWD_484018.6.peg.3142-MONOMER_mod_pydx5p(1),0.0,-1.5906373453348314e-06
OMCDC_REV_CPLX_dummy,0.0,0.008103992155236375
OMCDC_FWD_CPLX_dummy,0.0,-0.008104767247065117
OMPDC_REV_484018.6.peg.2812-MONOMER,0.0,7.023813349698388e-08
OMPDC_FWD_484018.6.peg.2812-MONOMER,0.0,1.4409459299351802e-36
OOR2r_REV_CPLX_OOR2r-1,0.0,-2.142915331368063e-06
OOR2r_FWD_CPLX_OOR2r-1,0.08752975900721771,1.6840677263685135e-34
OOR2r_REV_CPLX_OOR2r-0,0.0,-2.142915331368063e-06
OOR2r_FWD_CPLX_OOR2r-0,2.8865630062187266e-17,2.3166595519463165e-34
ORNTAC_REV_484018.6.peg.1183-MONOMER_mod_zn2(1),1.3374532141605943e-22,-1.3607573741799359e-36
ORNTAC_FWD_484018.6.peg.1183-MONOMER_mod_zn2(1),0.0,-1.1876640982313977e-07
ORNabc_REV_CPLX_dummy,0.0,0.006077096785598838
ORNabc_FWD_CPLX_dummy,0.0,-0.006077871877427582
OROTPT_REV_484018.6.peg.825-MONOMER,0.0,3.5290076109334186e-07
OROTPT_FWD_484018.6.peg.825-MONOMER,0.0,-1.6084250170135593e-35
P5CRyr_REV_484018.6.peg.3371-MONOMER,0.019740730227423238,1.1584349810249883e-35
P5CRyr_FWD_484018.6.peg.3371-MONOMER,0.0,-9.52358468237054e-07
PACTH_REV_484018.6.peg.761-MONOMER,0.0,-5.5237310662044717e-08
PACTH_FWD_484018.6.peg.761-MONOMER,0.0,-5.7322434779425356e-36
PANTS_REV_484018.6.peg.2348-MONOMER_mod_mn2(1)_mod_k(1),0.0,-1.667439574661603e-06
PANTS_FWD_484018.6.peg.2348-MONOMER_mod_mn2(1)_mod_k(1),0.0007082368396912849,-1.817563979447985e-36
PANTS_REV_484018.6.peg.2348-MONOMER_mod_mg2(1)_mod_k(1),0.0,-1.6706799162791951e-06
PANTS_FWD_484018.6.peg.2348-MONOMER_mod_mg2(1)_mod_k(1),0.0,-3.240341617592251e-09
PANTS_REV_484018.6.peg.2348-MONOMER_mod_mn2(1)_mod_nh4(1),0.0,-1.6700352858082718e-06
PANTS_FWD_484018.6.peg.2348-MONOMER_mod_mn2(1)_mod_nh4(1),0.0,-2.5957111466688273e-09
PANTS_REV_484018.6.peg.2348-MONOMER_mod_mg2(1)_mod_nh4(1),0.0,-1.6732773735239194e-06
PANTS_FWD_484018.6.peg.2348-MONOMER_mod_mg2(1)_mod_nh4(1),0.0,-5.837798862316497e-09
PAPPT2_REV_484018.6.peg.1170-MONOMER,0.0,-2.0184867160861402e-07
PAPPT2_FWD_484018.6.peg.1170-MONOMER,0.0,5.481883546511149e-35
PAPPT3_REV_484018.6.peg.1170-MONOMER,0.0,-2.0184867160861402e-07
PAPPT3_FWD_484018.6.peg.1170-MONOMER,0.0,9.103688836348039e-35
PBUTT_REV_484018.6.peg.836-MONOMER,0.0,-1.1221084854470205e-35
PBUTT_FWD_484018.6.peg.836-MONOMER,0.0,-8.126520561383235e-08
PBt_REV_484018.6.peg.2975-MONOMER,0.0,3.5560793809254166e-07
PBt_FWD_484018.6.peg.2975-MONOMER,0.0,-6.943026190544906e-37
PC_REV_484018.6.peg.2167-MONOMER,0.0,0.008105357572961653
PC_FWD_484018.6.peg.2167-MONOMER,0.0,-0.008107032789804977
PDHa_REV_CPLX_dummy,0.0,-7.750918287433936e-07
PDHa_FWD_CPLX_dummy,1.4103162545600945,3.921274460811089e-37
PDHbr_REV_CPLX_dummy,0.0,-7.750918287433936e-07
PDHbr_FWD_CPLX_dummy,1.366544498447137,6.55279773078084e-35
PDHc_REV_484018.6.peg.1262-MONOMER,0.0,-1.9863568704606404e-06
PDHc_FWD_484018.6.peg.1262-MONOMER,1.366544498447137,-5.184242751888316e-35
PDX5PSYN_REV_484018.6.peg.3408-MONOMER,0.0,-3.271163535562015e-07
PDX5PSYN_FWD_484018.6.peg.3408-MONOMER,0.0,6.1078272720627e-36
PEPGLY_REV_484018.6.peg.2683-MONOMER,0.0,-1.8190956463696017e-06
PEPGLY_FWD_484018.6.peg.2683-MONOMER,0.0,3.6296347893700816e-34
PERD_REV_484018.6.peg.1547-MONOMER,0.0,1.1961831640092913e-35
PERD_FWD_484018.6.peg.1547-MONOMER,0.0,-7.492658804716072e-07
PFK_REV_484018.6.peg.2897-MONOMER,0.0,0.008106228874322989
PFK_FWD_484018.6.peg.2897-MONOMER,0.0,-0.008106568673734684
PFK_REV_484018.6.peg.2855-MONOMER_mod_mg2(1),0.0,0.008105997684820315
PFK_FWD_484018.6.peg.2855-MONOMER_mod_mg2(1),0.0,-0.008106799863237358
PFK_REV_484018.6.peg.1554-MONOMER,0.0,0.008106228874322989
PFK_FWD_484018.6.peg.1554-MONOMER,0.0,-0.008106568673734684
PFK(ppi)_REV_484018.6.peg.2050-MONOMER,0.0,-1.8189319405783794e-06
PFK(ppi)_FWD_484018.6.peg.2050-MONOMER,0.8033313017257231,-2.109993075564738e-35
PFK_2_REV_484018.6.peg.2897-MONOMER,0.0,-3.397994116951279e-07
PFK_2_FWD_484018.6.peg.2897-MONOMER,0.0,-1.3608871118314122e-36
PFK_2_REV_484018.6.peg.2855-MONOMER_mod_mg2(1),0.0,-5.709889143689384e-07
PFK_2_FWD_484018.6.peg.2855-MONOMER_mod_mg2(1),0.0,-2.311895026738105e-07
PFK_2_REV_484018.6.peg.1554-MONOMER,0.0,-3.397994116951279e-07
PFK_2_FWD_484018.6.peg.1554-MONOMER,0.0,-4.809448045399167e-36
PFK_3_REV_484018.6.peg.2897-MONOMER,0.0,-3.397994116951279e-07
PFK_3_FWD_484018.6.peg.2897-MONOMER,0.10715102340983255,1.68892217094881e-36
PFK_3_REV_484018.6.peg.2855-MONOMER_mod_mg2(1),0.0,-5.709889143689384e-07
PFK_3_FWD_484018.6.peg.2855-MONOMER_mod_mg2(1),0.0,-2.311895026738105e-07
PFK_3_REV_484018.6.peg.1554-MONOMER,0.0,-3.397994116951279e-07
PFK_3_FWD_484018.6.peg.1554-MONOMER,1.2031958857123419e-17,-7.922839694770988e-36
PFL_REV_CPLX_PFL-0,0.0,-1.4766002900970882e-06
PFL_FWD_CPLX_PFL-0,1.4446591139768254,4.0969114702476637e-35
PGAMT_REV_484018.6.peg.2761-MONOMER,0.0052757338407901574,-2.4878751284028247e-36
PGAMT_FWD_484018.6.peg.2761-MONOMER,0.0,-1.0272947487507258e-06
PGCDr_REV_484018.6.peg.3143-MONOMER,0.0,-1.5906608933881848e-36
PGCDr_FWD_484018.6.peg.3143-MONOMER,0.0,-7.031084731180504e-07
PGCDr_REV_484018.6.peg.240-MONOMER,0.0,-3.920152141208982e-07
PGCDr_FWD_484018.6.peg.240-MONOMER,0.0,-1.0951236872389486e-06
PGCDr_REV_484018.6.peg.2606-MONOMER,0.0,-2.7768116652944147e-07
PGCDr_FWD_484018.6.peg.2606-MONOMER,0.0,-9.807896396474919e-07
PGI_REV_484018.6.peg.1776-MONOMER,0.0,-1.1836633290847178e-06
PGI_FWD_484018.6.peg.1776-MONOMER,0.3686789953980246,-7.134990617107175e-36
PGK_REV_484018.6.peg.2690-MONOMER,2.0185967188485265,1.3318702036785664e-35
PGK_FWD_484018.6.peg.2690-MONOMER,0.0,-1.4128663645731254e-06
PGLYCP_REV_484018.6.peg.2069-MONOMER,0.0,4.4008520286048376e-07
PGLYCP_FWD_484018.6.peg.2069-MONOMER,0.0,-9.489933089869378e-08
PGLYCP_REV_484018.6.peg.2648-MONOMER,0.0,3.743213982596785e-07
PGLYCP_FWD_484018.6.peg.2648-MONOMER,0.0,-1.6066313549949904e-07
PGLYCP_REV_484018.6.peg.1735-MONOMER_mod_mg2(1)_mod_cl(1),0.0,5.349845337591776e-07
PGLYCP_FWD_484018.6.peg.1735-MONOMER_mod_mg2(1)_mod_cl(1),0.0,-5.090880612311446e-37
PGM_REV_484018.6.peg.3351-MONOMER_mod_mn2(1),2.018596740645818,-2.7475151193988652e-37
PGM_FWD_484018.6.peg.3351-MONOMER_mod_mn2(1),0.0,-1.6675824021324809e-06
PGM_REV_484018.6.peg.2894-MONOMER_mod_23bpg(1),0.0,-6.461524881636019e-37
PGM_FWD_484018.6.peg.2894-MONOMER_mod_23bpg(1),0.0,-1.6675824021324809e-06
PGMT_REV_484018.6.peg.2379-MONOMER_mod_mg2(1),0.0,-1.9232738843491453e-06
PGMT_FWD_484018.6.peg.2379-MONOMER_mod_mg2(1),0.06600549539802461,9.292406278618838e-36
PGMT2_REV_484018.6.peg.1775-MONOMER,0.0,1.2581875659532978e-36
PGMT2_FWD_484018.6.peg.1775-MONOMER,0.0,-4.528171100753868e-07
PHETA1_REV_484018.6.peg.2029-MONOMER_mod_pydx5p(1),0.02071150963345535,-6.03096582695379e-35
PHETA1_FWD_484018.6.peg.2029-MONOMER_mod_pydx5p(1),0.0,-1.8567548242805856e-06
PHTHRDH_REV_484018.6.peg.2063-MONOMER,0.0,-9.771871430643645e-07
PHTHRDH_FWD_484018.6.peg.2063-MONOMER,0.0,-2.0698248610561468e-35
PHYQS_REV_484018.6.peg.2373-MONOMER,0.0,-3.3594520907203895e-35
PHYQS_FWD_484018.6.peg.2373-MONOMER,0.0,-9.515939782665547e-07
PIabc_REV_CPLX_PIabc-0,0.0,0.006078647108998176
PIabc_FWD_CPLX_PIabc-0,0.0,-0.006078262825306543
PIt6b_REV_484018.6.peg.2219-MONOMER,0.0,-1.4388072211176325e-06
PIt6b_FWD_484018.6.peg.2219-MONOMER,0.10024864304046223,-4.6799751156462043e-35
PIt7ir_REV_484018.6.peg.3297-MONOMER,0.0,0.004053441548298132
PIt7ir_FWD_484018.6.peg.3297-MONOMER,0.0,-0.004053055168068989
PMACPME_REV_484018.6.peg.2100-MONOMER,0.0,-1.868323692230156e-06
PMACPME_FWD_484018.6.peg.2100-MONOMER,0.004493996475699539,-7.756805695462912e-36
PMANM_REV_484018.6.peg.2761-MONOMER,0.0,1.5042068154232319e-35
PMANM_FWD_484018.6.peg.2761-MONOMER,0.0,-1.0272947487507258e-06
PMDPHT_REV_CPLX_dummy,0.0,-7.750918287433936e-07
PMDPHT_FWD_CPLX_dummy,0.0014164158354695298,-3.9791323256357296e-36
PMPK_REV_CPLX_HMPK1-0,0.0,-2.1003714882326704e-06
PMPK_FWD_CPLX_HMPK1-0,4.359458374455337e-08,1.2512988980565617e-36
PMTCOATA_REV_484018.6.peg.2613-MONOMER,0.0,-4.765869841793025e-35
PMTCOATA_FWD_484018.6.peg.2613-MONOMER,0.0,-2.296030189984174e-06
PNP_REV_484018.6.peg.423-MONOMER,0.0,-1.1376943194246612e-06
PNP_FWD_484018.6.peg.423-MONOMER,0.0,-2.1212165117836876e-06
PNP_REV_484018.6.peg.1515-MONOMER,0.0,2.050773741943775e-37
PNP_FWD_484018.6.peg.1515-MONOMER,0.0,-9.835221923590266e-07
PNTK_REV_484018.6.peg.1826-MONOMER,0.0,-6.750552235369439e-07
PNTK_FWD_484018.6.peg.1826-MONOMER,0.0007082368396912849,-1.0306540296092159e-35
PNTK_REV_484018.6.peg.1955-MONOMER,0.0,-7.829811233380474e-07
PNTK_FWD_484018.6.peg.1955-MONOMER,0.0,-1.0792589980110357e-07
POR4_REV_484018.6.peg.1931-MONOMER_mod_thmpp(1),0.08752975900721774,4.4855832247128826e-35
POR4_FWD_484018.6.peg.1931-MONOMER_mod_thmpp(1),0.0,-3.5304102011855885e-06
PPAKr_REV_484018.6.peg.205-MONOMER_mod_mg2(1),0.0,-1.8091714076106764e-06
PPAKr_FWD_484018.6.peg.205-MONOMER_mod_mg2(1),0.0,-1.2100980825460103e-36
PPAt2r_REV_CPLX_dummy,0.0,-7.750918287433936e-07
PPAt2r_FWD_CPLX_dummy,0.0,8.861924553620752e-37
PPCDC_REV_484018.6.peg.331-MONOMER_mod_fmn(1),0.0,-2.0432627590637025e-06
PPCDC_FWD_484018.6.peg.331-MONOMER_mod_fmn(1),0.0007082368396912849,5.055151802828699e-35
PPCDC_REV_484018.6.peg.331-MONOMER_mod_mg2(1),0.0,-2.0455679386262694e-06
PPCDC_FWD_484018.6.peg.331-MONOMER_mod_mg2(1),0.0,-2.305179562566597e-09
PPCKr_REV_484018.6.peg.1509-MONOMER_mod_mn2(1),0.0,-5.737677824583716e-07
PPCKr_FWD_484018.6.peg.1509-MONOMER_mod_mn2(1),0.0,-7.233900992515713e-07
PPCKr_REV_484018.6.peg.1509-MONOMER_mod_ca2(1),0.0,-5.773804801449012e-07
PPCKr_FWD_484018.6.peg.1509-MONOMER_mod_ca2(1),0.0,-7.270027969381009e-07
PPCKr_REV_484018.6.peg.1509-MONOMER_mod_mg2(1),0.0,-5.771369627177536e-07
PPCKr_FWD_484018.6.peg.1509-MONOMER_mod_mg2(1),0.0,-7.267592795109533e-07
PPDK_REV_484018.6.peg.582-MONOMER,0.0,0.008107756422764874
PPDK_FWD_484018.6.peg.582-MONOMER,0.0,-0.00810771052551202
PPGPPDP_REV_484018.6.peg.2215-MONOMER_mod_mn2(1),0.0,-1.0408428819379014e-06
PPGPPDP_FWD_484018.6.peg.2215-MONOMER_mod_mn2(1),0.0,1.899218940939891e-35
PPIt2e_REV_484018.6.peg.2219-MONOMER,0.0,-1.4388072211176325e-06
PPIt2e_FWD_484018.6.peg.2219-MONOMER,0.025063685751557024,-2.0085194644108584e-35
PPNCL3_REV_484018.6.peg.331-MONOMER_mod_fmn(1),0.0,-2.0432627590637025e-06
PPNCL3_FWD_484018.6.peg.331-MONOMER_mod_fmn(1),0.0007082368396912849,-1.051665180355565e-36
PPNCL3_REV_484018.6.peg.331-MONOMER_mod_mg2(1),0.0,-2.0455679386262694e-06
PPNCL3_FWD_484018.6.peg.331-MONOMER_mod_mg2(1),0.0,-2.305179562566597e-09
PPND_REV_484018.6.peg.2545-MONOMER,0.0,2.7891614043137e-07
PPND_FWD_484018.6.peg.2545-MONOMER,0.0,-1.5755332289324148e-06
PPND2_REV_484018.6.peg.2545-MONOMER,0.0,-1.2966170885010447e-06
PPND2_FWD_484018.6.peg.2545-MONOMER,0.019328123161612823,9.1938159915045e-36
PPNDH_REV_484018.6.peg.2542-MONOMER,0.0,-2.3515002720405072e-06
PPNDH_FWD_484018.6.peg.2542-MONOMER,0.02071150963345535,2.748834907821559e-35
PRAGS_REV_484018.6.peg.1274-MONOMER_mod_mg2(1),0.0,-8.86304205368389e-07
PRAGS_FWD_484018.6.peg.1274-MONOMER_mod_mg2(1),4.359458374455337e-08,-6.786286966712937e-36
PRAI_REV_484018.6.peg.3019-MONOMER,0.0,-1.992557670299523e-06
PRAI_FWD_484018.6.peg.3019-MONOMER,0.004349750446275823,8.671491878288476e-36
PRAIS_REV_484018.6.peg.2810-MONOMER_mod_k(1)_mod_mg2(1),0.0,-1.559041156669406e-06
PRAIS_FWD_484018.6.peg.2810-MONOMER_mod_k(1)_mod_mg2(1),4.359458374455337e-08,-1.1343099184613104e-35
PRAMPC_REV_484018.6.peg.2086-MONOMER,0.0,-9.533917305399843e-07
PRAMPC_FWD_484018.6.peg.2086-MONOMER,0.007918266534298921,-4.1205768825473364e-36
PRASCSi_REV_484018.6.peg.2374-MONOMER,0.0,0.06280852842684292
PRASCSi_FWD_484018.6.peg.2374-MONOMER,0.0,-0.06280952274009549
PRATPP_REV_484018.6.peg.2086-MONOMER,0.0,-9.533917305399843e-07
PRATPP_FWD_484018.6.peg.2086-MONOMER,0.007918266534298921,8.076066256203303e-35
PRFGS_REV_484018.6.peg.2915-MONOMER_mod_mg2(1),0.0,-2.169815291119576e-06
PRFGS_FWD_484018.6.peg.2915-MONOMER_mod_mg2(1),4.359458374455337e-08,-1.6740051397966527e-33
PRMICI_REV_484018.6.peg.2088-MONOMER,0.0,-9.557272270508622e-07
PRMICI_FWD_484018.6.peg.2088-MONOMER,0.007918266534298921,-9.872558264551466e-36
PRO1x_REV_484018.6.peg.3371-MONOMER,0.0,1.5755332289324148e-06
PRO1x_FWD_484018.6.peg.3371-MONOMER,0.0,-2.5278916971694687e-06
PRODTHLOX_REV_484018.6.peg.2907-MONOMER,0.0,4.3805807095325406e-35
PRODTHLOX_FWD_484018.6.peg.2907-MONOMER,0.0,-2.4033906018936e-07
PRPPS_REV_484018.6.peg.3079-MONOMER_mod_mn2(1)_mod_pi(1),0.0,-6.619757097859785e-07
PRPPS_FWD_484018.6.peg.3079-MONOMER_mod_mn2(1)_mod_pi(1),0.04865284521656135,3.453453741287769e-34
PRPPS_REV_484018.6.peg.3079-MONOMER_mod_mg2(1)_mod_pi(1),0.0,-6.672671814067552e-07
PRPPS_FWD_484018.6.peg.3079-MONOMER_mod_mg2(1)_mod_pi(1),0.0,-5.2914716207766e-09
PSCVT_REV_484018.6.peg.1238-MONOMER,0.0,-2.3131841109709724e-06
PSCVT_FWD_484018.6.peg.1238-MONOMER,0.044389383241344,2.429338983549054e-35
PSD120_REV_484018.6.peg.1094-MONOMER,0.0,-3.4457500291448436e-07
PSD120_FWD_484018.6.peg.1094-MONOMER,0.0,4.820832985502117e-38
PSD140_REV_484018.6.peg.1094-MONOMER,0.0,-3.4457500291448436e-07
PSD140_FWD_484018.6.peg.1094-MONOMER,0.0,4.820832985502117e-38
PSD141_REV_484018.6.peg.1094-MONOMER,0.0,-3.4457500291448436e-07
PSD141_FWD_484018.6.peg.1094-MONOMER,0.0,4.820832985502117e-38
PSD160_REV_484018.6.peg.1094-MONOMER,0.0,-3.4457500291448436e-07
PSD160_FWD_484018.6.peg.1094-MONOMER,0.0,4.820832985502117e-38
PSD161_REV_484018.6.peg.1094-MONOMER,0.0,-3.4457500291448436e-07
PSD161_FWD_484018.6.peg.1094-MONOMER,0.0,4.820832985502117e-38
PSD180_REV_484018.6.peg.1094-MONOMER,0.0,-3.4457500291448436e-07
PSD180_FWD_484018.6.peg.1094-MONOMER,0.0,4.820832985502117e-38
PSD181_REV_484018.6.peg.1094-MONOMER,0.0,-3.4457500291448436e-07
PSD181_FWD_484018.6.peg.1094-MONOMER,0.0,4.820832985502117e-38
PSDAI15_REV_484018.6.peg.1094-MONOMER,0.0,-3.4457500291448436e-07
PSDAI15_FWD_484018.6.peg.1094-MONOMER,0.0,4.820832985502117e-38
PSDAI17_REV_484018.6.peg.1094-MONOMER,0.0,-3.4457500291448436e-07
PSDAI17_FWD_484018.6.peg.1094-MONOMER,0.0,4.820832985502117e-38
PSDI14_REV_484018.6.peg.1094-MONOMER,0.0,-3.4457500291448436e-07
PSDI14_FWD_484018.6.peg.1094-MONOMER,0.0,4.820832985502117e-38
PSDI15_REV_484018.6.peg.1094-MONOMER,0.0,-3.4457500291448436e-07
PSDI15_FWD_484018.6.peg.1094-MONOMER,0.0,4.820832985502117e-38
PSDI16_REV_484018.6.peg.1094-MONOMER,0.0,-3.4457500291448436e-07
PSDI16_FWD_484018.6.peg.1094-MONOMER,0.0,4.820832985502117e-38
PSDI17_REV_484018.6.peg.1094-MONOMER,0.0,-3.4457500291448436e-07
PSDI17_FWD_484018.6.peg.1094-MONOMER,0.0,4.820832985502117e-38
PSERT_REV_484018.6.peg.3142-MONOMER_mod_pydx5p(1),0.0,-1.5906373453348314e-06
PSERT_FWD_484018.6.peg.3142-MONOMER_mod_pydx5p(1),0.0,-6.6554375147486155e-37
PSP_L_REV_484018.6.peg.256-MONOMER_mod_mg2(1),0.0,0.008107699063894327
PSP_L_FWD_484018.6.peg.256-MONOMER_mod_mg2(1),0.0,-0.008108517035800823
PSSA120_REV_484018.6.peg.1095-MONOMER,0.0,0.03241933220843997
PSSA120_FWD_484018.6.peg.1095-MONOMER,0.0,-0.03242166039139103
PSSA140_REV_484018.6.peg.1095-MONOMER,0.0,0.022286526097647752
PSSA140_FWD_484018.6.peg.1095-MONOMER,0.0,-0.022288854280598815
PSSA141_REV_484018.6.peg.1095-MONOMER,0.0,0.03241933220843997
PSSA141_FWD_484018.6.peg.1095-MONOMER,0.0,-0.03242166039139103
PSSA160_REV_484018.6.peg.1095-MONOMER,0.0,0.022286526097647752
PSSA160_FWD_484018.6.peg.1095-MONOMER,0.0,-0.022288854280598815
PSSA161_REV_484018.6.peg.1095-MONOMER,0.0,0.03241933220843997
PSSA161_FWD_484018.6.peg.1095-MONOMER,0.0,-0.03242166039139103
PSSA180_REV_484018.6.peg.1095-MONOMER,0.0,0.022286526097647752
PSSA180_FWD_484018.6.peg.1095-MONOMER,0.0,-0.022288854280598815
PSSA181_REV_484018.6.peg.1095-MONOMER,0.0,0.03241933220843997
PSSA181_FWD_484018.6.peg.1095-MONOMER,0.0,-0.03242166039139103
PSSAAI15_REV_484018.6.peg.1095-MONOMER,0.0,0.022286526097647752
PSSAAI15_FWD_484018.6.peg.1095-MONOMER,0.0,-0.022288854280598815
PSSAAI17_REV_484018.6.peg.1095-MONOMER,0.0,0.022286526097647752
PSSAAI17_FWD_484018.6.peg.1095-MONOMER,0.0,-0.022288854280598815
PSSAI14_REV_484018.6.peg.1095-MONOMER,0.0,0.022286526097647752
PSSAI14_FWD_484018.6.peg.1095-MONOMER,0.0,-0.022288854280598815
PSSAI15_REV_484018.6.peg.1095-MONOMER,0.0,0.022286526097647752
PSSAI15_FWD_484018.6.peg.1095-MONOMER,0.0,-0.022288854280598815
PSSAI16_REV_484018.6.peg.1095-MONOMER,0.0,0.022286526097647752
PSSAI16_FWD_484018.6.peg.1095-MONOMER,0.0,-0.022288854280598815
PSSAI17_REV_484018.6.peg.1095-MONOMER,0.0,0.022286526097647752
PSSAI17_FWD_484018.6.peg.1095-MONOMER,0.0,-0.022288854280598815
PTA2_REV_484018.6.peg.204-MONOMER,0.0,-1.4283766727410158e-06
PTA2_FWD_484018.6.peg.204-MONOMER,0.0,4.156214408780002e-35
PTAr_REV_484018.6.peg.204-MONOMER,0.0,-1.4283766727410158e-06
PTAr_FWD_484018.6.peg.204-MONOMER,3.0263733599242495,2.7663873787020004e-34
PTPAT_REV_484018.6.peg.953-MONOMER_mod_mg2(1),0.0,2.75502179069968e-07
PTPAT_FWD_484018.6.peg.953-MONOMER_mod_mg2(1),0.0007082012489044736,-7.471648582582884e-35
PTRCabc_REV_CPLX_PTRCabc-0,0.0,0.012154375823084746
PTRCabc_FWD_CPLX_PTRCabc-0,0.0,-0.012154501858304842
PUNP1_REV_484018.6.peg.423-MONOMER,0.0,-2.1212165117836876e-06
PUNP1_FWD_484018.6.peg.423-MONOMER,0.0,-1.1376943194246612e-06
PUNP1_REV_484018.6.peg.1515-MONOMER,0.0,-9.835221923590266e-07
PUNP1_FWD_484018.6.peg.1515-MONOMER,0.031125095766753763,2.050773741943775e-37
PUNP2_REV_484018.6.peg.423-MONOMER,0.0,-1.1376943194246612e-06
PUNP2_FWD_484018.6.peg.423-MONOMER,0.0,-2.1212165117836876e-06
PUNP2_REV_484018.6.peg.1515-MONOMER,0.009996107626826138,-7.269938661917086e-38
PUNP2_FWD_484018.6.peg.1515-MONOMER,0.0,-9.835221923590266e-07
PUNP3_REV_484018.6.peg.423-MONOMER,0.0,-1.1376943194246612e-06
PUNP3_FWD_484018.6.peg.423-MONOMER,0.0,-2.1212165117836876e-06
PUNP3_REV_484018.6.peg.1515-MONOMER,0.0,-9.06029669059816e-37
PUNP3_FWD_484018.6.peg.1515-MONOMER,0.0,-9.835221923590266e-07
PUNP4_REV_484018.6.peg.423-MONOMER,0.0,-2.1212165117836876e-06
PUNP4_FWD_484018.6.peg.423-MONOMER,0.0,-1.1376943194246612e-06
PUNP4_REV_484018.6.peg.1515-MONOMER,0.0,-9.835221923590266e-07
PUNP4_FWD_484018.6.peg.1515-MONOMER,0.009996107626826138,2.050773741943775e-37
PUNP5_REV_484018.6.peg.423-MONOMER,0.0,-1.1376943194246612e-06
PUNP5_FWD_484018.6.peg.423-MONOMER,0.0,-2.1212165117836876e-06
PUNP5_REV_484018.6.peg.1515-MONOMER,0.031125095766753763,2.050773741943775e-37
PUNP5_FWD_484018.6.peg.1515-MONOMER,0.0,-9.835221923590266e-07
PUNP6_REV_484018.6.peg.423-MONOMER,0.0,-1.1376943194246612e-06
PUNP6_FWD_484018.6.peg.423-MONOMER,0.0,-2.1212165117836876e-06
PUNP6_REV_484018.6.peg.1515-MONOMER,0.0,-3.5047614743271922e-37
PUNP6_FWD_484018.6.peg.1515-MONOMER,0.0,-9.835221923590266e-07
PUNP7_REV_484018.6.peg.423-MONOMER,0.0,-2.1212165117836876e-06
PUNP7_FWD_484018.6.peg.423-MONOMER,0.0,-1.1376943194246612e-06
PUNP7_REV_484018.6.peg.1515-MONOMER,0.0,-9.835221923590266e-07
PUNP7_FWD_484018.6.peg.1515-MONOMER,0.0,2.050773741943775e-37
PYDAMK_REV_484018.6.peg.3136-MONOMER_mod_zn2(1),0.0,0.010131676462224539
PYDAMK_FWD_484018.6.peg.3136-MONOMER_mod_zn2(1),0.0,-0.01013278881196928
PYDAMK_REV_484018.6.peg.3136-MONOMER_mod_mg2(1),0.0,0.010131673629616648
PYDAMK_FWD_484018.6.peg.3136-MONOMER_mod_mg2(1),0.0,-0.010132791644577172
PYDXK_REV_484018.6.peg.3136-MONOMER_mod_zn2(1),0.0,-1.1123497447425643e-06
PYDXK_FWD_484018.6.peg.3136-MONOMER_mod_zn2(1),0.000708245344857871,-1.0554940576577517e-34
PYDXK_REV_484018.6.peg.3136-MONOMER_mod_mg2(1),0.0,-1.1151823526323659e-06
PYDXK_FWD_484018.6.peg.3136-MONOMER_mod_mg2(1),0.0,-2.832607889801465e-09
PYDXNK_REV_484018.6.peg.3136-MONOMER_mod_zn2(1),0.0,-1.1123497447425643e-06
PYDXNK_FWD_484018.6.peg.3136-MONOMER_mod_zn2(1),0.0,1.0937769588196639e-35
PYDXNK_REV_484018.6.peg.3136-MONOMER_mod_mg2(1),0.0,-1.1151823526323659e-06
PYDXNK_FWD_484018.6.peg.3136-MONOMER_mod_mg2(1),0.0,-2.832607889801465e-09
PYDXabc_REV_CPLX_dummy,0.0,-7.750918287433936e-07
PYDXabc_FWD_CPLX_dummy,0.000708245344857871,8.105763181335356e-36
PYK_REV_484018.6.peg.3226-MONOMER_mod_mg2(1)_mod_k(1),0.0,-4.974293214809778e-07
PYK_FWD_484018.6.peg.3226-MONOMER_mod_mg2(1)_mod_k(1),0.0,-1.261239099299953e-09
PYK_REV_484018.6.peg.3226-MONOMER_mod_mn2(1)_mod_k(1),0.0,-4.961680823816778e-07
PYK_FWD_484018.6.peg.3226-MONOMER_mod_mn2(1)_mod_k(1),1.921904373401945,4.17955513154672e-36
QULNS_REV_484018.6.peg.1022-MONOMER_mod_4fe4s(1),0.0,-1.2870144011558763e-06
QULNS_FWD_484018.6.peg.1022-MONOMER_mod_4fe4s(1),0.0,2.53927605606861e-36
R05224_REV_484018.6.peg.350-MONOMER,0.0,-4.960733754587038e-07
R05224_FWD_484018.6.peg.350-MONOMER,0.0,1.0472500227308691e-36
RAFFabc_REV_CPLX_dummy,0.0,-7.750918287433936e-07
RAFFabc_FWD_CPLX_dummy,0.00470194,5.36025937047471e-36
RAFGH_REV_484018.6.peg.3374-MONOMER,0.0,-1.7583812842633597e-06
RAFGH_FWD_484018.6.peg.3374-MONOMER,0.00470194,-1.5405130168947984e-35
RAFGH_REV_484018.6.peg.3475-MONOMER,0.0,-1.8230783709690462e-06
RAFGH_FWD_484018.6.peg.3475-MONOMER,0.0,-6.46970867056864e-08
RAFH_REV_CPLX_FFSD-0,0.0,-2.706673748891229e-06
RAFH_FWD_CPLX_FFSD-0,0.0,8.615796855161858e-36
RB5PE_REV_484018.6.peg.2765-MONOMER,0.0,-1.383519098120595e-41
RB5PE_FWD_484018.6.peg.2765-MONOMER,0.0,-1.383519098120595e-41
RBFK_REV_484018.6.peg.883-MONOMER,0.0,-2.5340822947148183e-06
RBFK_FWD_484018.6.peg.883-MONOMER,0.0007082145865650562,1.0574000832382525e-34
RBFSa_REV_484018.6.peg.1722-MONOMER,0.0,-4.994411904513404e-06
RBFSa_FWD_484018.6.peg.1722-MONOMER,0.0028328316709390596,-1.1053675898774474e-34
RBFSb_REV_484018.6.peg.1993-MONOMER,0.0,-1.8301983694397767e-06
RBFSb_FWD_484018.6.peg.1993-MONOMER,0.0014164158354695298,2.4309031158301265e-35
RBK_REV_484018.6.peg.2360-MONOMER,0.0,3.856560869293346e-07
RBK_FWD_484018.6.peg.2360-MONOMER,0.0,8.195445741532775e-37
RBK_REV_484018.6.peg.3275-MONOMER,0.0,7.483468489780446e-08
RBK_FWD_484018.6.peg.3275-MONOMER,0.0,-3.108214020315302e-07
RBK_D_REV_484018.6.peg.2120-MONOMER,0.0,-1.6815926339770305e-06
RBK_D_FWD_484018.6.peg.2120-MONOMER,0.0,8.146805361220684e-36
RBK_L1_REV_484018.6.peg.2120-MONOMER,0.0,-1.6815926339770305e-06
RBK_L1_FWD_484018.6.peg.2120-MONOMER,0.17878295,1.3941409558715325e-35
RBP4E_REV_484018.6.peg.2122-MONOMER,0.0,-1.3962904803058154e-06
RBP4E_FWD_484018.6.peg.2122-MONOMER,0.17878295,-7.636634044656705e-36
RE3351C_REV_CPLX_dummy,0.0,-2.0661464713754284e-37
RE3351C_FWD_CPLX_dummy,0.0,-7.750918287433936e-07
RE3352C_REV_CPLX_dummy,0.0,-2.0661464713754284e-37
RE3352C_FWD_CPLX_dummy,0.0,-7.750918287433936e-07
RHAT1_REV_CPLX_dummy,0.0,-7.750918287433936e-07
RHAT1_FWD_CPLX_dummy,0.0026378669203950787,-2.2205889003419026e-35
RHCCE_REV_484018.6.peg.911-MONOMER,0.0,-1.0693587755772963e-06
RHCCE_FWD_484018.6.peg.911-MONOMER,0.004551437732325669,-2.169079284893868e-35
RMI_REV_484018.6.peg.1304-MONOMER_mod_mn2(1),0.0,-2.569282122975927e-06
RMI_FWD_484018.6.peg.1304-MONOMER_mod_mn2(1),0.14898579,-1.2356953848894107e-36
RMK_REV_484018.6.peg.1303-MONOMER_mod_mg2(1),0.0,-1.2056585546707613e-06
RMK_FWD_484018.6.peg.1303-MONOMER_mod_mg2(1),0.14898579,8.581430913775738e-36
RMK2_REV_484018.6.peg.1303-MONOMER_mod_mg2(1),0.0,1.0123940037203331e-35
RMK2_FWD_484018.6.peg.1303-MONOMER_mod_mg2(1),0.0,-1.2056585546707613e-06
RMNt2_REV_484018.6.peg.1305-MONOMER,0.0,-3.317856171645757e-06
RMNt2_FWD_484018.6.peg.1305-MONOMER,0.14898579,-3.194173890958399e-36
RMPA_REV_484018.6.peg.1306-MONOMER_mod_k(1)_mod_zn2(1),0.0,-2.3788400738758647e-06
RMPA_FWD_484018.6.peg.1306-MONOMER_mod_k(1)_mod_zn2(1),0.14898579,-2.02336239123672e-37
RNTR1_REV_484018.6.peg.3432-MONOMER,0.0,-2.451364120095111e-06
RNTR1_FWD_484018.6.peg.3432-MONOMER,0.004802925103414731,1.1734072885636658e-34
RNTR2_REV_484018.6.peg.3432-MONOMER,0.0,-2.451364120095111e-06
RNTR2_FWD_484018.6.peg.3432-MONOMER,0.003927435583434766,-7.038512641931548e-36
RNTR3_REV_484018.6.peg.3432-MONOMER,0.0,0.010132514987913606
RNTR3_FWD_484018.6.peg.3432-MONOMER,0.0,-0.010134966352033701
RNTR4_REV_484018.6.peg.3432-MONOMER,0.0,0.0020270107350092866
RNTR4_FWD_484018.6.peg.3432-MONOMER,0.0,-0.002029462099129382
RPE_REV_484018.6.peg.2765-MONOMER,96.01256383126908,-1.383519098120595e-41
RPE_FWD_484018.6.peg.2765-MONOMER,95.83546206252898,-1.383519098120595e-41
RPI_REV_484018.6.peg.2118-MONOMER,0.16635533630797425,-4.324741662054349e-36
RPI_FWD_484018.6.peg.2118-MONOMER,0.0,-2.8146604213384776e-06
S7PIr_REV_CPLX_dummy,0.0,-7.750918287433936e-07
S7PIr_FWD_CPLX_dummy,0.010551467681580315,-4.775438504737611e-36
SADT_REV_CPLX_SADT-0,0.0,0.08037792435552975
SADT_FWD_CPLX_SADT-0,0.0,-0.08037590902354512
SADT2_REV_CPLX_SADT-0,0.0,0.08848381623080782
SADT2_FWD_CPLX_SADT-0,0.0,-0.0884818008988232
SEPHCHS_REV_484018.6.peg.1924-MONOMER_mod_mg2(1)_mod_mn2(1)_mod_thmpp(1),0.0,-3.843125149537969e-07
SEPHCHS_FWD_484018.6.peg.1924-MONOMER_mod_mg2(1)_mod_mn2(1)_mod_thmpp(1),0.0,-3.970846109361962e-35
SERATi_REV_484018.6.peg.1308-MONOMER,0.0,0.008102867620220377
SERATi_FWD_484018.6.peg.1308-MONOMER,0.0,-0.008105294456787536
SERATi_REV_484018.6.peg.2333-MONOMER,0.0,0.008104164856670011
SERATi_FWD_484018.6.peg.2333-MONOMER,0.0,-0.008103997220337899
SERt2r_REV_CPLX_dummy,0.0,-7.750918287433936e-07
SERt2r_FWD_CPLX_dummy,1.0,-1.839837115982457e-36
SHK3Dr_REV_484018.6.peg.2372-MONOMER,0.0,-1.120630391395025e-06
SHK3Dr_FWD_484018.6.peg.2372-MONOMER,0.044389383241344,-9.710838936764119e-35
SHKK_REV_484018.6.peg.1220-MONOMER_mod_cobalt2(1),0.0,-9.594074400521217e-07
SHKK_FWD_484018.6.peg.1220-MONOMER_mod_cobalt2(1),0.044389383241344,-2.6430946565264578e-36
SHKK_REV_484018.6.peg.1220-MONOMER_mod_mg2(1),0.0,-9.69331232526183e-07
SHKK_FWD_484018.6.peg.1220-MONOMER_mod_mg2(1),0.0,-9.923792474061256e-09
SHKK_REV_484018.6.peg.1220-MONOMER_mod_mn2(1),0.0,-9.618184825631032e-07
SHKK_FWD_484018.6.peg.1220-MONOMER_mod_mn2(1),0.0,-2.411042510981481e-09
SHKK_REV_484018.6.peg.1220-MONOMER_mod_ca2(1),0.0,-9.698804372201355e-07
SHKK_FWD_484018.6.peg.1220-MONOMER_mod_ca2(1),0.0,-1.0472997168013648e-08
SHKK_REV_484018.6.peg.1220-MONOMER_mod_k(1),0.0,-9.650884622903914e-07
SHKK_FWD_484018.6.peg.1220-MONOMER_mod_k(1),0.0,-5.68102223826971e-09
SHKK_REV_484018.6.peg.1220-MONOMER_mod_fe2(1),0.0,-9.653610761705867e-07
SHKK_FWD_484018.6.peg.1220-MONOMER_mod_fe2(1),0.0,-5.953636118464767e-09
SHSL2_REV_484018.6.peg.2183-MONOMER_mod_pydx5p(1),0.0,-2.160041359714946e-06
SHSL2_FWD_484018.6.peg.2183-MONOMER_mod_pydx5p(1),0.0,-5.465525622109828e-07
SHSL2_REV_484018.6.peg.1141-MONOMER,0.0,-1.613488797503963e-06
SHSL2_FWD_484018.6.peg.1141-MONOMER,0.0,1.5017638248328397e-35
SO4t2_REV_484018.6.peg.1026-MONOMER,0.0,-1.824516548394228e-07
SO4t2_FWD_484018.6.peg.1026-MONOMER,0.0,1.6560286419725287e-37
SO4t2_REV_484018.6.peg.1115-MONOMER,0.0,-7.427307033081293e-07
SO4t2_FWD_484018.6.peg.1115-MONOMER,0.0,-5.602790484687065e-07
SPMDabc_REV_CPLX_PTRCabc-0,0.0,0.008105474557471773
SPMDabc_FWD_CPLX_PTRCabc-0,0.0,-0.008105600592691867
SPODM_REV_484018.6.peg.3456-MONOMER_mod_fe3(1),0.0,4.0884528387573937e-07
SPODM_FWD_484018.6.peg.3456-MONOMER_mod_fe3(1),0.0,9.382699661092713e-36
STCOATA_REV_484018.6.peg.2613-MONOMER,0.0,-1.1484730246977219e-06
STCOATA_FWD_484018.6.peg.2613-MONOMER,0.0,-1.1475564198167522e-06
STYSGH_REV_484018.6.peg.3374-MONOMER,0.0,-2.5789871216667035e-36
STYSGH_FWD_484018.6.peg.3374-MONOMER,0.0,-1.7583812842633597e-06
STYSGH_REV_484018.6.peg.3475-MONOMER,0.0,-6.46970867056864e-08
STYSGH_FWD_484018.6.peg.3475-MONOMER,0.0,-1.8230783709690462e-06
STYSabc_REV_CPLX_dummy,0.0,-7.750918287433936e-07
STYSabc_FWD_CPLX_dummy,0.0,-5.6217558729678764e-36
SUCBZL_REV_484018.6.peg.1921-MONOMER,0.0,-3.5578988954660275e-07
SUCBZL_FWD_484018.6.peg.1921-MONOMER,0.0,-2.640032324395993e-35
SUCBZS_REV_484018.6.peg.1922-MONOMER,0.0,-8.198780324664006e-07
SUCBZS_FWD_484018.6.peg.1922-MONOMER,0.0,1.4103851001882613e-35
SUCCt2r_REV_CPLX_dummy,0.0,7.2713525816812845e-37
SUCCt2r_FWD_CPLX_dummy,0.0,-7.750918287433936e-07
SUCD1_REV_CPLX_FRD2-0,0.0,-2.0518871264429778e-06
SUCD1_FWD_CPLX_FRD2-0,0.0,-3.875459143716968e-07
SUCD4_REV_CPLX_FRD2-0,5.924004391897921e-09,1.3087685200414933e-35
SUCD4_FWD_CPLX_FRD2-0,0.0,-2.4394330408146745e-06
SUCDi_REV_CPLX_FRD2-0,0.0,-8.321706060356404e-07
SUCDi_FWD_CPLX_FRD2-0,0.0,-1.607262434779034e-06
SUCDimq_REV_CPLX_SUCDimq-0,0.0,-2.8588610884954564e-06
SUCDimq_FWD_CPLX_SUCDimq-0,3.0,-2.8777685104299556e-34
SUCOAS_REV_CPLX_dummy,0.0,-7.750918287433936e-07
SUCOAS_FWD_CPLX_dummy,0.08752975900721774,-5.6217558729678764e-36
SUCR_REV_CPLX_dummy,0.0,-7.750918287433936e-07
SUCR_FWD_CPLX_dummy,0.07919483000000001,-7.434390989664382e-36
SUCRt2_REV_CPLX_dummy,0.0,-7.750918287433936e-07
SUCRt2_FWD_CPLX_dummy,0.07449289,-4.998923840813957e-36
TAGURr_REV_484018.6.peg.248-MONOMER,0.0,-6.728317298304219e-07
TAGURr_FWD_484018.6.peg.248-MONOMER,0.0,-3.4570283237320296e-07
TAGURr_REV_484018.6.peg.3088-MONOMER,0.0,-3.2712889745721903e-07
TAGURr_FWD_484018.6.peg.3088-MONOMER,0.0,2.1319937782819634e-35
TAGURr_REV_484018.6.peg.1643-MONOMER,0.0,-6.322588484968004e-07
TAGURr_FWD_484018.6.peg.1643-MONOMER,0.0,-3.0512995103958133e-07
TCDCHOLBHSe_REV_484018.6.peg.2718-MONOMER,0.0,2.520526638545797e-07
TCDCHOLBHSe_FWD_484018.6.peg.2718-MONOMER,0.0,0.0
TCHOLBHSe_REV_484018.6.peg.2718-MONOMER,0.0,2.520526638545797e-07
TCHOLBHSe_FWD_484018.6.peg.2718-MONOMER,0.0,0.0
TDCOATA_REV_484018.6.peg.2613-MONOMER,0.0026378679426896263,1.0767996763115955e-34
TDCOATA_FWD_484018.6.peg.2613-MONOMER,0.0,-2.296030713232882e-06
TDPDRE_REV_484018.6.peg.625-MONOMER,0.0,-1.3421674094086348e-06
TDPDRE_FWD_484018.6.peg.625-MONOMER,0.0,-8.059933400896582e-08
TDPDRE_REV_484018.6.peg.2588-MONOMER,0.0,-1.2615680753996692e-06
TDPDRE_FWD_484018.6.peg.2588-MONOMER,0.0026378669203950787,-2.601643082662154e-36
TDPDRRr_REV_484018.6.peg.2919-MONOMER,0.0,-2.5747350400620347e-06
TDPDRRr_FWD_484018.6.peg.2919-MONOMER,0.0,-1.422870126353534e-07
TDPDRRr_REV_484018.6.peg.543-MONOMER,0.0,-2.448598489094544e-06
TDPDRRr_FWD_484018.6.peg.543-MONOMER,0.0,-1.6150461667862563e-08
TDPDRRr_REV_484018.6.peg.626-MONOMER,0.0,-2.4324480274266815e-06
TDPDRRr_FWD_484018.6.peg.626-MONOMER,0.0026378669203950787,1.085149133071116e-34
TDPGDH_REV_484018.6.peg.627-MONOMER_mod_nad(1),0.0,-1.41975721995611e-06
TDPGDH_FWD_484018.6.peg.627-MONOMER_mod_nad(1),0.0026378669203950787,6.97303064542633e-36
TDPGDH_REV_484018.6.peg.1714-MONOMER,0.0,-1.4701024708413315e-06
TDPGDH_FWD_484018.6.peg.1714-MONOMER,0.0,-5.034525088522171e-08
TDSK_REV_484018.6.peg.1514-MONOMER_mod_mg2(1),0.0,-1.4297055800524828e-06
TDSK_FWD_484018.6.peg.1514-MONOMER_mod_mg2(1),0.0026378669203950787,-5.997892326469682e-36
TECA5S140_REV_484018.6.peg.605-MONOMER_mod_mg2(1),0.0,-1.1346908366440932e-34
TECA5S140_FWD_484018.6.peg.605-MONOMER_mod_mg2(1),0.0,-1.3954051058496998e-06
TECA5S160_REV_484018.6.peg.605-MONOMER_mod_mg2(1),0.0,-1.1346908366440932e-34
TECA5S160_FWD_484018.6.peg.605-MONOMER_mod_mg2(1),0.0,-1.3954051058496998e-06
TECA5S180_REV_484018.6.peg.605-MONOMER_mod_mg2(1),0.0,-1.1346908366440932e-34
TECA5S180_FWD_484018.6.peg.605-MONOMER_mod_mg2(1),0.0,-1.3954051058496998e-06
TECA5SAI15_REV_484018.6.peg.605-MONOMER_mod_mg2(1),0.0,-1.1346908366440932e-34
TECA5SAI15_FWD_484018.6.peg.605-MONOMER_mod_mg2(1),0.0,-1.3954051058496998e-06
TECA5SAI17_REV_484018.6.peg.605-MONOMER_mod_mg2(1),0.0,-1.1346908366440932e-34
TECA5SAI17_FWD_484018.6.peg.605-MONOMER_mod_mg2(1),0.0,-1.3954051058496998e-06
TECA5SI14_REV_484018.6.peg.605-MONOMER_mod_mg2(1),0.0,-1.1346908366440932e-34
TECA5SI14_FWD_484018.6.peg.605-MONOMER_mod_mg2(1),0.0,-1.3954051058496998e-06
TECA5SI15_REV_484018.6.peg.605-MONOMER_mod_mg2(1),0.0,-1.1346908366440932e-34
TECA5SI15_FWD_484018.6.peg.605-MONOMER_mod_mg2(1),0.0,-1.3954051058496998e-06
TECA5SI16_REV_484018.6.peg.605-MONOMER_mod_mg2(1),0.0,-1.1346908366440932e-34
TECA5SI16_FWD_484018.6.peg.605-MONOMER_mod_mg2(1),0.0,-1.3954051058496998e-06
TECA5SI17_REV_484018.6.peg.605-MONOMER_mod_mg2(1),0.0,-1.1346908366440932e-34
TECA5SI17_FWD_484018.6.peg.605-MONOMER_mod_mg2(1),0.0,-1.3954051058496998e-06
TEICH45_REV_484018.6.peg.1488-MONOMER,0.0,1.817736312839364e-33
TEICH45_FWD_484018.6.peg.1488-MONOMER,0.0,-1.2445533477585675e-06
THIORDXi_REV_484018.6.peg.1156-MONOMER,0.0,0.015197755866282452
THIORDXi_FWD_484018.6.peg.1156-MONOMER,0.0,-0.01519942451091472
THIORDXi_REV_484018.6.peg.1205-MONOMER,0.0,0.015197687608773217
THIORDXi_FWD_484018.6.peg.1205-MONOMER,0.0,-0.015199492768423955
THMDt2r_REV_484018.6.peg.603-MONOMER,0.0,-2.5152671817641873e-06
THMDt2r_FWD_484018.6.peg.603-MONOMER,0.004802925103414731,1.6606221199787794e-37
THRAi_REV_484018.6.peg.770-MONOMER,0.0,-3.957963790735323e-07
THRAi_FWD_484018.6.peg.770-MONOMER,0.0,3.928409124083423e-36
THRD_REV_484018.6.peg.51-MONOMER,0.0,-8.828275944923344e-07
THRD_FWD_484018.6.peg.51-MONOMER,0.15694919519333742,1.4445568341044323e-36
THRD_L_REV_484018.6.peg.1882-MONOMER_mod_pydx5p(1),0.0,-2.8941463289895813e-06
THRD_L_FWD_484018.6.peg.1882-MONOMER_mod_pydx5p(1),0.039220318380631634,-9.511280489691594e-37
THRPD_REV_484018.6.peg.2990-MONOMER,0.0,-8.424842271974309e-07
THRPD_FWD_484018.6.peg.2990-MONOMER,0.0,-1.0237351830612136e-37
THRS_REV_484018.6.peg.2564-MONOMER_mod_pydx5p(1),0.0,-1.2355021588856825e-06
THRS_FWD_484018.6.peg.2564-MONOMER_mod_pydx5p(1),0.0,-7.95145080282823e-36
THRt2r_REV_CPLX_dummy,0.0,-7.750918287433936e-07
THRt2r_FWD_CPLX_dummy,0.225,3.2666685064051e-37
THZPSN_REV_CPLX_THZPSN-0,0.0,-1.4729153268512118e-06
THZPSN_FWD_CPLX_THZPSN-0,4.359458374455337e-08,-2.3916029792625104e-34
TKT1_REV_484018.6.peg.2119-MONOMER_mod_thmpp(1)_mod_mn2(1)_mod_mg2(1),0.0,-2.270490308293772e-06
TKT1_FWD_484018.6.peg.2119-MONOMER_mod_thmpp(1)_mod_mn2(1)_mod_mg2(1),0.11770249109141288,1.3650648400967381e-36
TKT2_REV_484018.6.peg.2119-MONOMER_mod_thmpp(1)_mod_mn2(1)_mod_mg2(1),0.0,-2.270490308293772e-06
TKT2_FWD_484018.6.peg.2119-MONOMER_mod_thmpp(1)_mod_mn2(1)_mod_mg2(1),0.06276164016848858,-4.3252083644284405e-37
TMDK1_REV_484018.6.peg.42-MONOMER,0.0,-2.1595077106988107e-06
TMDK1_FWD_484018.6.peg.42-MONOMER,0.004802925103414731,1.8818410842329323e-35
TMDPK_REV_484018.6.peg.410-MONOMER,0.0,-8.874394544507283e-07
TMDPK_FWD_484018.6.peg.410-MONOMER,0.0,-2.1526713152201774e-34
TMDS_REV_484018.6.peg.2398-MONOMER,0.0,0.00202701655933408
TMDS_FWD_484018.6.peg.2398-MONOMER,0.0,-0.0020271757042335287
TMDS_REV_484018.6.peg.2799-MONOMER_mod_mg2(1),0.0,0.002027161746704918
TMDS_FWD_484018.6.peg.2799-MONOMER_mod_mg2(1),0.0,-0.0020270305168626906
TMPK_REV_484018.6.peg.1516-MONOMER_mod_mg2(1),0.0,-1.6231515994130095e-06
TMPK_FWD_484018.6.peg.1516-MONOMER_mod_mg2(1),4.359458374455337e-08,1.5655508586268647e-34
TMPPP_REV_484018.6.peg.3080-MONOMER,0.0,-1.0612428895831836e-06
TMPPP_FWD_484018.6.peg.3080-MONOMER,0.0,-1.2571649959516232e-07
TMPPP_REV_484018.6.peg.3124-MONOMER_mod_mg2(1),0.0,-9.355263899880214e-07
TMPPP_FWD_484018.6.peg.3124-MONOMER_mod_mg2(1),4.359458374455337e-08,8.362798831652749e-35
TPI_REV_484018.6.peg.3483-MONOMER,0.0,-1.8939885617674613e-06
TPI_FWD_484018.6.peg.3483-MONOMER,1.0594681151355556,-1.2419002278073232e-36
TRDRr_REV_484018.6.peg.402-MONOMER,0.0,-2.5457847032919273e-06
TRDRr_FWD_484018.6.peg.402-MONOMER,0.008730357303435191,1.0386075055222226e-34
TRPS1_REV_CPLX_TRPS1-0_mod_pydx5p(1),0.0,-1.892182487595951e-06
TRPS1_FWD_CPLX_TRPS1-0_mod_pydx5p(1),0.004349750446275823,-1.9758527410378214e-33
TRPS2_REV_CPLX_TRPS1-0_mod_pydx5p(1),0.0,-9.460912437979755e-07
TRPS2_FWD_CPLX_TRPS1-0_mod_pydx5p(1),0.0,-9.460912437979755e-07
TRPS3_REV_CPLX_TRPS1-0_mod_pydx5p(1),0.0,-1.892182487595951e-06
TRPS3_FWD_CPLX_TRPS1-0_mod_pydx5p(1),0.0,-9.891448782215559e-36
TRPTA_REV_484018.6.peg.2029-MONOMER_mod_pydx5p(1),0.0,-1.8567548242805856e-06
TRPTA_FWD_484018.6.peg.2029-MONOMER_mod_pydx5p(1),-3.5576960646304275e-52,-6.63535858379068e-36
TRSARr_REV_CPLX_dummy,0.0,-7.750918287433936e-07
TRSARr_FWD_CPLX_dummy,2.1797291872276686e-08,1.4718909612645196e-35
TTDCAtr_REV_CPLX_dummy,0.0,-7.750918287433936e-07
TTDCAtr_FWD_CPLX_dummy,0.0026378679426896263,3.883232353367842e-41
TYRTA_REV_484018.6.peg.2029-MONOMER_mod_pydx5p(1),0.019328123161612823,-3.399138681127314e-35
TYRTA_FWD_484018.6.peg.2029-MONOMER_mod_pydx5p(1),0.0,-1.8567548242805856e-06
U23GAAT_REV_484018.6.peg.2813-MONOMER,0.0,-1.922977437571337e-06
U23GAAT_FWD_484018.6.peg.2813-MONOMER,0.0052757338407901574,-7.244570588101627e-36
UAAGDS_REV_484018.6.peg.1171-MONOMER,0.0,4.2793021032418943e-07
UAAGDS_FWD_484018.6.peg.1171-MONOMER,0.0,2.9167239296898684e-35
UAG4E_REV_484018.6.peg.814-MONOMER,0.0,-3.8531088802552263e-07
UAG4E_FWD_484018.6.peg.814-MONOMER,0.0,-1.295463536959846e-06
UAG4E_REV_484018.6.peg.1890-MONOMER_mod_nad(1),0.0,2.8796191075796557e-37
UAG4E_FWD_484018.6.peg.1890-MONOMER_mod_nad(1),0.0,-9.101526489343235e-07
UAGAAT_REV_484018.6.peg.2815-MONOMER,0.0,-1.5533549542297286e-06
UAGAAT_FWD_484018.6.peg.2815-MONOMER,0.0,-9.64783257738484e-08
UAGAAT_REV_484018.6.peg.1765-MONOMER,0.0,-1.4568766284558802e-06
UAGAAT_FWD_484018.6.peg.1765-MONOMER,0.0052757338407901574,6.993869707577993e-36
UAGCVT_r_REV_484018.6.peg.3425-MONOMER,6.403902899742095e-18,9.010190739740959e-36
UAGCVT_r_FWD_484018.6.peg.3425-MONOMER,6.403902899742095e-18,-9.011342505016994e-36
UAGDP_REV_CPLX_dummy,0.0,-7.750918287433936e-07
UAGDP_FWD_CPLX_dummy,0.0052757338407901574,-7.963880494568496e-36
UAGPT2_REV_484018.6.peg.1167-MONOMER,0.0,4.3574567741630484e-07
UAGPT2_FWD_484018.6.peg.1167-MONOMER,0.0,4.866546735126244e-35
UAGPT3_REV_484018.6.peg.1167-MONOMER,0.0,4.3574567741630484e-07
UAGPT3_FWD_484018.6.peg.1167-MONOMER,0.0,-3.3388171105408823e-37
UAMAGS_REV_484018.6.peg.1169-MONOMER_mod_k(1)_mod_mg2(1),0.0,-5.831281182478345e-07
UAMAGS_FWD_484018.6.peg.1169-MONOMER_mod_k(1)_mod_mg2(1),0.0,-1.606738352769491e-35
UAMAS_REV_484018.6.peg.1166-MONOMER_mod_mg2(1),0.0,0.24010252674075155
UAMAS_FWD_484018.6.peg.1166-MONOMER_mod_mg2(1),0.0,-0.24010237604326864
UAPGR_REV_484018.6.peg.1572-MONOMER_mod_fad(1),0.0,6.112283232151235e-07
UAPGR_FWD_484018.6.peg.1572-MONOMER_mod_fad(1),0.0,6.538699355937815e-35
UDCPDP_REV_484018.6.peg.997-MONOMER,0.0,-1.2226852712967057e-06
UDCPDP_FWD_484018.6.peg.997-MONOMER,0.0,9.035209583233325e-35
UDCPDPS_REV_CPLX_dummy,0.0,-7.750918287433936e-07
UDCPDPS_FWD_CPLX_dummy,0.0026378669203950787,6.651113043864807e-35
UDPG4E_REV_484018.6.peg.814-MONOMER,0.0,-3.8531088802552263e-07
UDPG4E_FWD_484018.6.peg.814-MONOMER,0.0,-1.295463536959846e-06
UDPG4E_REV_484018.6.peg.1890-MONOMER_mod_nad(1),0.07919483000000001,1.1233373202015136e-35
UDPG4E_FWD_484018.6.peg.1890-MONOMER_mod_nad(1),0.0,-9.101526489343235e-07
UDPGALM_REV_484018.6.peg.1494-MONOMER_mod_fad(1),0.0,-1.515404469307205e-06
UDPGALM_FWD_484018.6.peg.1494-MONOMER_mod_fad(1),0.0,-1.515228509017542e-37
UDPGDr_REV_484018.6.peg.641-MONOMER,0.0,-4.0685952711451e-35
UDPGDr_FWD_484018.6.peg.641-MONOMER,0.0,-6.214249659887888e-07
UDPGDr_REV_484018.6.peg.628-MONOMER,0.0,-1.5589516316870428e-07
UDPGDr_FWD_484018.6.peg.628-MONOMER,0.0,-7.773201291574931e-07
UGLT_REV_CPLX_dummy,0.0,-7.750918287433936e-07
UGLT_FWD_CPLX_dummy,0.07919483000000001,-8.233588698862263e-36
UGMDDS_REV_484018.6.peg.1227-MONOMER,0.0,-1.3896210706149565e-06
UGMDDS_FWD_484018.6.peg.1227-MONOMER,0.0,-1.3050862518356955e-07
UGMDDS_REV_484018.6.peg.1061-MONOMER,0.0,-1.259112445431387e-06
UGMDDS_FWD_484018.6.peg.1061-MONOMER,0.0,-1.134110838093892e-35
UHGADA_REV_CPLX_dummy,0.0,-7.750918287433936e-07
UHGADA_FWD_CPLX_dummy,0.0052757338407901574,3.636691854738549e-36
UMPK_REV_484018.6.peg.1102-MONOMER,0.0,-3.33072060533132e-07
UMPK_FWD_484018.6.peg.1102-MONOMER,0.02621663294789793,-3.3530735971142127e-35
UPPRT_REV_484018.6.peg.1510-MONOMER,0.0,0.041875459257504
UPPRT_FWD_484018.6.peg.1510-MONOMER,0.0,-0.04187713395942388
UREAt_REV_CPLX_dummy,1.3374532141605943e-22,3.883232353367842e-41
UREAt_FWD_CPLX_dummy,0.0,-7.750918287433936e-07
URFGTT_REV_484018.6.peg.2373-MONOMER,0.0,-9.515939782665547e-07
URFGTT_FWD_484018.6.peg.2373-MONOMER,0.0,-2.1116464123240768e-35
URIDK3_REV_484018.6.peg.1102-MONOMER,0.0,1.1984767206762246e-36
URIDK3_FWD_484018.6.peg.1102-MONOMER,0.0,-3.33072060533132e-07
URIK1_REV_484018.6.peg.3296-MONOMER,0.0,-4.3051599111150515e-07
URIK1_FWD_484018.6.peg.3296-MONOMER,0.0,-4.3559994792056793e-07
URIK1_REV_484018.6.peg.2034-MONOMER_mod_mg2(1),0.0,5.083956809062777e-09
URIK1_FWD_484018.6.peg.2034-MONOMER_mod_mg2(1),0.00856591994574482,4.028665025507569e-35
URIK2_REV_484018.6.peg.3296-MONOMER,0.0,-7.621579485049895e-08
URIK2_FWD_484018.6.peg.3296-MONOMER,0.0,-7.899001441815742e-07
URIK2_REV_484018.6.peg.2034-MONOMER_mod_mg2(1),0.0,3.59384153070069e-07
URIK2_FWD_484018.6.peg.2034-MONOMER_mod_mg2(1),0.0,-3.5430019626100623e-07
URIK3_REV_484018.6.peg.3296-MONOMER,0.0,3.291847647758283e-07
URIK3_FWD_484018.6.peg.3296-MONOMER,0.0,-1.1953007038079014e-06
URIK3_REV_484018.6.peg.2034-MONOMER_mod_mg2(1),0.0,7.647847126963963e-07
URIK3_FWD_484018.6.peg.2034-MONOMER_mod_mg2(1),0.0,-7.597007558873335e-07
URIK9_REV_CPLX_dummy,0.0,-3.070373970615918e-08
URIK9_FWD_CPLX_dummy,0.0,-7.443880890372344e-07
URIt2r_REV_484018.6.peg.603-MONOMER,0.0,-2.5152671817641873e-06
URIt2r_FWD_484018.6.peg.603-MONOMER,0.00856591994574482,-5.028346877289434e-38
USHD_REV_484018.6.peg.207-MONOMER,0.0,-1.6434546953548417e-06
USHD_FWD_484018.6.peg.207-MONOMER,0.0026378669203950787,1.3462718454546318e-35
UTPATPT_REV_484018.6.peg.1082-MONOMER_mod_mg2(1),0.03940596754987332,-1.5207932644797405e-35
UTPATPT_FWD_484018.6.peg.1082-MONOMER_mod_mg2(1),0.0,-3.5430019626100623e-07
VALO_REV_CPLX_dummy,0.0,-7.750918287433936e-07
VALO_FWD_CPLX_dummy,0.0,-1.0720352442919007e-36
VALTA_REV_484018.6.peg.2914-MONOMER_mod_pydx5p(1),0.0,-3.1046349968612138e-06
VALTA_FWD_484018.6.peg.2914-MONOMER_mod_pydx5p(1),0.0,-5.0444010728500574e-08
VALTA_REV_484018.6.peg.2914-MONOMER_mod_pydx5p(6),0.0,-3.054190986132713e-06
VALTA_FWD_484018.6.peg.2914-MONOMER_mod_pydx5p(6),0.0007082368396912849,1.1042351711970062e-36
VALt2r_REV_CPLX_dummy,0.0,-7.750918287433936e-07
VALt2r_FWD_CPLX_dummy,0.04671037149741496,2.811168204489057e-37
XANt2_REV_484018.6.peg.1194-MONOMER,0.0,0.012153587650493852
XANt2_FWD_484018.6.peg.1194-MONOMER,0.0,-0.01215548408871696
XPPT_REV_484018.6.peg.1193-MONOMER,0.0,-4.315628181454447e-07
XPPT_FWD_484018.6.peg.1193-MONOMER,0.0,-6.026462537880419e-07
XPPT_REV_484018.6.peg.1083-MONOMER,0.0,1.7108343564259722e-07
XPPT_FWD_484018.6.peg.1083-MONOMER,0.0,5.743562936492005e-37
XYLI1_REV_484018.6.peg.22-MONOMER_mod_mn2(1),0.0,-1.7971383492989173e-06
XYLI1_FWD_484018.6.peg.22-MONOMER_mod_mn2(1),0.17878295,2.13872389797352e-37
XYLI2_REV_484018.6.peg.22-MONOMER_mod_mn2(1),0.0,-1.191286055910796e-06
XYLI2_FWD_484018.6.peg.22-MONOMER_mod_mn2(1),0.0,-6.058522933881213e-07
XYLK_REV_484018.6.peg.21-MONOMER_mod_mg2(1),0.0,-2.2768545160574982e-06
XYLK_FWD_484018.6.peg.21-MONOMER_mod_mg2(1),0.17878295,-1.6836389669510176e-34
XYLabc_REV_CPLX_dummy,0.0,0.008104161325805218
XYLabc_FWD_CPLX_dummy,0.0,-0.00810493641763396
XYLt_REV_484018.6.peg.23-MONOMER,0.0,-1.977406724461801e-06
XYLt_FWD_484018.6.peg.23-MONOMER,0.17878295,2.155147728915912e-37
YUMPS_REV_CPLX_YUMPS-1,0.0,1.3149038673645272e-35
YUMPS_FWD_CPLX_YUMPS-1,0.0,-1.1729485280855905e-07
YUMPS_REV_CPLX_YUMPS-0,0.0,-1.1526317455912089e-07
YUMPS_FWD_CPLX_YUMPS-0,0.0,-2.3255802736767993e-07
ZN2t4_REV_484018.6.peg.2603-MONOMER,1.9666726620273163e-07,3.2190056381022944e-37
ZN2t4_FWD_484018.6.peg.2603-MONOMER,0.0,-2.076136785917221e-06
ZNabc_REV_CPLX_ZNabc-0,0.0,0.010129793115710429
ZNabc_FWD_CPLX_ZNabc-0,0.0,-0.010131798994562156
dreplication_REV_484018.6.peg.2227-MONOMER,0.0,5.360835547249172e-07
dreplication_FWD_484018.6.peg.2227-MONOMER,0.0,-5.748797951036573e-07
dreplication_REV_484018.6.peg.1739-MONOMER,0.0,8.527725673832439e-07
dreplication_FWD_484018.6.peg.1739-MONOMER,0.0,-2.5819078244533047e-07
dreplication_REV_484018.6.peg.1990-MONOMER,0.0,-5.495243951859625e-08
dreplication_FWD_484018.6.peg.1990-MONOMER,0.0,-1.1659157893471706e-06
dreplication_REV_CPLX_dreplication-2,0.0,8.947753728487654e-07
dreplication_FWD_CPLX_dreplication-2,0.0,-2.1618797697980906e-07
dreplication_REV_484018.6.peg.3199-MONOMER,0.0,2.3955861357504517e-07
dreplication_FWD_484018.6.peg.3199-MONOMER,0.0,-8.714047362535293e-07
dreplication_REV_CPLX_dreplication-3,0.0,9.382165210969516e-07
dreplication_FWD_CPLX_dreplication-3,0.0,-1.7274682873162287e-07
dreplication_REV_CPLX_dreplication-0,0.0,1.008885490424451e-06
dreplication_FWD_CPLX_dreplication-0,0.0,-1.020778594041233e-07
dreplication_REV_484018.6.peg.2841-MONOMER,0.0,-2.714582245932757e-08
dreplication_FWD_484018.6.peg.2841-MONOMER,0.0,-1.138109172287902e-06
dreplication_REV_CPLX_dreplication-1,0.0,5.319372231382949e-07
dreplication_FWD_CPLX_dreplication-1,0.0,-5.790261266902794e-07
dreplication_REV_484018.6.peg.1477-MONOMER,0.0,3.786483247261965e-07
dreplication_FWD_484018.6.peg.1477-MONOMER,0.0,-7.323150251023778e-07
dreplication_REV_484018.6.peg.3010-MONOMER,0.0,1.083568803666262e-06
dreplication_FWD_484018.6.peg.3010-MONOMER,0.0,-2.7394546162312264e-08
dreplication_REV_484018.6.peg.1204-MONOMER,0.0,-7.851852518657346e-08
dreplication_FWD_484018.6.peg.1204-MONOMER,0.0,-1.189481875015148e-06
dreplication_REV_484018.6.peg.954-MONOMER,0.0,1.1109633498285744e-06
dreplication_FWD_484018.6.peg.954-MONOMER,0.0,0.0
dreplication_REV_484018.6.peg.196-MONOMER,0.0,8.333656409530765e-07
dreplication_FWD_484018.6.peg.196-MONOMER,0.0,-2.7759770887549785e-07
dreplication_REV_484018.6.peg.2821-MONOMER,0.0,4.647300608912108e-07
dreplication_FWD_484018.6.peg.2821-MONOMER,0.0,-6.462332889373636e-07
pbiosynthesis_REV_CPLX_pbiosynthesis-0,0.0,-1.81388758299481e-06
pbiosynthesis_FWD_CPLX_pbiosynthesis-0,0.0,0.0
r0010_REV_484018.6.peg.1580-MONOMER_mod_hemed(6),0.0,0.01621384806052361
r0010_FWD_484018.6.peg.1580-MONOMER_mod_hemed(6),0.0,1.095490029739266e-35
r0060_REV_484018.6.peg.2646-MONOMER_mod_4fe4s(1),0.0,-2.674353726872085e-06
r0060_FWD_484018.6.peg.2646-MONOMER_mod_4fe4s(1),1.0158905408406114,3.075463222533184e-36
r0082_REV_484018.6.peg.1788-MONOMER_mod_mg2(1),0.0,0.007079357192109065
r0082_FWD_484018.6.peg.1788-MONOMER_mod_mg2(1),0.0,-0.0070806046775276415
r0082_REV_484018.6.peg.1788-MONOMER_mod_mn2(1),0.0,0.0070793595698066475
r0082_FWD_484018.6.peg.1788-MONOMER_mod_mn2(1),0.0,-0.007080602299830059
r0120_REV_484018.6.peg.184-MONOMER,0.0,-1.61505051362857e-07
r0120_FWD_484018.6.peg.184-MONOMER,0.0,-1.61505051362857e-07
r0120_REV_484018.6.peg.3485-MONOMER_mod_zn2(1),0.0,-5.883692130799321e-07
r0120_FWD_484018.6.peg.3485-MONOMER_mod_zn2(1),0.0,-5.883692130799321e-07
r0127_REV_484018.6.peg.3017-MONOMER,0.0,-1.3716908255051647e-06
r0127_FWD_484018.6.peg.3017-MONOMER,0.20202569978514065,5.39188974135673e-35
r0339_REV_484018.6.peg.527-MONOMER_mod_mn2(1),0.0,-1.3140771788005802e-06
r0339_FWD_484018.6.peg.527-MONOMER_mod_mn2(1),0.0,-1.5000854882747313e-09
r0339_REV_484018.6.peg.527-MONOMER_mod_mg2(1),0.0,-1.318781091526382e-06
r0339_FWD_484018.6.peg.527-MONOMER_mod_mg2(1),0.0,-6.203998214076522e-09
r0339_REV_484018.6.peg.527-MONOMER_mod_ca2(1),0.0,-1.3190941592661014e-06
r0339_FWD_484018.6.peg.527-MONOMER_mod_ca2(1),0.0,-6.5170659537958905e-09
r0339_REV_484018.6.peg.527-MONOMER_mod_fe2(1),0.0,-1.3162690663434041e-06
r0339_FWD_484018.6.peg.527-MONOMER_mod_fe2(1),0.0,-3.6919730310986266e-09
r0339_REV_484018.6.peg.527-MONOMER_mod_cobalt2(1),0.0,-1.3125770933123054e-06
r0339_FWD_484018.6.peg.527-MONOMER_mod_cobalt2(1),2.1797291872276686e-08,-9.35050726740934e-36
r0345_REV_484018.6.peg.1082-MONOMER_mod_mg2(1),0.0,-6.082797113919735e-36
r0345_FWD_484018.6.peg.1082-MONOMER_mod_mg2(1),0.0,-3.5430019626100623e-07
r0389_REV_CPLX_dummy,0.0,-7.750918287433936e-07
r0389_FWD_CPLX_dummy,0.0,2.0192038032807513e-36
r0422_REV_484018.6.peg.1788-MONOMER_mod_mg2(1),0.0,-2.377697582217322e-09
r0422_FWD_484018.6.peg.1788-MONOMER_mod_mg2(1),0.0,-1.2451077209938494e-06
r0422_REV_484018.6.peg.1788-MONOMER_mod_mn2(1),1.0029769680973455e-22,1.7359447356254434e-34
r0422_FWD_484018.6.peg.1788-MONOMER_mod_mn2(1),0.0,-1.2427300234116321e-06
r0671_REV_484018.6.peg.331-MONOMER_mod_fmn(1),0.0,-1.8228103295880823e-06
r0671_FWD_484018.6.peg.331-MONOMER_mod_fmn(1),0.0,-2.2045242947562037e-07
r0671_REV_484018.6.peg.331-MONOMER_mod_mg2(1),0.0,-1.825115509150649e-06
r0671_FWD_484018.6.peg.331-MONOMER_mod_mg2(1),0.0,-2.2275760903818697e-07
r0708_REV_484018.6.peg.184-MONOMER,0.0,-3.23010102725714e-07
r0708_FWD_484018.6.peg.184-MONOMER,0.0,7.828014213223953e-36
r0708_REV_484018.6.peg.3485-MONOMER_mod_zn2(1),0.0,-7.498742644427891e-07
r0708_FWD_484018.6.peg.3485-MONOMER_mod_zn2(1),0.0,-4.268641617170751e-07
r0775_REV_484018.6.peg.184-MONOMER,0.0,-3.23010102725714e-07
r0775_FWD_484018.6.peg.184-MONOMER,0.0,-1.3909169044787636e-36
r0775_REV_484018.6.peg.3485-MONOMER_mod_zn2(1),0.0,-7.498742644427891e-07
r0775_FWD_484018.6.peg.3485-MONOMER_mod_zn2(1),0.0,-4.268641617170751e-07
r0777_REV_484018.6.peg.184-MONOMER,0.0,-3.23010102725714e-07
r0777_FWD_484018.6.peg.184-MONOMER,0.0,2.9991138406189985e-36
r0777_REV_484018.6.peg.3485-MONOMER_mod_zn2(1),0.0,-7.498742644427891e-07
r0777_FWD_484018.6.peg.3485-MONOMER_mod_zn2(1),0.0,-4.268641617170751e-07
r0792_REV_484018.6.peg.2181-MONOMER_mod_fad(1),0.0,7.760014447969277e-38
r0792_FWD_484018.6.peg.2181-MONOMER_mod_fad(1),0.0,-2.5432003295212847e-06
r2137_REV_484018.6.peg.2772-MONOMER,0.0,-6.008446931735806e-08
r2137_FWD_484018.6.peg.2772-MONOMER,0.0,-2.144328165996226e-06
r2137_REV_484018.6.peg.1892-MONOMER,0.0,-1.7559896008967945e-40
r2137_FWD_484018.6.peg.1892-MONOMER,0.0,-2.0842436966788677e-06
rtranscription_REV_CPLX_rtranscription-0,0.0,-2.1899911684034547e-07
rtranscription_FWD_CPLX_rtranscription-0,0.0,0.0
sink_s_REV_CPLX_dummy,0.004493996475699539,0.0
sink_s_FWD_CPLX_dummy,0.0,-7.750918287433936e-07
dummy_reaction_REV_SPONT,0.0,1.0
dummy_reaction_FWD_SPONT,3.6251467847379265e-07,-2.55480531790239e-34
GAM,0.09068574396297713,-0.3242215030032728
ATPM,1.0,-0.00810553757508182
DNA_replication,0.017460721373698994,0.08395470258177001
formation_ribosome,3.829417108408685e-06,-6.409494854920721e-31
formation_RNAP_4840186peg429MONOMER,1.7053633757038388e-07,0.0
formation_RNA_degradosome,5.345598011548497e-11,1.4805802458551056e-32
formation_rRNA_containing_excision_machinery,8.904449728733186e-12,-3.979018209356842e-32
formation_monocistronic_excision_machinery,2.407100549925454e-11,0.0
CPLX_dummy_mod_2fe2s(1)_to_generic_2fe2s_transfer_complex,4.2347549471910655e-16,0.0
CPLX_dummy_2fe2s_unloading,0.0,1.2976007207204249e-34
CPLX_dummy_mod_4fe4s(1)_to_generic_4fe4s_transfer_complex,1.4102522104340399e-13,0.0
CPLX_dummy_4fe4s_unloading,0.0,1.1055633686229994e-34
translocation_484018.6.peg.2680_Periplasm,0.0,-2.351429189535418e-34
translocation_484018.6.peg.1191_Periplasm,0.0,4.4370005981620155e-35
translocation_484018.6.peg.605_Inner_Membrane,0.0,0.0
translocation_484018.6.peg.205_Membrane,1.0633942845649946e-06,0.0
translocation_484018.6.peg.1821_Inner_Membrane,0.0,-3.04708053387865e-34
translocation_484018.6.peg.603_Inner_Membrane,3.3584556378958765e-08,-8.908831840299324e-34
translocation_484018.6.peg.2988_Inner_Membrane,0.0,-8.148203576272055e-34
translocation_484018.6.peg.2698_Inner_Membrane,0.0,2.537504862296727e-34
translocation_484018.6.peg.2160_Membrane,3.1511253450930854e-09,0.0
translocation_484018.6.peg.1221_Periplasm,0.0,0.0
translocation_484018.6.peg.1221_Periplasm_alt,0.0,0.0
translocation_484018.6.peg.591_Inner_Membrane,2.5124491835609357e-07,0.0
translocation_484018.6.peg.1532_Periplasm,0.0,5.968610091313168e-34
translocation_484018.6.peg.1114_Inner_Membrane,0.0,-1.3402849409014142e-34
translocation_484018.6.peg.2975_Inner_Membrane,0.0,0.0
translocation_484018.6.peg.2603_Inner_Membrane,8.461148399818513e-14,8.972857956483565e-34
translocation_484018.6.peg.1211_Inner_Membrane,1.7625469704454134e-09,3.562097197397643e-34
translocation_484018.6.peg.57_Inner_Membrane,0.0,-4.197134693442737e-34
translocation_484018.6.peg.2826_Inner_Membrane,2.632362356789818e-10,2.757942764428191e-34
translocation_484018.6.peg.2502_Inner_Membrane,3.798045249028379e-09,4.701024358295412e-34
translocation_484018.6.peg.2503_Inner_Membrane,3.798045249028379e-09,2.350512179147706e-34
translocation_484018.6.peg.2208_Inner_Membrane,0.0,0.0
translocation_484018.6.peg.26_Inner_Membrane,1.734841224108043e-09,0.0
translocation_484018.6.peg.321_Membrane,0.0,0.0
translocation_484018.6.peg.3417_Inner_Membrane,0.0,-4.826735096903445e-34
translocation_484018.6.peg.1428_Inner_Membrane,0.0,-1.5340287292050323e-34
translocation_484018.6.peg.964_Membrane,0.0,1.4736073159038805e-34
translocation_484018.6.peg.3428_Inner_Membrane,1.2388305445159073e-08,1.8460625921525255e-34
translocation_484018.6.peg.2490_Membrane,1.1591397792553544e-06,5.355187588652339e-34
translocation_484018.6.peg.2790_Membrane,0.0,0.0
translocation_484018.6.peg.1028_Membrane,8.098087358277235e-07,0.0
translocation_484018.6.peg.2538_Inner_Membrane,0.0,0.0
translocation_484018.6.peg.2893_Membrane,0.0,4.535954537304031e-34
translocation_484018.6.peg.2136_Inner_Membrane,6.706107995101996e-15,4.834433837695386e-34
translocation_484018.6.peg.2124_Periplasm,0.0,-2.373259143522236e-34
translocation_484018.6.peg.1215_Inner_Membrane,0.0,0.0
translocation_484018.6.peg.1462_Membrane,2.2213331972809043e-08,0.0
translocation_484018.6.peg.2178_Inner_Membrane,1.0549566082890671e-08,0.0
translocation_484018.6.peg.224_Inner_Membrane,0.0,-9.928426961406212e-34
translocation_484018.6.peg.2209_Inner_Membrane,1.1011650043456766e-09,2.973698549451025e-34
translocation_484018.6.peg.2229_Membrane,3.530877189891854e-08,0.0
translocation_484018.6.peg.1999_Inner_Membrane,3.1542350993939763e-13,-2.301463216354465e-34
translocation_484018.6.peg.2002_Membrane,5.587267308224377e-10,-3.758469931286589e-35
translocation_484018.6.peg.90_Inner_Membrane,2.2388843045272214e-07,7.690396479976175e-35
translocation_484018.6.peg.93_Inner_Membrane,2.2388843045272214e-07,4.8820549037207245e-34
translocation_484018.6.peg.97_Inner_Membrane,2.2388843045272214e-07,-9.764109807441449e-34
translocation_484018.6.peg.98_Inner_Membrane,2.2388843045272214e-07,4.8820549037207245e-34
translocation_484018.6.peg.99_Inner_Membrane,2.2388843045272214e-07,0.0
translocation_484018.6.peg.1430_Periplasm,0.0,2.1718727775775494e-34
translocation_484018.6.peg.1802_Membrane,2.5257819873633424e-07,5.574363025644573e-34
translocation_484018.6.peg.1170_Inner_Membrane,0.0,0.0
translocation_484018.6.peg.2606_Inner_Membrane,0.0,-1.40392451211699e-34
translocation_484018.6.peg.2356_Periplasm,0.0,-2.0363477064222695e-34
translocation_484018.6.peg.2357_Inner_Membrane,0.0,0.0
translocation_484018.6.peg.2358_Inner_Membrane,0.0,-2.2624965504070017e-35
translocation_484018.6.peg.1931_Inner_Membrane,1.3614620140584915e-08,-1.9561025933079854e-33
translocation_484018.6.peg.2907_Inner_Membrane,0.0,5.951013890842497e-35
translocation_484018.6.peg.2856_Periplasm,0.0,0.0
translocation_484018.6.peg.2857_Inner_Membrane,0.0,-6.143807275534521e-35
translocation_484018.6.peg.2858_Inner_Membrane,0.0,1.5360427282479386e-35
translocation_484018.6.peg.3226_Membrane,8.518376960905669e-07,-2.2507417358858113e-34
translocation_484018.6.peg.1305_Inner_Membrane,5.965741376304626e-08,0.0
translocation_484018.6.peg.1924_Inner_Membrane,0.0,0.0
translocation_484018.6.peg.1026_Inner_Membrane,0.0,-5.669818458134214e-35
translocation_484018.6.peg.3456_Membrane,0.0,5.05508464728737e-35
translocation_484018.6.peg.1514_Inner_Membrane,9.586818655719548e-10,-4.850809175246606e-34
translocation_484018.6.peg.1205_Inner_Membrane,6.766829920862974e-09,-9.224892804491774e-35
translocation_484018.6.peg.3483_Membrane,6.327499157014672e-07,-2.1170890507153972e-34
translocation_484018.6.peg.1167_Inner_Membrane,0.0,1.59550599653943e-34
translocation_484018.6.peg.997_Inner_Membrane,0.0,0.0
translocation_484018.6.peg.1510_Membrane,0.0,1.7873127535602212e-34
translocation_484018.6.peg.207_Inner_Membrane,1.2164966643014303e-09,-2.386389808101402e-34
translocation_484018.6.peg.1194_Inner_Membrane,0.0,0.0
translocation_484018.6.peg.23_Inner_Membrane,5.344079293551922e-08,-5.445465247069178e-34
translocation_484018.6.peg.1236_Inner_Membrane,0.0,-2.3917808267186713e-34
translocation_484018.6.peg.1008_Membrane,1.4997524265320385e-08,-1.8153355243555818e-34
translocation_484018.6.peg.1778_Membrane,2.597268539473901e-08,2.187296554661818e-34
translocation_484018.6.peg.2833_Membrane,6.061590669314245e-08,2.919139174715941e-34
translocation_484018.6.peg.879_Membrane,3.829433596136298e-06,-8.100070689921775e-35
translocation_484018.6.peg.901_Membrane,1.7532412872009924e-08,9.97038829517079e-34
translocation_484018.6.peg.2772_Inner_Membrane,0.0,0.0
translocation_484018.6.peg.113_Membrane,3.829417108408685e-06,-2.024750217737197e-34
translocation_484018.6.peg.1139_Membrane,1.603679403464549e-10,-3.4459897942848126e-34
translocation_484018.6.peg.1149_Inner_Membrane,2.9681499095777256e-12,-4.2017316097299124e-35
translocation_484018.6.peg.1385_Membrane,6.44031005335692e-10,-3.3975617667978984e-35
translocation_484018.6.peg.1456_Inner_Membrane,6.600971041780787e-11,1.412063815036795e-34
translocation_484018.6.peg.1958_Inner_Membrane,4.2277867107750694e-08,-1.1438625889252124e-34
translocation_484018.6.peg.2014_Membrane,5.089276614084266e-12,-2.9487353620999074e-34
translocation_484018.6.peg.2189_Membrane,2.990241243157352e-11,4.958483241119165e-35
translocation_484018.6.peg.2668_Membrane,3.829417108408685e-06,3.7509073063978157e-34
translocation_484018.6.peg.286_Inner_Membrane,6.581577600735577e-10,2.0526029185209524e-34
translocation_484018.6.peg.2944_Inner_Membrane,2.544638307042133e-12,-8.646530314234308e-35
translocation_484018.6.peg.3007_Inner_Membrane,1.7808899457466372e-11,0.0
translocation_484018.6.peg.3254_Membrane,1.2880620106713855e-09,-4.809488171492046e-34
translocation_484018.6.peg.3264_Inner_Membrane,2.140374826820211e-07,0.0
translocation_484018.6.peg.3350_Membrane,2.1403748268202108e-07,2.805315328342182e-34
TS_2fe2s_c,-1.0927109359980176e-09,0.0
TS_4fe4s_c,-3.638930781293035e-07,0.0
biomass_constituent_demand,0.09068574396297713,0.016605416994917587
