,fluxes,reduced_costs
biomass_dilution,0.002843581248270233,0.015010624075363915
protein_biomass_to_biomass,0.0013951719790512983,-4.868522455531007e-36
mRNA_biomass_to_biomass,3.509912222740793e-06,-2.5876755637160347e-36
tRNA_biomass_to_biomass,2.1617302852630073e-05,0.0
rRNA_biomass_to_biomass,0.00015327071781231716,0.0
ncRNA_biomass_to_biomass,0.0,0.0
tmRNA_biomass_to_biomass,0.0,0.0
DNA_biomass_to_biomass,0.00016866449301267516,0.0
lipid_biomass_to_biomass,0.0,0.0
constituent_biomass_to_biomass,0.0003160854037399119,0.0
prosthetic_group_biomass_to_biomass,4.772013623040904e-07,2.286626800071333e-36
peptidoglycan_biomass_to_biomass,0.0,0.0
DM_4HBA,0.0,0.0
DM_AMOB,0.0,0.0
DM_atp_c_,0.0,-2.4411934528394196e-07
DM_btn,0.0,0.0
DM_clpn140(c),0.0,0.0
DM_clpn160(c),0.0,0.0
DM_clpn180(c),0.0,0.0
DM_clpni16(c),0.0,0.0
DM_dad_5,0.0,-6.65103308692478e-06
DM_dhptd(c),1.6993639268079206e-06,0.0
EX_15dap(e),0.0,-6.068946410377101e-08
EX_4abut(e),0.0,-6.7646470221668e-08
EX_ac(e),1.3177438060434221,0.0
EX_acac(e),0.0,-9.585681640002091e-08
EX_acgam(e),-0.0009182338208182602,0.0
EX_ade(e),-0.0004212618394504024,0.0
EX_adocbl(e),-7.392186308017965e-15,0.0
EX_ala_L(e),-0.0009509471841203502,0.0
EX_alaasp(e),0.0,0.0
EX_alagln(e),0.0,0.0
EX_alaglu(e),0.0,1.0563051011206617e-35
EX_alagly(e),0.0,0.0
EX_alahis(e),0.0,0.0
EX_alaleu(e),0.0,0.0
EX_alathr(e),0.0,0.0
EX_arg_L(e),-0.0005848424554361075,0.0
EX_asn_L(e),-0.0012646165370158637,0.0
EX_asp_L(e),-0.6353574933963103,0.0
EX_bhb(e),0.0,0.0
EX_biomass(e),0.0,0.0
EX_btn(e),0.0,0.0
EX_btoh(e),0.0,-1.1661503982146376e-07
EX_but(e),0.0,0.0
EX_ca2(e),0.0,0.0
EX_cbl1(e),0.0,0.0
EX_cbl2(e),0.0,0.0
EX_cd2(e),0.0,-0.0002912512661617904
EX_cgly(e),0.0,0.0
EX_cit(e),2.2529721868303876e-56,0.0
EX_cl(e),0.0,0.0
EX_co2(e),1.3195347834613578,0.0
EX_cobalt2(e),-2.2206704651207735e-05,0.0
EX_cro4(e),0.0,0.0
EX_cu2(e),0.0,0.0
EX_cys_L(e),-0.00014347739011947777,0.0
EX_drib(e),0.0,0.0
EX_etha(e),0.0,-2.5338200834827533e-08
EX_fe2(e),-8.606761076335991e-13,0.0
EX_fe3(e),0.0,0.0
EX_for(e),0.0001974775909002277,0.0
EX_fru(e),0.0,0.0
EX_gal(e),0.0,0.0
EX_gcald(e),0.0,-8.169977974774011e-08
EX_gln_L(e),-0.0016950967738430607,0.0
EX_glu_L(e),-0.0005288031608133682,0.0
EX_glutar(e),-3.793310517106781e-57,4.410723353334304e-36
EX_gly(e),-0.0006272825984792628,0.0
EX_glyasn(e),0.0,0.0
EX_glyasp(e),0.0,0.0
EX_glyc(e),-0.0033961234518750318,0.0
EX_glycys(e),0.0,0.0
EX_glygln(e),0.0,0.0
EX_glyglu(e),0.0,-5.377387069912866e-36
EX_glyleu(e),0.0,0.0
EX_glymet(e),0.0,0.0
EX_glyphe(e),0.0,0.0
EX_glypro(e),0.0,0.0
EX_glytyr(e),0.0,0.0
EX_h(e),-0.05011340342633627,0.0
EX_h2o(e),-1.234799182944347,0.0
EX_h2s(e),8.598433173648952e-34,0.0
EX_hdca(e),0.0,0.0
EX_hg2(e),0.0,0.0
EX_his_L(e),-0.00019231036459658248,0.0
EX_hxan(e),-1.0440487148797639e-51,0.0
EX_ile_L(e),-0.0018707924875020461,0.0
EX_indole(e),-0.00012039699600475707,0.0
EX_k(e),-2.53671430742775e-12,0.0
EX_lac_D(e),0.6784060430828187,0.0
EX_lac_L(e),1.010125191974461e-51,-4.0106894160760955e-36
EX_leu_L(e),-0.0017088790514385851,0.0
EX_lys_L(e),-0.0020924760009096897,0.0
EX_mal_L(e),0.0,-4.2532198157888057e-08
EX_met_D(e),0.0,0.0
EX_met_L(e),-0.0005116589554710493,0.0
EX_metala(e),0.0,0.0
EX_metsox_R_L(e),0.0,0.0
EX_metsox_S_L(e),-2.0880974297595278e-51,0.0
EX_mg2(e),-1.834161239309167e-05,0.0
EX_mn2(e),-7.512549232614836e-11,0.0
EX_na1(e),-2.2528535356822732e-56,0.0
EX_nac(e),0.0,0.0
EX_nh4(e),2.632334030239223,0.0
EX_o2(e),0.0,-1.274036948379612e-07
EX_ocdca(e),0.0,0.0
EX_orn(e),0.0,0.0
EX_pb(e),0.0,0.0
EX_phe_L(e),-0.0008998688119596308,0.0
EX_pi(e),-0.0018129631870045426,0.0
EX_pnto_R(e),-2.2206663400241557e-05,0.0
EX_ppa(e),3.693332567560016e-22,0.0
EX_pro_L(e),-0.0004971930003415735,0.0
EX_ptrc(e),0.0,0.0
EX_pyr(e),0.0,-7.199754039897966e-08
EX_rib_D(e),0.0,0.0
EX_ser_L(e),-2.0,-2.3783419037874704e-08
EX_so4(e),0.0,0.0
EX_spmd(e),0.0,0.0
EX_succ(e),0.6337071811434111,0.0
EX_thr_L(e),-0.0008632280123525703,0.0
EX_trp_L(e),1.6281492243971077e-37,0.0
EX_ttdca(e),0.0,0.0
EX_tyr_L(e),-0.0008399292728309677,0.0
EX_ura(e),0.0,0.0
EX_urea(e),0.0,0.0
EX_val_L(e),-0.001131235630048173,0.0
EX_zn2(e),-8.945660856360637e-08,0.0
translation_457405.3.peg.1,0.0,5.84825152858453e-34
transcription_TU_457405.3.peg.1,0.0,-0.01457638145449822
translation_457405.3.peg.3,3.783200397224817e-12,3.159379887223008e-33
transcription_TU_457405.3.peg.3,3.138559328214532e-12,-2.0168002755868497e-33
translation_457405.3.peg.4,0.0,1.1101736711360768e-34
transcription_TU_457405.3.peg.4,0.0,-0.02205630325654896
translation_457405.3.peg.7,0.0,3.54330861861843e-34
transcription_TU_457405.3.peg.7,0.0,-0.010241859328798921
translation_457405.3.peg.8,1.7853689369684427e-64,1.3668743751568238e-34
transcription_TU_457405.3.peg.8,0.0,-0.00566609108490044
translation_457405.3.peg.10,0.0,2.8273533852126887e-34
transcription_TU_457405.3.peg.10,0.0,-0.017097688694506615
translation_457405.3.peg.13,0.0,-2.0200743777689734e-33
transcription_TU_457405.3.peg.13,0.0,-0.03372509614398696
translation_457405.3.peg.14,2.516305293049308e-11,2.677023465314468e-33
transcription_TU_457405.3.peg.14,2.0875376984863946e-11,8.895952142001502e-34
translation_457405.3.peg.15,4.6882719529862275e-12,-2.1323302829941412e-34
transcription_TU_457405.3.peg.15,3.889410585293159e-12,1.1332446688504441e-33
translation_457405.3.peg.29,4.739336658973225e-13,5.544185689237973e-34
transcription_TU_457405.3.peg.29,3.931774085105538e-13,8.728206915347173e-34
translation_457405.3.peg.30,0.0,-4.223975177310001e-34
transcription_TU_457405.3.peg.30,0.0,-0.013910828382281883
translation_457405.3.peg.33,7.505721565317128e-13,2.4693754390247667e-34
transcription_TU_457405.3.peg.33,6.226778906844984e-13,1.9704609002561505e-33
translation_457405.3.peg.34,0.0,5.767975673261068e-34
transcription_TU_457405.3.peg.34,0.0,-0.011529700546311729
translation_457405.3.peg.35,0.0,2.2455452045381207e-34
transcription_TU_457405.3.peg.35,0.0,-0.010897659918001635
translation_457405.3.peg.40,3.872018747001496e-15,1.5869187695682255e-34
transcription_TU_457405.3.peg.40,3.212243413364424e-15,-7.916366776591555e-34
translation_457405.3.peg.47,0.0,-7.629279516280424e-34
transcription_TU_457405.3.peg.47,0.0,-0.028597915426452923
translation_457405.3.peg.48,0.0,2.511000750401074e-34
transcription_TU_457405.3.peg.48,0.0,-0.008339367205327132
translation_457405.3.peg.58,0.0,1.7998309102470673e-35
transcription_TU_457405.3.peg.58,0.0,-0.014149371840071229
translation_457405.3.peg.69,0.0,-1.3877387507389444e-33
transcription_TU_457405.3.peg.69,0.0,-0.02326720290502116
translation_457405.3.peg.74,1.151711776200331e-59,-4.59860301542406e-34
transcription_TU_457405.3.peg.74,0.0,-0.013155563014172384
translation_457405.3.peg.76,0.0,2.372326128399864e-33
transcription_TU_457405.3.peg.76,0.0,-0.02559499749382989
translation_457405.3.peg.77,1.020025784907729e-59,-5.521720018925911e-34
transcription_TU_457405.3.peg.77,0.0,-0.019925931287517535
translation_457405.3.peg.101,0.0,1.2909004571469905e-33
transcription_TU_457405.3.peg.101,0.0,-0.020801798011578426
translation_457405.3.peg.103,1.4339075936201405e-14,3.0357414026847683e-35
transcription_TU_457405.3.peg.103,1.1895759096069655e-14,7.183820839053489e-34
translation_457405.3.peg.104,1.4339075936201405e-14,8.638247324151517e-34
transcription_TU_457405.3.peg.104,1.1895759096069655e-14,-7.464759999141226e-34
translation_457405.3.peg.105,1.4339075936201405e-14,-2.5477540858577897e-34
transcription_TU_457405.3.peg.105,1.1895759096069655e-14,-4.4410597463245267e-35
translation_457405.3.peg.106,0.0,-3.4996947538046776e-34
transcription_TU_457405.3.peg.106,0.0,-0.01447991104822395
translation_457405.3.peg.107,0.0,1.6092247669164234e-34
transcription_TU_457405.3.peg.107,0.0,-0.011218518809570383
translation_457405.3.peg.111,2.8397184765385634e-13,6.97380492410346e-35
transcription_TU_457405.3.peg.111,2.355842667118867e-13,6.033470443257342e-34
translation_457405.3.peg.113,0.0,2.393138794409236e-33
transcription_TU_457405.3.peg.113,0.0,4.1316817772787955
translation_457405.3.peg.124,0.0,-5.589285457143825e-34
transcription_TU_457405.3.peg.124,0.0,-0.020252233864864168
translation_457405.3.peg.131,0.0,4.037674178684416e-34
transcription_TU_457405.3.peg.131,0.0,3.981659926985495e-34
translation_457405.3.peg.137,-5.986070817567743e-60,-4.247364410643885e-34
transcription_TU_457405.3.peg.137,0.0,-0.031686627074963516
translation_457405.3.peg.138,0.0,1.3596352994877964e-33
transcription_TU_457405.3.peg.138,0.0,-0.041705003813047724
translation_457405.3.peg.142,5.690235719884531e-12,-1.846416364129008e-33
transcription_TU_457405.3.peg.142,4.7206440376470094e-12,2.249188784707968e-33
translation_457405.3.peg.143,4.798799067501379e-60,-3.319519465813056e-33
transcription_TU_457405.3.peg.143,0.0,-0.03989200094605241
translation_457405.3.peg.174,2.5813458313343306e-15,2.787981214459691e-34
transcription_TU_457405.3.peg.174,2.1414956089096157e-15,1.535229252074458e-35
translation_457405.3.peg.179,0.0,1.1457601961585027e-33
transcription_TU_457405.3.peg.179,0.0,-0.009092352501967601
translation_457405.3.peg.181,2.5813458313343306e-15,7.347862393607036e-34
transcription_TU_457405.3.peg.181,2.1414956089096157e-15,2.483155384811549e-34
translation_457405.3.peg.182,0.0,-3.1417170735866167e-34
transcription_TU_457405.3.peg.182,0.0,-0.026609567187461124
translation_457405.3.peg.185,0.0,-2.5324679370575948e-34
transcription_TU_457405.3.peg.185,0.0,-0.0159995590419016
translation_457405.3.peg.186,2.636930682504663e-31,1.2871131991469981e-33
transcription_TU_457405.3.peg.186,2.1876090406157547e-31,-2.7275646610459915e-35
translation_457405.3.peg.188,0.0,-2.889886768784411e-34
transcription_TU_457405.3.peg.188,0.0,-0.01844876776760989
translation_457405.3.peg.189,2.8148405470829487e-14,5.336094128457218e-34
transcription_TU_457405.3.peg.189,2.3352038297956155e-14,1.1283350524605614e-33
translation_457405.3.peg.190,5.666009876782898e-13,7.16719722163838e-35
transcription_TU_457405.3.peg.190,4.700546173968875e-13,1.6414873782269212e-33
translation_457405.3.peg.200,0.0,-1.474206259512692
transcription_TU_457405.3.peg.200,0.0,-0.029658533939420886
translation_457405.3.peg.201,-2.474928526229094e-28,6.959929396829841e-34
transcription_TU_457405.3.peg.201,0.0,-7.132644112485893e-34
translation_457405.3.peg.204,0.0,2.3548434959545413e-33
transcription_TU_457405.3.peg.204,0.0,-0.027603567654774185
translation_457405.3.peg.205,0.0,6.56530648495061e-34
transcription_TU_457405.3.peg.205,0.0,-0.013549068256270898
translation_457405.3.peg.206,0.0,-9.955781338637069e-34
transcription_TU_457405.3.peg.206,0.0,-0.022308027989585307
translation_457405.3.peg.208,0.0,-9.717949838216566e-35
transcription_TU_457405.3.peg.208,0.0,-0.030964275312001646
translation_457405.3.peg.211,0.0,-1.5027354880732762
transcription_TU_457405.3.peg.211,0.0,-0.029843191736467874
translation_457405.3.peg.213,0.0,-2.2284705981584726e-34
transcription_TU_457405.3.peg.213,0.0,-0.016032169369323647
translation_457405.3.peg.214,8.960163608086328e-13,3.424305067448079e-34
transcription_TU_457405.3.peg.214,7.433390283823385e-13,6.068831370827331e-34
translation_457405.3.peg.215,7.226918648244101e-12,-2.428007308113109e-34
transcription_TU_457405.3.peg.215,5.995482807184267e-12,3.278337896530064e-34
translation_457405.3.peg.216,3.9763815652458294e-12,-2.5043181479084143e-34
transcription_TU_457405.3.peg.216,3.298823256441144e-12,-1.275136479039001e-34
translation_457405.3.peg.217,2.753924732504266e-12,1.6161863775070032e-33
transcription_TU_457405.3.peg.217,2.284667807907386e-12,1.1835682368467428e-33
translation_457405.3.peg.218,2.8637315443542096e-12,-4.482052029243057e-34
transcription_TU_457405.3.peg.218,2.3757640115041996e-12,-5.531111480506836e-34
translation_457405.3.peg.219,3.732948994137732e-12,1.4828556995366769e-34
transcription_TU_457405.3.peg.219,3.09687054798747e-12,4.161094716472878e-34
translation_457405.3.peg.221,3.488914772016474e-12,-2.5335452362663546e-33
transcription_TU_457405.3.peg.221,2.8944187072644433e-12,2.5334692115054864e-33
translation_457405.3.peg.223,2.0055947979954074e-12,-4.0191917078235735e-35
transcription_TU_457405.3.peg.223,1.6638500742610713e-12,-2.4125309426951793e-34
translation_457405.3.peg.226,0.0,9.95839355170123e-35
transcription_TU_457405.3.peg.226,0.0,-0.026971289213670993
translation_457405.3.peg.228,0.0,4.6018520472775486e-33
transcription_TU_457405.3.peg.228,0.0,-0.03064017028943586
translation_457405.3.peg.230,0.0,1.5906027276382376e-33
transcription_TU_457405.3.peg.230,0.0,-0.020038745753117187
translation_457405.3.peg.232,0.0,-4.906630245772324e-34
transcription_TU_457405.3.peg.232,0.0,-0.022123969396019533
translation_457405.3.peg.233,0.0,-6.48726540551539e-34
transcription_TU_457405.3.peg.233,0.0,-0.027437731090664413
translation_457405.3.peg.235,0.0,4.4881177694496496e-35
transcription_TU_457405.3.peg.235,0.0,-0.013408943095189236
translation_457405.3.peg.238,0.0,9.80022633065181e-35
transcription_TU_457405.3.peg.238,0.0,-0.02323682023003998
translation_457405.3.peg.239,0.0,1.1593644511263311e-33
transcription_TU_457405.3.peg.239,0.0,-0.013487502964185773
translation_457405.3.peg.240,0.0,-1.0269489471021884
transcription_TU_457405.3.peg.240,0.0,-0.019870482388647758
translation_457405.3.peg.241,0.0,-3.529142546347927e-34
transcription_TU_457405.3.peg.241,0.0,-0.011738124662221563
translation_457405.3.peg.245,0.0,-1.6269016828794286e-34
transcription_TU_457405.3.peg.245,0.0,-0.014862072697055207
translation_457405.3.peg.247,0.0,1.5222879215491943e-33
transcription_TU_457405.3.peg.247,0.0,-0.015967394180627068
translation_457405.3.peg.256,0.0,-1.2791477002070223e-33
transcription_TU_457405.3.peg.256,0.0,-0.01544127213299702
translation_457405.3.peg.257,0.0,7.33597845799775e-34
transcription_TU_457405.3.peg.257,0.0,-0.01533413192492213
translation_457405.3.peg.268,-2.9781549806244223e-41,7.664214837873079e-34
transcription_TU_457405.3.peg.268,0.0,-0.022079045880691577
translation_457405.3.peg.269,-1.8349649509361814e-41,-9.173475170717741e-35
transcription_TU_457405.3.peg.269,0.0,-0.026006337094196738
translation_457405.3.peg.273,0.0,9.887823729663386e-35
transcription_TU_457405.3.peg.273,0.0,-0.009577633494185611
translation_457405.3.peg.276,6.500678470669545e-12,6.34669083636945e-34
transcription_TU_457405.3.peg.276,5.3929908309403375e-12,8.697034747792361e-34
translation_457405.3.peg.277,6.500678470669545e-12,7.652449860426153e-34
transcription_TU_457405.3.peg.277,5.3929908309403375e-12,-5.015796585616361e-34
translation_457405.3.peg.285,0.0,-7.040822662509682e-33
transcription_TU_457405.3.peg.285,0.0,72.11324377649136
translation_457405.3.peg.286,2.5813458313343338e-15,-2.2106645490003745e-34
transcription_TU_457405.3.peg.286,2.1414956089096185e-15,1.3475143555803286e-33
translation_457405.3.peg.290,6.61944021261612e-13,4.663029649062399e-34
transcription_TU_457405.3.peg.290,5.491516083077352e-13,6.169653850262424e-34
translation_457405.3.peg.294,0.0,3.4709800742662675e-33
transcription_TU_457405.3.peg.294,0.0,-0.08957126243693689
translation_457405.3.peg.299,1.3371674041922714e-11,1.230960003048741e-33
transcription_TU_457405.3.peg.299,1.1093198321956804e-11,-7.574836715819154e-34
translation_457405.3.peg.301,0.0,2.935578919293948e-34
transcription_TU_457405.3.peg.301,0.0,-0.018315622366255405
translation_457405.3.peg.307,1.0621025976457098e-07,-6.989771585837592e-34
transcription_TU_457405.3.peg.307,8.811248851123804e-08,2.8151389692702897e-34
translation_457405.3.peg.308,1.0621025976457098e-07,-1.0214962223624096e-34
transcription_TU_457405.3.peg.308,8.811248851123804e-08,9.074023149158361e-35
translation_457405.3.peg.309,7.806190771590797e-13,-1.2869720221136252e-34
transcription_TU_457405.3.peg.309,6.476049453254106e-13,3.084680805595799e-34
translation_457405.3.peg.310,0.0,-1.2180042037295122e-34
transcription_TU_457405.3.peg.310,0.0,0.007308355411363562
translation_457405.3.peg.311,1.0621027410364692e-07,1.026163456310028e-33
transcription_TU_457405.3.peg.311,8.811250040699714e-08,-5.6782051461561015e-34
translation_457405.3.peg.312,1.0621025976457098e-07,1.4045884134976597e-34
transcription_TU_457405.3.peg.312,8.811248851123804e-08,-3.916003549073174e-35
translation_457405.3.peg.314,3.963185737869728e-13,-9.914155650139318e-34
transcription_TU_457405.3.peg.314,3.2878759412698007e-13,2.335107071530917e-33
translation_457405.3.peg.316,0.0,-1.6577745812637147e-33
transcription_TU_457405.3.peg.316,0.0,-0.025672677943188553
translation_457405.3.peg.326,5.1626916626686675e-15,3.4832565464975025e-34
transcription_TU_457405.3.peg.326,4.282991217819237e-15,-2.7616592193090665e-34
translation_457405.3.peg.329,0.0,8.770773865863714e-35
transcription_TU_457405.3.peg.329,0.0,-0.018577596611425107
translation_457405.3.peg.330,1.306772197725453e-59,3.343266774959056e-33
transcription_TU_457405.3.peg.330,0.0,66.2700416338177
translation_457405.3.peg.336,0.0,2.5604196823620208e-34
transcription_TU_457405.3.peg.336,0.0,0.6011455813847528
translation_457405.3.peg.337,0.0,2.4485629361700406e-34
transcription_TU_457405.3.peg.337,0.0,-0.007637008150690093
translation_457405.3.peg.338,0.0,1.6029984943580669e-34
transcription_TU_457405.3.peg.338,0.0,-0.008339347912074914
translation_457405.3.peg.339,0.0,1.2534376518992078e-33
transcription_TU_457405.3.peg.339,0.0,-5.36716536177325e-34
translation_457405.3.peg.340,0.0,-3.6369033703595626e-34
transcription_TU_457405.3.peg.340,0.0,-0.017468091402477296
translation_457405.3.peg.341,0.0,4.160549707818871e-33
transcription_TU_457405.3.peg.341,0.0,168.3201427775932
translation_457405.3.peg.342,0.0,5.72484774805322e-34
transcription_TU_457405.3.peg.342,0.0,-0.01078185240593756
translation_457405.3.peg.343,0.0,-2.490436102837097e-35
transcription_TU_457405.3.peg.343,0.0,6.550051707454731e-35
translation_457405.3.peg.344,0.0,-1.026492779472808e-34
transcription_TU_457405.3.peg.344,0.0,-0.005575977052391455
translation_457405.3.peg.345,0.0,-0.8027048323065639
transcription_TU_457405.3.peg.345,0.0,-0.015807651059087515
translation_457405.3.peg.347,0.0,-1.2815440526725916e-33
transcription_TU_457405.3.peg.347,0.0,-0.02796342188045011
translation_457405.3.peg.348,0.0,-7.52070008919853e-34
transcription_TU_457405.3.peg.348,0.0,-0.010642759133737623
translation_457405.3.peg.354,0.0,-3.1500421128376215e-34
transcription_TU_457405.3.peg.354,0.0,-0.029543603711490427
translation_457405.3.peg.355,0.0,-7.655547338391551e-34
transcription_TU_457405.3.peg.355,-5.473245467030357e-40,3.4233858886835456e-34
translation_457405.3.peg.363,0.0,4.960870097569994e-34
transcription_TU_457405.3.peg.363,0.0,-0.011585043147617904
translation_457405.3.peg.364,0.0,-0.8681591533098496
transcription_TU_457405.3.peg.364,0.0,-0.017125334499574367
translation_457405.3.peg.365,6.193371567716482e-31,-3.125066899811821e-34
transcription_TU_457405.3.peg.365,0.0,-0.011830957297342551
translation_457405.3.peg.366,4.832848782685546e-31,-5.048156317948746e-34
transcription_TU_457405.3.peg.366,0.0,-0.021902314339558828
translation_457405.3.peg.370,4.33627381516654e-11,1.2592652182779654e-33
transcription_TU_457405.3.peg.370,3.5973914155503845e-11,-6.284308979049964e-34
translation_457405.3.peg.374,0.0,-4.973230853538119e-34
transcription_TU_457405.3.peg.374,0.0,-7.6063985354684e-34
translation_457405.3.peg.375,3.362940951969467e-41,2.622728083205077e-34
transcription_TU_457405.3.peg.375,0.0,-0.011161173984543055
translation_457405.3.peg.378,0.0,-7.244293040060141e-34
transcription_TU_457405.3.peg.378,0.0,-0.014733894260203571
translation_457405.3.peg.379,0.0,-2.41565454007947e-33
transcription_TU_457405.3.peg.379,0.0,-0.0383903640152132
translation_457405.3.peg.384,0.0,1.7832734691563624e-33
transcription_TU_457405.3.peg.384,0.0,-0.013713582213275786
translation_457405.3.peg.385,0.0,1.0421802775069991e-33
transcription_TU_457405.3.peg.385,0.0,-0.011433369706251919
translation_457405.3.peg.386,0.0,-1.9974994575693473e-33
transcription_TU_457405.3.peg.386,0.0,-0.023312387142601695
translation_457405.3.peg.419,0.0,-3.082630110390113e-34
transcription_TU_457405.3.peg.419,0.0,-0.016383139388319205
translation_457405.3.peg.421,8.226512687145222e-60,2.0896902594307962e-33
transcription_TU_457405.3.peg.421,0.0,-0.021472732962033007
translation_457405.3.peg.423,7.806190771590797e-13,2.2190251236522988e-33
transcription_TU_457405.3.peg.423,6.476049453254106e-13,5.301703809908146e-34
translation_457405.3.peg.424,0.0,2.5448365541898324e-34
transcription_TU_457405.3.peg.424,0.0,-0.04724991715666736
translation_457405.3.peg.428,0.0,1.5170223306491063e-33
transcription_TU_457405.3.peg.428,0.0,-0.02450754412357939
translation_457405.3.peg.431,0.0,2.332027898745284e-33
transcription_TU_457405.3.peg.431,0.0,-0.028512223275941412
translation_457405.3.peg.432,0.0,-1.2161922905096539e-33
transcription_TU_457405.3.peg.432,0.0,-0.023917973617860945
translation_457405.3.peg.433,0.0,-6.672518987743005e-34
transcription_TU_457405.3.peg.433,0.0,-0.02365843869999932
translation_457405.3.peg.435,0.0,-1.2715539656759068e-33
transcription_TU_457405.3.peg.435,0.0,-0.04885553983687955
translation_457405.3.peg.436,0.0,-1.2049534515950175e-33
transcription_TU_457405.3.peg.436,0.0,-0.031293711009323315
translation_457405.3.peg.441,3.490691257608186e-30,2.3963698653833985e-35
transcription_TU_457405.3.peg.441,2.895892487355341e-30,-1.2334047397249973e-33
translation_457405.3.peg.447,-1.2808906386356589e-41,-8.243002339836496e-34
transcription_TU_457405.3.peg.447,0.0,-0.040970224260134136
translation_457405.3.peg.451,0.0,6.8478053827547e-34
transcription_TU_457405.3.peg.451,0.0,-0.010677900158120148
translation_457405.3.peg.458,3.007192718559028e-14,-1.1020766216322952e-34
transcription_TU_457405.3.peg.458,2.494780018921474e-14,5.517473657201605e-34
translation_457405.3.peg.459,0.0,-1.2085783214252355
transcription_TU_457405.3.peg.459,0.0,-0.025204584264683746
translation_457405.3.peg.461,0.0,-4.598603110696846e-34
transcription_TU_457405.3.peg.461,0.0,-0.01278914283818421
translation_457405.3.peg.463,0.0,-2.4007864286701045e-34
transcription_TU_457405.3.peg.463,0.0,-0.015037782699564723
translation_457405.3.peg.465,0.0,-1.427648879764329e-33
transcription_TU_457405.3.peg.465,0.0,0.7915851910209852
translation_457405.3.peg.467,2.721619094098413e-13,5.023522103207331e-34
transcription_TU_457405.3.peg.467,2.2578669112784387e-13,-2.7099329037728014e-34
translation_457405.3.peg.470,1.712926852040401e-11,6.2534010992707505e-34
transcription_TU_457405.3.peg.470,1.4210514869802384e-11,-7.688322888323388e-34
translation_457405.3.peg.480,2.0994330434118695e-11,5.479322984175129e-35
transcription_TU_457405.3.peg.480,1.7416986864337612e-11,3.4120080475260395e-33
translation_457405.3.peg.487,0.0,-6.663218513676806e-34
transcription_TU_457405.3.peg.487,0.0,-0.022496607685133847
translation_457405.3.peg.488,0.0,1.495931960907467e-34
transcription_TU_457405.3.peg.488,0.0,-0.021168131183255313
translation_457405.3.peg.490,0.0,2.2227615784180344e-33
transcription_TU_457405.3.peg.490,0.0,-0.02690899489316318
translation_457405.3.peg.497,0.0,-1.8276681781030994e-33
transcription_TU_457405.3.peg.497,0.0,-0.017784208504765545
translation_457405.3.peg.506,0.0,-1.1139408463974385e-35
transcription_TU_457405.3.peg.506,0.0,-0.029964145114887472
translation_457405.3.peg.507,0.0,-7.2568562629935905e-34
transcription_TU_457405.3.peg.507,0.0,-0.018718542514108823
translation_457405.3.peg.508,0.0,5.9783893758142416e-34
transcription_TU_457405.3.peg.508,0.0,-0.020351847021763923
translation_457405.3.peg.509,1.2906729156671653e-15,-5.006531201087711e-34
transcription_TU_457405.3.peg.509,1.0707478044548079e-15,-6.390586587807149e-34
translation_457405.3.peg.510,1.5711485975179146e-29,7.243617660993813e-34
transcription_TU_457405.3.peg.510,1.303431636972837e-29,2.0947696596833214e-34
translation_457405.3.peg.511,9.735105526584412e-30,-1.0604510522255262e-34
transcription_TU_457405.3.peg.511,0.0,-0.024642219605032684
translation_457405.3.peg.515,4.054507063893386e-12,1.2956873692057211e-33
transcription_TU_457405.3.peg.515,3.363636506284205e-12,3.8283318278252667e-34
translation_457405.3.peg.516,4.054507063893386e-12,-2.325860892804888e-34
transcription_TU_457405.3.peg.516,3.363636506284205e-12,-3.875090079157484e-35
translation_457405.3.peg.519,0.0,-8.729219592707397e-34
transcription_TU_457405.3.peg.519,0.0,-0.01969182250383106
translation_457405.3.peg.526,3.206331372990635e-19,2.2616028062522242e-33
transcription_TU_457405.3.peg.526,2.659986303508695e-19,-6.441533599154544e-34
translation_457405.3.peg.527,3.206331372990635e-19,7.33599785126594e-35
transcription_TU_457405.3.peg.527,2.659986303508695e-19,1.596911178623541e-33
translation_457405.3.peg.528,3.206331372990635e-19,-8.240818036745045e-34
transcription_TU_457405.3.peg.528,2.659986303508695e-19,-5.693401577839072e-34
translation_457405.3.peg.529,3.206331372990635e-19,7.5143638098093395e-34
transcription_TU_457405.3.peg.529,2.659986303508695e-19,4.43842959468709e-34
translation_457405.3.peg.538,4.574147614165267e-14,3.256632549595703e-33
transcription_TU_457405.3.peg.538,3.7947325427433673e-14,1.9357916051537836e-33
translation_457405.3.peg.539,2.2870738070826334e-14,5.010158888025993e-34
transcription_TU_457405.3.peg.539,1.8973662713716837e-14,2.925313098971826e-34
translation_457405.3.peg.543,1.3540531139299875e-11,-1.7771868077387996e-34
transcription_TU_457405.3.peg.543,1.1233282896513595e-11,1.3171799400285528e-33
translation_457405.3.peg.624,1.699108423459159e-08,1.659254442551241e-33
transcription_TU_457405.3.peg.624,1.4095876591701289e-08,1.1519577106856919e-33
translation_457405.3.peg.625,1.2283697364490239e-08,-8.369856633408648e-34
transcription_TU_457405.3.peg.625,1.0190608188920128e-08,-5.558094888046469e-34
translation_457405.3.peg.626,4.208678281808025e-52,1.0275520771497832e-32
transcription_TU_457405.3.peg.626,3.4915376120472344e-52,-4.4311551548818606e-33
translation_457405.3.peg.627,0.0,-0.793961042370278
transcription_TU_457405.3.peg.627,0.0,-0.015700588155236776
translation_457405.3.peg.629,0.0,4.7210701218706675e-33
transcription_TU_457405.3.peg.629,0.0,-0.040748877259703664
translation_457405.3.peg.634,0.0,3.1192672907984066e-33
transcription_TU_457405.3.peg.634,0.0,28.184282555751924
translation_457405.3.peg.636,0.0,-1.0374776469877934e-33
transcription_TU_457405.3.peg.636,0.0,-0.05090389814886279
translation_457405.3.peg.643,0.0,2.7352989193034302e-33
transcription_TU_457405.3.peg.643,0.0,-0.07308839915452911
translation_457405.3.peg.644,0.0,-1.0747405554788874
transcription_TU_457405.3.peg.644,0.0,-0.020679816401670017
translation_457405.3.peg.646,3.367803172721746e-13,5.613947702183132e-34
transcription_TU_457405.3.peg.646,2.7939440033602344e-13,-6.14189113853392e-34
translation_457405.3.peg.647,0.0,5.383147541033122e-34
transcription_TU_457405.3.peg.647,0.0,-0.012818143720728634
translation_457405.3.peg.648,6.222013483091799e-12,-6.36507443462063e-34
transcription_TU_457405.3.peg.648,5.161809158182401e-12,9.60102760688189e-34
translation_457405.3.peg.650,0.0,-1.030797080122429
transcription_TU_457405.3.peg.650,0.0,-0.021181814376549098
translation_457405.3.peg.651,0.0,-1.3419007390833792e-33
transcription_TU_457405.3.peg.651,0.0,-0.030959711696032892
translation_457405.3.peg.652,0.0,6.766075733550203e-34
transcription_TU_457405.3.peg.652,0.0,2.9477180944018464e-34
translation_457405.3.peg.654,0.0,-1.211560844244187e-33
transcription_TU_457405.3.peg.654,0.0,4.000917586597356
translation_457405.3.peg.655,1.0621025976457098e-07,1.8464890673079238e-34
transcription_TU_457405.3.peg.655,8.811248851123804e-08,4.3309830296466e-34
translation_457405.3.peg.657,1.0621025976457098e-07,-3.933668532933953e-35
transcription_TU_457405.3.peg.657,8.811248851123804e-08,1.3296877722599208e-34
translation_457405.3.peg.663,0.0,-1.3284053075122004e-34
transcription_TU_457405.3.peg.663,0.0,-6.674058486508715e-34
translation_457405.3.peg.667,1.8263655535480164e-08,7.582809363646454e-34
transcription_TU_457405.3.peg.667,1.5151607218646606e-08,7.211388724734775e-34
translation_457405.3.peg.695,-6.337253064670187e-53,2.1032123766566088e-33
transcription_TU_457405.3.peg.695,0.0,1.4839974212071312
translation_457405.3.peg.709,1.5536190262177363e-15,1.9573841118749784e-34
transcription_TU_457405.3.peg.709,1.288889029194477e-15,1.833196208689011e-33
translation_457405.3.peg.714,0.0,1.7073523988848632e-33
transcription_TU_457405.3.peg.714,0.0,-0.04661524324870172
translation_457405.3.peg.720,0.0,1.6062039502777655e-33
transcription_TU_457405.3.peg.720,0.0,-0.024430151041695273
translation_457405.3.peg.724,0.0,-2.750439061697762e-34
transcription_TU_457405.3.peg.724,0.0,0.1206240050515069
translation_457405.3.peg.728,0.0,4.3901841679557175e-34
transcription_TU_457405.3.peg.728,0.0,-0.0038789930284990467
translation_457405.3.peg.730,0.0,1.9627330515951758e-33
transcription_TU_457405.3.peg.730,0.0,-0.020676106178035676
translation_457405.3.peg.739,1.8013135675206573e-12,1.8295320226394577e-33
transcription_TU_457405.3.peg.739,1.4943774864605449e-12,9.778319309849879e-34
translation_457405.3.peg.740,1.0621024542549503e-07,1.0424028011939858e-34
transcription_TU_457405.3.peg.740,8.811247661547894e-08,1.1690731789337555e-33
translation_457405.3.peg.744,0.0,1.8895073429032003e-33
transcription_TU_457405.3.peg.744,0.0,-0.022903742273941832
translation_457405.3.peg.750,0.0,-1.2769594531812253e-33
transcription_TU_457405.3.peg.750,0.0,9.347124315042764
translation_457405.3.peg.759,0.0,1.488796080754152e-34
transcription_TU_457405.3.peg.759,0.0,-0.015186252127547284
translation_457405.3.peg.761,6.61944021261612e-13,1.6451942864769235e-34
transcription_TU_457405.3.peg.761,5.491516083077352e-13,4.28042567039364e-34
translation_457405.3.peg.762,0.0,-7.801125637396573e-34
transcription_TU_457405.3.peg.762,0.0,-0.021050194276988763
translation_457405.3.peg.768,0.0,-2.189858387738117
transcription_TU_457405.3.peg.768,0.0,-0.04416621413552104
translation_457405.3.peg.771,0.0,-3.7580650201608154e-34
transcription_TU_457405.3.peg.771,0.0,-0.028305486529165914
translation_457405.3.peg.773,-3.509191366234428e-41,-5.401971498389802e-34
transcription_TU_457405.3.peg.773,0.0,-0.010662245943387248
translation_457405.3.peg.780,1.235585474198648e-11,1.3712373113981138e-33
transcription_TU_457405.3.peg.780,1.025047025977592e-11,-3.948149846864073e-34
translation_457405.3.peg.792,0.0,8.679872722861211e-34
transcription_TU_457405.3.peg.792,0.0,-0.02199314086066123
translation_457405.3.peg.794,0.0,6.368845666548823e-34
transcription_TU_457405.3.peg.794,0.0,-0.015935516719079744
translation_457405.3.peg.795,-1.345191508530184e-32,1.521453653942794e-34
transcription_TU_457405.3.peg.795,0.0,-0.00877272861586655
translation_457405.3.peg.796,0.0,-7.054496557323257e-34
transcription_TU_457405.3.peg.796,0.0,-0.017158588631124027
translation_457405.3.peg.797,0.0,7.3978127759919435e-34
transcription_TU_457405.3.peg.797,0.0,-0.045554162942370004
translation_457405.3.peg.820,6.61944021261612e-13,7.431113278359812e-34
transcription_TU_457405.3.peg.820,5.491516083077352e-13,4.847856532914815e-34
translation_457405.3.peg.823,0.0,6.099103187287602e-34
transcription_TU_457405.3.peg.823,0.0,-0.020009465595268835
translation_457405.3.peg.824,0.0,1.771173888300844e-33
transcription_TU_457405.3.peg.824,0.0,-0.03484720995930017
translation_457405.3.peg.833,0.0,2.1875097556545208e-33
transcription_TU_457405.3.peg.833,0.0,-0.027290462061972096
translation_457405.3.peg.839,0.0,1.798729315483429e-33
transcription_TU_457405.3.peg.839,0.0,-0.020756881140272097
translation_457405.3.peg.840,0.0,-5.865463334987129e-34
transcription_TU_457405.3.peg.840,0.0,-0.012257927727939339
translation_457405.3.peg.841,0.0,-6.608481201766491e-35
transcription_TU_457405.3.peg.841,0.0,5.399798724682193e-34
translation_457405.3.peg.842,0.0,-1.0906354338318509e-34
transcription_TU_457405.3.peg.842,0.0,-0.02098701642530085
translation_457405.3.peg.845,0.0,-5.736831985960148e-34
transcription_TU_457405.3.peg.845,0.0,-0.026869113437619538
translation_457405.3.peg.846,0.0,9.212060249551306e-34
transcription_TU_457405.3.peg.846,0.0,-0.00929327079480693
translation_457405.3.peg.848,0.0,-0.6138838854604758
transcription_TU_457405.3.peg.848,0.0,-0.011996949623667836
translation_457405.3.peg.849,0.0,1.2803349388636942e-33
transcription_TU_457405.3.peg.849,0.0,-0.023535247572679264
translation_457405.3.peg.856,1.2906729156671653e-15,-1.8276681503152034e-33
transcription_TU_457405.3.peg.856,1.0707478044548079e-15,1.3044285752381628e-33
translation_457405.3.peg.857,0.0,-2.3353529236087787
transcription_TU_457405.3.peg.857,0.0,-0.04655968621880404
translation_457405.3.peg.858,0.0,-9.567887812052499e-35
transcription_TU_457405.3.peg.858,0.0,-0.016401408894729325
translation_457405.3.peg.859,0.0,2.494350743353654e-34
transcription_TU_457405.3.peg.859,0.0,-0.03584500524496451
translation_457405.3.peg.872,2.0161654129269534e-08,8.575809112950542e-34
transcription_TU_457405.3.peg.872,1.6726195018924238e-08,-1.3542845607211392e-33
translation_457405.3.peg.874,7.121377706151727e-12,2.9342679181224877e-33
transcription_TU_457405.3.peg.874,5.907925587493881e-12,-5.27491522841573e-34
translation_457405.3.peg.878,0.0,-1.0175824259630503e-34
transcription_TU_457405.3.peg.878,0.0,-0.012046313605995935
translation_457405.3.peg.880,0.0,3.6931599086823304e-34
transcription_TU_457405.3.peg.880,0.0,-0.04848233618966781
translation_457405.3.peg.884,-5.628723171846812e-31,-8.203813558675858e-34
transcription_TU_457405.3.peg.884,-4.669612963113488e-31,3.179853329661582e-34
translation_457405.3.peg.885,1.7557243005326895e-29,-1.7613949706788538e-35
transcription_TU_457405.3.peg.885,0.0,-0.014842995261741362
translation_457405.3.peg.887,0.0,1.6430506440287632e-33
transcription_TU_457405.3.peg.887,0.0,-0.0222007314542219
translation_457405.3.peg.890,5.965710665509445e-31,-1.566206235180443e-34
transcription_TU_457405.3.peg.890,4.949179237874491e-31,7.95611129022394e-34
translation_457405.3.peg.891,0.0,9.375638858978179e-35
transcription_TU_457405.3.peg.891,0.0,0.00010441407335162189
translation_457405.3.peg.892,0.0,7.55967293396466e-33
transcription_TU_457405.3.peg.892,0.0,34.248789633377584
translation_457405.3.peg.893,1.0621025976457098e-07,5.334401482063468e-35
transcription_TU_457405.3.peg.893,8.811248851123804e-08,-9.409227781265637e-35
translation_457405.3.peg.896,8.945030275117532e-08,3.7460201059877275e-34
transcription_TU_457405.3.peg.896,7.420835605675477e-08,1.0228367478922468e-34
translation_457405.3.peg.897,2.9194053441401707e-11,1.0511386216994355e-33
transcription_TU_457405.3.peg.897,2.4219512353645995e-11,4.091639230639814e-34
translation_457405.3.peg.909,5.089879089141779e-11,1.111174171763337e-33
transcription_TU_457405.3.peg.909,4.222585593517189e-11,1.5014074502774877e-33
translation_457405.3.peg.941,0.0,-1.269918487638467e-34
transcription_TU_457405.3.peg.941,0.0,-0.01993875086080194
translation_457405.3.peg.947,0.0,1.9119501605215285e-33
transcription_TU_457405.3.peg.947,0.0,-0.03042305472424018
translation_457405.3.peg.950,0.0,-9.035203309097552e-34
transcription_TU_457405.3.peg.950,0.0,-0.03754214494074141
translation_457405.3.peg.975,0.0,9.76421199112456e-34
transcription_TU_457405.3.peg.975,0.0,-0.02136541591817302
translation_457405.3.peg.976,9.512238186437429e-23,-1.1916333389736823e-33
transcription_TU_457405.3.peg.976,0.0,-0.015756812565483887
translation_457405.3.peg.980,3.2422945809160425e-13,1.360544375293178e-34
transcription_TU_457405.3.peg.980,2.6898215355491663e-13,-5.6631061274967394e-34
translation_457405.3.peg.1014,0.0,-3.2249677995514157e-34
transcription_TU_457405.3.peg.1014,0.0,-0.015428458585815654
translation_457405.3.peg.1015,0.0,-1.2938401229297426e-33
transcription_TU_457405.3.peg.1015,0.0,-0.020812141262074303
translation_457405.3.peg.1016,1.2906729156671653e-15,-2.8612247426626145e-33
transcription_TU_457405.3.peg.1016,1.0707478044548079e-15,7.220253309883175e-35
translation_457405.3.peg.1023,1.1339283025770223e-12,1.1652423775178181e-33
transcription_TU_457405.3.peg.1023,9.407117989811566e-13,2.0599347624408197e-33
translation_457405.3.peg.1037,0.0,6.630323295186435e-34
transcription_TU_457405.3.peg.1037,0.0,-0.006237508065268177
translation_457405.3.peg.1038,0.0,1.31279985533175e-35
transcription_TU_457405.3.peg.1038,0.0,-0.01880791019204767
translation_457405.3.peg.1039,0.0,-2.6409655784652804e-33
transcription_TU_457405.3.peg.1039,0.0,-0.03210621368935093
translation_457405.3.peg.1040,6.385982720699084e-11,4.365408680065747e-34
transcription_TU_457405.3.peg.1040,5.2978387432422036e-11,-4.104984814874217e-34
translation_457405.3.peg.1051,2.5813458313343306e-15,1.6026227148792205e-33
transcription_TU_457405.3.peg.1051,2.1414956089096157e-15,8.126291842468488e-34
translation_457405.3.peg.1054,0.0,8.013701027781234e-34
transcription_TU_457405.3.peg.1054,0.0,-0.01652758195776315
translation_457405.3.peg.1059,-3.6714567681082154e-59,6.355396168275093e-34
transcription_TU_457405.3.peg.1059,0.0,-0.02179294816009667
translation_457405.3.peg.1060,0.0,-1.8596573609296145e-34
transcription_TU_457405.3.peg.1060,0.0,-0.014718884569206224
translation_457405.3.peg.1061,0.0,-3.2083173796552564e-34
transcription_TU_457405.3.peg.1061,0.0,-0.016120144254697526
translation_457405.3.peg.1062,0.0,-1.0125070571142818
transcription_TU_457405.3.peg.1062,0.0,-3.577493292032644e-34
translation_457405.3.peg.1063,0.0,-0.8937789425117699
transcription_TU_457405.3.peg.1063,0.0,-0.018284019237938057
translation_457405.3.peg.1064,0.0,7.5958670377351015e-34
transcription_TU_457405.3.peg.1064,0.0,-0.02370520762505649
translation_457405.3.peg.1068,1.0621025976457098e-07,-1.1270519061126851e-34
transcription_TU_457405.3.peg.1068,8.811248851123804e-08,1.6503714459800425e-34
translation_457405.3.peg.1069,0.0,2.1811928502645153e-34
transcription_TU_457405.3.peg.1069,0.0,0.21056240580600477
translation_457405.3.peg.1070,0.0,-1.8807092436859132
transcription_TU_457405.3.peg.1070,0.0,-0.038642444001609384
translation_457405.3.peg.1072,2.0651365026299426e-12,1.411754819596643e-33
transcription_TU_457405.3.peg.1072,1.7132461286269987e-12,-5.447044041132453e-34
translation_457405.3.peg.1132,1.0621025976457098e-07,1.2170755426751158e-35
transcription_TU_457405.3.peg.1132,8.811248851123804e-08,4.98053307106998e-34
translation_457405.3.peg.1136,0.0,1.1456905023248448e-34
transcription_TU_457405.3.peg.1136,0.0,-0.018835508144381775
translation_457405.3.peg.1137,1.781685724558543e-27,1.0017854688727737e-34
transcription_TU_457405.3.peg.1137,0.0,-0.02951826282190193
translation_457405.3.peg.1139,0.0,2.756590134760709e-34
transcription_TU_457405.3.peg.1139,0.0,-0.022566787882772922
translation_457405.3.peg.1140,0.0,-3.916550392730946e-34
transcription_TU_457405.3.peg.1140,0.0,-0.0051966058084821
translation_457405.3.peg.1141,0.0,-1.4145386926499202e-33
transcription_TU_457405.3.peg.1141,0.0,4.29541719017359
translation_457405.3.peg.1142,-9.597559082275972e-59,1.8378571115117052e-33
transcription_TU_457405.3.peg.1142,0.0,-0.029360192738911373
translation_457405.3.peg.1145,5.415198396122729e-09,-6.367045964595941e-34
transcription_TU_457405.3.peg.1145,4.492471890400201e-09,-3.028931061466612e-33
translation_457405.3.peg.1147,0.0,1.832485083650335e-33
transcription_TU_457405.3.peg.1147,0.0,-0.03953210517919445
translation_457405.3.peg.1162,0.0,-8.106991760282844e-35
transcription_TU_457405.3.peg.1162,0.0,4.305460817461098e-33
translation_457405.3.peg.1166,6.61944021261612e-13,9.079475553682753e-34
transcription_TU_457405.3.peg.1166,5.491516083077352e-13,1.2212573356809818e-33
translation_457405.3.peg.1167,0.0,-4.357811867242235e-34
transcription_TU_457405.3.peg.1167,0.0,-0.027950763465905835
translation_457405.3.peg.1168,3.4157782339648324e-12,-3.5479834208593578e-34
transcription_TU_457405.3.peg.1168,2.8337443205986775e-12,3.439653863626213e-34
translation_457405.3.peg.1169,2.785318485822436e-12,-6.476293731177762e-35
transcription_TU_457405.3.peg.1169,2.3107122007438547e-12,6.398866694813896e-34
translation_457405.3.peg.1192,1.0621025976457098e-07,4.207228716938814e-35
transcription_TU_457405.3.peg.1192,8.811248851123804e-08,2.0807421842836564e-34
translation_457405.3.peg.1194,5.272108863798792e-11,3.486897482961994e-34
transcription_TU_457405.3.peg.1194,4.373764198686439e-11,3.1176064075755684e-34
translation_457405.3.peg.1200,5.162691662668659e-15,-5.168367960544543e-34
transcription_TU_457405.3.peg.1200,4.28299121781923e-15,-4.203859033837135e-34
translation_457405.3.peg.1206,0.0,-1.263645146232887e-33
transcription_TU_457405.3.peg.1206,0.0,-0.0278049580909344
translation_457405.3.peg.1208,1.748505315633676e-64,-2.378585564606008e-34
transcription_TU_457405.3.peg.1208,0.0,-0.005868795998810759
translation_457405.3.peg.1209,1.5005888672317295e-64,6.9560451250792864e-34
transcription_TU_457405.3.peg.1209,0.0,-0.018360192991399512
translation_457405.3.peg.1210,5.682642275809447e-64,3.548614355241574e-35
transcription_TU_457405.3.peg.1210,0.0,-0.032008921690350044
translation_457405.3.peg.1222,0.0,-5.19322141288163e-35
transcription_TU_457405.3.peg.1222,0.0,-0.06998011477578535
translation_457405.3.peg.1228,0.0,1.8687231933067606e-33
transcription_TU_457405.3.peg.1228,0.0,7.346013523362117e-34
translation_457405.3.peg.1231,0.0,-4.4817046579450895e-34
transcription_TU_457405.3.peg.1231,0.0,-0.020811738674333915
translation_457405.3.peg.1250,1.550227951059255e-14,-9.718516739467677e-34
transcription_TU_457405.3.peg.1250,1.2860757786515938e-14,-1.1403753021786073e-33
translation_457405.3.peg.1253,1.2906729156671653e-15,4.049025129731989e-34
transcription_TU_457405.3.peg.1253,1.0707478044548079e-15,3.1553052477121684e-34
translation_457405.3.peg.1255,0.0,1.779373528365708e-33
transcription_TU_457405.3.peg.1255,0.0,0.2550287329366658
translation_457405.3.peg.1257,0.0,-1.1741507176435178e-33
transcription_TU_457405.3.peg.1257,0.0,-0.018281662533009065
translation_457405.3.peg.1258,3.220392555742702e-11,-3.375836202206999e-35
transcription_TU_457405.3.peg.1258,2.671651521223464e-11,-1.1149894682261579e-33
translation_457405.3.peg.1259,2.704466396281247e-12,-8.408717406507427e-35
transcription_TU_457405.3.peg.1259,2.2436369593632287e-12,7.309093987414387e-34
translation_457405.3.peg.1264,0.0,1.5230975216140407e-33
transcription_TU_457405.3.peg.1264,0.0,8.164867399817566e-34
translation_457405.3.peg.1265,6.61944021261612e-13,1.6261366747439087e-33
transcription_TU_457405.3.peg.1265,5.491516083077352e-13,3.5746683143479896e-34
translation_457405.3.peg.1269,0.0,-8.225622892775913e-36
transcription_TU_457405.3.peg.1269,0.0,-0.029281507258506183
translation_457405.3.peg.1274,0.0,6.577794214524192e-34
transcription_TU_457405.3.peg.1274,0.0,-0.016446467066450456
translation_457405.3.peg.1275,0.0,-7.616438520918714e-34
transcription_TU_457405.3.peg.1275,0.0,-0.012308046856023295
translation_457405.3.peg.1278,0.0,1.3617679483888392e-33
transcription_TU_457405.3.peg.1278,0.0,-0.009409210652330854
translation_457405.3.peg.1279,0.0,-7.524239727258402e-35
transcription_TU_457405.3.peg.1279,0.0,-0.011928806165596448
translation_457405.3.peg.1283,5.472952366262831e-10,2.1248634316151613e-34
transcription_TU_457405.3.peg.1283,4.540384832537131e-10,5.578454209980705e-34
translation_457405.3.peg.1284,4.00285152372597e-14,8.440641097962649e-35
transcription_TU_457405.3.peg.1284,3.3207828478934606e-14,1.336409270888927e-33
translation_457405.3.peg.1287,1.0621024542549503e-07,-2.6755135417113433e-34
transcription_TU_457405.3.peg.1287,8.811247661547894e-08,5.789450819117334e-34
translation_457405.3.peg.1293,7.806190771590797e-13,1.8513176755581448e-34
transcription_TU_457405.3.peg.1293,6.476049453254106e-13,-7.78524884681413e-35
translation_457405.3.peg.1294,1.0621025976457098e-07,2.703578074197716e-36
transcription_TU_457405.3.peg.1294,8.811248851123804e-08,-1.7175864322701044e-34
translation_457405.3.peg.1295,1.0621025976457098e-07,2.0351669934423404e-35
transcription_TU_457405.3.peg.1295,8.811248851123804e-08,8.114504866611825e-36
translation_457405.3.peg.1296,1.0621025976457098e-07,4.274887509986681e-34
transcription_TU_457405.3.peg.1296,8.811248851123804e-08,-3.925885485475112e-34
translation_457405.3.peg.1297,1.0621027410364692e-07,1.2385063184868734e-33
transcription_TU_457405.3.peg.1297,8.811250040699714e-08,5.651513977687295e-34
translation_457405.3.peg.1298,8.945096469519657e-08,-1.3581346003577085e-33
transcription_TU_457405.3.peg.1298,7.420890520836309e-08,1.4366180482752845e-33
translation_457405.3.peg.1299,1.0621025976457098e-07,1.1102338945871938e-34
transcription_TU_457405.3.peg.1299,8.811248851123804e-08,-1.0257591386005103e-35
translation_457405.3.peg.1304,0.0,1.132724248907917e-33
transcription_TU_457405.3.peg.1304,0.0,4.011383908179222
translation_457405.3.peg.1306,0.0,-2.243229264765133
transcription_TU_457405.3.peg.1306,0.0,-0.04363231633411563
translation_457405.3.peg.1307,0.0,1.1561569261072208e-34
transcription_TU_457405.3.peg.1307,0.0,-0.03004373050283419
translation_457405.3.peg.1308,0.0,-5.609472680734474e-35
transcription_TU_457405.3.peg.1308,0.0,0.024553321366566738
translation_457405.3.peg.1317,1.1990100035089633e-11,3.977735932059467e-33
transcription_TU_457405.3.peg.1317,9.947038581133797e-12,4.175511843966978e-34
translation_457405.3.peg.1319,0.0,2.1322102378432354e-34
transcription_TU_457405.3.peg.1319,0.0,-0.01822996386017438
translation_457405.3.peg.1322,0.0,-2.0296969106757112e-35
transcription_TU_457405.3.peg.1322,0.0,-0.016911559748893887
translation_457405.3.peg.1339,0.0,-2.4370627645989197e-33
transcription_TU_457405.3.peg.1339,0.0,-0.022264865036073615
translation_457405.3.peg.1346,0.0,1.3711171706124533e-33
transcription_TU_457405.3.peg.1346,0.0,-0.014845244818283636
translation_457405.3.peg.1350,2.6344573503144984e-12,-2.1238662112862543e-33
transcription_TU_457405.3.peg.1350,2.1855571535883295e-12,1.886344754369964e-33
translation_457405.3.peg.1355,0.0,2.051774646018965e-33
transcription_TU_457405.3.peg.1355,0.0,-0.029980153102880106
translation_457405.3.peg.1356,0.0,-6.297037636950844e-34
transcription_TU_457405.3.peg.1356,0.0,-0.017229820739437986
translation_457405.3.peg.1357,0.0,-1.906337299419249e-33
transcription_TU_457405.3.peg.1357,0.0,-0.033608502930054795
translation_457405.3.peg.1362,0.0,-1.8085205187530185e-33
transcription_TU_457405.3.peg.1362,0.0,-1.1663261316679876e-34
translation_457405.3.peg.1367,2.5813458313343306e-15,3.494525223544735e-34
transcription_TU_457405.3.peg.1367,2.1414956089096157e-15,6.483031547211886e-34
translation_457405.3.peg.1374,0.0,-1.8388445782110797e-34
transcription_TU_457405.3.peg.1374,0.0,-0.03711005203722516
translation_457405.3.peg.1378,1.2906729156671653e-15,-5.746252700508428e-34
transcription_TU_457405.3.peg.1378,1.0707478044548079e-15,5.977263128635072e-35
translation_457405.3.peg.1380,0.0,-5.231307987319834e-34
transcription_TU_457405.3.peg.1380,0.0,1.4713389402742163
translation_457405.3.peg.1389,0.0,8.035013717775613e-35
transcription_TU_457405.3.peg.1389,0.0,-0.04550720811595029
translation_457405.3.peg.1392,1.8025214147807548e-13,2.460571842981911e-33
transcription_TU_457405.3.peg.1392,1.4953795217447498e-13,4.630041012125571e-34
translation_457405.3.peg.1399,0.0,-4.961601010438255e-34
transcription_TU_457405.3.peg.1399,0.0,-0.019068212205880536
translation_457405.3.peg.1403,4.6238195159013225e-11,-1.1439401777671518e-33
transcription_TU_457405.3.peg.1403,3.835940566156087e-11,2.0123972069197326e-33
translation_457405.3.peg.1406,0.0,-3.5467262966412914e-33
transcription_TU_457405.3.peg.1406,0.0,3.8020372333036168
translation_457405.3.peg.1407,0.0,1.8830807073022032e-35
transcription_TU_457405.3.peg.1407,0.0,-0.021331981069473732
translation_457405.3.peg.1408,7.602398576071255e-30,5.528836160622943e-34
transcription_TU_457405.3.peg.1408,0.0,-0.0063537983130506044
translation_457405.3.peg.1412,4.009505995672761e-12,-1.9220952029485438e-34
transcription_TU_457405.3.peg.1412,3.326303426453947e-12,1.642062115066213e-33
translation_457405.3.peg.1414,2.5145415201336515e-11,3.140729491765959e-33
transcription_TU_457405.3.peg.1414,2.0860744648862534e-11,1.2126947309057696e-33
translation_457405.3.peg.1419,6.53931427634019e-15,1.2233175296337531e-33
transcription_TU_457405.3.peg.1419,5.425043261570138e-15,6.0675650015204166e-34
translation_457405.3.peg.1420,3.269657138170095e-15,5.4413654574660844e-34
transcription_TU_457405.3.peg.1420,2.712521630785069e-15,-5.823350551333192e-34
translation_457405.3.peg.1422,6.53931427634019e-15,2.815867178149138e-34
transcription_TU_457405.3.peg.1422,5.425043261570138e-15,1.9804457351760508e-33
translation_457405.3.peg.1443,0.0,-0.8324120405591219
transcription_TU_457405.3.peg.1443,0.0,-0.016156081257768296
translation_457405.3.peg.1444,0.0,-0.8988782613625935
transcription_TU_457405.3.peg.1444,0.0,-0.01744031263403105
translation_457405.3.peg.1445,0.0,5.1167455386974775e-34
transcription_TU_457405.3.peg.1445,0.0,-0.02329594619481693
translation_457405.3.peg.1447,0.0,5.694604406232608e-34
transcription_TU_457405.3.peg.1447,0.0,-0.005439023201416906
translation_457405.3.peg.1448,3.846266481361424e-12,-6.496717371383763e-34
transcription_TU_457405.3.peg.1448,3.190879222980379e-12,1.5768830609695747e-33
translation_457405.3.peg.1451,1.2369993513299264e-22,-4.248950414153998e-34
transcription_TU_457405.3.peg.1451,0.0,-0.010742894606558345
translation_457405.3.peg.1453,6.768274588971136e-11,1.0086808143374268e-33
transcription_TU_457405.3.peg.1453,5.614989722118702e-11,-2.603460468968399e-34
translation_457405.3.peg.1454,0.0,4.640499711292383e-34
transcription_TU_457405.3.peg.1454,0.0,-0.019890963494372794
translation_457405.3.peg.1458,3.846266481361424e-12,6.64231333024982e-34
transcription_TU_457405.3.peg.1458,3.190879222980379e-12,1.9112435232043698e-34
translation_457405.3.peg.1459,1.524205736381565e-11,-1.4376384132026415e-33
transcription_TU_457405.3.peg.1459,1.2644876373843809e-11,-1.3711857203172635e-34
translation_457405.3.peg.1461,0.0,1.477233338258987e-33
transcription_TU_457405.3.peg.1461,0.0,-0.029236787002639243
translation_457405.3.peg.1462,1.3522593475611474e-12,-8.756584431116645e-34
transcription_TU_457405.3.peg.1462,1.121840173353399e-12,1.2076779601899172e-33
translation_457405.3.peg.1530,0.0,3.407612327817457e-33
transcription_TU_457405.3.peg.1530,0.0,-0.03380555058072032
translation_457405.3.peg.1540,1.391558591315874e-11,2.4381200923198056e-34
transcription_TU_457405.3.peg.1540,1.1544429950724527e-11,1.892939616068279e-33
translation_457405.3.peg.1541,0.0,1.2271858343619868e-33
transcription_TU_457405.3.peg.1541,0.0,-0.027682404663269045
translation_457405.3.peg.1546,0.0,1.105420948715869e-33
transcription_TU_457405.3.peg.1546,0.0,-0.020574670001910187
translation_457405.3.peg.1547,0.0,1.9860432385101578e-33
transcription_TU_457405.3.peg.1547,0.0,6.451664553609858e-34
translation_457405.3.peg.1551,0.0,-2.1473906206790035e-35
transcription_TU_457405.3.peg.1551,0.0,-0.015169000465183373
translation_457405.3.peg.1638,4.660715645095324e-11,8.716067778329877e-34
transcription_TU_457405.3.peg.1638,3.866549753695238e-11,-7.819538231124422e-34
translation_457405.3.peg.1639,1.4880278129572427e-12,1.1755243949534466e-34
transcription_TU_457405.3.peg.1639,1.2344742764421136e-12,4.653712376862506e-34
translation_457405.3.peg.1647,-2.181252485588859e-41,9.096125693715103e-34
transcription_TU_457405.3.peg.1647,0.0,-0.020668191487624187
translation_457405.3.peg.1652,1.0621025976457098e-07,2.4584825674261974e-34
transcription_TU_457405.3.peg.1652,8.811248851123804e-08,-1.9013870469722666e-34
translation_457405.3.peg.1653,1.0621025976457098e-07,3.180226083021704e-34
transcription_TU_457405.3.peg.1653,8.811248851123804e-08,-4.557565722560634e-34
translation_457405.3.peg.1654,2.2751343442329159e-10,4.981202130670006e-35
transcription_TU_457405.3.peg.1654,1.8874612416174204e-10,1.2844881293054444e-33
translation_457405.3.peg.1655,2.275134344152476e-10,3.998840552684668e-34
transcription_TU_457405.3.peg.1655,1.887461241550687e-10,-3.4804616313957275e-34
translation_457405.3.peg.1659,3.846266481361424e-12,3.4037480479868076e-33
transcription_TU_457405.3.peg.1659,3.190879222980379e-12,-1.3842390654808406e-33
translation_457405.3.peg.1667,0.0,-7.745476950854942e-34
transcription_TU_457405.3.peg.1667,0.0,-2.0339839329514394e-34
translation_457405.3.peg.1668,0.0,1.8553397189479215e-33
transcription_TU_457405.3.peg.1668,0.0,-0.01899982403749695
translation_457405.3.peg.1669,6.551858448282129e-12,-2.2794474530539494e-35
transcription_TU_457405.3.peg.1669,5.435449960589303e-12,6.211541450414202e-34
translation_457405.3.peg.1675,-3.078903609767774e-30,1.2531635109285309e-33
transcription_TU_457405.3.peg.1675,0.0,-0.023452738836723542
translation_457405.3.peg.1687,0.0,-3.7066349183794145e-33
transcription_TU_457405.3.peg.1687,0.0,-0.032596503927153145
translation_457405.3.peg.1695,0.0,-1.5766051848191747e-34
transcription_TU_457405.3.peg.1695,0.0,1.0945327332683129e-33
translation_457405.3.peg.1696,2.5813458313343306e-15,1.2118333290638181e-34
transcription_TU_457405.3.peg.1696,2.1414956089096157e-15,-4.8760088967377535e-34
translation_457405.3.peg.1699,2.078073405983611e-11,-3.656864049939446e-33
transcription_TU_457405.3.peg.1699,1.7239786393152114e-11,2.9764549363664383e-33
translation_457405.3.peg.1707,1.4699162000840821e-12,-1.559954836377605e-34
transcription_TU_457405.3.peg.1707,1.2194488044703495e-12,1.5352292520744581e-33
translation_457405.3.peg.1708,8.437105573578341e-13,9.238733712799877e-34
transcription_TU_457405.3.peg.1708,6.999459087736908e-13,1.5146751040930044e-33
translation_457405.3.peg.1710,1.031560121161263e-12,5.8922355308272045e-34
transcription_TU_457405.3.peg.1710,8.557867152001147e-13,1.1348032772281847e-33
translation_457405.3.peg.1711,4.739416564082742e-12,1.4716604126710026e-33
transcription_TU_457405.3.peg.1711,3.931840374728216e-12,-2.550272958078002e-34
translation_457405.3.peg.1721,-7.026291987721404e-31,2.011018424542002e-33
transcription_TU_457405.3.peg.1721,0.0,-0.03087498048291632
translation_457405.3.peg.1723,-7.026291987721404e-31,-1.1020765660565034e-34
transcription_TU_457405.3.peg.1723,0.0,-0.01563194349872655
translation_457405.3.peg.1724,-7.026291987721404e-31,-3.1562860768668977e-34
transcription_TU_457405.3.peg.1724,0.0,-0.016219417249315048
translation_457405.3.peg.1725,-7.026291987721404e-31,4.084437670480122e-34
transcription_TU_457405.3.peg.1725,0.0,-0.015223732297806925
translation_457405.3.peg.1727,1.0621027410364692e-07,-9.277421520601464e-36
transcription_TU_457405.3.peg.1727,8.811250040699714e-08,1.0713622286768192e-34
translation_457405.3.peg.1729,1.0621027410364692e-07,9.557451090272482e-34
transcription_TU_457405.3.peg.1729,8.811250040699714e-08,1.961898295480938e-34
translation_457405.3.peg.1730,1.0621027410364692e-07,9.414054055981955e-34
transcription_TU_457405.3.peg.1730,8.811250040699714e-08,8.346347862800734e-34
translation_457405.3.peg.1731,1.0621025976457098e-07,-4.608159537125344e-34
transcription_TU_457405.3.peg.1731,8.811248851123804e-08,2.740033528067916e-34
translation_457405.3.peg.1732,1.0621025976457098e-07,4.805434478321888e-34
transcription_TU_457405.3.peg.1732,8.811248851123804e-08,-5.205853127578745e-34
translation_457405.3.peg.1733,1.0621025976457098e-07,1.3781706639808907e-34
transcription_TU_457405.3.peg.1733,8.811248851123804e-08,-1.7923996344016515e-35
translation_457405.3.peg.1734,1.0621025976457098e-07,2.6666282369977555e-34
transcription_TU_457405.3.peg.1734,8.811248851123804e-08,-7.474620200070832e-35
translation_457405.3.peg.1735,1.0621025976457098e-07,-1.0297379700111743e-33
transcription_TU_457405.3.peg.1735,8.811248851123804e-08,2.250240845362943e-34
translation_457405.3.peg.1736,1.0621025976457098e-07,8.064359504103506e-34
transcription_TU_457405.3.peg.1736,8.811248851123804e-08,-3.997635662857335e-34
translation_457405.3.peg.1737,1.0621025976457098e-07,1.5358156776900656e-35
transcription_TU_457405.3.peg.1737,8.811248851123804e-08,6.179882217741346e-35
translation_457405.3.peg.1738,1.0621025976457098e-07,4.5319234719471624e-35
transcription_TU_457405.3.peg.1738,8.811248851123804e-08,4.255000871231747e-35
translation_457405.3.peg.1739,1.0621025976457098e-07,-3.7255904950410055e-34
transcription_TU_457405.3.peg.1739,8.811248851123804e-08,3.7503039959146294e-34
translation_457405.3.peg.1740,1.0621025976457098e-07,3.2813988503296605e-34
transcription_TU_457405.3.peg.1740,8.811248851123804e-08,4.442033876560615e-34
translation_457405.3.peg.1741,1.0621025976457098e-07,7.439438135004643e-34
transcription_TU_457405.3.peg.1741,8.811248851123804e-08,1.2009077550491066e-34
translation_457405.3.peg.1742,1.0621025976457098e-07,4.0851359644259434e-35
transcription_TU_457405.3.peg.1742,8.811248851123804e-08,3.4601105985840577e-35
translation_457405.3.peg.1743,1.0621025976457098e-07,4.820093900787313e-34
transcription_TU_457405.3.peg.1743,8.811248851123804e-08,-2.474583038733976e-34
translation_457405.3.peg.1744,1.0621025976457098e-07,2.308591778896826e-35
transcription_TU_457405.3.peg.1744,8.811248851123804e-08,-2.8956995397947553e-34
translation_457405.3.peg.1745,1.0621025976457098e-07,-2.1257002750456862e-35
transcription_TU_457405.3.peg.1745,8.811248851123804e-08,6.829627085211946e-35
translation_457405.3.peg.1746,1.0621025976457098e-07,1.3765576546047549e-33
transcription_TU_457405.3.peg.1746,8.811248851123804e-08,6.550051707454731e-35
translation_457405.3.peg.1747,1.0621025976457098e-07,8.043629800027817e-35
transcription_TU_457405.3.peg.1747,8.811248851123804e-08,5.073270269545545e-35
translation_457405.3.peg.1748,1.0621025976457098e-07,7.607679306727259e-34
transcription_TU_457405.3.peg.1748,8.811248851123804e-08,-2.462601236830095e-34
translation_457405.3.peg.1758,7.949581530952811e-13,1.3508409183906989e-33
transcription_TU_457405.3.peg.1758,6.595007044214803e-13,-5.693401577839072e-34
translation_457405.3.peg.1759,7.52325528712985e-12,-1.921170790403994e-33
transcription_TU_457405.3.peg.1759,6.24132495790641e-12,2.077663932737619e-33
translation_457405.3.peg.1764,0.0,-2.5506373574913586e-34
transcription_TU_457405.3.peg.1764,0.0,-0.010565218414061257
translation_457405.3.peg.1765,1.7966276577243272e-30,7.718627267808348e-34
transcription_TU_457405.3.peg.1765,0.0,-0.044794014283913254
translation_457405.3.peg.1767,0.0,1.8616458548215682e-34
transcription_TU_457405.3.peg.1767,0.0,-0.02740579524206418
translation_457405.3.peg.1786,2.0098006457049383e-11,-3.862313571573463e-33
transcription_TU_457405.3.peg.1786,1.667339263618178e-11,2.2794647524455787e-33
translation_457405.3.peg.1791,0.0,-2.6755134226203606e-34
transcription_TU_457405.3.peg.1791,0.0,-0.037515164855562416
translation_457405.3.peg.1792,0.0,-1.122930233100378
transcription_TU_457405.3.peg.1792,0.0,-0.022319966927987565
translation_457405.3.peg.1793,0.0,-8.224468367820644e-34
transcription_TU_457405.3.peg.1793,0.0,-0.02671751076737976
translation_457405.3.peg.1794,0.0,5.036501245507561e-34
transcription_TU_457405.3.peg.1794,0.0,-0.021919014328241133
translation_457405.3.peg.1795,0.0,1.2822235462657166e-33
transcription_TU_457405.3.peg.1795,0.0,-0.028493820197167206
translation_457405.3.peg.1796,0.0,-2.269956215513555e-34
transcription_TU_457405.3.peg.1796,0.0,-0.017388946702071986
translation_457405.3.peg.1797,0.0,3.91345891909776e-34
transcription_TU_457405.3.peg.1797,0.0,-0.01778600489936205
translation_457405.3.peg.1804,-1.78759045039672e-32,3.3220142630508273e-34
transcription_TU_457405.3.peg.1804,0.0,-0.007589711137106272
translation_457405.3.peg.1805,7.651167896045059e-13,-5.1119167364536695e-34
transcription_TU_457405.3.peg.1805,6.347441808655732e-13,-6.694612634490169e-34
translation_457405.3.peg.1809,1.937264059894328e-11,1.6089178616268412e-33
transcription_TU_457405.3.peg.1809,1.6071625999130973e-11,1.4504409563253713e-33
translation_457405.3.peg.1810,2.940481299758364e-12,2.0281472908723687e-34
transcription_TU_457405.3.peg.1810,2.439435938832869e-12,-4.414173751808502e-34
translation_457405.3.peg.1811,0.0,3.780572725545095e-34
transcription_TU_457405.3.peg.1811,0.0,-0.021897129927884534
translation_457405.3.peg.1813,0.0,1.1160588212892777e-33
transcription_TU_457405.3.peg.1813,0.0,-0.018938118692494045
translation_457405.3.peg.1814,0.0,6.124078039070756e-34
transcription_TU_457405.3.peg.1814,0.0,-0.01941273317588309
translation_457405.3.peg.1815,-3.4358048058124857e-59,-4.0946232811816565e-34
transcription_TU_457405.3.peg.1815,0.0,-0.01997766612530094
translation_457405.3.peg.1820,5.7637942582478775e-59,-2.0846313097877004e-32
transcription_TU_457405.3.peg.1820,0.0,44.62913507335177
translation_457405.3.peg.1821,8.777292887885255e-12,1.148541885809107e-33
transcription_TU_457405.3.peg.1821,7.281679947472868e-12,1.1370145528641042e-33
translation_457405.3.peg.1822,7.381700699967033e-12,-1.8601171028663383e-33
transcription_TU_457405.3.peg.1822,6.123890663303005e-12,1.0872462391023757e-33
translation_457405.3.peg.1823,2.5397907823589772e-12,-1.4262584456099698e-34
transcription_TU_457405.3.peg.1823,2.1070213614730593e-12,2.1996932274123444e-33
translation_457405.3.peg.1824,2.5397907823589772e-12,1.4257664645771339e-33
transcription_TU_457405.3.peg.1824,2.1070213614730593e-12,3.827250543263209e-33
translation_457405.3.peg.1825,7.378505148477877e-64,1.934614441158054e-34
transcription_TU_457405.3.peg.1825,0.0,-0.016427929162582438
translation_457405.3.peg.1826,2.626030517655527e-64,6.485971763514527e-34
transcription_TU_457405.3.peg.1826,0.0,-0.018951063116393493
translation_457405.3.peg.1828,9.542529184976333e-12,-1.1697635544226982e-33
transcription_TU_457405.3.peg.1828,7.916523272263529e-12,-1.275136479039001e-34
translation_457405.3.peg.1829,8.883833290382299e-12,-3.807721865061959e-34
transcription_TU_457405.3.peg.1829,7.37006632381553e-12,-8.689046879856441e-34
translation_457405.3.peg.1830,0.0,-7.887003070667756e-34
transcription_TU_457405.3.peg.1830,0.0,-0.015926324456369136
translation_457405.3.peg.1832,1.0621025976457098e-07,-6.427764465846367e-35
transcription_TU_457405.3.peg.1832,8.811248851123804e-08,5.73285385240063e-34
translation_457405.3.peg.1833,0.0,-9.961343382409958e-34
transcription_TU_457405.3.peg.1833,0.0,-0.015927181088829723
translation_457405.3.peg.1835,1.323888042523224e-12,4.225563954783249e-33
transcription_TU_457405.3.peg.1835,1.0983032166154704e-12,1.0134850976258035e-33
translation_457405.3.peg.1837,1.5612381543181613e-12,-2.1874756502520297e-33
transcription_TU_457405.3.peg.1837,1.2952098906508229e-12,1.4354393506896183e-33
translation_457405.3.peg.1838,1.2906729156671653e-15,6.124078122434443e-34
transcription_TU_457405.3.peg.1838,1.0707478044548079e-15,1.013679923673021e-34
translation_457405.3.peg.1840,1.0621024542549503e-07,-1.380966004207973e-34
transcription_TU_457405.3.peg.1840,8.811247661547894e-08,2.5249455719397178e-34
translation_457405.3.peg.1843,5.510556714636088e-10,8.009555967147269e-34
transcription_TU_457405.3.peg.1843,4.571581561754777e-10,6.405685606466511e-34
translation_457405.3.peg.1852,0.0,5.154208131963311e-34
transcription_TU_457405.3.peg.1852,0.0,-0.020588451077662728
translation_457405.3.peg.1853,4.0989047010145605e-31,4.161721366497168e-34
transcription_TU_457405.3.peg.1853,0.0,-0.020327394748605832
translation_457405.3.peg.1854,9.016861189613542e-30,1.4072377906523661e-33
transcription_TU_457405.3.peg.1854,0.0,-0.018548710261489805
translation_457405.3.peg.1855,0.0,5.507056314538549e-35
transcription_TU_457405.3.peg.1855,0.0,-0.004690553213560684
translation_457405.3.peg.1856,4.0989047010145605e-31,4.335822720520583e-34
transcription_TU_457405.3.peg.1856,0.0,-0.025646166994108797
translation_457405.3.peg.1857,6.77432096249618e-13,9.699692805929193e-34
transcription_TU_457405.3.peg.1857,5.620005819611929e-13,1.2705093604175836e-33
translation_457405.3.peg.1859,1.5488074988006003e-14,1.8533206647219856e-34
transcription_TU_457405.3.peg.1859,1.2848973653457712e-14,-4.515970361479683e-34
translation_457405.3.peg.1860,6.040034026350388e-13,2.1402323228706254e-34
transcription_TU_457405.3.peg.1860,5.010838217833024e-13,1.5362033823105458e-34
translation_457405.3.peg.1864,2.776315316791728e-14,1.0844388882671587e-33
transcription_TU_457405.3.peg.1864,2.3032431329763774e-14,1.523042882820999e-33
translation_457405.3.peg.1866,7.392186308017965e-15,-4.1020754038452584e-33
transcription_TU_457405.3.peg.1866,6.132589568860425e-15,1.3702115900811756e-34
translation_457405.3.peg.1898,1.0745581273006655e-59,-3.85675457216428e-33
transcription_TU_457405.3.peg.1898,0.0,7.0017851332359
translation_457405.3.peg.1902,-7.026291987721404e-31,8.063817722285563e-34
transcription_TU_457405.3.peg.1902,0.0,-0.03188335242904298
translation_457405.3.peg.1911,-1.4549080108359913e-32,-5.540452772294212e-34
transcription_TU_457405.3.peg.1911,0.0,-0.008440616649859742
translation_457405.3.peg.1912,-1.9906289906549506e-30,1.3325257836081554e-33
transcription_TU_457405.3.peg.1912,0.0,-0.023283356971733362
translation_457405.3.peg.1915,0.0,-1.3316302719097111e-33
transcription_TU_457405.3.peg.1915,0.0,-0.03621012256124943
translation_457405.3.peg.1930,0.0,-1.5100045135381888e-34
transcription_TU_457405.3.peg.1930,0.0,-0.010421383373173665
translation_457405.3.peg.1933,-7.195788064329792e-64,-2.6511837945469416e-34
transcription_TU_457405.3.peg.1933,0.0,-0.015499973573980861
translation_457405.3.peg.1948,1.3761178498928271e-11,1.1233079328396711e-33
transcription_TU_457405.3.peg.1948,1.141633289548156e-11,3.1919520271937935e-33
translation_457405.3.peg.1955,3.4598195653980445e-13,1.0283302313098862e-35
transcription_TU_457405.3.peg.1955,2.8702811986604614e-13,3.944448151966939e-34
translation_457405.3.peg.1957,0.0,-0.47071596167741575
transcription_TU_457405.3.peg.1957,0.0,-0.009043845659396343
translation_457405.3.peg.1969,0.0,1.926522324232014e-34
transcription_TU_457405.3.peg.1969,0.0,-0.014472935469777121
translation_457405.3.peg.1980,1.2369311685214904e-11,9.712180535502774e-34
transcription_TU_457405.3.peg.1980,1.0261634197781901e-11,2.6175366508798683e-33
translation_457405.3.peg.1981,0.0,1.8341108378942037e-33
transcription_TU_457405.3.peg.1981,0.0,-0.04306413929917548
translation_457405.3.peg.1989,1.2906729156671653e-15,1.4367137711683498e-34
transcription_TU_457405.3.peg.1989,1.0707478044548079e-15,-1.3209206001351301e-34
translation_457405.3.peg.1991,0.0,-7.6969133950703e-34
transcription_TU_457405.3.peg.1991,0.0,-0.019475692930228397
translation_457405.3.peg.1993,0.0,-0.5990532141966131
transcription_TU_457405.3.peg.1993,0.0,-0.011594930144149649
translation_457405.3.peg.1994,2.0283890213417213e-12,-2.7967054987156952e-33
transcription_TU_457405.3.peg.1994,1.6827602600300986e-12,2.4275325483309325e-33
translation_457405.3.peg.1995,0.0,-2.2393050780749407e-35
transcription_TU_457405.3.peg.1995,0.0,-0.020098542036028635
translation_457405.3.peg.1999,0.0,1.1928672963704616e-33
transcription_TU_457405.3.peg.1999,0.0,-0.020547132085731272
translation_457405.3.peg.2000,0.0,-0.8590605517483009
transcription_TU_457405.3.peg.2000,0.0,-0.01682553818273099
translation_457405.3.peg.2001,0.0,-9.252304739424567e-35
transcription_TU_457405.3.peg.2001,0.0,-0.008123915313488474
translation_457405.3.peg.2002,0.0,-1.5106086677187757e-33
transcription_TU_457405.3.peg.2002,0.0,-0.018457995688274508
translation_457405.3.peg.2010,0.0,-4.4287165907422465e-34
transcription_TU_457405.3.peg.2010,0.0,-0.026722814400239776
translation_457405.3.peg.2012,0.0,-4.532479482389128e-34
transcription_TU_457405.3.peg.2012,0.0,-0.018067879710750804
translation_457405.3.peg.2014,0.0,-4.712250178710881e-34
transcription_TU_457405.3.peg.2014,0.0,-0.019405110087071988
translation_457405.3.peg.2016,0.0,-9.449258164254018e-34
transcription_TU_457405.3.peg.2016,0.0,-0.0221620647697396
translation_457405.3.peg.2018,0.0,3.464843841663283e-35
transcription_TU_457405.3.peg.2018,0.0,-0.01385958778764119
translation_457405.3.peg.2028,0.0,2.8054439693027233e-34
transcription_TU_457405.3.peg.2028,0.0,-0.02470624010242416
translation_457405.3.peg.2034,1.2098174054932035e-11,-1.0001062753795702e-33
transcription_TU_457405.3.peg.2034,1.0036697253025148e-11,2.2519553145784577e-33
translation_457405.3.peg.2035,1.0621025976457098e-07,-8.966815306003023e-34
transcription_TU_457405.3.peg.2035,8.811248851123804e-08,1.961898295480938e-34
translation_457405.3.peg.2036,1.0621025976457098e-07,4.256147785365835e-34
transcription_TU_457405.3.peg.2036,8.811248851123804e-08,1.991122202563574e-35
translation_457405.3.peg.2040,7.806190771590797e-13,7.888991731287086e-34
transcription_TU_457405.3.peg.2040,6.476049453254106e-13,-8.186590504082326e-35
translation_457405.3.peg.2041,4.4798607238554116e-10,3.3477738849011215e-34
transcription_TU_457405.3.peg.2041,3.71651173283665e-10,-5.844781416527125e-35
translation_457405.3.peg.2042,2.2751343442329159e-10,1.8237800265339466e-33
transcription_TU_457405.3.peg.2042,1.8874612416174204e-10,3.338344319073076e-34
translation_457405.3.peg.2043,1.0621025976457098e-07,1.1595825317312554e-34
transcription_TU_457405.3.peg.2043,8.811248851123804e-08,7.078419947508783e-34
translation_457405.3.peg.2059,1.0621024542549503e-07,1.0115945919692264e-33
transcription_TU_457405.3.peg.2059,8.811247661547894e-08,1.1179021176320605e-33
translation_457405.3.peg.2061,1.5226608955303514e-10,-9.59167153376068e-34
transcription_TU_457405.3.peg.2061,1.2632060307669415e-10,7.736542335009737e-34
translation_457405.3.peg.2063,0.0,-2.6124509285498614e-35
transcription_TU_457405.3.peg.2063,0.0,-0.03949810314353786
translation_457405.3.peg.2064,5.802692560927753e-59,-1.3795747819694132e-33
transcription_TU_457405.3.peg.2064,0.0,-0.026328799654918675
translation_457405.3.peg.2068,0.0,8.508165677898275e-34
transcription_TU_457405.3.peg.2068,0.0,-0.029611141363244532
translation_457405.3.peg.2075,1.3077804130671094e-12,-8.097943018626903e-35
transcription_TU_457405.3.peg.2075,1.084940257909398e-12,-8.048264010557851e-35
translation_457405.3.peg.2080,0.0,4.717142493512167e-34
transcription_TU_457405.3.peg.2080,0.0,-0.03264198316992798
translation_457405.3.peg.2087,0.0,-3.3200819245838793e-35
transcription_TU_457405.3.peg.2087,0.0,-0.014868840348057253
translation_457405.3.peg.2093,1.0621025976457098e-07,-6.957003948638663e-35
transcription_TU_457405.3.peg.2093,8.811248851123804e-08,5.194646896962091e-34
translation_457405.3.peg.2097,1.8624272155692626e-11,7.93101184754495e-34
transcription_TU_457405.3.peg.2097,1.5450776318466766e-11,-2.717823358685113e-34
translation_457405.3.peg.2098,0.0,7.6440521059274664e-34
transcription_TU_457405.3.peg.2098,0.0,-0.00697742596940106
translation_457405.3.peg.2115,0.0,1.3599617578638312e-34
transcription_TU_457405.3.peg.2115,0.0,2.489876883440555e-35
translation_457405.3.peg.2118,2.2349195894940654e-65,8.222631093662885e-34
transcription_TU_457405.3.peg.2118,0.0,-4.600719692019326e-34
translation_457405.3.peg.2119,2.1008244141244216e-65,1.292771495944236e-33
transcription_TU_457405.3.peg.2119,0.0,7.740828508048523e-34
translation_457405.3.peg.2121,0.0,-7.566363235026192e-35
transcription_TU_457405.3.peg.2121,0.0,-0.03247389916448871
translation_457405.3.peg.2123,-4.067992373573625e-65,-4.69850374843628e-34
transcription_TU_457405.3.peg.2123,0.0,-0.028374059342180576
translation_457405.3.peg.2124,0.0,-2.3202258358289738e-33
transcription_TU_457405.3.peg.2124,0.0,3.9525848524200407
translation_457405.3.peg.2125,0.0,3.0581371695208575e-34
transcription_TU_457405.3.peg.2125,0.0,-0.013717752073875539
translation_457405.3.peg.2130,2.867815187240285e-14,-5.722486370978261e-34
transcription_TU_457405.3.peg.2130,2.3791518192139342e-14,1.228865292824828e-34
translation_457405.3.peg.2141,0.0,-1.140292197630789e-33
transcription_TU_457405.3.peg.2141,0.0,-0.02057178893528409
translation_457405.3.peg.2143,0.0,-6.346866259956336e-34
transcription_TU_457405.3.peg.2143,0.0,-0.008337248292598324
translation_457405.3.peg.2144,0.0,5.462859137059575e-35
transcription_TU_457405.3.peg.2144,0.0,-0.01253337903093523
translation_457405.3.peg.2145,0.0,1.0395600595129867e-33
transcription_TU_457405.3.peg.2145,0.0,-0.02031964834735817
translation_457405.3.peg.2146,3.781975070006985e-11,1.6546647775072658e-34
transcription_TU_457405.3.peg.2146,3.1375427914821764e-11,9.217220293863275e-34
translation_457405.3.peg.2147,6.741385721235982e-11,-7.335063385922506e-34
transcription_TU_457405.3.peg.2147,5.592682601745908e-11,1.0743487547765726e-33
translation_457405.3.peg.2148,0.0,-3.4639092950743102e-34
transcription_TU_457405.3.peg.2148,0.0,-0.02883832067926611
translation_457405.3.peg.2149,0.0,-1.904282263111963e-33
transcription_TU_457405.3.peg.2149,0.0,-0.019355980767440245
translation_457405.3.peg.2157,0.0,5.206328320085244e-34
transcription_TU_457405.3.peg.2157,0.0,-0.010522676800735419
translation_457405.3.peg.2159,0.0,1.536513108070883e-33
transcription_TU_457405.3.peg.2159,1.0223299340819466e-40,7.406799250093998e-34
translation_457405.3.peg.2161,0.0,1.7710621918355784e-33
transcription_TU_457405.3.peg.2161,0.0,-0.02285706648992152
translation_457405.3.peg.2173,0.0,-7.620600973059327e-34
transcription_TU_457405.3.peg.2173,0.0,-0.029830507425835314
translation_457405.3.peg.2175,1.0621025976457098e-07,-4.1525882315040106e-35
transcription_TU_457405.3.peg.2175,8.811248851123804e-08,1.0228367478922468e-34
translation_457405.3.peg.2180,8.945030275117532e-08,-1.9240519311621745e-34
transcription_TU_457405.3.peg.2180,7.420835605675477e-08,2.9122597538082486e-34
translation_457405.3.peg.2181,8.23941983136809e-11,-1.0146632609207107e-34
transcription_TU_457405.3.peg.2181,6.835458145380238e-11,9.186242952355682e-34
translation_457405.3.peg.2185,8.945096469519657e-08,8.789730410302378e-34
transcription_TU_457405.3.peg.2185,7.420890520836309e-08,6.017786946456327e-33
translation_457405.3.peg.2186,8.945096469519657e-08,6.65182481877281e-33
transcription_TU_457405.3.peg.2186,7.420890520836309e-08,3.7977928449239125e-33
translation_457405.3.peg.2187,2.12420505190066e-07,-1.3268174280616034e-34
transcription_TU_457405.3.peg.2187,1.7622496512671699e-07,-2.3843785788722403e-34
translation_457405.3.peg.2188,1.0621025976457098e-07,-4.61297671987286e-34
transcription_TU_457405.3.peg.2188,8.811248851123804e-08,5.8801423440971135e-34
translation_457405.3.peg.2189,1.0621025976457098e-07,2.5599909035717477e-34
transcription_TU_457405.3.peg.2189,8.811248851123804e-08,5.977263128635072e-35
translation_457405.3.peg.2190,1.0621024542549503e-07,-2.4845903757069705e-34
transcription_TU_457405.3.peg.2190,8.811247661547894e-08,6.067632868292793e-35
translation_457405.3.peg.2191,6.61944021261612e-13,6.6665279037908505e-34
transcription_TU_457405.3.peg.2191,5.491516083077352e-13,-1.3039707340272015e-34
translation_457405.3.peg.2193,1.0621025976457098e-07,-4.6743642326538807e-35
transcription_TU_457405.3.peg.2193,8.811248851123804e-08,9.936128408096112e-35
translation_457405.3.peg.2196,6.855427239287685e-60,-1.036787198438073e-33
transcription_TU_457405.3.peg.2196,0.0,0.7971043237897538
translation_457405.3.peg.2197,0.0,1.655538217990128e-33
transcription_TU_457405.3.peg.2197,0.0,-0.027709727067128716
translation_457405.3.peg.2201,-3.969465150440781e-41,2.3362363386809014e-34
transcription_TU_457405.3.peg.2201,0.0,-0.009130095043582065
translation_457405.3.peg.2202,-3.0043095408420504e-41,-7.508212534291722e-34
transcription_TU_457405.3.peg.2202,0.0,-0.01652635743376908
translation_457405.3.peg.2207,3.074972258799386e-11,-2.6612296086528614e-34
transcription_TU_457405.3.peg.2207,2.551010217152452e-11,-5.310568395056545e-34
translation_457405.3.peg.2217,0.0,-8.73836371284623e-34
transcription_TU_457405.3.peg.2217,0.0,-0.028221084002858346
translation_457405.3.peg.2218,0.0,-5.679346592286431e-34
transcription_TU_457405.3.peg.2218,0.0,-0.01832281095709598
translation_457405.3.peg.2228,0.0,-4.073262994357044e-34
transcription_TU_457405.3.peg.2228,0.0,-0.02231295435406019
translation_457405.3.peg.2230,0.0,4.379498874875234e-33
transcription_TU_457405.3.peg.2230,0.0,-0.022585593030331533
translation_457405.3.peg.2233,1.331676508043681e-11,-3.217324843596474e-34
transcription_TU_457405.3.peg.2233,1.1047645611241142e-11,4.011857964304219e-34
translation_457405.3.peg.2240,3.91340740330327e-12,1.4868942790207178e-33
transcription_TU_457405.3.peg.2240,3.24657962072301e-12,-1.0246388888290094e-33
translation_457405.3.peg.2252,0.0,-1.6112165176614282e-33
transcription_TU_457405.3.peg.2252,0.0,-0.029982988088156918
translation_457405.3.peg.2254,0.0,-2.4132741503042877e-34
transcription_TU_457405.3.peg.2254,0.0,6.638697558938725e-35
translation_457405.3.peg.2255,0.0,1.2966978309595976e-33
transcription_TU_457405.3.peg.2255,0.0,-0.026900151767981103
translation_457405.3.peg.2258,7.166059521273505e-12,4.600591834831366e-34
transcription_TU_457405.3.peg.2258,5.944993813579628e-12,-4.3704543993355335e-34
translation_457405.3.peg.2259,0.0,7.065435742882038e-35
transcription_TU_457405.3.peg.2259,0.0,-0.029436354288358547
translation_457405.3.peg.2264,3.317995020110034e-11,1.1399231854699273e-33
transcription_TU_457405.3.peg.2264,2.7526229456347978e-11,7.115144657409295e-34
translation_457405.3.peg.2266,6.61944021261612e-13,-3.0624218519900887e-34
transcription_TU_457405.3.peg.2266,5.491516083077352e-13,1.2016286114238116e-33
translation_457405.3.peg.2276,3.086482007699028e-13,2.4625390206647596e-34
transcription_TU_457405.3.peg.2276,2.560558754364723e-13,3.6903949863952265e-34
translation_457405.3.peg.2277,2.676055549448028e-30,-2.278180390055631e-34
transcription_TU_457405.3.peg.2277,0.0,-0.026602379975332748
translation_457405.3.peg.2278,2.9884621187226424e-13,-8.125401015242988e-34
transcription_TU_457405.3.peg.2278,2.479241032701588e-13,6.699093633576173e-35
translation_457405.3.peg.2282,4.728773575047978e-17,-3.666196046946299e-34
transcription_TU_457405.3.peg.2282,3.923010905229416e-17,5.11613199993341e-34
translation_457405.3.peg.2284,6.61944021261612e-13,4.457246670168896e-34
transcription_TU_457405.3.peg.2284,5.491516083077352e-13,2.509359488162312e-35
translation_457405.3.peg.2285,1.0621025976457098e-07,-5.507666851842491e-35
transcription_TU_457405.3.peg.2285,8.811248851123804e-08,1.5298715357759749e-34
translation_457405.3.peg.2286,0.0,-3.0031165870135854e-33
transcription_TU_457405.3.peg.2286,0.0,-0.039314905384305855
translation_457405.3.peg.2290,0.0,3.497042165721699e-33
transcription_TU_457405.3.peg.2290,0.0,-0.03931052293963604
translation_457405.3.peg.2291,0.0,-2.840482429116751e-34
transcription_TU_457405.3.peg.2291,0.0,-0.022486683693121654
translation_457405.3.peg.2293,1.0963934902263924e-11,1.1293224997876844e-33
transcription_TU_457405.3.peg.2293,9.095727571470872e-12,-7.892500585807403e-34
translation_457405.3.peg.2294,1.4339075936201405e-14,-1.3893535930202476e-33
transcription_TU_457405.3.peg.2294,1.1895759096069655e-14,-2.039224753621592e-33
translation_457405.3.peg.2299,0.0,-1.6436842846707202e-33
transcription_TU_457405.3.peg.2299,0.0,-0.02039391782899401
translation_457405.3.peg.2300,0.0,1.1136903204915098e-35
transcription_TU_457405.3.peg.2300,0.0,-0.03149775952553846
translation_457405.3.peg.2301,0.0,1.8818622216100313e-35
transcription_TU_457405.3.peg.2301,0.0,-0.024120898278216302
translation_457405.3.peg.2303,0.0,-5.522685206650978e-34
transcription_TU_457405.3.peg.2303,0.0,-0.011060070618729967
translation_457405.3.peg.2304,0.0,-5.759705418747027e-34
transcription_TU_457405.3.peg.2304,0.0,-0.020033887385451487
translation_457405.3.peg.2330,4.241450626411632e-11,1.27404222408187e-33
transcription_TU_457405.3.peg.2330,3.518725690146022e-11,-1.042319352614004e-33
translation_457405.3.peg.2331,2.042807521450969e-11,2.4389266726504686e-33
transcription_TU_457405.3.peg.2331,1.6947219097618806e-11,3.179853329661582e-34
translation_457405.3.peg.2335,0.0,-7.278454761121502e-34
transcription_TU_457405.3.peg.2335,0.0,-0.024616273110381653
translation_457405.3.peg.2350,1.4339075936201405e-14,-5.2396329352677515e-34
transcription_TU_457405.3.peg.2350,1.1895759096069655e-14,1.7222622574033261e-34
translation_457405.3.peg.2352,1.3649385477730067e-11,9.799593586577805e-34
transcription_TU_457405.3.peg.2352,1.1323588924062997e-11,2.162890587092945e-33
translation_457405.3.peg.2353,1.4339075936201405e-14,9.38750290113715e-34
transcription_TU_457405.3.peg.2353,1.1895759096069655e-14,-8.16457516074674e-34
translation_457405.3.peg.2354,0.0,2.3819624713134245e-34
transcription_TU_457405.3.peg.2354,0.0,-0.011355693004315683
translation_457405.3.peg.2355,-2.466214267526883e-41,-2.3924614807221864e-34
transcription_TU_457405.3.peg.2355,-2.045981968177061e-41,6.027430835793597e-34
translation_457405.3.peg.2356,-3.021241237740551e-41,-1.5329419615898072e-34
transcription_TU_457405.3.peg.2356,0.0,-0.01705054695643484
translation_457405.3.peg.2361,3.5771003823487594e-41,7.819625928412573e-34
transcription_TU_457405.3.peg.2361,0.0,-0.017349856070529603
translation_457405.3.peg.2362,0.0,6.032903349418822e-34
transcription_TU_457405.3.peg.2362,0.0,-0.012769047468794446
translation_457405.3.peg.2363,0.0,-8.007949754878094e-34
transcription_TU_457405.3.peg.2363,0.0,-0.026861920918995967
translation_457405.3.peg.2364,0.0,-5.703670835935064e-35
transcription_TU_457405.3.peg.2364,0.0,-0.003992318445470265
translation_457405.3.peg.2365,0.0,3.460057972047619e-34
transcription_TU_457405.3.peg.2365,0.0,-0.013086832912122197
translation_457405.3.peg.2366,0.0,-2.1581507027106967e-34
transcription_TU_457405.3.peg.2366,0.0,-0.015972112474782158
translation_457405.3.peg.2367,0.0,-7.685387902178291e-34
transcription_TU_457405.3.peg.2367,0.0,-0.023280031855157313
translation_457405.3.peg.2368,0.0,2.5346648653947484e-33
transcription_TU_457405.3.peg.2368,0.0,-0.012753779788675985
translation_457405.3.peg.2379,-1.2877273019461522e-41,-1.3268532768643377e-34
transcription_TU_457405.3.peg.2379,0.0,-0.012581975066468971
translation_457405.3.peg.2380,-1.2877273019461522e-41,-1.8929573829638539e-34
transcription_TU_457405.3.peg.2380,0.0,-0.027811482774757687
translation_457405.3.peg.2381,-3.1798031035563126e-41,-1.3360732074394914e-33
transcription_TU_457405.3.peg.2381,0.0,-0.015071977624433894
translation_457405.3.peg.2385,0.0,-4.457076875762748e-34
transcription_TU_457405.3.peg.2385,0.0,-0.027662098449543808
translation_457405.3.peg.2386,0.0,-9.924376771940875e-34
transcription_TU_457405.3.peg.2386,0.0,-0.013509930512195442
translation_457405.3.peg.2388,1.2906729156671653e-15,-1.0711280812167088e-33
transcription_TU_457405.3.peg.2388,1.0707478044548079e-15,2.996034954111804e-34
translation_457405.3.peg.2396,0.0,6.454461520602222e-34
transcription_TU_457405.3.peg.2396,0.0,-1.0463425104890467e-33
translation_457405.3.peg.2408,1.0621025976457098e-07,-2.841390162952898e-35
transcription_TU_457405.3.peg.2408,8.811248851123804e-08,3.795016573751062e-34
translation_457405.3.peg.2410,1.4339075936201405e-14,-1.6168664002581686e-33
transcription_TU_457405.3.peg.2410,1.1895759096069655e-14,2.9610929025433327e-33
translation_457405.3.peg.2435,0.0,-1.4955240369095893e-33
transcription_TU_457405.3.peg.2435,0.0,-0.015112229757186433
translation_457405.3.peg.2436,5.355759300794138e-12,-3.7744220296035924e-34
transcription_TU_457405.3.peg.2436,4.443160961156001e-12,-1.4183336237439155e-34
transcription_TU_FSDG_RS00445,1.0621024542549503e-07,-1.723940200721598e-34
transcription_TU_FSDG_RS00450,0.0,0.006121302716953501
transcription_TU_FSDG_RS00455,0.0,-2.405028151415043e-35
transcription_TU_FSDG_RS00460,0.0,-1.0247815711484333e-33
transcription_TU_FSDG_RS00465,0.0,-1.750089535239905e-34
transcription_TU_FSDG_RS00775,0.0,-0.00024221721260461396
transcription_TU_FSDG_RS00780,0.0,8.605692579397418e-35
transcription_TU_FSDG_RS00785,8.816836300317728e-09,1.7383440088281165e-34
transcription_TU_FSDG_RS00790,0.0,0.00033767308627798403
transcription_TU_FSDG_RS00795,0.0,0.019095278182989256
transcription_TU_FSDG_RS00800,0.0,5.738796711081765e-35
transcription_TU_FSDG_RS00875,0.0,-9.89546259112509e-35
transcription_TU_FSDG_RS00880,0.0,-0.002503548121871473
transcription_TU_FSDG_RS00885,1.0621024542549503e-07,-8.266185873137231e-35
transcription_TU_FSDG_RS01960,0.0,0.001798522774026296
transcription_TU_FSDG_RS01965,0.0,0.0011010438383038269
transcription_TU_FSDG_RS01970,0.0,0.00014715269420997434
transcription_TU_FSDG_RS07395,0.0,0.00022763086155884764
transcription_TU_FSDG_RS07545,0.0,-3.0821128974886806e-35
transcription_TU_FSDG_RS07550,0.0,-0.0018814791050002658
transcription_TU_FSDG_RS07785,0.0,2.917610269108275e-35
transcription_TU_FSDG_RS07790,0.0,-1.750089535239905e-34
transcription_TU_FSDG_RS07795,1.0621024542549503e-07,-8.12182366860431e-34
transcription_TU_FSDG_RS07800,0.0,-0.0045428643923663145
transcription_TU_FSDG_RS09445,0.0,-8.266185873137231e-35
transcription_TU_FSDG_RS09450,0.0,-0.002503548121871473
transcription_TU_FSDG_RS09455,0.0,-9.89546259112509e-35
transcription_TU_FSDG_RS10380,0.0,0.005430863720155903
transcription_TU_FSDG_RS10385,5.186366001720312e-08,-4.1650630353270724e-35
transcription_TU_FSDG_RS10390,4.1256205943205066e-08,7.952718591333613e-35
transcription_TU_FSDG_RS10395,4.7406881972238916e-08,-9.804837471382683e-35
transcription_TU_FSDG_RS10400,0.0,5.738796711081765e-35
transcription_TU_FSDG_RS10405,8.577005794134333e-08,8.486789420857209e-35
transcription_TU_FSDG_RS10410,2.6813220399602216e-08,-8.469838619138266e-35
transcription_TU_FSDG_RS10415,0.0,0.00033767308627798403
transcription_TU_FSDG_RS10420,0.0,8.605692579397418e-35
transcription_TU_FSDG_RS10425,0.0,-0.00036684578836930335
transcription_TU_FSDG_RS10430,7.834682693874937e-08,-4.6256732284647075e-35
transcription_TU_FSDG_RS11245,1.7144145186565675e-08,-6.886081614386906e-35
transcription_TU_FSDG_RS11250,2.2794763573306495e-08,3.2575127268217165e-35
transcription_TU_FSDG_RS11270,2.2590894376565023e-08,-1.59516547135523e-35
transcription_TU_FSDG_RS11275,4.35979915602855e-08,-9.228611436864243e-35
transcription_TU_FSDG_RS11280,5.138779265585935e-08,4.908723979037715e-35
transcription_TU_FSDG_RS11285,0.0,-1.8972145918598148e-35
transcription_TU_FSDG_RS11290,0.0,4.3846272189344897e-35
transcription_TU_FSDG_RS11295,0.0,4.134534444666657e-35
transcription_TU_FSDG_RS11300,0.0,-1.4586351045606355e-05
transcription_TU_FSDG_RS11305,9.593356240089037e-08,1.1174553842366645e-34
transcription_TU_FSDG_RS11310,0.0,8.605692579397418e-35
transcription_TU_FSDG_RS11315,5.559888296957e-09,-3.293562331492792e-35
transcription_TU_FSDG_RS11320,0.0,7.952718591333613e-35
transcription_TU_FSDG_RS11325,4.744015351780312e-08,8.374628075457934e-35
transcription_TU_FSDG_RS11330,0.0,4.134534444666657e-35
transcription_TU_FSDG_RS11500,3.957633843982902e-08,7.823221637861695e-36
transcription_TU_FSDG_RS11505,7.303441451571276e-08,-4.047540399904365e-35
transcription_TU_FSDG_RS11510,3.8508163156438104e-08,-9.288731228208199e-35
transcription_TU_FSDG_RS11635,5.7978762678409006e-08,5.355803247952575e-35
transcription_TU_FSDG_RS11640,0.0,-8.266185873137231e-35
transcription_TU_FSDG_RS11645,0.0,-0.002503548121871473
transcription_TU_FSDG_RS11650,0.0,-3.838414289925773e-33
transcription_TU_FSDG_RS11725,5.519830442060399e-09,-7.301995777913055e-35
charging_tRNA_FSDG_RS00450_AUU,0.0,-9.474198560149778e-40
charging_tRNA_FSDG_RS00450_AUC,0.0,1.734718734316833e-39
charging_tRNA_FSDG_RS00450_AUA,0.0,-7.44051695229064e-40
charging_tRNA_FSDG_RS00455_GCU,0.0,-7.147324363134596e-39
charging_tRNA_FSDG_RS00455_GCC,0.0,-2.7189121597010258e-39
charging_tRNA_FSDG_RS00455_GCA,0.0,-3.438166880547194e-39
charging_tRNA_FSDG_RS00455_GCG,0.0,-2.7942002239597612e-39
charging_tRNA_FSDG_RS00775_CCU,0.0,-2.2387109544128743e-40
charging_tRNA_FSDG_RS00775_CCC,0.0,-1.7471165184545217e-39
charging_tRNA_FSDG_RS00775_CCA,0.0,-1.3243317017831035e-39
charging_tRNA_FSDG_RS00775_CCG,0.0,1.2140209056104205e-39
charging_tRNA_FSDG_RS00780_GGU,0.0,-8.213772107341109e-08
charging_tRNA_FSDG_RS00780_GGC,0.0,-8.213772107341109e-08
charging_tRNA_FSDG_RS00780_GGA,0.0,-8.213772107341109e-08
charging_tRNA_FSDG_RS00780_GGG,0.0,-8.213772107341109e-08
charging_tRNA_FSDG_RS00785_CAU,0.00018792602081040867,3.415542505684432e-39
charging_tRNA_FSDG_RS00785_CAC,4.375526949873486e-06,-1.9578357858772103e-39
charging_tRNA_FSDG_RS00790_AAA,0.0,2.7304268249421394e-39
charging_tRNA_FSDG_RS00790_AAG,0.0,-3.480922265911562e-39
charging_tRNA_FSDG_RS00795_UUA,0.0,-1.365522271070178e-39
charging_tRNA_FSDG_RS00795_UUG,0.0,2.5736904864833584e-39
charging_tRNA_FSDG_RS00795_CUU,0.0,2.5078540118352055e-39
charging_tRNA_FSDG_RS00795_CUC,0.0,-3.275236834807275e-39
charging_tRNA_FSDG_RS00795_CUA,0.0,-7.741629843266085e-40
charging_tRNA_FSDG_RS00795_CUG,0.0,-7.380561242465584e-40
charging_tRNA_FSDG_RS00800_CAA,0.0,-3.841409667667639e-39
charging_tRNA_FSDG_RS00800_CAG,0.0,-6.242171880402193e-40
charging_tRNA_FSDG_RS01960_CGU,0.0,-2.7141282128170406e-39
charging_tRNA_FSDG_RS01960_CGC,0.0,-4.522399358197548e-39
charging_tRNA_FSDG_RS01960_CGA,0.0,-7.1721932580528026e-40
charging_tRNA_FSDG_RS01960_CGG,0.0,-2.8948066170531036e-39
charging_tRNA_FSDG_RS01960_AGA,0.0,-6.170022246591833e-40
charging_tRNA_FSDG_RS01960_AGG,0.0,-4.397282371389745e-39
charging_tRNA_FSDG_RS01965_CGU,0.0,-2.7141282128170406e-39
charging_tRNA_FSDG_RS01965_CGC,0.0,-4.522399358197548e-39
charging_tRNA_FSDG_RS01965_CGA,4.270215614710821e-25,-7.1721932580528026e-40
charging_tRNA_FSDG_RS01965_CGG,0.0,-2.8948066170531036e-39
charging_tRNA_FSDG_RS01965_AGA,0.0,-6.170022246591833e-40
charging_tRNA_FSDG_RS01965_AGG,0.0,-4.397282371389745e-39
charging_tRNA_FSDG_RS01970_UUA,0.0,-1.365522271070178e-39
charging_tRNA_FSDG_RS01970_UUG,0.0,2.5736904864833584e-39
charging_tRNA_FSDG_RS01970_CUU,0.0,2.5078540118352055e-39
charging_tRNA_FSDG_RS01970_CUC,0.0,-3.275236834807275e-39
charging_tRNA_FSDG_RS01970_CUA,0.0,-7.741629843266085e-40
charging_tRNA_FSDG_RS01970_CUG,0.0,-7.380561242465584e-40
charging_tRNA_FSDG_RS07395_CGU,0.0,-2.7141282128170406e-39
charging_tRNA_FSDG_RS07395_CGC,0.0,-4.522399358197548e-39
charging_tRNA_FSDG_RS07395_CGA,0.0,-7.1721932580528026e-40
charging_tRNA_FSDG_RS07395_CGG,0.0,-2.8948066170531036e-39
charging_tRNA_FSDG_RS07395_AGA,0.0,-6.170022246591833e-40
charging_tRNA_FSDG_RS07395_AGG,0.0,-4.397282371389745e-39
charging_tRNA_FSDG_RS07545_UCU,0.0,5.507612836935124e-40
charging_tRNA_FSDG_RS07545_UCC,0.0,-4.146866593447356e-39
charging_tRNA_FSDG_RS07545_UCA,0.0,2.756927449106873e-39
charging_tRNA_FSDG_RS07545_UCG,0.0,6.552500292313381e-39
charging_tRNA_FSDG_RS07545_AGU,0.0,2.7528867406698988e-39
charging_tRNA_FSDG_RS07545_AGC,0.0,3.849301554180047e-39
charging_tRNA_FSDG_RS07550_UCU,0.0,-1.270738457015737e-06
charging_tRNA_FSDG_RS07550_UCC,0.0,-1.270738457015737e-06
charging_tRNA_FSDG_RS07550_UCA,0.0,-1.270738457015737e-06
charging_tRNA_FSDG_RS07550_UCG,0.0,-1.270738457015737e-06
charging_tRNA_FSDG_RS07550_AGU,0.0,-1.270738457015737e-06
charging_tRNA_FSDG_RS07550_AGC,0.0,-1.270738457015737e-06
charging_tRNA_FSDG_RS07785_AAU,0.0,2.7746828390003256e-39
charging_tRNA_FSDG_RS07785_AAC,0.0,-1.0585985022633488e-40
charging_tRNA_FSDG_RS10380_GAU,0.0,1.576486744111472e-39
charging_tRNA_FSDG_RS10380_GAC,0.0,-2.66603971181027e-39
charging_tRNA_FSDG_RS10385_GUU,0.0006244973759477914,-1.9879828347891305e-39
charging_tRNA_FSDG_RS10385_GUC,1.0609618475048065e-06,-2.2912258038382187e-39
charging_tRNA_FSDG_RS10385_GUA,0.0004422559508913939,-9.103804522449049e-40
charging_tRNA_FSDG_RS10385_GUG,6.33694777014659e-05,-1.6382013588732403e-39
charging_tRNA_FSDG_RS10390_UUU,0.0008341954594706891,-1.5000942159774355e-39
charging_tRNA_FSDG_RS10390_UUC,6.563209628299853e-05,1.6784375467942338e-39
charging_tRNA_FSDG_RS10395_UCU,0.0003693094509786366,5.507612836935124e-40
charging_tRNA_FSDG_RS10395_UCC,3.8041297401323197e-07,-4.146866593447356e-39
charging_tRNA_FSDG_RS10395_UCA,0.0003667207048945097,2.756927449106873e-39
charging_tRNA_FSDG_RS10395_UCG,3.3462643629633703e-07,6.552500292313381e-39
charging_tRNA_FSDG_RS10395_AGU,0.0002955915473482943,7.012448029362915e-40
charging_tRNA_FSDG_RS10395_AGC,1.6414857518298354e-06,3.849301554180047e-39
charging_tRNA_FSDG_RS10400_GAA,0.0,-1.426382230734978e-38
charging_tRNA_FSDG_RS10400_GAG,0.0,5.895260589630019e-40
charging_tRNA_FSDG_RS10405_AUU,0.0008377171973175873,-9.474198560149778e-40
charging_tRNA_FSDG_RS10405_AUC,6.643272872015489e-05,1.734718734316833e-39
charging_tRNA_FSDG_RS10405_AUA,0.0009665567914063627,1.3841855559289291e-39
charging_tRNA_FSDG_RS10410_CGU,9.27716284157636e-07,1.996494312478976e-39
charging_tRNA_FSDG_RS10410_CGC,6.835830295935985e-12,-1.494655123105894e-40
charging_tRNA_FSDG_RS10410_CGA,1.349560444789199e-11,1.905754208568316e-39
charging_tRNA_FSDG_RS10410_CGG,1.0621092170859224e-07,-5.023272176484401e-40
charging_tRNA_FSDG_RS10410_AGA,0.0005824943869361726,2.450037960054427e-39
charging_tRNA_FSDG_RS10410_AGG,1.2873077422342616e-06,6.114130104824451e-40
charging_tRNA_FSDG_RS10415_AAA,0.0,2.7304268249421394e-39
charging_tRNA_FSDG_RS10415_AAG,0.0,-3.480922265911562e-39
charging_tRNA_FSDG_RS10420_GGU,0.0,-6.630974755728271e-08
charging_tRNA_FSDG_RS10420_GGC,0.0,-6.630974755728271e-08
charging_tRNA_FSDG_RS10420_GGA,0.0,-6.630974755728271e-08
charging_tRNA_FSDG_RS10420_GGG,0.0,-6.630974755728271e-08
charging_tRNA_FSDG_RS10425_AUG,0.0,-8.228701985255067e-39
charging_tRNA_FSDG_RS10425_START,0.0,-6.517401562801165e-39
charging_tRNA_FSDG_RS10430_UUA,0.0010970653180408312,-1.365522271070178e-39
charging_tRNA_FSDG_RS10430_UUG,0.00018000708638483395,2.5736904864833584e-39
charging_tRNA_FSDG_RS10430_CUU,0.0003063661596104522,2.5078540118352055e-39
charging_tRNA_FSDG_RS10430_CUC,8.960931896774702e-08,-8.86460111984875e-40
charging_tRNA_FSDG_RS10430_CUA,0.00012518210196686726,-7.741629843266085e-40
charging_tRNA_FSDG_RS10430_CUG,9.042928969398659e-08,-3.070677949025805e-39
charging_tRNA_FSDG_RS11245_CAA,0.00037313830834613705,1.3526090379111406e-39
charging_tRNA_FSDG_RS11245_CAG,7.878418178127491e-07,1.8108243378766743e-39
charging_tRNA_FSDG_RS11250_CCU,0.0002488030526971745,1.7523702987990432e-39
charging_tRNA_FSDG_RS11250_CCC,1.9680904233719372e-07,1.1666413233979707e-39
charging_tRNA_FSDG_RS11250_CCA,0.00024805793386223324,-1.3243317017831035e-39
charging_tRNA_FSDG_RS11250_CCG,1.1240997625526152e-07,1.2140209056104205e-39
charging_tRNA_FSDG_RS11270_AUG,0.0004284860613225939,-1.18327185947081e-38
charging_tRNA_FSDG_RS11270_START,6.423761029031294e-05,-1.2202085719792982e-38
charging_tRNA_FSDG_RS11275_GCU,0.00044711729448800583,-2.017282203426774e-39
charging_tRNA_FSDG_RS11275_GCC,1.6719082157157237e-06,-2.852005761924153e-40
charging_tRNA_FSDG_RS11275_GCA,0.0005006414345093545,-1.7389956036744492e-39
charging_tRNA_FSDG_RS11275_GCG,1.472948915713865e-06,-2.7548452912279337e-40
charging_tRNA_FSDG_RS11280_GGU,0.0003694784465745813,-2.2141467706103977e-39
charging_tRNA_FSDG_RS11280_GGC,4.754753344017885e-07,-2.997640963438906e-39
charging_tRNA_FSDG_RS11280_GGA,0.0006874043350722325,-9.319565550838787e-40
charging_tRNA_FSDG_RS11280_GGG,6.344649963540697e-05,-2.836103532497681e-39
charging_tRNA_FSDG_RS11285_ACU,0.0,-1.311090042557878e-39
charging_tRNA_FSDG_RS11285_ACC,0.0,2.0907095762560365e-39
charging_tRNA_FSDG_RS11285_ACA,0.0,3.0096032626379396e-39
charging_tRNA_FSDG_RS11285_ACG,0.0,-4.55880028794666e-39
charging_tRNA_FSDG_RS11290_GAU,0.0,1.576486744111472e-39
charging_tRNA_FSDG_RS11290_GAC,0.0,-2.66603971181027e-39
charging_tRNA_FSDG_RS11295_GUU,0.0,-4.3278614817133484e-39
charging_tRNA_FSDG_RS11295_GUC,0.0,-4.5602927507727796e-39
charging_tRNA_FSDG_RS11295_GUA,0.0,-3.997233376413059e-39
charging_tRNA_FSDG_RS11295_GUG,0.0,-3.6690950531664585e-39
charging_tRNA_FSDG_RS11300_GAA,0.0,-1.426382230734978e-38
charging_tRNA_FSDG_RS11300_GAG,0.0,5.895260589630019e-40
charging_tRNA_FSDG_RS11305_AAA,0.0017785905662628736,2.7304268249421394e-39
charging_tRNA_FSDG_RS11305_AAG,0.0003137895010844154,-3.480922265911562e-39
charging_tRNA_FSDG_RS11310_GGU,0.0,-6.630974755728271e-08
charging_tRNA_FSDG_RS11310_GGC,0.0,-6.630974755728271e-08
charging_tRNA_FSDG_RS11310_GGA,0.0,-6.630974755728271e-08
charging_tRNA_FSDG_RS11310_GGG,0.0,-6.630974755728271e-08
charging_tRNA_FSDG_RS11315_UGU,0.00012075408192369275,-3.143177398357574e-39
charging_tRNA_FSDG_RS11315_UGC,5.110849072464996e-07,-9.348748403545576e-40
charging_tRNA_FSDG_RS11320_UUU,0.0,-1.5000942159774355e-39
charging_tRNA_FSDG_RS11320_UUC,0.0,1.6784375467942338e-39
charging_tRNA_FSDG_RS11325_GAU,0.0009699154440492474,-9.07086218919524e-40
charging_tRNA_FSDG_RS11325_GAC,6.478846069832971e-05,-2.66603971181027e-39
charging_tRNA_FSDG_RS11330_GUU,0.0,-4.3278614817133484e-39
charging_tRNA_FSDG_RS11330_GUC,0.0,-4.5602927507727796e-39
charging_tRNA_FSDG_RS11330_GUA,0.0,-3.997233376413059e-39
charging_tRNA_FSDG_RS11330_GUG,0.0,-3.6690950531664585e-39
charging_tRNA_FSDG_RS11500_ACU,0.00043346520813815885,-1.311090042557878e-39
charging_tRNA_FSDG_RS11500_ACC,3.809639980351707e-07,2.0907095762560365e-39
charging_tRNA_FSDG_RS11500_ACA,0.00042924717174098136,3.0096032626379396e-39
charging_tRNA_FSDG_RS11500_ACG,9.509213695513412e-08,-1.8604121406302555e-39
charging_tRNA_FSDG_RS11505_GAA,0.0014138901433390237,-5.610887447914842e-39
charging_tRNA_FSDG_RS11505_GAG,0.0001790430214325013,9.782541557106869e-39
charging_tRNA_FSDG_RS11510_UAU,0.0007766786971704729,-1.2088176315297056e-39
charging_tRNA_FSDG_RS11510_UAC,6.321206683539439e-05,-8.316798139216212e-40
charging_tRNA_FSDG_RS11635_AAU,0.0011387806121454227,4.6094079735836026e-40
charging_tRNA_FSDG_RS11635_AAC,0.00012577794610776273,-1.0585985022633488e-40
charging_tRNA_FSDG_RS11725_UGG,0.000120391476174315,-3.3477376456802436e-34
DM_RNA_457405.3.peg.1,0.0,-4.279290903896308e-34
DM_RNA_457405.3.peg.3,0.0,-0.045074161437715365
DM_RNA_457405.3.peg.4,0.0,0.0
DM_RNA_457405.3.peg.7,9.870368062987573e-65,-2.96447680877765e-34
DM_RNA_457405.3.peg.8,0.0,0.0
DM_RNA_457405.3.peg.10,0.0,0.0
DM_RNA_457405.3.peg.13,0.0,0.0
DM_RNA_457405.3.peg.14,0.0,-0.03664707113678548
DM_RNA_457405.3.peg.15,0.0,-0.02554642245349615
DM_RNA_457405.3.peg.29,0.0,-0.019754740827918116
DM_RNA_457405.3.peg.30,0.0,0.0
DM_RNA_457405.3.peg.33,0.0,-0.025135080664779656
DM_RNA_457405.3.peg.34,0.0,0.0
DM_RNA_457405.3.peg.35,0.0,0.0
DM_RNA_457405.3.peg.40,0.0,-0.014004218483981546
DM_RNA_457405.3.peg.47,0.0,8.228332888843102e-34
DM_RNA_457405.3.peg.48,0.0,0.0
DM_RNA_457405.3.peg.58,0.0,-4.2042886482989866e-34
DM_RNA_457405.3.peg.69,0.0,-6.096933578598325e-34
DM_RNA_457405.3.peg.74,-9.899909001525789e-60,3.874004568297302e-34
DM_RNA_457405.3.peg.76,0.0,0.0
DM_RNA_457405.3.peg.77,0.0,0.0
DM_RNA_457405.3.peg.101,0.0,-5.948325731038014e-34
DM_RNA_457405.3.peg.103,0.0,-0.02978419424744612
DM_RNA_457405.3.peg.104,0.0,-0.029982624684246634
DM_RNA_457405.3.peg.105,0.0,-0.005990572234045287
DM_RNA_457405.3.peg.106,0.0,0.0
DM_RNA_457405.3.peg.107,0.0,0.0
DM_RNA_457405.3.peg.111,0.0,-0.015847186125593927
DM_RNA_457405.3.peg.113,0.0,-4.144670246137166
DM_RNA_457405.3.peg.124,0.0,0.0
DM_RNA_457405.3.peg.131,0.0,-0.023659783893328085
DM_RNA_457405.3.peg.137,4.416252401482996e-60,8.684352525856454e-34
DM_RNA_457405.3.peg.138,3.399443446395597e-60,1.1281932852362384e-33
DM_RNA_457405.3.peg.142,0.0,-0.05265998761214297
DM_RNA_457405.3.peg.143,0.0,0.0
DM_RNA_457405.3.peg.174,0.0,-0.02429707365804415
DM_RNA_457405.3.peg.179,0.0,-2.662890166054923e-34
DM_RNA_457405.3.peg.181,0.0,-0.018036041147283664
DM_RNA_457405.3.peg.182,0.0,-7.958407130983434e-34
DM_RNA_457405.3.peg.185,0.0,0.0
DM_RNA_457405.3.peg.186,0.0,-0.017327192268498142
DM_RNA_457405.3.peg.188,0.0,0.0
DM_RNA_457405.3.peg.189,0.0,-0.014443988232863608
DM_RNA_457405.3.peg.190,0.0,-0.025406507355664975
DM_RNA_457405.3.peg.200,0.0,0.0
DM_RNA_457405.3.peg.201,0.0,-0.02848495989364443
DM_RNA_457405.3.peg.204,0.0,0.0
DM_RNA_457405.3.peg.205,0.0,3.81960236829966e-34
DM_RNA_457405.3.peg.206,0.0,-6.433787442688995e-34
DM_RNA_457405.3.peg.208,0.0,-8.324879389929476e-34
DM_RNA_457405.3.peg.211,0.0,0.0
DM_RNA_457405.3.peg.213,0.0,0.0
DM_RNA_457405.3.peg.214,0.0,-0.07696693417911847
DM_RNA_457405.3.peg.215,0.0,-0.009777001705424296
DM_RNA_457405.3.peg.216,0.0,-0.01469765866798382
DM_RNA_457405.3.peg.217,0.0,-0.027770960431977226
DM_RNA_457405.3.peg.218,0.0,-0.020968654518054644
DM_RNA_457405.3.peg.219,0.0,-0.011157547525093826
DM_RNA_457405.3.peg.221,0.0,-0.031149149868864807
DM_RNA_457405.3.peg.223,0.0,-0.026346086520785846
DM_RNA_457405.3.peg.226,0.0,7.477001300466198e-34
DM_RNA_457405.3.peg.228,0.0,-8.39435591794677e-34
DM_RNA_457405.3.peg.230,0.0,0.0
DM_RNA_457405.3.peg.232,0.0,0.0
DM_RNA_457405.3.peg.233,0.0,0.0
DM_RNA_457405.3.peg.235,0.0,-3.765924981789999e-34
DM_RNA_457405.3.peg.238,0.0,0.0
DM_RNA_457405.3.peg.239,0.0,-4.002576041604185e-34
DM_RNA_457405.3.peg.240,0.0,-6.052748541967479e-34
DM_RNA_457405.3.peg.241,0.0,0.0
DM_RNA_457405.3.peg.245,0.0,4.037605992278443e-34
DM_RNA_457405.3.peg.247,0.0,-4.5101261653980095e-34
DM_RNA_457405.3.peg.256,0.0,0.0
DM_RNA_457405.3.peg.257,0.0,0.0
DM_RNA_457405.3.peg.268,2.470690186584873e-41,0.0
DM_RNA_457405.3.peg.269,1.5222948189401017e-41,7.906303128618269e-34
DM_RNA_457405.3.peg.273,0.0,0.0
DM_RNA_457405.3.peg.276,0.0,-0.019164506991613872
DM_RNA_457405.3.peg.277,0.0,-0.016760196948581708
DM_RNA_457405.3.peg.285,0.0,-72.1240808406013
DM_RNA_457405.3.peg.286,0.0,-0.016340253918134155
DM_RNA_457405.3.peg.290,0.0,-0.014758913715387505
DM_RNA_457405.3.peg.294,0.0,2.367333483585313e-33
DM_RNA_457405.3.peg.299,0.0,-0.03334616976889945
DM_RNA_457405.3.peg.301,0.0,-4.866805584110034e-34
DM_RNA_457405.3.peg.307,0.0,-0.0072436927374357135
DM_RNA_457405.3.peg.308,0.0,-0.004273629256880958
DM_RNA_457405.3.peg.309,0.0,-0.008787140805330454
DM_RNA_457405.3.peg.310,0.0,-0.03502050308928106
DM_RNA_457405.3.peg.311,0.0,-0.008979412424959293
DM_RNA_457405.3.peg.312,0.0,-0.008300377099043956
DM_RNA_457405.3.peg.314,0.0,-0.021714296545668203
DM_RNA_457405.3.peg.316,0.0,-6.703570362664405e-34
DM_RNA_457405.3.peg.326,0.0,-0.02332207325208275
DM_RNA_457405.3.peg.329,0.0,-5.227332403193922e-34
DM_RNA_457405.3.peg.330,0.0,-66.30103254643039
DM_RNA_457405.3.peg.336,0.0,-0.6248910280182878
DM_RNA_457405.3.peg.337,0.0,0.0
DM_RNA_457405.3.peg.338,0.0,2.347934895294071e-34
DM_RNA_457405.3.peg.339,0.0,-0.028680015802062475
DM_RNA_457405.3.peg.340,0.0,-5.415996312230188e-34
DM_RNA_457405.3.peg.341,0.0,-168.3511356430178
DM_RNA_457405.3.peg.342,0.0,0.0
DM_RNA_457405.3.peg.343,0.0,-0.010138119950500244
DM_RNA_457405.3.peg.344,0.0,1.853606671283304e-34
DM_RNA_457405.3.peg.345,0.0,0.0
DM_RNA_457405.3.peg.347,0.0,7.5048772793987515e-34
DM_RNA_457405.3.peg.348,0.0,0.0
DM_RNA_457405.3.peg.354,0.0,0.0
DM_RNA_457405.3.peg.355,0.0,-0.019124326571141718
DM_RNA_457405.3.peg.363,0.0,0.0
DM_RNA_457405.3.peg.364,0.0,0.0
DM_RNA_457405.3.peg.365,-5.138047701944166e-31,0.0
DM_RNA_457405.3.peg.366,-4.009352145309208e-31,0.0
DM_RNA_457405.3.peg.370,0.0,-0.02077279064848021
DM_RNA_457405.3.peg.374,0.0,-0.020026219229582056
DM_RNA_457405.3.peg.375,-2.789910284102566e-41,-3.1355301949275803e-34
DM_RNA_457405.3.peg.378,0.0,0.0
DM_RNA_457405.3.peg.379,0.0,-1.041790797784371e-33
DM_RNA_457405.3.peg.384,0.0,0.0
DM_RNA_457405.3.peg.385,0.0,3.369285813629182e-34
DM_RNA_457405.3.peg.386,0.0,0.0
DM_RNA_457405.3.peg.419,0.0,0.0
DM_RNA_457405.3.peg.421,-1.2879856590940794e-59,0.0
DM_RNA_457405.3.peg.423,0.0,-0.010803718850568475
DM_RNA_457405.3.peg.424,0.0,0.0
DM_RNA_457405.3.peg.428,0.0,0.0
DM_RNA_457405.3.peg.431,0.0,0.0
DM_RNA_457405.3.peg.432,0.0,0.0
DM_RNA_457405.3.peg.433,0.0,0.0
DM_RNA_457405.3.peg.435,0.0,0.0
DM_RNA_457405.3.peg.436,0.0,0.0
DM_RNA_457405.3.peg.441,0.0,-0.05138953381800915
DM_RNA_457405.3.peg.447,1.0626323853374557e-41,0.0
DM_RNA_457405.3.peg.451,0.0,0.0
DM_RNA_457405.3.peg.458,0.0,-0.009871298358687323
DM_RNA_457405.3.peg.459,0.0,0.0
DM_RNA_457405.3.peg.461,0.0,0.0
DM_RNA_457405.3.peg.463,0.0,-4.137080788060705e-34
DM_RNA_457405.3.peg.465,0.0,-0.8157273138423046
DM_RNA_457405.3.peg.467,0.0,-0.017389744545874504
DM_RNA_457405.3.peg.470,0.0,-0.016973841276994858
DM_RNA_457405.3.peg.480,0.0,-0.03941941621468235
DM_RNA_457405.3.peg.487,0.0,0.0
DM_RNA_457405.3.peg.488,0.0,0.0
DM_RNA_457405.3.peg.490,0.0,0.0
DM_RNA_457405.3.peg.497,0.0,0.0
DM_RNA_457405.3.peg.506,0.0,0.0
DM_RNA_457405.3.peg.507,0.0,5.006398193876812e-34
DM_RNA_457405.3.peg.508,0.0,0.0
DM_RNA_457405.3.peg.509,0.0,-0.017840416914732204
DM_RNA_457405.3.peg.510,0.0,-0.020784869861045042
DM_RNA_457405.3.peg.511,-8.076285433895472e-30,0.0
DM_RNA_457405.3.peg.515,0.0,-0.016211108640066613
DM_RNA_457405.3.peg.516,0.0,-0.014445524339065556
DM_RNA_457405.3.peg.519,0.0,0.0
DM_RNA_457405.3.peg.526,0.0,-0.019084051904709343
DM_RNA_457405.3.peg.527,0.0,-0.014096859445435752
DM_RNA_457405.3.peg.528,0.0,-0.01886236562537377
DM_RNA_457405.3.peg.529,0.0,-0.017429399754127883
DM_RNA_457405.3.peg.538,0.0,-0.03340486668477463
DM_RNA_457405.3.peg.539,0.0,-0.00561329387556127
DM_RNA_457405.3.peg.543,0.0,-0.013341211633962648
DM_RNA_457405.3.peg.624,0.0,-0.020737543072735287
DM_RNA_457405.3.peg.625,0.0,-0.024663613055218143
DM_RNA_457405.3.peg.626,0.0,-0.07366802750755473
DM_RNA_457405.3.peg.627,0.0,0.0
DM_RNA_457405.3.peg.629,0.0,-1.099042754462511e-33
DM_RNA_457405.3.peg.634,0.0,-28.216924204875703
DM_RNA_457405.3.peg.636,0.0,-1.3735880200399303e-33
DM_RNA_457405.3.peg.643,0.0,-1.9334086458590114e-33
DM_RNA_457405.3.peg.644,0.0,-5.912705387870615e-34
DM_RNA_457405.3.peg.646,0.0,-0.011935722559012749
DM_RNA_457405.3.peg.647,0.0,0.0
DM_RNA_457405.3.peg.648,0.0,-0.019013662273398207
DM_RNA_457405.3.peg.650,0.0,0.0
DM_RNA_457405.3.peg.651,0.0,8.81049594409437e-34
DM_RNA_457405.3.peg.652,0.0,-0.021011132802253668
DM_RNA_457405.3.peg.654,0.0,-4.020616819827776
DM_RNA_457405.3.peg.655,0.0,-0.005867357267771419
DM_RNA_457405.3.peg.657,0.0,-0.006502381422819172
DM_RNA_457405.3.peg.663,0.0,-0.032358093555024364
DM_RNA_457405.3.peg.667,0.0,-0.02529890347191809
DM_RNA_457405.3.peg.695,0.0,-1.5117872525951264
DM_RNA_457405.3.peg.709,0.0,-0.02028935398226359
DM_RNA_457405.3.peg.714,0.0,0.0
DM_RNA_457405.3.peg.720,0.0,0.0
DM_RNA_457405.3.peg.724,0.0,-0.13728036991461098
DM_RNA_457405.3.peg.728,0.0,0.0
DM_RNA_457405.3.peg.730,0.0,5.80110218429936e-34
DM_RNA_457405.3.peg.739,0.0,-0.02955158562625766
DM_RNA_457405.3.peg.740,0.0,-0.008982179101851227
DM_RNA_457405.3.peg.744,0.0,-6.017615520270315e-34
DM_RNA_457405.3.peg.750,0.0,-9.374930950671532
DM_RNA_457405.3.peg.759,0.0,-4.159836159553749e-34
DM_RNA_457405.3.peg.761,0.0,-0.009321439967572214
DM_RNA_457405.3.peg.762,0.0,-5.6749238102223906e-34
DM_RNA_457405.3.peg.768,0.0,0.0
DM_RNA_457405.3.peg.771,0.0,0.0
DM_RNA_457405.3.peg.773,2.9112402570755145e-41,0.0
DM_RNA_457405.3.peg.780,0.0,-0.02380464206416425
DM_RNA_457405.3.peg.792,0.0,0.0
DM_RNA_457405.3.peg.794,0.0,-4.652219957471894e-34
DM_RNA_457405.3.peg.795,1.115976663681212e-32,0.0
DM_RNA_457405.3.peg.796,0.0,4.978369453093593e-34
DM_RNA_457405.3.peg.797,0.0,0.0
DM_RNA_457405.3.peg.820,0.0,-0.020617886854851587
DM_RNA_457405.3.peg.823,0.0,0.0
DM_RNA_457405.3.peg.824,0.0,1.8177575795362638e-33
DM_RNA_457405.3.peg.833,0.0,0.0
DM_RNA_457405.3.peg.839,0.0,0.0
DM_RNA_457405.3.peg.840,0.0,3.695962752078322e-34
DM_RNA_457405.3.peg.841,0.0,-0.02086106444623855
DM_RNA_457405.3.peg.842,0.0,5.554770861041086e-34
DM_RNA_457405.3.peg.845,0.0,0.0
DM_RNA_457405.3.peg.846,0.0,0.0
DM_RNA_457405.3.peg.848,0.0,-3.812124866204469e-34
DM_RNA_457405.3.peg.849,0.0,-6.734999065018516e-34
DM_RNA_457405.3.peg.856,0.0,-0.022155519851811363
DM_RNA_457405.3.peg.857,0.0,0.0
DM_RNA_457405.3.peg.858,0.0,-4.58330365523702e-34
DM_RNA_457405.3.peg.859,0.0,9.736128224559542e-34
DM_RNA_457405.3.peg.872,0.0,-0.020659085177448345
DM_RNA_457405.3.peg.874,0.0,-0.03519226052405669
DM_RNA_457405.3.peg.878,0.0,0.0
DM_RNA_457405.3.peg.880,0.0,-1.2824631191647363e-33
DM_RNA_457405.3.peg.884,0.0,-0.02495301043015874
DM_RNA_457405.3.peg.885,-1.4565564344019465e-29,0.0
DM_RNA_457405.3.peg.887,0.0,-6.250567744663314e-34
DM_RNA_457405.3.peg.890,0.0,-0.026053811572842783
DM_RNA_457405.3.peg.891,0.0,-0.020915875153736458
DM_RNA_457405.3.peg.892,0.0,-34.26167608157194
DM_RNA_457405.3.peg.893,0.0,-0.005086067069603181
DM_RNA_457405.3.peg.896,0.0,-0.009225405306765548
DM_RNA_457405.3.peg.897,0.0,-0.02216844020385248
DM_RNA_457405.3.peg.909,0.0,-0.03052578244806352
DM_RNA_457405.3.peg.941,0.0,-5.449545250260874e-34
DM_RNA_457405.3.peg.947,0.0,-8.357077272214447e-34
DM_RNA_457405.3.peg.950,0.0,1.0168960791342072e-33
DM_RNA_457405.3.peg.975,0.0,6.5406902684189905e-34
DM_RNA_457405.3.peg.976,-7.891393729536966e-23,-4.730732007225101e-34
DM_RNA_457405.3.peg.980,0.0,-0.02381442191200783
DM_RNA_457405.3.peg.1014,0.0,-4.427489590746825e-34
DM_RNA_457405.3.peg.1015,0.0,0.0
DM_RNA_457405.3.peg.1016,0.0,-0.026878870519180104
DM_RNA_457405.3.peg.1023,0.0,-0.024488113512331475
DM_RNA_457405.3.peg.1037,0.0,0.0
DM_RNA_457405.3.peg.1038,0.0,5.381544070883362e-34
DM_RNA_457405.3.peg.1039,0.0,0.0
DM_RNA_457405.3.peg.1040,0.0,-0.026509747805064262
DM_RNA_457405.3.peg.1051,0.0,-0.01844669732553342
DM_RNA_457405.3.peg.1054,0.0,0.0
DM_RNA_457405.3.peg.1059,2.5958072469779618e-59,5.909882984152728e-34
DM_RNA_457405.3.peg.1060,0.0,0.0
DM_RNA_457405.3.peg.1061,0.0,-4.868671802243009e-34
DM_RNA_457405.3.peg.1062,0.0,-0.020040000792037917
DM_RNA_457405.3.peg.1063,0.0,-5.40652063111846e-34
DM_RNA_457405.3.peg.1064,0.0,0.0
DM_RNA_457405.3.peg.1068,0.0,-0.005327439285914357
DM_RNA_457405.3.peg.1069,0.0,-0.22968103198169573
DM_RNA_457405.3.peg.1070,0.0,0.0
DM_RNA_457405.3.peg.1072,0.0,-0.03171274544273296
DM_RNA_457405.3.peg.1132,0.0,-0.005438827690298088
DM_RNA_457405.3.peg.1136,0.0,5.463988101253908e-34
DM_RNA_457405.3.peg.1137,-1.4780941434828205e-27,0.0
DM_RNA_457405.3.peg.1139,0.0,0.0
DM_RNA_457405.3.peg.1140,0.0,-1.840005235544187e-34
DM_RNA_457405.3.peg.1141,0.0,-4.320446937596395
DM_RNA_457405.3.peg.1142,8.159907438164449e-59,0.0
DM_RNA_457405.3.peg.1145,0.0,-0.07361066714835733
DM_RNA_457405.3.peg.1147,0.0,1.122971668429759e-33
DM_RNA_457405.3.peg.1162,0.0,-0.04754699924759824
DM_RNA_457405.3.peg.1166,0.0,-0.02731964759838214
DM_RNA_457405.3.peg.1167,0.0,0.0
DM_RNA_457405.3.peg.1168,0.0,-0.010161953071822138
DM_RNA_457405.3.peg.1169,0.0,-0.017059814515380422
DM_RNA_457405.3.peg.1192,0.0,-0.003719765800404959
DM_RNA_457405.3.peg.1194,0.0,-0.015592075278079428
DM_RNA_457405.3.peg.1200,0.0,-0.01941237048022246
DM_RNA_457405.3.peg.1206,0.0,7.712102663580556e-34
DM_RNA_457405.3.peg.1208,-3.074043221752069e-64,1.9037128046722164e-34
DM_RNA_457405.3.peg.1209,-1.1634571877931307e-64,0.0
DM_RNA_457405.3.peg.1210,-4.020664220994445e-64,-8.733027860632185e-34
DM_RNA_457405.3.peg.1222,0.0,0.0
DM_RNA_457405.3.peg.1228,0.0,-0.0317147799939509
DM_RNA_457405.3.peg.1231,0.0,-5.977326503379977e-34
DM_RNA_457405.3.peg.1250,0.0,-0.022158900791009593
DM_RNA_457405.3.peg.1253,0.0,-0.011296708397730481
DM_RNA_457405.3.peg.1255,0.0,-0.2734052911832426
DM_RNA_457405.3.peg.1257,0.0,0.0
DM_RNA_457405.3.peg.1258,0.0,-0.023961948390573796
DM_RNA_457405.3.peg.1259,0.0,-0.013952980278644006
DM_RNA_457405.3.peg.1264,0.0,-0.0371460304011175
DM_RNA_457405.3.peg.1265,0.0,-0.02577856566511361
DM_RNA_457405.3.peg.1269,0.0,8.09936786114625e-34
DM_RNA_457405.3.peg.1274,0.0,0.0
DM_RNA_457405.3.peg.1275,0.0,0.0
DM_RNA_457405.3.peg.1278,0.0,0.0
DM_RNA_457405.3.peg.1279,0.0,0.0
DM_RNA_457405.3.peg.1283,0.0,-0.012924917596342716
DM_RNA_457405.3.peg.1284,0.0,-0.015758697069013693
DM_RNA_457405.3.peg.1287,0.0,-0.011324766928183976
DM_RNA_457405.3.peg.1293,0.0,-0.004582085059633251
DM_RNA_457405.3.peg.1294,0.0,-0.002350481601794827
DM_RNA_457405.3.peg.1295,0.0,-0.007369443068653715
DM_RNA_457405.3.peg.1296,0.0,-0.008072162773476742
DM_RNA_457405.3.peg.1297,0.0,-0.012131082068090505
DM_RNA_457405.3.peg.1298,0.0,-0.020182815509546634
DM_RNA_457405.3.peg.1299,0.0,-0.007237586715071689
DM_RNA_457405.3.peg.1304,0.0,-4.023565284287988
DM_RNA_457405.3.peg.1306,0.0,0.0
DM_RNA_457405.3.peg.1307,0.0,7.971203320002512e-34
DM_RNA_457405.3.peg.1308,0.0,-0.036576228817182393
DM_RNA_457405.3.peg.1317,0.0,-0.03481018144475902
DM_RNA_457405.3.peg.1319,0.0,0.0
DM_RNA_457405.3.peg.1322,0.0,0.0
DM_RNA_457405.3.peg.1339,0.0,-6.337179641243754e-34
DM_RNA_457405.3.peg.1346,0.0,0.0
DM_RNA_457405.3.peg.1350,0.0,-0.030266750896699002
DM_RNA_457405.3.peg.1355,0.0,8.02453761630057e-34
DM_RNA_457405.3.peg.1356,0.0,0.0
DM_RNA_457405.3.peg.1357,0.0,0.0
DM_RNA_457405.3.peg.1362,0.0,-0.018960105299464854
DM_RNA_457405.3.peg.1367,0.0,-0.014546671233457036
DM_RNA_457405.3.peg.1374,0.0,-9.910521718778822e-34
DM_RNA_457405.3.peg.1378,0.0,-0.014593227886321235
DM_RNA_457405.3.peg.1380,0.0,-1.487322156107917
DM_RNA_457405.3.peg.1389,0.0,0.0
DM_RNA_457405.3.peg.1392,0.0,-0.029933144012910876
DM_RNA_457405.3.peg.1399,0.0,0.0
DM_RNA_457405.3.peg.1403,0.0,-0.05362952387667539
DM_RNA_457405.3.peg.1406,0.0,-3.848776277233077
DM_RNA_457405.3.peg.1407,0.0,0.0
DM_RNA_457405.3.peg.1408,-6.306982570956682e-30,1.8639612805392185e-34
DM_RNA_457405.3.peg.1412,0.0,-0.029776660130051164
DM_RNA_457405.3.peg.1414,0.0,-0.02608939107582423
DM_RNA_457405.3.peg.1419,0.0,-0.01229464031552442
DM_RNA_457405.3.peg.1420,0.0,-0.03781268130158882
DM_RNA_457405.3.peg.1422,0.0,-0.02436036649679204
DM_RNA_457405.3.peg.1443,0.0,0.0
DM_RNA_457405.3.peg.1444,0.0,0.0
DM_RNA_457405.3.peg.1445,0.0,-6.317536207298098e-34
DM_RNA_457405.3.peg.1447,0.0,0.0
DM_RNA_457405.3.peg.1448,0.0,-0.035331157830687056
DM_RNA_457405.3.peg.1451,-1.0262199845294515e-22,0.0
DM_RNA_457405.3.peg.1453,0.0,-0.010228852966144644
DM_RNA_457405.3.peg.1454,0.0,0.0
DM_RNA_457405.3.peg.1458,0.0,-0.00556399836508589
DM_RNA_457405.3.peg.1459,0.0,-0.05111726495646374
DM_RNA_457405.3.peg.1461,0.0,0.0
DM_RNA_457405.3.peg.1462,0.0,-0.02691340489808206
DM_RNA_457405.3.peg.1530,0.0,-9.472507376340463e-34
DM_RNA_457405.3.peg.1540,0.0,-0.019600163532748745
DM_RNA_457405.3.peg.1541,0.0,0.0
DM_RNA_457405.3.peg.1546,0.0,5.6872389864961855e-34
DM_RNA_457405.3.peg.1547,0.0,-0.022142290105912118
DM_RNA_457405.3.peg.1551,0.0,0.0
DM_RNA_457405.3.peg.1638,0.0,-0.014314774503536232
DM_RNA_457405.3.peg.1639,0.0,-0.029214245915718577
DM_RNA_457405.3.peg.1647,1.8095764477234548e-41,-5.785813646823928e-34
DM_RNA_457405.3.peg.1652,0.0,-0.007642902011483537
DM_RNA_457405.3.peg.1653,0.0,-0.009730808799997293
DM_RNA_457405.3.peg.1654,0.0,-0.04301335093668487
DM_RNA_457405.3.peg.1655,0.0,-0.024514267394878483
DM_RNA_457405.3.peg.1659,0.0,-0.030301944441799036
DM_RNA_457405.3.peg.1667,0.0,-0.014307679249452926
DM_RNA_457405.3.peg.1668,0.0,5.315947870111231e-34
DM_RNA_457405.3.peg.1669,0.0,-0.02019921690907996
DM_RNA_457405.3.peg.1675,2.5542716828319787e-30,0.0
DM_RNA_457405.3.peg.1687,0.0,-9.080553804759054e-34
DM_RNA_457405.3.peg.1695,0.0,-0.026232567040844694
DM_RNA_457405.3.peg.1696,0.0,-0.014503582867930662
DM_RNA_457405.3.peg.1699,0.0,-0.05395009853027342
DM_RNA_457405.3.peg.1707,0.0,-0.02472989590125749
DM_RNA_457405.3.peg.1708,0.0,-0.013516757094730665
DM_RNA_457405.3.peg.1710,0.0,-0.022922929897116712
DM_RNA_457405.3.peg.1711,0.0,-0.009527688771398177
DM_RNA_457405.3.peg.1721,5.829042066341159e-31,-8.356100016749396e-34
DM_RNA_457405.3.peg.1723,5.829042066341159e-31,0.0
DM_RNA_457405.3.peg.1724,5.829042066341159e-31,0.0
DM_RNA_457405.3.peg.1725,5.829042066341159e-31,0.0
DM_RNA_457405.3.peg.1727,0.0,-0.006444445719687154
DM_RNA_457405.3.peg.1729,0.0,-0.013124159255018721
DM_RNA_457405.3.peg.1730,0.0,-0.013001449447219256
DM_RNA_457405.3.peg.1731,0.0,-0.0059392142101962015
DM_RNA_457405.3.peg.1732,0.0,-0.017182848432336174
DM_RNA_457405.3.peg.1733,0.0,-0.005697861287137255
DM_RNA_457405.3.peg.1734,0.0,-0.006946553396025207
DM_RNA_457405.3.peg.1735,0.0,-0.013632890528521154
DM_RNA_457405.3.peg.1736,0.0,-0.008805689840541954
DM_RNA_457405.3.peg.1737,0.0,-0.0037789638738347114
DM_RNA_457405.3.peg.1738,0.0,-0.0051965400000226715
DM_RNA_457405.3.peg.1739,0.0,-0.007615054447949045
DM_RNA_457405.3.peg.1740,0.0,-0.007055242491049156
DM_RNA_457405.3.peg.1741,0.0,-0.01137634913325579
DM_RNA_457405.3.peg.1742,0.0,-0.005947173623837609
DM_RNA_457405.3.peg.1743,0.0,-0.008216177071705197
DM_RNA_457405.3.peg.1744,0.0,-0.011018585403702198
DM_RNA_457405.3.peg.1745,0.0,-0.00762167744778767
DM_RNA_457405.3.peg.1746,0.0,-0.01015508694103552
DM_RNA_457405.3.peg.1747,0.0,-0.003842684730300735
DM_RNA_457405.3.peg.1748,0.0,-0.009904379401874216
DM_RNA_457405.3.peg.1758,0.0,-0.018910574496714645
DM_RNA_457405.3.peg.1759,0.0,-0.017535727423393578
DM_RNA_457405.3.peg.1764,0.0,0.0
DM_RNA_457405.3.peg.1765,-1.4904900355305777e-30,0.0
DM_RNA_457405.3.peg.1767,0.0,0.0
DM_RNA_457405.3.peg.1786,0.0,-0.03614591126190848
DM_RNA_457405.3.peg.1791,0.0,9.853314840374027e-34
DM_RNA_457405.3.peg.1792,0.0,0.0
DM_RNA_457405.3.peg.1793,0.0,0.0
DM_RNA_457405.3.peg.1794,0.0,-5.75978484008058e-34
DM_RNA_457405.3.peg.1795,0.0,7.775794230707336e-34
DM_RNA_457405.3.peg.1796,0.0,-4.834896872390503e-34
DM_RNA_457405.3.peg.1797,0.0,0.0
DM_RNA_457405.3.peg.1804,1.4829927294455294e-32,0.0
DM_RNA_457405.3.peg.1805,0.0,-0.020504616045258193
DM_RNA_457405.3.peg.1809,0.0,-0.031938521799111476
DM_RNA_457405.3.peg.1810,0.0,-0.020145595918664463
DM_RNA_457405.3.peg.1811,0.0,0.0
DM_RNA_457405.3.peg.1813,0.0,0.0
DM_RNA_457405.3.peg.1814,0.0,0.0
DM_RNA_457405.3.peg.1815,5.133368053241621e-59,0.0
DM_RNA_457405.3.peg.1820,0.0,-44.63987162857854
DM_RNA_457405.3.peg.1821,0.0,-0.01833097551250676
DM_RNA_457405.3.peg.1822,0.0,-0.02633192888459628
DM_RNA_457405.3.peg.1823,0.0,-0.022208173403685288
DM_RNA_457405.3.peg.1824,0.0,-0.06549037037642909
DM_RNA_457405.3.peg.1825,2.4336473522164386e-64,0.0
DM_RNA_457405.3.peg.1826,-4.2577340201243306e-64,0.0
DM_RNA_457405.3.peg.1828,0.0,-0.014708791437206985
DM_RNA_457405.3.peg.1829,0.0,-0.012730716438378453
DM_RNA_457405.3.peg.1830,0.0,0.0
DM_RNA_457405.3.peg.1832,0.0,-0.0072342687083265115
DM_RNA_457405.3.peg.1833,0.0,-4.597679126581078e-34
DM_RNA_457405.3.peg.1835,0.0,-0.022262819680146536
DM_RNA_457405.3.peg.1837,0.0,-0.046279081436025805
DM_RNA_457405.3.peg.1838,0.0,-0.007465568877867948
DM_RNA_457405.3.peg.1840,0.0,-0.026698577840354235
DM_RNA_457405.3.peg.1843,0.0,-0.03329436059662809
DM_RNA_457405.3.peg.1852,0.0,5.662228923091337e-34
DM_RNA_457405.3.peg.1853,-3.4004689770778652e-31,0.0
DM_RNA_457405.3.peg.1854,-7.480426841421543e-30,0.0
DM_RNA_457405.3.peg.1855,0.0,0.0
DM_RNA_457405.3.peg.1856,-3.4004689770778652e-31,0.0
DM_RNA_457405.3.peg.1857,0.0,-0.014528365672720445
DM_RNA_457405.3.peg.1859,0.0,-0.02826712804389031
DM_RNA_457405.3.peg.1860,0.0,-0.0102307515351027
DM_RNA_457405.3.peg.1864,0.0,-0.01784577200487338
DM_RNA_457405.3.peg.1866,0.0,-0.06684383331863941
DM_RNA_457405.3.peg.1898,0.0,-7.020017941511048
DM_RNA_457405.3.peg.1902,5.829042066341159e-31,-8.497461664385012e-34
DM_RNA_457405.3.peg.1911,1.2069979460916187e-32,-2.790254735424065e-34
DM_RNA_457405.3.peg.1912,1.651434376095278e-30,-6.451120470042807e-34
DM_RNA_457405.3.peg.1915,0.0,9.842875410097975e-34
DM_RNA_457405.3.peg.1930,0.0,0.0
DM_RNA_457405.3.peg.1933,-4.055056676944864e-64,-4.3294798886320115e-34
DM_RNA_457405.3.peg.1948,0.0,-0.05491254562460262
DM_RNA_457405.3.peg.1955,0.0,-0.011771680999127452
DM_RNA_457405.3.peg.1957,0.0,0.0
DM_RNA_457405.3.peg.1969,0.0,4.027740513032022e-34
DM_RNA_457405.3.peg.1980,0.0,-0.0544866568794066
DM_RNA_457405.3.peg.1981,0.0,-1.1620774965127996e-33
DM_RNA_457405.3.peg.1989,0.0,-0.027866173610981013
DM_RNA_457405.3.peg.1991,0.0,0.0
DM_RNA_457405.3.peg.1993,0.0,0.0
DM_RNA_457405.3.peg.1994,0.0,-0.04330875091243235
DM_RNA_457405.3.peg.1995,0.0,-6.000167010113625e-34
DM_RNA_457405.3.peg.1999,0.0,0.0
DM_RNA_457405.3.peg.2000,0.0,0.0
DM_RNA_457405.3.peg.2001,0.0,-2.3417621201437536e-34
DM_RNA_457405.3.peg.2002,0.0,0.0
DM_RNA_457405.3.peg.2010,0.0,0.0
DM_RNA_457405.3.peg.2012,0.0,0.0
DM_RNA_457405.3.peg.2014,0.0,0.0
DM_RNA_457405.3.peg.2016,0.0,5.834642416856736e-34
DM_RNA_457405.3.peg.2018,0.0,0.0
DM_RNA_457405.3.peg.2028,0.0,6.705763580230062e-34
DM_RNA_457405.3.peg.2034,0.0,-0.03511663826391638
DM_RNA_457405.3.peg.2035,0.0,-0.005880760334938056
DM_RNA_457405.3.peg.2036,0.0,-0.004519492546650217
DM_RNA_457405.3.peg.2040,0.0,-0.011807590293539911
DM_RNA_457405.3.peg.2041,0.0,-0.014856217026092442
DM_RNA_457405.3.peg.2042,0.0,-0.018425405848756113
DM_RNA_457405.3.peg.2043,0.0,-0.015348502774157396
DM_RNA_457405.3.peg.2059,0.0,-0.019182548082675558
DM_RNA_457405.3.peg.2061,0.0,-0.013564738634752188
DM_RNA_457405.3.peg.2063,0.0,-1.070201328637704e-33
DM_RNA_457405.3.peg.2064,0.0,0.0
DM_RNA_457405.3.peg.2068,0.0,8.210059722280405e-34
DM_RNA_457405.3.peg.2075,0.0,-0.009992671895559014
DM_RNA_457405.3.peg.2080,0.0,0.0
DM_RNA_457405.3.peg.2087,0.0,0.0
DM_RNA_457405.3.peg.2093,0.0,-0.005627517430832609
DM_RNA_457405.3.peg.2097,0.0,-0.009255838043423061
DM_RNA_457405.3.peg.2098,0.0,-2.131941486845961e-34
DM_RNA_457405.3.peg.2115,0.0,-0.02638557525214407
DM_RNA_457405.3.peg.2118,0.0,-0.032131946087579036
DM_RNA_457405.3.peg.2119,0.0,-0.01633449817510479
DM_RNA_457405.3.peg.2121,0.0,-9.601667511336999e-34
DM_RNA_457405.3.peg.2123,3.746016836316695e-65,0.0
DM_RNA_457405.3.peg.2124,0.0,-3.9660724586951615
DM_RNA_457405.3.peg.2125,0.0,0.0
DM_RNA_457405.3.peg.2130,0.0,-0.026884007311025273
DM_RNA_457405.3.peg.2141,0.0,-5.717362318432732e-34
DM_RNA_457405.3.peg.2143,0.0,-2.374064639880976e-34
DM_RNA_457405.3.peg.2144,0.0,0.0
DM_RNA_457405.3.peg.2145,0.0,5.8415712305839395e-34
DM_RNA_457405.3.peg.2146,0.0,-0.030805540535073124
DM_RNA_457405.3.peg.2147,0.0,-0.015094651179096634
DM_RNA_457405.3.peg.2148,0.0,-7.884117608706055e-34
DM_RNA_457405.3.peg.2149,0.0,0.0
DM_RNA_457405.3.peg.2157,0.0,0.0
DM_RNA_457405.3.peg.2159,0.0,-0.03436537182444239
DM_RNA_457405.3.peg.2161,0.0,6.244524804006431e-34
DM_RNA_457405.3.peg.2173,0.0,-7.95924280040119e-34
DM_RNA_457405.3.peg.2175,0.0,-0.009263582509818423
DM_RNA_457405.3.peg.2180,0.0,-0.004586984513728891
DM_RNA_457405.3.peg.2181,0.0,-0.011491426676044353
DM_RNA_457405.3.peg.2185,0.0,-0.08165749250799996
DM_RNA_457405.3.peg.2186,0.0,-0.07336718114545199
DM_RNA_457405.3.peg.2187,0.0,-0.007620636018586453
DM_RNA_457405.3.peg.2188,0.0,-0.010577145501210652
DM_RNA_457405.3.peg.2189,0.0,-0.014619731847550948
DM_RNA_457405.3.peg.2190,0.0,-0.008820747494895488
DM_RNA_457405.3.peg.2191,0.0,-0.011989220834317546
DM_RNA_457405.3.peg.2193,0.0,-0.0031620666195083993
DM_RNA_457405.3.peg.2196,0.0,-0.821504061367451
DM_RNA_457405.3.peg.2197,0.0,0.0
DM_RNA_457405.3.peg.2201,3.2930853689583373e-41,2.6602941868693167e-34
DM_RNA_457405.3.peg.2202,2.4923881222814864e-41,-4.6076378681662455e-34
DM_RNA_457405.3.peg.2207,0.0,-0.028536337575166923
DM_RNA_457405.3.peg.2217,0.0,-7.730167233528207e-34
DM_RNA_457405.3.peg.2218,0.0,-5.078204278063026e-34
DM_RNA_457405.3.peg.2228,0.0,0.0
DM_RNA_457405.3.peg.2230,0.0,0.0
DM_RNA_457405.3.peg.2233,0.0,-0.006415133995135621
DM_RNA_457405.3.peg.2240,0.0,-0.03373495841848921
DM_RNA_457405.3.peg.2252,0.0,8.551070302120401e-34
DM_RNA_457405.3.peg.2254,0.0,-0.0028911250858970473
DM_RNA_457405.3.peg.2255,0.0,0.0
DM_RNA_457405.3.peg.2258,0.0,-0.011018265729323707
DM_RNA_457405.3.peg.2259,0.0,0.0
DM_RNA_457405.3.peg.2264,0.0,-0.01792146083426673
DM_RNA_457405.3.peg.2266,0.0,-0.06036275409778953
DM_RNA_457405.3.peg.2276,0.0,-0.01770806722167598
DM_RNA_457405.3.peg.2277,-2.220067198581779e-30,0.0
DM_RNA_457405.3.peg.2278,0.0,-0.018448999930380846
DM_RNA_457405.3.peg.2282,0.0,-0.012470354499314284
DM_RNA_457405.3.peg.2284,0.0,-0.006882337751936059
DM_RNA_457405.3.peg.2285,0.0,-0.0027879101593249874
DM_RNA_457405.3.peg.2286,0.0,-1.0512547197495777e-33
DM_RNA_457405.3.peg.2290,0.0,1.0650601257917518e-33
DM_RNA_457405.3.peg.2291,0.0,-6.422159863250008e-34
DM_RNA_457405.3.peg.2293,0.0,-0.02095861608346274
DM_RNA_457405.3.peg.2294,0.0,-0.04931326003571184
DM_RNA_457405.3.peg.2299,0.0,0.0
DM_RNA_457405.3.peg.2300,0.0,0.0
DM_RNA_457405.3.peg.2301,0.0,6.468747514759101e-34
DM_RNA_457405.3.peg.2303,0.0,0.0
DM_RNA_457405.3.peg.2304,0.0,0.0
DM_RNA_457405.3.peg.2330,0.0,-0.02640253514450831
DM_RNA_457405.3.peg.2331,0.0,-0.024911487855530687
DM_RNA_457405.3.peg.2335,0.0,6.769112732549391e-34
DM_RNA_457405.3.peg.2350,0.0,-0.01286026390751257
DM_RNA_457405.3.peg.2352,0.0,-0.017980443141578487
DM_RNA_457405.3.peg.2353,0.0,-0.042404643324220066
DM_RNA_457405.3.peg.2354,0.0,0.0
DM_RNA_457405.3.peg.2355,0.0,-0.016979592331447618
DM_RNA_457405.3.peg.2356,2.50643473088363e-41,0.0
DM_RNA_457405.3.peg.2361,-2.9675778690486604e-41,0.0
DM_RNA_457405.3.peg.2362,0.0,0.0
DM_RNA_457405.3.peg.2363,0.0,0.0
DM_RNA_457405.3.peg.2364,0.0,0.0
DM_RNA_457405.3.peg.2365,0.0,0.0
DM_RNA_457405.3.peg.2366,0.0,0.0
DM_RNA_457405.3.peg.2367,0.0,0.0
DM_RNA_457405.3.peg.2368,0.0,0.0
DM_RNA_457405.3.peg.2379,1.0683041106372179e-41,0.0
DM_RNA_457405.3.peg.2380,1.0683041106372179e-41,-7.49049178401859e-34
DM_RNA_457405.3.peg.2381,2.637978337037884e-41,0.0
DM_RNA_457405.3.peg.2385,0.0,0.0
DM_RNA_457405.3.peg.2386,0.0,0.0
DM_RNA_457405.3.peg.2388,0.0,-0.014369292869315285
DM_RNA_457405.3.peg.2396,0.0,-0.028531778393975863
DM_RNA_457405.3.peg.2408,0.0,-0.005325603395911901
DM_RNA_457405.3.peg.2410,0.0,-0.02766468455216117
DM_RNA_457405.3.peg.2435,0.0,4.063840946005361e-34
DM_RNA_457405.3.peg.2436,0.0,-0.028100228073039586
DM_RNA_FSDG_RS00445,0.0,-0.031558594615005375
DM_RNA_FSDG_RS00450,0.0,-0.007730972862333899
DM_RNA_FSDG_RS00455,0.0,-0.0016106731309521853
DM_RNA_FSDG_RS00460,0.0,-0.060420637270033065
DM_RNA_FSDG_RS00465,0.0,-0.002432376227115627
DM_RNA_FSDG_RS00775,0.0,-0.0013717609114410182
DM_RNA_FSDG_RS00780,0.0,-0.001590492723857599
DM_RNA_FSDG_RS00785,0.0,-0.001586966789667636
DM_RNA_FSDG_RS00790,0.0,-0.0019175314653355723
DM_RNA_FSDG_RS00795,0.0,-0.020852147716580473
DM_RNA_FSDG_RS00800,0.0,-0.0015719645146468446
DM_RNA_FSDG_RS00875,0.0,-0.03158101435066601
DM_RNA_FSDG_RS00880,0.0,-0.05791689363704277
DM_RNA_FSDG_RS00885,0.0,-0.002432376227115627
DM_RNA_FSDG_RS01960,0.0,-0.00339810726165947
DM_RNA_FSDG_RS01965,0.0,-0.0027071880494942612
DM_RNA_FSDG_RS01970,0.0,-0.0019739276112382335
DM_RNA_FSDG_RS07395,0.0,-0.0018366766272791262
DM_RNA_FSDG_RS07545,0.0,-0.0017513506419094117
DM_RNA_FSDG_RS07550,0.0,-5.54559904957638e-35
DM_RNA_FSDG_RS07785,0.0,-0.0015884489064103583
DM_RNA_FSDG_RS07790,0.0,-0.002432376227115627
DM_RNA_FSDG_RS07795,0.0,-0.06041017300637417
DM_RNA_FSDG_RS07800,0.0,-0.027037109126424243
DM_RNA_FSDG_RS09445,0.0,-0.002432376227115627
DM_RNA_FSDG_RS09450,0.0,-0.05791689363704277
DM_RNA_FSDG_RS09455,0.0,-0.03158101435066601
DM_RNA_FSDG_RS10380,0.0,-0.00704231889558336
DM_RNA_FSDG_RS10385,0.0,-0.0015876414319573886
DM_RNA_FSDG_RS10390,0.0,-0.0015935767758545297
DM_RNA_FSDG_RS10395,0.0,-0.0017513506419094117
DM_RNA_FSDG_RS10400,0.0,-0.0015660167544237363
DM_RNA_FSDG_RS10405,0.0,-0.0016325063332563866
DM_RNA_FSDG_RS10410,0.0,-0.0016112975106123046
DM_RNA_FSDG_RS10415,0.0,-0.0019175314653355723
DM_RNA_FSDG_RS10420,0.0,-0.0015911171035177185
DM_RNA_FSDG_RS10425,0.0,-0.0012496050216648713
DM_RNA_FSDG_RS10430,0.0,-0.0018380082115106906
DM_RNA_FSDG_RS11245,0.0,-0.0015719645146468446
DM_RNA_FSDG_RS11250,0.0,-0.0016119218902724238
DM_RNA_FSDG_RS11270,0.0,-0.0016094622179356128
DM_RNA_FSDG_RS11275,0.0,-0.0016106731309521853
DM_RNA_FSDG_RS11280,0.0,-0.0015865881837559678
DM_RNA_FSDG_RS11285,0.0,-0.0015818891828530978
DM_RNA_FSDG_RS11290,0.0,-0.0016355401226236838
DM_RNA_FSDG_RS11295,0.0,-0.0015876414319573886
DM_RNA_FSDG_RS11300,0.0,-0.001551234892259312
DM_RNA_FSDG_RS11305,0.0,-0.0015872379933937857
DM_RNA_FSDG_RS11310,0.0,-0.0015911171035177185
DM_RNA_FSDG_RS11315,0.0,-0.0015516010127593982
DM_RNA_FSDG_RS11320,0.0,-0.0015935767758545297
DM_RNA_FSDG_RS11325,0.0,-0.0016355401226236838
DM_RNA_FSDG_RS11330,0.0,-0.0015876414319573886
DM_RNA_FSDG_RS11500,0.0,-0.0015818891828530978
DM_RNA_FSDG_RS11505,0.0,-0.0015660167544237363
DM_RNA_FSDG_RS11510,0.0,-0.0017809799107651445
DM_RNA_FSDG_RS11635,0.0,-0.0015884489064103583
DM_RNA_FSDG_RS11640,0.0,-0.002432376227115627
DM_RNA_FSDG_RS11645,0.0,-0.05791689363704277
DM_RNA_FSDG_RS11650,0.0,-0.03158101435066601
DM_RNA_FSDG_RS11725,0.0,-0.0015872125634160872
formation_457405.3.peg.1-MONOMER,0.0,6.043580321482457e-34
formation_457405.3.peg.101-MONOMER,0.0,2.7929576407708877e-34
formation_457405.3.peg.1016-MONOMER,1.2906729156671653e-15,0.0
formation_457405.3.peg.1023-MONOMER,1.1339283025770223e-12,-2.020310236808561e-34
formation_457405.3.peg.1040-MONOMER,6.385982720699084e-11,0.0
formation_457405.3.peg.1051-MONOMER,1.2906729156671653e-15,0.0
formation_457405.3.peg.1068-MONOMER,1.0621024542549503e-07,0.0
formation_457405.3.peg.111-MONOMER,2.8397184765385634e-13,9.490272432366526e-35
formation_457405.3.peg.113-MONOMER,0.0,6.53712435879447e-34
formation_457405.3.peg.1132-MONOMER,1.0621024542549503e-07,5.704956983191012e-35
formation_457405.3.peg.1136-MONOMER,0.0,0.0
formation_457405.3.peg.1137-MONOMER,0.0,0.0
formation_457405.3.peg.1142-MONOMER,2.7994453537278252e-64,0.0
formation_457405.3.peg.1145-MONOMER,5.415198396122729e-09,0.0
formation_457405.3.peg.1147-MONOMER,0.0,-2.9819921441027024e-34
formation_457405.3.peg.1162-MONOMER,0.0,0.0
formation_457405.3.peg.1167-MONOMER,0.0,-1.9562691021141206e-34
formation_457405.3.peg.1168-MONOMER,3.4157782339648324e-12,-5.892149913729906e-35
formation_457405.3.peg.1192-MONOMER,1.0621024542549503e-07,0.0
formation_457405.3.peg.1194-MONOMER,2.636054431899396e-11,-1.7704698757972778e-34
formation_457405.3.peg.1206-MONOMER,0.0,0.0
formation_457405.3.peg.1250-MONOMER,1.550227951059255e-14,-1.8146266029888644e-34
formation_457405.3.peg.1253-MONOMER,1.2906729156671653e-15,0.0
formation_457405.3.peg.1257-MONOMER,0.0,0.0
formation_457405.3.peg.1259-MONOMER,2.704466396281247e-12,0.0
formation_457405.3.peg.1269-MONOMER,0.0,0.0
formation_457405.3.peg.1274-MONOMER,0.0,-1.0456889586456062e-34
formation_457405.3.peg.1275-MONOMER,0.0,0.0
formation_457405.3.peg.1279-MONOMER,0.0,0.0
formation_457405.3.peg.1287-MONOMER,1.0621024542549503e-07,0.0
formation_457405.3.peg.1293-MONOMER,7.806190771590797e-13,0.0
formation_457405.3.peg.1294-MONOMER,1.0621024542549503e-07,0.0
formation_457405.3.peg.1295-MONOMER,1.0621024542549503e-07,0.0
formation_457405.3.peg.1296-MONOMER,1.0621024542549503e-07,0.0
formation_457405.3.peg.1297-MONOMER,1.0621025976457098e-07,0.0
formation_457405.3.peg.1299-MONOMER,1.0621024542549503e-07,0.0
formation_457405.3.peg.1304-MONOMER,0.0,-5.211859004314953e-34
formation_457405.3.peg.1307-MONOMER,0.0,0.0
formation_457405.3.peg.1308-MONOMER,0.0,-1.5186422943465192e-34
formation_457405.3.peg.131-MONOMER,0.0,0.0
formation_457405.3.peg.1317-MONOMER,5.987880479576716e-12,0.0
formation_457405.3.peg.1319-MONOMER,0.0,0.0
formation_457405.3.peg.1322-MONOMER,0.0,0.0
formation_457405.3.peg.1339-MONOMER,0.0,1.9247901343582388e-34
formation_457405.3.peg.1346-MONOMER,0.0,-8.962527718322004e-35
formation_457405.3.peg.1350-MONOMER,6.586143375786246e-13,0.0
formation_457405.3.peg.1355-MONOMER,0.0,-2.3047765987540245e-34
formation_457405.3.peg.1356-MONOMER,0.0,0.0
formation_457405.3.peg.1367-MONOMER,1.2906729156671653e-15,0.0
formation_457405.3.peg.137-MONOMER,0.0,0.0
formation_457405.3.peg.1378-MONOMER,1.2906729156671653e-15,9.97848980364493e-35
formation_457405.3.peg.138-MONOMER,6.601634476016207e-60,-2.9047573625117148e-34
formation_457405.3.peg.1389-MONOMER,0.0,-2.658922818545027e-34
formation_457405.3.peg.1392-MONOMER,1.802521414780755e-13,0.0
formation_457405.3.peg.1399-MONOMER,0.0,0.0
formation_457405.3.peg.14-MONOMER,1.2574356927278439e-11,0.0
formation_457405.3.peg.1403-MONOMER,1.1555964020769256e-11,1.679711155700255e-33
formation_457405.3.peg.1408-MONOMER,6.540971939882459e-30,3.7721928838735497e-35
formation_457405.3.peg.1412-MONOMER,4.009505995672761e-12,0.0
formation_457405.3.peg.1414-MONOMER,1.2565538062700157e-11,0.0
formation_457405.3.peg.1419-MONOMER,3.269657138170095e-15,2.46272103246865e-34
formation_457405.3.peg.1420-MONOMER,3.269657138170095e-15,0.0
formation_457405.3.peg.143-MONOMER,-7.073074923249911e-60,-2.71114706925913e-34
formation_457405.3.peg.1451-MONOMER,1.2369993513299264e-22,6.036651626113035e-35
formation_457405.3.peg.1454-MONOMER,0.0,2.7653749555543613e-34
formation_457405.3.peg.1459-MONOMER,1.524205736381565e-11,-2.7138080904218916e-34
formation_457405.3.peg.15-MONOMER,2.336966438525013e-12,-3.5031227902206685e-34
formation_457405.3.peg.1530-MONOMER,0.0,0.0
formation_457405.3.peg.1546-MONOMER,0.0,0.0
formation_457405.3.peg.1639-MONOMER,1.4736887370210413e-12,-2.6041489294907724e-34
formation_457405.3.peg.1647-MONOMER,2.1706923520029783e-30,0.0
formation_457405.3.peg.1652-MONOMER,1.0621024542549503e-07,-6.767741267381689e-35
formation_457405.3.peg.1653-MONOMER,1.0621024542549503e-07,0.0
formation_457405.3.peg.1654-MONOMER,2.2751343442329159e-10,0.0
formation_457405.3.peg.1655-MONOMER,2.275134344152476e-10,0.0
formation_457405.3.peg.1667-MONOMER,0.0,0.0
formation_457405.3.peg.1668-MONOMER,0.0,0.0
formation_457405.3.peg.1675-MONOMER,-3.078903609767774e-30,-1.173122931756509e-34
formation_457405.3.peg.1687-MONOMER,0.0,0.0
formation_457405.3.peg.1695-MONOMER,0.0,0.0
formation_457405.3.peg.1696-MONOMER,1.2906729156671653e-15,0.0
formation_457405.3.peg.1699-MONOMER,2.0766394983899908e-11,0.0
formation_457405.3.peg.1708-MONOMER,2.812368524526114e-13,0.0
formation_457405.3.peg.1710-MONOMER,5.157800605806315e-13,2.7145500935490177e-34
formation_457405.3.peg.1711-MONOMER,7.899027606804572e-14,0.0
formation_457405.3.peg.1727-MONOMER,1.0621025976457098e-07,0.0
formation_457405.3.peg.1729-MONOMER,1.0621025976457098e-07,0.0
formation_457405.3.peg.1730-MONOMER,1.0621025976457098e-07,8.985727146942099e-35
formation_457405.3.peg.1731-MONOMER,1.0621024542549503e-07,0.0
formation_457405.3.peg.1732-MONOMER,1.0621024542549503e-07,-1.7252745221505973e-34
formation_457405.3.peg.1733-MONOMER,1.0621024542549503e-07,-3.210964633058592e-35
formation_457405.3.peg.1734-MONOMER,1.0621024542549503e-07,0.0
formation_457405.3.peg.1735-MONOMER,1.0621024542549503e-07,0.0
formation_457405.3.peg.1736-MONOMER,1.0621024542549503e-07,0.0
formation_457405.3.peg.1737-MONOMER,1.0621024542549503e-07,0.0
formation_457405.3.peg.1738-MONOMER,1.0621024542549503e-07,0.0
formation_457405.3.peg.1739-MONOMER,1.0621024542549503e-07,0.0
formation_457405.3.peg.174-MONOMER,1.2906729156671653e-15,0.0
formation_457405.3.peg.1740-MONOMER,1.0621024542549503e-07,0.0
formation_457405.3.peg.1741-MONOMER,1.0621024542549503e-07,0.0
formation_457405.3.peg.1742-MONOMER,1.0621024542549503e-07,-3.383870633690844e-35
formation_457405.3.peg.1743-MONOMER,1.0621024542549503e-07,6.257951938430443e-35
formation_457405.3.peg.1744-MONOMER,1.0621024542549503e-07,6.904669192655615e-35
formation_457405.3.peg.1745-MONOMER,1.0621024542549503e-07,0.0
formation_457405.3.peg.1746-MONOMER,1.0621024542549503e-07,0.0
formation_457405.3.peg.1747-MONOMER,1.0621024542549503e-07,-2.6109601116650195e-35
formation_457405.3.peg.1748-MONOMER,1.0621024542549503e-07,0.0
formation_457405.3.peg.1759-MONOMER,3.761627643564925e-12,2.40816897980075e-34
formation_457405.3.peg.1767-MONOMER,0.0,1.557300684054827e-34
formation_457405.3.peg.1786-MONOMER,2.0098006457049383e-11,0.0
formation_457405.3.peg.1791-MONOMER,0.0,2.5107716451677413e-34
formation_457405.3.peg.1792-MONOMER,0.0,2.7650424537023994e-39
formation_457405.3.peg.1794-MONOMER,0.0,-1.2338522556161754e-34
formation_457405.3.peg.1797-MONOMER,0.0,-2.7714529314868666e-34
formation_457405.3.peg.1805-MONOMER,7.651167896045059e-13,0.0
formation_457405.3.peg.1809-MONOMER,1.935830152300708e-11,-2.642405705987398e-34
formation_457405.3.peg.1810-MONOMER,1.4630711119110811e-12,-3.218057732522516e-34
formation_457405.3.peg.1811-MONOMER,0.0,0.0
formation_457405.3.peg.182-MONOMER,6.147674021684204e-60,0.0
formation_457405.3.peg.1820-MONOMER,4.815524283634092e-59,0.0
formation_457405.3.peg.1821-MONOMER,2.925764295961752e-12,3.109928699659179e-34
formation_457405.3.peg.1828-MONOMER,4.771264592488167e-12,-2.4029475050648264e-34
formation_457405.3.peg.1829-MONOMER,8.883833290382299e-12,0.0
formation_457405.3.peg.1830-MONOMER,0.0,8.949481219837626e-35
formation_457405.3.peg.1832-MONOMER,1.0621024542549503e-07,0.0
formation_457405.3.peg.1833-MONOMER,0.0,0.0
formation_457405.3.peg.1835-MONOMER,6.61944021261612e-13,0.0
formation_457405.3.peg.1837-MONOMER,1.5612381543181613e-12,-2.613850911985164e-34
formation_457405.3.peg.1838-MONOMER,1.2906729156671653e-15,0.0
formation_457405.3.peg.1840-MONOMER,1.0621024542549503e-07,0.0
formation_457405.3.peg.1843-MONOMER,5.510556714636088e-10,-2.3490521094859214e-34
formation_457405.3.peg.185-MONOMER,0.0,1.1373299996950428e-34
formation_457405.3.peg.1854-MONOMER,9.016861189613542e-30,0.0
formation_457405.3.peg.1855-MONOMER,0.0,-0.2444150353209501
formation_457405.3.peg.1859-MONOMER,7.744037494003001e-15,0.0
formation_457405.3.peg.186-MONOMER,2.636930682504663e-31,0.0
formation_457405.3.peg.188-MONOMER,0.0,-1.2667719361063583e-34
formation_457405.3.peg.189-MONOMER,1.4074202735414744e-14,0.0
formation_457405.3.peg.1898-MONOMER,1.022757520187071e-59,-7.4997820970553275e-34
formation_457405.3.peg.190-MONOMER,5.666009876782898e-13,-2.0306283686684953e-34
formation_457405.3.peg.1911-MONOMER,-1.4549080108359913e-32,-7.750724590684552e-35
formation_457405.3.peg.1912-MONOMER,-1.9906289906549506e-30,0.0
formation_457405.3.peg.1915-MONOMER,0.0,2.515210687190305e-34
formation_457405.3.peg.1933-MONOMER,1.729020149196463e-30,-1.4227690579584889e-34
formation_457405.3.peg.1948-MONOMER,1.374683942299207e-11,0.0
formation_457405.3.peg.1955-MONOMER,3.4598195653980445e-13,0.0
formation_457405.3.peg.1969-MONOMER,0.0,0.0
formation_457405.3.peg.1980-MONOMER,1.2369311685214904e-11,-3.793414650141793e-34
formation_457405.3.peg.1991-MONOMER,0.0,0.0
formation_457405.3.peg.1994-MONOMER,6.761296737805737e-13,9.721831402094969e-34
formation_457405.3.peg.1995-MONOMER,0.0,1.2031886994098267e-34
formation_457405.3.peg.200-MONOMER,0.0,-2.4826760698406815e-39
formation_457405.3.peg.2000-MONOMER,0.0,-1.3525557610411976e-39
formation_457405.3.peg.2001-MONOMER,0.0,-6.307716758466189e-35
formation_457405.3.peg.2002-MONOMER,0.0,0.0
formation_457405.3.peg.2010-MONOMER,0.0,0.0
formation_457405.3.peg.2016-MONOMER,0.0,1.5377250335928443e-34
formation_457405.3.peg.2018-MONOMER,0.0,7.804249029664211e-35
formation_457405.3.peg.2034-MONOMER,6.0419174894979166e-12,-3.964639531726412e-34
formation_457405.3.peg.2035-MONOMER,1.0621024542549503e-07,5.958593994395955e-35
formation_457405.3.peg.2036-MONOMER,1.0621024542549503e-07,3.2117495208443637e-35
formation_457405.3.peg.2040-MONOMER,7.806190771590797e-13,7.054293032931905e-35
formation_457405.3.peg.2041-MONOMER,7.466434539759019e-11,0.0
formation_457405.3.peg.2042-MONOMER,2.2751343442329159e-10,0.0
formation_457405.3.peg.2043-MONOMER,1.0621024542549503e-07,1.4804917483074277e-34
formation_457405.3.peg.2059-MONOMER,1.0621024542549503e-07,0.0
formation_457405.3.peg.2063-MONOMER,0.0,0.0
formation_457405.3.peg.2075-MONOMER,1.3077804130671094e-12,-9.741344063029536e-35
formation_457405.3.peg.208-MONOMER,0.0,0.0
formation_457405.3.peg.2080-MONOMER,0.0,0.0
formation_457405.3.peg.2093-MONOMER,1.0621024542549503e-07,-3.0267910259905406e-35
formation_457405.3.peg.2097-MONOMER,9.312136077846313e-12,0.0
formation_457405.3.peg.2098-MONOMER,0.0,0.0
formation_457405.3.peg.211-MONOMER,2.0379381952597434e-20,0.0
formation_457405.3.peg.2115-MONOMER,6.156263555372918e-65,-2.376480226491357e-34
formation_457405.3.peg.2121-MONOMER,0.0,1.768313278969037e-34
formation_457405.3.peg.2123-MONOMER,-2.7635760806473114e-65,0.0
formation_457405.3.peg.213-MONOMER,0.0,9.068125304630222e-35
formation_457405.3.peg.2130-MONOMER,2.867815187240285e-14,0.0
formation_457405.3.peg.2141-MONOMER,0.0,2.4928340407516515e-34
formation_457405.3.peg.2147-MONOMER,1.6853464303089954e-11,0.0
formation_457405.3.peg.2148-MONOMER,0.0,0.0
formation_457405.3.peg.2149-MONOMER,0.0,0.0
formation_457405.3.peg.215-MONOMER,9.033648310305127e-13,4.990939835286676e-34
formation_457405.3.peg.216-MONOMER,1.3254605217486097e-12,-3.5164821352738576e-34
formation_457405.3.peg.2161-MONOMER,0.0,-1.6167194536072403e-34
formation_457405.3.peg.2175-MONOMER,1.0621024542549503e-07,-6.239292807590632e-35
formation_457405.3.peg.2187-MONOMER,1.0621024542549503e-07,-1.1071016768581602e-34
formation_457405.3.peg.2188-MONOMER,1.0621024542549503e-07,0.0
formation_457405.3.peg.2189-MONOMER,1.0621024542549503e-07,7.213923695721115e-35
formation_457405.3.peg.219-MONOMER,3.732948994137732e-12,0.0
formation_457405.3.peg.2190-MONOMER,1.0621024542549503e-07,4.813552831895648e-35
formation_457405.3.peg.2191-MONOMER,6.61944021261612e-13,8.382557491146523e-35
formation_457405.3.peg.2193-MONOMER,1.0621024542549503e-07,-2.9050128485985843e-35
formation_457405.3.peg.2196-MONOMER,9.06265076737339e-60,0.0
formation_457405.3.peg.2197-MONOMER,0.0,0.0
formation_457405.3.peg.2201-MONOMER,3.95024771342691e-30,-6.795323205019402e-35
formation_457405.3.peg.2202-MONOMER,1.4948823637890017e-30,0.0
formation_457405.3.peg.2207-MONOMER,1.5367691756028826e-11,0.0
formation_457405.3.peg.221-MONOMER,3.488914772016474e-12,0.0
formation_457405.3.peg.2228-MONOMER,0.0,0.0
formation_457405.3.peg.2230-MONOMER,0.0,0.0
formation_457405.3.peg.2233-MONOMER,1.331676508043681e-11,0.0
formation_457405.3.peg.2240-MONOMER,3.91340740330327e-12,0.0
formation_457405.3.peg.2252-MONOMER,0.0,0.0
formation_457405.3.peg.2258-MONOMER,7.166059521273505e-12,0.0
formation_457405.3.peg.2259-MONOMER,0.0,-1.6457539849164087e-34
formation_457405.3.peg.226-MONOMER,0.0,0.0
formation_457405.3.peg.2264-MONOMER,3.317995020110034e-11,1.7936139613512723e-34
formation_457405.3.peg.228-MONOMER,0.0,0.0
formation_457405.3.peg.2282-MONOMER,4.728773575047978e-17,0.0
formation_457405.3.peg.2285-MONOMER,1.0621024542549503e-07,0.0
formation_457405.3.peg.2293-MONOMER,1.0949595826327722e-11,0.0
formation_457405.3.peg.2294-MONOMER,0.0,-3.093831488551423e-34
formation_457405.3.peg.230-MONOMER,0.0,0.0
formation_457405.3.peg.2300-MONOMER,0.0,2.3206540561875176e-34
formation_457405.3.peg.233-MONOMER,0.0,0.0
formation_457405.3.peg.2330-MONOMER,4.241450626411632e-11,-1.5809679985839747e-34
formation_457405.3.peg.2331-MONOMER,1.0206868069286744e-11,-4.3376635276100495e-34
formation_457405.3.peg.235-MONOMER,0.0,0.0
formation_457405.3.peg.2352-MONOMER,1.3635046401793865e-11,-1.1468061337127864e-34
formation_457405.3.peg.2353-MONOMER,0.0,-2.997691920995411e-34
formation_457405.3.peg.2361-MONOMER,-6.79054304069912e-31,-4.130954907136233e-34
formation_457405.3.peg.2363-MONOMER,0.0,0.0
formation_457405.3.peg.238-MONOMER,0.0,0.0
formation_457405.3.peg.2388-MONOMER,1.2906729156671653e-15,-8.84712148415331e-35
formation_457405.3.peg.239-MONOMER,0.0,-9.650018305925375e-35
formation_457405.3.peg.2396-MONOMER,0.0,0.0
formation_457405.3.peg.240-MONOMER,0.0,7.372545412105572e-38
formation_457405.3.peg.2408-MONOMER,1.0621024542549503e-07,0.0
formation_457405.3.peg.2435-MONOMER,0.0,7.97911737386448e-35
formation_457405.3.peg.2436-MONOMER,5.355759300794138e-12,0.0
formation_457405.3.peg.245-MONOMER,0.0,0.0
formation_457405.3.peg.247-MONOMER,0.0,0.0
formation_457405.3.peg.256-MONOMER,0.0,1.8635410927017818e-34
formation_457405.3.peg.257-MONOMER,0.0,0.0
formation_457405.3.peg.269-MONOMER,1.826081304895515e-30,0.0
formation_457405.3.peg.273-MONOMER,0.0,6.542012248039981e-35
formation_457405.3.peg.285-MONOMER,5.559075182800661e-60,0.0
formation_457405.3.peg.286-MONOMER,2.5813458313343338e-15,1.5793172116432318e-34
formation_457405.3.peg.29-MONOMER,4.739336658973225e-13,-1.6578335987449433e-34
formation_457405.3.peg.299-MONOMER,1.3371674041922714e-11,0.0
formation_457405.3.peg.3-MONOMER,1.8916001986124084e-12,5.966205142184817e-34
formation_457405.3.peg.301-MONOMER,0.0,0.0
formation_457405.3.peg.307-MONOMER,1.0621024542549503e-07,-7.07725702221682e-35
formation_457405.3.peg.308-MONOMER,1.0621024542549503e-07,0.0
formation_457405.3.peg.309-MONOMER,7.806190771590797e-13,0.0
formation_457405.3.peg.310-MONOMER,0.0,0.0
formation_457405.3.peg.311-MONOMER,1.0621025976457098e-07,0.0
formation_457405.3.peg.312-MONOMER,1.0621024542549503e-07,-6.926302590225699e-35
formation_457405.3.peg.314-MONOMER,3.963185737869728e-13,0.0
formation_457405.3.peg.326-MONOMER,2.5813458313343338e-15,0.0
formation_457405.3.peg.329-MONOMER,0.0,0.0
formation_457405.3.peg.330-MONOMER,0.0,0.0
formation_457405.3.peg.336-MONOMER,0.0,0.0
formation_457405.3.peg.347-MONOMER,0.0,2.2171592301616936e-34
formation_457405.3.peg.348-MONOMER,0.0,0.0
formation_457405.3.peg.354-MONOMER,0.0,-2.8667052197402043e-34
formation_457405.3.peg.355-MONOMER,0.0,0.0
formation_457405.3.peg.363-MONOMER,0.0,0.0
formation_457405.3.peg.364-MONOMER,0.0,2.16499113340993e-39
formation_457405.3.peg.365-MONOMER,6.193371567716482e-31,0.0
formation_457405.3.peg.366-MONOMER,2.416424391342773e-31,-3.048051715336518e-34
formation_457405.3.peg.370-MONOMER,2.16813690758327e-11,0.0
formation_457405.3.peg.374-MONOMER,0.0,0.0
formation_457405.3.peg.375-MONOMER,-3.3466598905477126e-30,0.0
formation_457405.3.peg.378-MONOMER,0.0,0.0
formation_457405.3.peg.379-MONOMER,0.0,-2.7957110697338487e-34
formation_457405.3.peg.384-MONOMER,0.0,-7.272317461486879e-35
formation_457405.3.peg.385-MONOMER,0.0,0.0
formation_457405.3.peg.386-MONOMER,0.0,-2.965907166158479e-34
formation_457405.3.peg.40-MONOMER,1.2906729156671653e-15,0.0
formation_457405.3.peg.419-MONOMER,0.0,0.0
formation_457405.3.peg.428-MONOMER,0.0,0.0
formation_457405.3.peg.431-MONOMER,0.0,0.0
formation_457405.3.peg.436-MONOMER,0.0,0.0
formation_457405.3.peg.451-MONOMER,0.0,0.0
formation_457405.3.peg.458-MONOMER,3.007192718559028e-14,8.764734368281761e-35
formation_457405.3.peg.459-MONOMER,0.0,-1.9173264822762994e-39
formation_457405.3.peg.461-MONOMER,0.0,-6.592682749654912e-35
formation_457405.3.peg.463-MONOMER,0.0,0.0
formation_457405.3.peg.465-MONOMER,1.761726554135037e-59,2.1769719374224048e-34
formation_457405.3.peg.467-MONOMER,2.721619094098413e-13,1.7609130815448374e-34
formation_457405.3.peg.47-MONOMER,0.0,1.5644609190296628e-34
formation_457405.3.peg.470-MONOMER,2.854878086734002e-12,0.0
formation_457405.3.peg.48-MONOMER,0.0,0.0
formation_457405.3.peg.480-MONOMER,1.0489995679091246e-11,0.0
formation_457405.3.peg.490-MONOMER,0.0,0.0
formation_457405.3.peg.506-MONOMER,0.0,0.0
formation_457405.3.peg.508-MONOMER,0.0,0.0
formation_457405.3.peg.510-MONOMER,7.855742987589573e-30,4.467414345918942e-34
formation_457405.3.peg.511-MONOMER,1.9470211053168823e-29,0.0
formation_457405.3.peg.519-MONOMER,0.0,0.0
formation_457405.3.peg.538-MONOMER,3.2672482958323337e-15,0.0
formation_457405.3.peg.539-MONOMER,3.2672482958323337e-15,0.0
formation_457405.3.peg.543-MONOMER,1.3540531139299875e-11,-8.789775759448891e-35
formation_457405.3.peg.624-MONOMER,8.495542117295796e-09,0.0
formation_457405.3.peg.625-MONOMER,1.2283697364490239e-08,0.0
formation_457405.3.peg.629-MONOMER,0.0,0.0
formation_457405.3.peg.636-MONOMER,0.0,0.0
formation_457405.3.peg.647-MONOMER,0.0,0.0
formation_457405.3.peg.648-MONOMER,6.222013483091799e-12,0.0
formation_457405.3.peg.654-MONOMER,2.4428548908429315e-59,0.0
formation_457405.3.peg.655-MONOMER,1.0621024542549503e-07,-5.894343110873963e-35
formation_457405.3.peg.657-MONOMER,1.0621024542549503e-07,-3.253786082605509e-35
formation_457405.3.peg.663-MONOMER,0.0,-1.7246769082147832e-34
formation_457405.3.peg.69-MONOMER,0.0,0.0
formation_457405.3.peg.695-MONOMER,-3.3700661228795493e-38,0.0
formation_457405.3.peg.709-MONOMER,1.5536190262177363e-15,-1.9441194745670585e-34
formation_457405.3.peg.720-MONOMER,0.0,-2.2682038053354574e-34
formation_457405.3.peg.724-MONOMER,0.0,0.0
formation_457405.3.peg.728-MONOMER,0.0,2.427713781526229e-35
formation_457405.3.peg.730-MONOMER,0.0,1.843701485616375e-34
formation_457405.3.peg.739-MONOMER,1.8013135675206573e-12,-2.3021156868933266e-34
formation_457405.3.peg.74-MONOMER,1.8072801001614349e-59,1.0610500468137917e-34
formation_457405.3.peg.740-MONOMER,1.0621024542549503e-07,-9.380321640107845e-35
formation_457405.3.peg.750-MONOMER,8.940244766046676e-60,0.0
formation_457405.3.peg.76-MONOMER,-8.835881336258739e-60,0.0
formation_457405.3.peg.768-MONOMER,5.2184626095978996e-21,0.0
formation_457405.3.peg.77-MONOMER,1.0142978431321848e-59,0.0
formation_457405.3.peg.771-MONOMER,0.0,0.0
formation_457405.3.peg.792-MONOMER,0.0,0.0
formation_457405.3.peg.794-MONOMER,0.0,-2.3689345814736223e-34
formation_457405.3.peg.795-MONOMER,-1.345191508530184e-32,0.0
formation_457405.3.peg.796-MONOMER,0.0,9.923906962895276e-35
formation_457405.3.peg.823-MONOMER,0.0,0.0
formation_457405.3.peg.840-MONOMER,0.0,8.163181028279995e-35
formation_457405.3.peg.846-MONOMER,0.0,0.0
formation_457405.3.peg.857-MONOMER,0.0,-1.1954390530736019e-37
formation_457405.3.peg.872-MONOMER,2.0161654129269534e-08,0.0
formation_457405.3.peg.874-MONOMER,7.107038630215525e-12,0.0
formation_457405.3.peg.878-MONOMER,0.0,-3.4765433230341238e-34
formation_457405.3.peg.884-MONOMER,-5.628723171846812e-31,0.0
formation_457405.3.peg.885-MONOMER,0.0,0.0
formation_457405.3.peg.887-MONOMER,0.0,1.888701329175949e-34
formation_457405.3.peg.890-MONOMER,9.942851109182407e-32,0.0
formation_457405.3.peg.891-MONOMER,0.0,-1.578076412985635e-34
formation_457405.3.peg.893-MONOMER,1.0621024542549503e-07,-2.804237697371687e-35
formation_457405.3.peg.896-MONOMER,8.945030275117532e-08,6.731032841358139e-35
formation_457405.3.peg.909-MONOMER,2.5442225907740795e-11,0.0
formation_457405.3.peg.950-MONOMER,0.0,0.0
formation_457405.3.peg.975-MONOMER,0.0,0.0
formation_457405.3.peg.976-MONOMER,9.512238186437429e-23,-7.770534799990083e-35
formation_CPLX_12PPDSDH-0,0.0,3.591190967358857e-34
formation_CPLX_36DAHXI-0,3.897591367033091e-65,0.0
formation_CPLX_3OAS100-0,4.0989047010145605e-31,0.0
formation_CPLX_ACCOACL-0,0.0,0.0
formation_CPLX_ACGApts-0,0.0,0.0
formation_CPLX_ACGApts-1,3.846266481361424e-12,2.9351978730747216e-34
formation_CPLX_ADCYRS-0,0.0,0.0
formation_CPLX_ALAASPabc-0,0.0,0.0
formation_CPLX_ALAASPabc-1,0.0,0.0
formation_CPLX_ALAASPabc-2,-7.026291987721404e-31,0.0
formation_CPLX_ALPHNH-0,0.0,0.0
formation_CPLX_ATPS4-0,0.0,-5.659925105125324e-32
formation_CPLX_BCOAACT-0,0.0,0.0
formation_CPLX_CITL-0,0.0,-3.088476689796927e-34
formation_CPLX_CITL-1,1.8061778547634893e-64,9.720131538427405e-34
formation_CPLX_CRO4t3-0,0.0,2.170685558310838e-34
formation_CPLX_DHAPT-0,0.0,-3.2493913913813632e-34
formation_CPLX_DHORD2-0,7.63078689164188e-64,-2.3007176821207545e-34
formation_CPLX_FEDCabc-0,0.0,9.285013440586543e-35
formation_CPLX_FRUpts-0,0.0,1.2791644373920396e-34
formation_CPLX_FRUpts-1,3.073442009432492e-60,1.2791644373920396e-34
formation_CPLX_G3PAT120-0,0.0,4.581654757235669e-35
formation_CPLX_GALabc-0,0.0,0.0
formation_CPLX_GLGC-0,0.0,4.203677239304814e-34
formation_CPLX_HEPT2-0,0.0,-3.997743528722664e-34
formation_CPLX_ILEabc-0,0.0,-2.874724458593213e-34
formation_CPLX_Kt3r-0,0.0,0.0
formation_CPLX_METDabc-0,4.054507063893386e-12,0.0
formation_CPLX_MNabc-0,3.206331372990635e-19,1.466176929310365e-33
formation_CPLX_PC6YM-0,0.0,1.9089313251339042e-34
formation_CPLX_PTRCabc-0,0.0,-2.795800852163301e-34
formation_CPLX_PTRCabc-1,0.0,0.0
formation_CPLX_PTRCabc-2,0.0,1.3979004260816505e-34
formation_CPLX_RNDR1-0,0.0,6.497241254377942e-34
formation_CPLX_THZPSN-0,0.0,0.0
formation_CPLX_TKT1-0,6.500678470669545e-12,2.06423015126171e-34
formation_CPLX_TMPPP-0,0.0,0.0
formation_CPLX_U23GAAT-0,0.0,0.0
formation_CPLX_UPPRT-0,-3.301956386088273e-59,0.0
formation_CPLX_YUMPS-0,0.0,-3.837738609362412e-34
formation_CPLX_YUMPS-1,0.0,3.8273548791349063e-34
formation_CPLX_YUMPS-2,1.2906729156671653e-15,-3.0218163153901446e-34
formation_CPLX_YUMPS-3,0.0,1.8723786201871197e-34
formation_CPLX_YUMPS-4,1.2906729156671653e-15,3.0218163153901446e-34
formation_CPLX_dreplication-0,0.0,-1.0553631169246607e-32
formation_CPLX_dreplication-1,0.0,-6.778982650799625e-33
formation_CPLX_dreplication-2,0.0,0.0
formation_CPLX_dreplication-3,0.0,6.782399848419926e-33
formation_CPLX_dreplication-4,0.0,0.0
formation_CPLX_dreplication-5,0.0,-3.3774041835539696e-33
formation_CPLX_dreplication-6,0.0,-3.4118024400169684e-33
formation_CPLX_dreplication-7,0.0,3.379139401808219e-33
formation_CPLX_pbiosynthesis-0,1.4339075936201405e-14,3.414846448233987e-32
formation_CPLX_r1667-0,0.0,0.0
formation_CPLX_r1667-1,0.0,3.4006308781512894e-34
formation_CPLX_rtranscription-0,6.61944021261612e-13,-1.8107905155848034e-33
formation_457405.3.peg.1804-MONOMER_mod_mg2(1),0.0,-8.532330632169275e-35
formation_457405.3.peg.1804-MONOMER_mod_mn2(1),-8.9379522519836e-33,0.0
formation_457405.3.peg.2381-MONOMER_mod_pydx5p(1),1.5822043352241705e-30,0.0
formation_CPLX_ADCS-0_mod_mg2(1),-1.2877273019461522e-41,0.0
formation_457405.3.peg.1283-MONOMER_mod_mg2(1),5.472952366262831e-10,1.2246367328803087e-34
formation_457405.3.peg.1764-MONOMER_mod_mg2(1),0.0,-1.306225642696207e-34
formation_457405.3.peg.1764-MONOMER_mod_mn2(1),0.0,0.0
formation_457405.3.peg.2064-MONOMER_mod_mg2(1),-8.989874947658405e-59,-3.41293225286771e-34
formation_457405.3.peg.780-MONOMER_mod_zn2(1),3.08896368549662e-12,-6.0666127773530815e-34
formation_457405.3.peg.1999-MONOMER_mod_nadp(1),0.0,-1.4901292534064347e-33
formation_457405.3.peg.1284-MONOMER_mod_fe2(2),4.00285152372597e-14,8.643440776991326e-34
formation_457405.3.peg.2068-MONOMER_mod_zn2(1),0.0,1.3896755552769169e-33
formation_457405.3.peg.204-MONOMER_mod_pydx5p(1),0.0,3.808414486488528e-34
formation_457405.3.peg.880-MONOMER_mod_pydx5p(1),0.0,3.0467315891908225e-33
formation_457405.3.peg.124-MONOMER_mod_mg2(1),0.0,0.0
formation_457405.3.peg.2277-MONOMER_mod_fad(1),2.676055549448028e-30,0.0
formation_457405.3.peg.316-MONOMER_mod_pydx5p(1),0.0,0.0
formation_457405.3.peg.206-MONOMER_mod_4fe4s(1)_mod_2fe2s(1),0.0,-2.8698592549372254e-42
formation_CPLX_CBPS-0_mod_mg2(1),0.0,1.365172901147084e-33
formation_CPLX_CBPS-0_mod_mn2(1),0.0,0.0
formation_CPLX_CBPS-0_mod_cobalt2(1),0.0,1.4731736124636568e-33
formation_CPLX_CBPS-0_mod_cd2(1),0.0,0.0
formation_CPLX_CBPS-0_mod_zn2(1),1.2698953911794886e-12,1.3896755552769169e-33
formation_457405.3.peg.268-MONOMER_mod_fmnh2(1),0.0,9.826562687429454e-34
formation_457405.3.peg.268-MONOMER_mod_fadh2(1),-7.445387451561056e-42,0.0
formation_457405.3.peg.1362-MONOMER_mod_pydx5p(1),0.0,1.904207243244264e-34
formation_457405.3.peg.2061-MONOMER_mod_mg2(1),1.5226608955303514e-10,1.0758746043916744e-33
formation_457405.3.peg.1707-MONOMER_mod_mg2(1),7.349581000420411e-13,0.0
formation_457405.3.peg.205-MONOMER_mod_mg2(1),0.0,0.0
formation_457405.3.peg.2181-MONOMER_mod_mg2(1),4.119709915684045e-11,1.2955299427973768e-34
formation_457405.3.peg.2355-MONOMER_mod_mg2(1),-2.466214267526883e-41,-1.2218902309747078e-34
formation_457405.3.peg.1822-MONOMER_mod_cobalt2(1)_mod_zn2(1),1.8454251749917583e-12,-5.908437264587964e-34
formation_457405.3.peg.1822-MONOMER_mod_mn2(1)_mod_zn2(1),0.0,-1.1768710715673e-33
formation_457405.3.peg.1822-MONOMER_mod_ni2(1)_mod_zn2(1),0.0,0.0
formation_457405.3.peg.2356-MONOMER_mod_mg2(1),-1.5106206188702756e-41,2.643153472365476e-34
formation_457405.3.peg.447-MONOMER_mod_cobalt2(1)_mod_nad(1),-1.2808906386356589e-41,0.0
formation_457405.3.peg.1255-MONOMER_mod_mg2(1),0.0,-1.3100510448832562e-34
formation_457405.3.peg.1255-MONOMER_mod_mn2(1),0.0,-2.4797480099581543e-34
formation_457405.3.peg.1669-MONOMER_mod_mg2(1),3.2759292241410643e-12,1.412146890352461e-33
formation_457405.3.peg.179-MONOMER_mod_zn2(1),0.0,2.3939180727754647e-34
formation_457405.3.peg.1258-MONOMER_mod_mn2(1),0.0,3.5764539415748015e-34
formation_457405.3.peg.1258-MONOMER_mod_cobalt2(1),1.610196277871351e-11,0.0
formation_457405.3.peg.1258-MONOMER_mod_mg2(1),0.0,-3.41293225286771e-34
formation_457405.3.peg.1374-MONOMER_mod_thmpp(1),0.0,0.0
formation_457405.3.peg.1462-MONOMER_mod_mg2(4),6.761296737805737e-13,-2.718581860780751e-33
formation_CPLX_ETHAAL-0_mod_adocbl(1),0.0,0.0
formation_457405.3.peg.441-MONOMER_mod_mg2(1),1.745345628804093e-30,0.0
formation_457405.3.peg.421-MONOMER_mod_mn2(1),0.0,0.0
formation_457405.3.peg.1069-MONOMER_mod_mg2(1),1.4583660450364592e-59,-2.629812510252162e-34
formation_457405.3.peg.1541-MONOMER_mod_mg2(1),0.0,-5.875350537290869e-34
formation_457405.3.peg.845-MONOMER_mod_pydx5p(1),0.0,0.0
formation_457405.3.peg.2301-MONOMER_mod_mg2(1),0.0,0.0
formation_457405.3.peg.435-MONOMER_mod_pydx5p(1),0.0,-5.729200821673521e-34
formation_457405.3.peg.1306-MONOMER_mod_mn2(1),0.0,0.0
formation_457405.3.peg.201-MONOMER_mod_pydx5p(1),0.0,0.0
formation_457405.3.peg.217-MONOMER_mod_mg2(1),6.884811831260665e-13,6.82586450573542e-34
formation_457405.3.peg.1809-MONOMER_mod_mg2(1)_mod_zn2(1),0.0,1.7275992533218036e-34
formation_457405.3.peg.2146-MONOMER_mod_mg2(1),0.0,6.327011506167428e-34
formation_457405.3.peg.2146-MONOMER_mod_mn2(1),9.454937675017463e-12,0.0
formation_457405.3.peg.1072-MONOMER_mod_mg2(1),1.0325682513149713e-12,-3.41293225286771e-34
formation_457405.3.peg.1547-MONOMER_mod_ca2(1),0.0,2.359310263764635e-34
formation_457405.3.peg.2087-MONOMER_mod_mg2(1),0.0,0.0
formation_457405.3.peg.2354-MONOMER_mod_zn2(1),-5.935049049356052e-42,-9.03289110929996e-33
formation_457405.3.peg.1765-MONOMER_mod_mn2(1),1.7966276577243272e-30,2.543228913632897e-34
formation_457405.3.peg.507-MONOMER_mod_dpm(1),0.0,-1.6197537139339433e-31
formation_457405.3.peg.759-MONOMER_mod_mg2(1),0.0,0.0
formation_457405.3.peg.1930-MONOMER_mod_mg2(1),0.0,-2.772720862594552e-34
formation_457405.3.peg.947-MONOMER_mod_mg2(1),0.0,1.365172901147084e-33
formation_457405.3.peg.337-MONOMER_mod_ni2(1),0.0,0.0
formation_457405.3.peg.1357-MONOMER_mod_mn2(1),0.0,0.0
formation_457405.3.peg.1357-MONOMER_mod_mg2(1),0.0,1.365172901147084e-33
formation_457405.3.peg.897-MONOMER_mod_mn2(1),2.9194053441401707e-11,0.0
formation_457405.3.peg.1453-MONOMER_mod_mn2(1),2.2560915296570457e-11,2.435194399120493e-34
formation_457405.3.peg.1638-MONOMER_mod_mg2(1),0.0,0.0
formation_457405.3.peg.1638-MONOMER_mod_mn2(1),0.0,0.0
formation_457405.3.peg.1638-MONOMER_mod_cobalt2(1),2.330357822547662e-11,0.0
formation_457405.3.peg.980-MONOMER_mod_k(4)_mod_mg2(1),0.0,0.0
formation_457405.3.peg.980-MONOMER_mod_k(4)_mod_mn2(1),0.0,0.0
formation_457405.3.peg.980-MONOMER_mod_k(4)_mod_cobalt2(1),0.0,0.0
formation_457405.3.peg.980-MONOMER_mod_k(4)_mod_zn2(1),8.105736452290106e-14,-7.791147624115616e-34
formation_457405.3.peg.980-MONOMER_mod_k(4)_mod_cd2(1),0.0,0.0
formation_457405.3.peg.980-MONOMER_mod_k(4)_mod_ni2(1),0.0,0.0
formation_457405.3.peg.980-MONOMER_mod_k(4)_mod_ca2(1),0.0,8.299902792779953e-34
formation_457405.3.peg.980-MONOMER_mod_nh4(4)_mod_mg2(1),0.0,0.0
formation_457405.3.peg.980-MONOMER_mod_nh4(4)_mod_mn2(1),0.0,0.0
formation_457405.3.peg.980-MONOMER_mod_nh4(4)_mod_cobalt2(1),0.0,0.0
formation_457405.3.peg.980-MONOMER_mod_nh4(4)_mod_zn2(1),0.0,0.0
formation_457405.3.peg.980-MONOMER_mod_nh4(4)_mod_cd2(1),0.0,-8.819810766303881e-34
formation_457405.3.peg.980-MONOMER_mod_nh4(4)_mod_ni2(1),0.0,8.55892320145605e-34
formation_457405.3.peg.980-MONOMER_mod_nh4(4)_mod_ca2(1),0.0,7.738827284834977e-34
formation_457405.3.peg.980-MONOMER_mod_tl(4)_mod_mg2(1),0.0,6.82586450573542e-34
formation_457405.3.peg.980-MONOMER_mod_tl(4)_mod_mn2(1),0.0,0.0
formation_457405.3.peg.980-MONOMER_mod_tl(4)_mod_cobalt2(1),0.0,0.0
formation_457405.3.peg.980-MONOMER_mod_tl(4)_mod_zn2(1),0.0,-6.9483777763845846e-34
formation_457405.3.peg.980-MONOMER_mod_tl(4)_mod_cd2(1),0.0,0.0
formation_457405.3.peg.980-MONOMER_mod_tl(4)_mod_ni2(1),0.0,0.0
formation_457405.3.peg.980-MONOMER_mod_tl(4)_mod_ca2(1),0.0,0.0
formation_457405.3.peg.980-MONOMER_mod_cs(4)_mod_mg2(1),0.0,6.82586450573542e-34
formation_457405.3.peg.980-MONOMER_mod_cs(4)_mod_mn2(1),0.0,0.0
formation_457405.3.peg.980-MONOMER_mod_cs(4)_mod_cobalt2(1),0.0,0.0
formation_457405.3.peg.980-MONOMER_mod_cs(4)_mod_zn2(1),0.0,-6.9483777763845846e-34
formation_457405.3.peg.980-MONOMER_mod_cs(4)_mod_cd2(1),0.0,0.0
formation_457405.3.peg.980-MONOMER_mod_cs(4)_mod_ni2(1),0.0,0.0
formation_457405.3.peg.980-MONOMER_mod_cs(4)_mod_ca2(1),0.0,0.0
formation_457405.3.peg.980-MONOMER_mod_na1(4)_mod_mg2(1),0.0,0.0
formation_457405.3.peg.980-MONOMER_mod_na1(4)_mod_mn2(1),0.0,8.132311155733868e-34
formation_457405.3.peg.980-MONOMER_mod_na1(4)_mod_cobalt2(1),0.0,0.0
formation_457405.3.peg.980-MONOMER_mod_na1(4)_mod_zn2(1),0.0,0.0
formation_457405.3.peg.980-MONOMER_mod_na1(4)_mod_cd2(1),0.0,0.0
formation_457405.3.peg.980-MONOMER_mod_na1(4)_mod_ni2(1),0.0,0.0
formation_457405.3.peg.980-MONOMER_mod_na1(4)_mod_ca2(1),0.0,-7.89764544481922e-34
formation_457405.3.peg.1864-MONOMER_mod_fad(1),6.94078829197932e-15,4.94368167500301e-34
formation_457405.3.peg.1866-MONOMER_mod_zn2(1)_mod_cbl1(1),7.392186308017965e-15,1.5582295248231233e-33
formation_457405.3.peg.627-MONOMER_mod_mg2(1),0.0,-3.3329416531911232e-37
formation_457405.3.peg.1054-MONOMER_mod_mg2(1),0.0,6.82586450573542e-34
formation_457405.3.peg.1380-MONOMER_mod_mg2(1),0.0,-6.82586450573542e-34
formation_457405.3.peg.1380-MONOMER_mod_mn2(1),0.0,7.152907883149603e-34
formation_457405.3.peg.646-MONOMER_mod_mg2(1),3.367803172721746e-13,0.0
formation_457405.3.peg.2276-MONOMER_mod_mg2(1),1.543241003849514e-13,2.848976605032195e-34
formation_457405.3.peg.1059-MONOMER_mod_glycyl(1),6.040013344052616e-52,2.8788185680141616e-33
formation_457405.3.peg.1815-MONOMER_mod_mg2(1),-6.853143323095783e-59,0.0
formation_457405.3.peg.824-MONOMER_mod_mg2(1),0.0,2.7372128455404324e-34
formation_457405.3.peg.58-MONOMER_mod_23bpg(1),8.377185375518512e-30,-3.7336392907295634e-33
formation_457405.3.peg.1957-MONOMER_mod_mg2(1),0.0,-2.571194290523532e-38
formation_457405.3.peg.1993-MONOMER_mod_mg2(1),0.0,-1.1787082488414423e-38
formation_457405.3.peg.626-MONOMER_mod_thmpp(1),1.516329733492558e-28,0.0
formation_457405.3.peg.941-MONOMER_mod_zn2(1),0.0,0.0
formation_457405.3.peg.33-MONOMER_mod_fmn(1),6.254767971097607e-14,1.977472670001204e-33
formation_457405.3.peg.33-MONOMER_mod_mg2(1),0.0,0.0
formation_457405.3.peg.634-MONOMER_mod_mg2(1),0.0,-4.452550776773076e-33
formation_457405.3.peg.634-MONOMER_mod_ca2(1),0.0,3.850197501331728e-33
formation_457405.3.peg.634-MONOMER_mod_mn2(1),-3.827040134802864e-30,4.213884158814997e-33
formation_457405.3.peg.142-MONOMER_mod_mg2(1),2.8451178599422653e-12,1.365172901147084e-33
formation_457405.3.peg.223-MONOMER_mod_mg2(1),2.0055947979954074e-12,1.706466126433855e-34
formation_457405.3.peg.218-MONOMER_mod_k(1)_mod_mg2(1),1.4318657721771048e-12,2.9394073518782066e-34
formation_457405.3.peg.214-MONOMER_mod_mg2(1),8.960163608086328e-13,0.0
formation_457405.3.peg.1540-MONOMER_mod_mg2(1)_mod_pi(1),0.0,0.0
formation_457405.3.peg.1540-MONOMER_mod_mn2(1)_mod_pi(1),1.391558591315874e-11,-1.3492071537909644e-34
formation_457405.3.peg.1860-MONOMER_mod_mg2(1),1.0066723377250646e-13,0.0
formation_457405.3.peg.1461-MONOMER_mod_mg2(1)_mod_k(1),0.0,6.910397013287214e-34
formation_457405.3.peg.1461-MONOMER_mod_mn2(1)_mod_k(1),0.0,5.7982069076991155e-34
formation_457405.3.peg.2278-MONOMER_mod_4fe4s(1),1.4942310593613212e-13,-1.925929958736532e-34
formation_457405.3.peg.833-MONOMER_mod_pydx5p(1),0.0,0.0
formation_457405.3.peg.773-MONOMER_mod_mg2(1),0.0,5.845013614039232e-35
formation_457405.3.peg.773-MONOMER_mod_mn2(1),0.0,0.0
formation_457405.3.peg.773-MONOMER_mod_cobalt2(1),3.492202260273203e-30,-1.1331650160439252e-34
formation_457405.3.peg.773-MONOMER_mod_fe2(1),0.0,-1.7324028255004706e-34
formation_457405.3.peg.773-MONOMER_mod_ca2(1),0.0,0.0
formation_457405.3.peg.773-MONOMER_mod_k(1),0.0,8.95408261576465e-35
formation_457405.3.peg.2028-MONOMER_mod_nad(1),0.0,-6.821449465157157e-34
formation_457405.3.peg.644-MONOMER_mod_mg2(1),0.0,3.7923498891184396e-38
formation_457405.3.peg.762-MONOMER_mod_pydx5p(1),0.0,7.616828972977056e-34
formation_457405.3.peg.1141-MONOMER_mod_pydx5p(1),1.204058181215779e-30,0.0
formation_457405.3.peg.232-MONOMER_mod_pydx5p(1),0.0,2.7408426111147115e-34
formation_457405.3.peg.1169-MONOMER_mod_mg2(1),1.392659242911218e-12,0.0
formation_457405.3.peg.2299-MONOMER_mod_nad(1),0.0,-5.7231747379529935e-34
formation_457405.3.peg.1793-MONOMER_mod_k(1)_mod_mg2(1),0.0,0.0
formation_457405.3.peg.1795-MONOMER_mod_mg2(1),0.0,1.706466126433855e-34
formation_457405.3.peg.1796-MONOMER_mod_fad(1),0.0,3.7077612562522576e-34
formation_457405.3.peg.667-MONOMER_mod_4fe4s(1),1.8263655535480164e-08,-1.4349296274686127e-42
formation_457405.3.peg.1200-MONOMER_mod_mg2(1),3.8720187470014935e-15,0.0
formation_RNAP-CPLX_mod_zn2(1)_mod_mg2(2),8.945030275117532e-08,-1.3154600143327003e-33
formation_457405.3.peg.1422-MONOMER_mod_zn2(4),3.269657138170095e-15,2.3371463855961493e-33
formation_457405.3.peg.1758-MONOMER_mod_mg2(1)_mod_k(1),7.806190771590797e-13,1.7275992533218036e-34
formation_457405.3.peg.1855-MONOMER_mod_pan4p(1),0.0,-0.24976298084538093
formation_457405.3.peg.1857-MONOMER_mod_mg2(2),7.744037494003001e-15,0.0
formation_457405.3.peg.1989-MONOMER_mod_4fe4s(1),1.2906729156671653e-15,1.9259299300379396e-34
formation_457405.3.peg.2130-MONOMER_mod_mg2(1),0.0,-1.7145662380714026e-34
formation_457405.3.peg.2266-MONOMER_mod_mg2(1),6.61944021261612e-13,4.436811928728023e-33
formation_457405.3.peg.423-MONOMER_mod_fe2(1),7.806190771590797e-13,-5.3861365737961395e-34
formation_457405.3.peg.856-MONOMER_mod_4fe4s(1),1.2906729156671653e-15,-1.4349296274686127e-42
formation_457405.3.peg.909-MONOMER_mod_mg2(6),0.0,-4.850722628366217e-34
formation_457405.3.peg.909-MONOMER_mod_lys__L(1),0.0,0.0
457405.3.peg.1378-MONOMER_to_generic_16Sm4Cm1402,1.2906729156671653e-15,8.116483533813186e-35
457405.3.peg.1991-MONOMER_to_generic_16Sm4Cm1402,0.0,-0.2313496617052885
RNA_FSDG_RS00445_to_generic_16s_rRNAs,1.0621024542549503e-07,0.0
RNA_FSDG_RS00875_to_generic_16s_rRNAs,0.0,-0.005159473805459794
RNA_FSDG_RS07800_to_generic_16s_rRNAs,0.0,0.0
RNA_FSDG_RS09455_to_generic_16s_rRNAs,0.0,-0.005159473805459794
RNA_FSDG_RS11650_to_generic_16s_rRNAs,0.0,-0.005159473805459794
RNA_FSDG_RS00460_to_generic_23s_rRNAs,0.0,-0.002488961770825067
RNA_FSDG_RS00880_to_generic_23s_rRNAs,0.0,0.0
RNA_FSDG_RS07795_to_generic_23s_rRNAs,1.0621024542549503e-07,2.3876078932800454e-33
RNA_FSDG_RS09450_to_generic_23s_rRNAs,0.0,0.0
RNA_FSDG_RS11645_to_generic_23s_rRNAs,0.0,0.0
RNA_FSDG_RS00465_to_generic_5s_rRNAs,0.0,0.0
RNA_FSDG_RS00885_to_generic_5s_rRNAs,1.0621024542549503e-07,0.0
RNA_FSDG_RS07790_to_generic_5s_rRNAs,0.0,0.0
RNA_FSDG_RS09445_to_generic_5s_rRNAs,0.0,0.0
RNA_FSDG_RS11640_to_generic_5s_rRNAs,0.0,0.0
457405.3.peg.1399-MONOMER_to_generic_Dus,0.0,0.0
457405.3.peg.909-MONOMER_to_generic_LYSINEaaRS,1.4339075936201405e-14,-3.4961158796722477e-34
457405.3.peg.909-MONOMER_mod_lys__L(1)_to_generic_LYSINEaaRS,0.0,-0.002209472011971996
457405.3.peg.909-MONOMER_mod_mg2(6)_to_generic_LYSINEaaRS,0.0,-0.0021890678745003513
CPLX_pbiosynthesis-0_to_generic_LYSINEaaRS,0.0,-65.35073662712239
457405.3.peg.1250-MONOMER_to_generic_RF,0.0,-0.0823477429883535
457405.3.peg.1805-MONOMER_to_generic_RF,7.640294819519877e-13,1.0686976583362667e-34
457405.3.peg.2130-MONOMER_to_generic_RNase,2.867815187240285e-14,0.0
457405.3.peg.2130-MONOMER_mod_mg2(1)_to_generic_RNase,0.0,-0.0003648446457500585
457405.3.peg.1655-MONOMER_to_generic_Tuf,2.275134344152476e-10,0.0
457405.3.peg.2352-MONOMER_to_generic_gly_c_ligase,1.3635046401793865e-11,0.0
457405.3.peg.2353-MONOMER_to_generic_gly_c_ligase,0.0,-1.263713622050639
CPLX_pbiosynthesis-0_to_generic_gly_c_ligase,0.0,-67.6250311043568
457405.3.peg.2293-MONOMER_to_generic_phe_ligase,1.0949595826327722e-11,1.5684269750385123e-34
457405.3.peg.2294-MONOMER_to_generic_phe_ligase,0.0,-1.4555230979382328
CPLX_pbiosynthesis-0_to_generic_phe_ligase,0.0,-67.47707870906831
transcription_RNA_dummy,4.7922756775488134e-05,5.951253851331527e-34
DM_RNA_dummy,0.0,-0.018926933615166598
translation_dummy,5.776580064595241e-05,-9.668566519840445e-34
formation_CPLX_dummy,3.535497791698028e-05,0.0
dummy_protein_to_mass,2.2410822728750196e-05,-7.836437909184455e-35
formation_CPLX_dummy_mod_2fe2s(1),0.0,0.0
formation_CPLX_dummy_mod_4fe4s(1),2.2194282325883281e-16,0.0
12PPDSDH_REV_CPLX_12PPDSDH-0,0.0,-2.703396414628931e-08
12PPDSDH_FWD_CPLX_12PPDSDH-0,0.0,2.8302146773096126e-42
15DAPt_REV_CPLX_dummy,0.0,-2.430411323307889e-08
15DAPt_FWD_CPLX_dummy,0.0,6.238747773547168e-42
2HYDOGCOAD_REV_CPLX_dummy,0.0,-2.430411323307889e-08
2HYDOGCOAD_FWD_CPLX_dummy,-1.6566944528436165e-56,-1.7661963656969087e-42
2HYDOGCOAT_REV_CPLX_dummy,0.0,-2.430411323307889e-08
2HYDOGCOAT_FWD_CPLX_dummy,0.0,-2.0526151574300697e-40
2HYDOGDH_REV_CPLX_dummy,0.0,-9.438382127059467e-36
2HYDOGDH_FWD_CPLX_dummy,0.0,-2.430411323307889e-08
2MBCOATA_REV_457405.3.peg.1854-MONOMER,0.0,-2.137177312011713e-08
2MBCOATA_FWD_457405.3.peg.1854-MONOMER,7.201584045511948e-57,2.9050888079364914e-40
35DACAPDH_REV_CPLX_dummy,0.0,-2.430411323307889e-08
35DACAPDH_FWD_CPLX_dummy,3.3352315104025116e-57,2.775604467216187e-38
36DAHXI_REV_CPLX_36DAHXI-0,0.0,-2.766195424519949e-08
36DAHXI_FWD_CPLX_36DAHXI-0,3.539022014676146e-57,-2.0669889234571383e-42
3ABUTCOAL_REV_CPLX_dummy,0.0,-2.430411323307889e-08
3ABUTCOAL_FWD_CPLX_dummy,0.0,-4.562748014618455e-40
3HACPR1_REV_457405.3.peg.384-MONOMER,0.0,-2.010201807352611e-08
3HACPR1_FWD_457405.3.peg.384-MONOMER,0.0,9.6854061333862e-40
3HACPR2_REV_457405.3.peg.384-MONOMER,0.0,-2.010201807352611e-08
3HACPR2_FWD_457405.3.peg.384-MONOMER,0.0,1.2374880068210648e-40
3HAD100_REV_457405.3.peg.795-MONOMER,0.0,-1.785619475281713e-08
3HAD100_FWD_457405.3.peg.795-MONOMER,0.0,1.0904712447412353e-42
3HAD10M11_REV_457405.3.peg.795-MONOMER,0.0,-1.7856194713639393e-08
3HAD10M11_FWD_457405.3.peg.795-MONOMER,0.0,1.0904712447412353e-42
3HAD10M12_REV_457405.3.peg.795-MONOMER,0.0,-1.7856194713639393e-08
3HAD10M12_FWD_457405.3.peg.795-MONOMER,0.0,1.0904712447412353e-42
3HAD11M12_REV_457405.3.peg.795-MONOMER,0.0,-1.7856194713639393e-08
3HAD11M12_FWD_457405.3.peg.795-MONOMER,0.0,1.0904712447412353e-42
3HAD120_REV_457405.3.peg.795-MONOMER,0.0,-1.785619475281713e-08
3HAD120_FWD_457405.3.peg.795-MONOMER,0.0,1.0904712447412353e-42
3HAD12M13_REV_457405.3.peg.795-MONOMER,0.0,-1.7856194713639393e-08
3HAD12M13_FWD_457405.3.peg.795-MONOMER,0.0,1.0904712447412353e-42
3HAD12M14_REV_457405.3.peg.795-MONOMER,0.0,-1.7856194713639393e-08
3HAD12M14_FWD_457405.3.peg.795-MONOMER,0.0,1.0904712447412353e-42
3HAD13M14_REV_457405.3.peg.795-MONOMER,0.0,-1.7856194713639393e-08
3HAD13M14_FWD_457405.3.peg.795-MONOMER,0.0,1.0904712447412353e-42
3HAD140_REV_457405.3.peg.795-MONOMER,0.0,-1.7856232346799226e-08
3HAD140_FWD_457405.3.peg.795-MONOMER,0.0,2.976986498143572e-40
3HAD14M15_REV_457405.3.peg.795-MONOMER,0.0,-1.7856194713639393e-08
3HAD14M15_FWD_457405.3.peg.795-MONOMER,0.0,1.0904712447412353e-42
3HAD14M16_REV_457405.3.peg.795-MONOMER,0.0,-1.7856194713639393e-08
3HAD14M16_FWD_457405.3.peg.795-MONOMER,0.0,1.0904712447412353e-42
3HAD15M16_REV_457405.3.peg.795-MONOMER,0.0,-1.7856194713639393e-08
3HAD15M16_FWD_457405.3.peg.795-MONOMER,0.0,1.0904712447412353e-42
3HAD160_REV_457405.3.peg.795-MONOMER,0.0,-1.785619475281713e-08
3HAD160_FWD_457405.3.peg.795-MONOMER,0.0,1.0904712447412353e-42
3HAD180_REV_457405.3.peg.795-MONOMER,0.0,-1.785619475281713e-08
3HAD180_FWD_457405.3.peg.795-MONOMER,0.0,1.0904712447412353e-42
3HAD40_REV_457405.3.peg.795-MONOMER,0.0,-1.785619475281713e-08
3HAD40_FWD_457405.3.peg.795-MONOMER,0.0,1.0904712447412353e-42
3HAD4M5_REV_457405.3.peg.795-MONOMER,0.0,-1.7856194713639393e-08
3HAD4M5_FWD_457405.3.peg.795-MONOMER,-1.073314949217928e-55,1.0904712447412353e-42
3HAD4M6_REV_457405.3.peg.795-MONOMER,0.0,-1.7856194713639393e-08
3HAD4M6_FWD_457405.3.peg.795-MONOMER,0.0,1.0904712447412353e-42
3HAD5M6_REV_457405.3.peg.795-MONOMER,0.0,-1.7856194713639393e-08
3HAD5M6_FWD_457405.3.peg.795-MONOMER,0.0,1.0904712447412353e-42
3HAD60_REV_457405.3.peg.795-MONOMER,0.0,-1.785619475281713e-08
3HAD60_FWD_457405.3.peg.795-MONOMER,0.0,1.0904712447412353e-42
3HAD6M7_REV_457405.3.peg.795-MONOMER,0.0,-1.7856194713639393e-08
3HAD6M7_FWD_457405.3.peg.795-MONOMER,0.0,1.0904712447412353e-42
3HAD6M8_REV_457405.3.peg.795-MONOMER,0.0,-1.7856194713639393e-08
3HAD6M8_FWD_457405.3.peg.795-MONOMER,0.0,1.0904712447412353e-42
3HAD7M8_REV_457405.3.peg.795-MONOMER,0.0,-1.7856194713639393e-08
3HAD7M8_FWD_457405.3.peg.795-MONOMER,0.0,1.0904712447412353e-42
3HAD80_REV_457405.3.peg.795-MONOMER,0.0,-1.785619475281713e-08
3HAD80_FWD_457405.3.peg.795-MONOMER,0.0,1.0904712447412353e-42
3HAD8M10_REV_457405.3.peg.795-MONOMER,0.0,-1.7856194713639393e-08
3HAD8M10_FWD_457405.3.peg.795-MONOMER,0.0,1.0904712447412353e-42
3HAD8M9_REV_457405.3.peg.795-MONOMER,0.0,-1.7856194713639393e-08
3HAD8M9_FWD_457405.3.peg.795-MONOMER,0.0,1.0904712447412353e-42
3HAD9M10_REV_457405.3.peg.795-MONOMER,0.0,-1.7856194713639393e-08
3HAD9M10_FWD_457405.3.peg.795-MONOMER,0.0,1.0904712447412353e-42
3OAACPR1_REV_457405.3.peg.384-MONOMER,0.0,-2.010201807352611e-08
3OAACPR1_FWD_457405.3.peg.384-MONOMER,0.0,2.2851299471005285e-40
3OAACPR2_REV_457405.3.peg.384-MONOMER,0.0,-2.010201807352611e-08
3OAACPR2_FWD_457405.3.peg.384-MONOMER,0.0,-3.623892946411949e-40
3OAR100_REV_457405.3.peg.378-MONOMER,0.0,-1.1234154943299045e-10
3OAR100_FWD_457405.3.peg.378-MONOMER,0.0,-2.026564657190594e-08
3OAR100_REV_457405.3.peg.1933-MONOMER,0.0,-2.0213246271826266e-10
3OAR100_FWD_457405.3.peg.1933-MONOMER,0.0,-2.0355437485191212e-08
3OAR100_REV_457405.3.peg.885-MONOMER,0.0,-1.3207467062460952e-40
3OAR100_FWD_457405.3.peg.885-MONOMER,0.0,-2.015330502247295e-08
3OAR10M11_REV_457405.3.peg.378-MONOMER,0.0,-2.026564535962444e-08
3OAR10M11_FWD_457405.3.peg.378-MONOMER,0.0,-1.1234154943299045e-10
3OAR10M11_REV_457405.3.peg.1933-MONOMER,0.0,-2.0355436272909714e-08
3OAR10M11_FWD_457405.3.peg.1933-MONOMER,0.0,-2.0213246271826266e-10
3OAR10M11_REV_457405.3.peg.885-MONOMER,0.0,-2.015330381019145e-08
3OAR10M11_FWD_457405.3.peg.885-MONOMER,0.0,5.097618866213e-40
3OAR10M12_REV_457405.3.peg.378-MONOMER,0.0,-1.1234154943299045e-10
3OAR10M12_FWD_457405.3.peg.378-MONOMER,0.0,-2.026564535962444e-08
3OAR10M12_REV_457405.3.peg.1933-MONOMER,0.0,-2.0213246271826266e-10
3OAR10M12_FWD_457405.3.peg.1933-MONOMER,0.0,-2.0355436272909714e-08
3OAR10M12_REV_457405.3.peg.885-MONOMER,0.0,-8.34155814471218e-41
3OAR10M12_FWD_457405.3.peg.885-MONOMER,0.0,-2.015330381019145e-08
3OAR11M12_REV_457405.3.peg.378-MONOMER,0.0,-1.1234154943299045e-10
3OAR11M12_FWD_457405.3.peg.378-MONOMER,0.0,-2.026564535962444e-08
3OAR11M12_REV_457405.3.peg.1933-MONOMER,0.0,-2.0213246271826266e-10
3OAR11M12_FWD_457405.3.peg.1933-MONOMER,0.0,-2.0355436272909714e-08
3OAR11M12_REV_457405.3.peg.885-MONOMER,0.0,-8.34155814471218e-41
3OAR11M12_FWD_457405.3.peg.885-MONOMER,0.0,-2.015330381019145e-08
3OAR120_REV_457405.3.peg.378-MONOMER,0.0,-1.1234154943299045e-10
3OAR120_FWD_457405.3.peg.378-MONOMER,0.0,-2.026564657190594e-08
3OAR120_REV_457405.3.peg.1933-MONOMER,0.0,-2.0213246271826266e-10
3OAR120_FWD_457405.3.peg.1933-MONOMER,0.0,-2.0355437485191212e-08
3OAR120_REV_457405.3.peg.885-MONOMER,0.0,-1.3207467062460952e-40
3OAR120_FWD_457405.3.peg.885-MONOMER,0.0,-2.015330502247295e-08
3OAR12M13_REV_457405.3.peg.378-MONOMER,0.0,-1.1234154943299045e-10
3OAR12M13_FWD_457405.3.peg.378-MONOMER,0.0,-2.026564535962444e-08
3OAR12M13_REV_457405.3.peg.1933-MONOMER,0.0,-2.0213246271826266e-10
3OAR12M13_FWD_457405.3.peg.1933-MONOMER,0.0,-2.0355436272909714e-08
3OAR12M13_REV_457405.3.peg.885-MONOMER,0.0,-8.34155814471218e-41
3OAR12M13_FWD_457405.3.peg.885-MONOMER,0.0,-2.015330381019145e-08
3OAR12M14_REV_457405.3.peg.378-MONOMER,0.0,-1.1234154943299045e-10
3OAR12M14_FWD_457405.3.peg.378-MONOMER,0.0,-2.026564535962444e-08
3OAR12M14_REV_457405.3.peg.1933-MONOMER,0.0,-2.0213246271826266e-10
3OAR12M14_FWD_457405.3.peg.1933-MONOMER,0.0,-2.0355436272909714e-08
3OAR12M14_REV_457405.3.peg.885-MONOMER,0.0,-8.34155814471218e-41
3OAR12M14_FWD_457405.3.peg.885-MONOMER,0.0,-2.015330381019145e-08
3OAR13M14_REV_457405.3.peg.378-MONOMER,0.0,-1.1234154943299045e-10
3OAR13M14_FWD_457405.3.peg.378-MONOMER,0.0,-2.026564535962444e-08
3OAR13M14_REV_457405.3.peg.1933-MONOMER,0.0,-2.0213246271826266e-10
3OAR13M14_FWD_457405.3.peg.1933-MONOMER,0.0,-2.0355436272909714e-08
3OAR13M14_REV_457405.3.peg.885-MONOMER,0.0,-8.34155814471218e-41
3OAR13M14_FWD_457405.3.peg.885-MONOMER,0.0,-2.015330381019145e-08
3OAR140_REV_457405.3.peg.378-MONOMER,0.0,-1.1234154943299045e-10
3OAR140_FWD_457405.3.peg.378-MONOMER,0.0,-2.0265684165888037e-08
3OAR140_REV_457405.3.peg.1933-MONOMER,0.0,-2.0213246271826266e-10
3OAR140_FWD_457405.3.peg.1933-MONOMER,0.0,-2.035547507917331e-08
3OAR140_REV_457405.3.peg.885-MONOMER,0.0,-1.2697705175839653e-39
3OAR140_FWD_457405.3.peg.885-MONOMER,0.0,-2.0153342616455046e-08
3OAR14M15_REV_457405.3.peg.378-MONOMER,0.0,-1.1234154943299045e-10
3OAR14M15_FWD_457405.3.peg.378-MONOMER,0.0,-2.026564535962444e-08
3OAR14M15_REV_457405.3.peg.1933-MONOMER,0.0,-2.0213246271826266e-10
3OAR14M15_FWD_457405.3.peg.1933-MONOMER,0.0,-2.0355436272909714e-08
3OAR14M15_REV_457405.3.peg.885-MONOMER,0.0,-8.34155814471218e-41
3OAR14M15_FWD_457405.3.peg.885-MONOMER,0.0,-2.015330381019145e-08
3OAR14M16_REV_457405.3.peg.378-MONOMER,0.0,-1.1234154943299045e-10
3OAR14M16_FWD_457405.3.peg.378-MONOMER,0.0,-2.026564535962444e-08
3OAR14M16_REV_457405.3.peg.1933-MONOMER,0.0,-2.0213246271826266e-10
3OAR14M16_FWD_457405.3.peg.1933-MONOMER,0.0,-2.0355436272909714e-08
3OAR14M16_REV_457405.3.peg.885-MONOMER,5.051225018306652e-56,-6.765930495155435e-40
3OAR14M16_FWD_457405.3.peg.885-MONOMER,0.0,-2.015330381019145e-08
3OAR15M16_REV_457405.3.peg.378-MONOMER,0.0,-1.1234154943299045e-10
3OAR15M16_FWD_457405.3.peg.378-MONOMER,0.0,-2.026564535962444e-08
3OAR15M16_REV_457405.3.peg.1933-MONOMER,0.0,-2.0213246271826266e-10
3OAR15M16_FWD_457405.3.peg.1933-MONOMER,0.0,-2.0355436272909714e-08
3OAR15M16_REV_457405.3.peg.885-MONOMER,0.0,1.7438583405397127e-36
3OAR15M16_FWD_457405.3.peg.885-MONOMER,0.0,-2.015330381019145e-08
3OAR160_REV_457405.3.peg.378-MONOMER,0.0,-1.1234154943299045e-10
3OAR160_FWD_457405.3.peg.378-MONOMER,0.0,-2.026564657190594e-08
3OAR160_REV_457405.3.peg.1933-MONOMER,0.0,-2.0213246271826266e-10
3OAR160_FWD_457405.3.peg.1933-MONOMER,0.0,-2.0355437485191212e-08
3OAR160_REV_457405.3.peg.885-MONOMER,0.0,5.04015479899387e-38
3OAR160_FWD_457405.3.peg.885-MONOMER,0.0,-2.015330502247295e-08
3OAR180_REV_457405.3.peg.378-MONOMER,0.0,-1.1234154943299045e-10
3OAR180_FWD_457405.3.peg.378-MONOMER,0.0,-2.026564657190594e-08
3OAR180_REV_457405.3.peg.1933-MONOMER,0.0,-2.0213246271826266e-10
3OAR180_FWD_457405.3.peg.1933-MONOMER,0.0,-2.0355437485191212e-08
3OAR180_REV_457405.3.peg.885-MONOMER,0.0,-1.2975757113996725e-40
3OAR180_FWD_457405.3.peg.885-MONOMER,0.0,-2.015330502247295e-08
3OAR40_REV_457405.3.peg.378-MONOMER,0.0,-1.1234154943299045e-10
3OAR40_FWD_457405.3.peg.378-MONOMER,0.0,-2.026564657190594e-08
3OAR40_REV_457405.3.peg.1933-MONOMER,0.0,-2.0213246271826266e-10
3OAR40_FWD_457405.3.peg.1933-MONOMER,0.0,-2.0355437485191212e-08
3OAR40_REV_457405.3.peg.885-MONOMER,0.0,7.184491346061215e-37
3OAR40_FWD_457405.3.peg.885-MONOMER,0.0,-2.015330502247295e-08
3OAR4M5_REV_457405.3.peg.378-MONOMER,0.0,-2.026564535962444e-08
3OAR4M5_FWD_457405.3.peg.378-MONOMER,0.0,-1.1234154943299045e-10
3OAR4M5_REV_457405.3.peg.1933-MONOMER,0.0,-2.0355436272909714e-08
3OAR4M5_FWD_457405.3.peg.1933-MONOMER,0.0,-2.0213246271826266e-10
3OAR4M5_REV_457405.3.peg.885-MONOMER,0.0,-2.015330381019145e-08
3OAR4M5_FWD_457405.3.peg.885-MONOMER,-1.0102450036613303e-55,-1.862947985652387e-39
3OAR4M6_REV_457405.3.peg.378-MONOMER,0.0,-2.026564535962444e-08
3OAR4M6_FWD_457405.3.peg.378-MONOMER,0.0,-1.1234154943299045e-10
3OAR4M6_REV_457405.3.peg.1933-MONOMER,0.0,-2.0355436272909714e-08
3OAR4M6_FWD_457405.3.peg.1933-MONOMER,0.0,-2.0213246271826266e-10
3OAR4M6_REV_457405.3.peg.885-MONOMER,0.0,-2.015330381019145e-08
3OAR4M6_FWD_457405.3.peg.885-MONOMER,0.0,-1.862947985652387e-39
3OAR5M6_REV_457405.3.peg.378-MONOMER,0.0,-2.026564535962444e-08
3OAR5M6_FWD_457405.3.peg.378-MONOMER,0.0,-1.1234154943299045e-10
3OAR5M6_REV_457405.3.peg.1933-MONOMER,0.0,-2.0355436272909714e-08
3OAR5M6_FWD_457405.3.peg.1933-MONOMER,0.0,-2.0213246271826266e-10
3OAR5M6_REV_457405.3.peg.885-MONOMER,0.0,-2.015330381019145e-08
3OAR5M6_FWD_457405.3.peg.885-MONOMER,0.0,5.097618866213e-40
3OAR60_REV_457405.3.peg.378-MONOMER,0.0,-1.1234154943299045e-10
3OAR60_FWD_457405.3.peg.378-MONOMER,0.0,-2.026564657190594e-08
3OAR60_REV_457405.3.peg.1933-MONOMER,0.0,-2.0213246271826266e-10
3OAR60_FWD_457405.3.peg.1933-MONOMER,0.0,-2.0355437485191212e-08
3OAR60_REV_457405.3.peg.885-MONOMER,0.0,-1.2975757113996725e-40
3OAR60_FWD_457405.3.peg.885-MONOMER,0.0,-2.015330502247295e-08
3OAR6M7_REV_457405.3.peg.378-MONOMER,0.0,-1.1234154943299045e-10
3OAR6M7_FWD_457405.3.peg.378-MONOMER,0.0,-2.026564535962444e-08
3OAR6M7_REV_457405.3.peg.1933-MONOMER,0.0,-2.0213246271826266e-10
3OAR6M7_FWD_457405.3.peg.1933-MONOMER,0.0,-2.0355436272909714e-08
3OAR6M7_REV_457405.3.peg.885-MONOMER,0.0,-8.34155814471218e-41
3OAR6M7_FWD_457405.3.peg.885-MONOMER,0.0,-2.015330381019145e-08
3OAR6M8_REV_457405.3.peg.378-MONOMER,0.0,-1.1234154943299045e-10
3OAR6M8_FWD_457405.3.peg.378-MONOMER,0.0,-2.026564535962444e-08
3OAR6M8_REV_457405.3.peg.1933-MONOMER,0.0,-2.0213246271826266e-10
3OAR6M8_FWD_457405.3.peg.1933-MONOMER,0.0,-2.0355436272909714e-08
3OAR6M8_REV_457405.3.peg.885-MONOMER,0.0,-8.34155814471218e-41
3OAR6M8_FWD_457405.3.peg.885-MONOMER,0.0,-2.015330381019145e-08
3OAR7M8_REV_457405.3.peg.378-MONOMER,0.0,-1.1234154943299045e-10
3OAR7M8_FWD_457405.3.peg.378-MONOMER,0.0,-2.026564535962444e-08
3OAR7M8_REV_457405.3.peg.1933-MONOMER,0.0,-2.0213246271826266e-10
3OAR7M8_FWD_457405.3.peg.1933-MONOMER,0.0,-2.0355436272909714e-08
3OAR7M8_REV_457405.3.peg.885-MONOMER,0.0,-8.34155814471218e-41
3OAR7M8_FWD_457405.3.peg.885-MONOMER,0.0,-2.015330381019145e-08
3OAR80_REV_457405.3.peg.378-MONOMER,0.0,-1.1234154943299045e-10
3OAR80_FWD_457405.3.peg.378-MONOMER,0.0,-2.026564657190594e-08
3OAR80_REV_457405.3.peg.1933-MONOMER,0.0,-2.0213246271826266e-10
3OAR80_FWD_457405.3.peg.1933-MONOMER,0.0,-2.0355437485191212e-08
3OAR80_REV_457405.3.peg.885-MONOMER,0.0,-1.2975757113996725e-40
3OAR80_FWD_457405.3.peg.885-MONOMER,0.0,-2.015330502247295e-08
3OAR8M10_REV_457405.3.peg.378-MONOMER,0.0,-1.1234154943299045e-10
3OAR8M10_FWD_457405.3.peg.378-MONOMER,0.0,-2.026564535962444e-08
3OAR8M10_REV_457405.3.peg.1933-MONOMER,0.0,-2.0213246271826266e-10
3OAR8M10_FWD_457405.3.peg.1933-MONOMER,0.0,-2.0355436272909714e-08
3OAR8M10_REV_457405.3.peg.885-MONOMER,0.0,-8.34155814471218e-41
3OAR8M10_FWD_457405.3.peg.885-MONOMER,0.0,-2.015330381019145e-08
3OAR8M9_REV_457405.3.peg.378-MONOMER,0.0,-1.1234154943299045e-10
3OAR8M9_FWD_457405.3.peg.378-MONOMER,0.0,-2.026564535962444e-08
3OAR8M9_REV_457405.3.peg.1933-MONOMER,0.0,-2.0213246271826266e-10
3OAR8M9_FWD_457405.3.peg.1933-MONOMER,0.0,-2.0355436272909714e-08
3OAR8M9_REV_457405.3.peg.885-MONOMER,0.0,-8.34155814471218e-41
3OAR8M9_FWD_457405.3.peg.885-MONOMER,0.0,-2.015330381019145e-08
3OAR9M10_REV_457405.3.peg.378-MONOMER,0.0,-1.1234154943299045e-10
3OAR9M10_FWD_457405.3.peg.378-MONOMER,0.0,-2.026564535962444e-08
3OAR9M10_REV_457405.3.peg.1933-MONOMER,0.0,-2.0213246271826266e-10
3OAR9M10_FWD_457405.3.peg.1933-MONOMER,0.0,-2.0355436272909714e-08
3OAR9M10_REV_457405.3.peg.885-MONOMER,0.0,-8.34155814471218e-41
3OAR9M10_FWD_457405.3.peg.885-MONOMER,0.0,-2.015330381019145e-08
3OAS100_REV_CPLX_3OAS100-0,0.0,-2.6736054476159015e-08
3OAS100_FWD_CPLX_3OAS100-0,0.0,4.9845002300202375e-40
3OAS10M11_REV_CPLX_3OAS100-0,0.0,-2.6736057751311084e-08
3OAS10M11_FWD_CPLX_3OAS100-0,0.0,2.81437768089578e-40
3OAS10M12_REV_CPLX_3OAS100-0,0.0,-2.6736057751311084e-08
3OAS10M12_FWD_CPLX_3OAS100-0,0.0,2.81437768089578e-40
3OAS11M12_REV_CPLX_3OAS100-0,0.0,-2.6736057751311084e-08
3OAS11M12_FWD_CPLX_3OAS100-0,0.0,2.81437768089578e-40
3OAS120_REV_CPLX_3OAS100-0,0.0,-2.6736054476159015e-08
3OAS120_FWD_CPLX_3OAS100-0,0.0,4.9845002300202375e-40
3OAS12M13_REV_CPLX_3OAS100-0,0.0,2.972526544608685e-06
3OAS12M13_FWD_CPLX_3OAS100-0,0.0,-2.999262602359996e-06
3OAS12M14_REV_CPLX_3OAS100-0,0.0,2.972526544608685e-06
3OAS12M14_FWD_CPLX_3OAS100-0,0.0,-2.999262602359996e-06
3OAS13M14_REV_CPLX_3OAS100-0,0.0,2.972526544608685e-06
3OAS13M14_FWD_CPLX_3OAS100-0,0.0,-2.999262602359996e-06
3OAS140_REV_CPLX_3OAS100-0,0.0,3.97958951451952e-07
3OAS140_FWD_CPLX_3OAS100-0,0.0,-4.246950486830114e-07
3OAS160_REV_CPLX_3OAS100-0,0.0,2.971060328482964e-06
3OAS160_FWD_CPLX_3OAS100-0,0.0,-2.9977964193885147e-06
3OAS180_REV_CPLX_3OAS100-0,0.0,2.983212384951831e-06
3OAS180_FWD_CPLX_3OAS100-0,0.0,-3.009948476005054e-06
3OAS2M3_REV_CPLX_3OAS100-0,0.0,-2.6736057751311084e-08
3OAS2M3_FWD_CPLX_3OAS100-0,-1.3806929328538903e-55,7.1546227791446945e-40
3OAS3M4_REV_CPLX_3OAS100-0,0.0,-2.6736057751311084e-08
3OAS3M4_FWD_CPLX_3OAS100-0,0.0,-1.5258674173531338e-40
3OAS4M3O6_REV_CPLX_3OAS100-0,0.0,-2.6736057751311084e-08
3OAS4M3O6_FWD_CPLX_3OAS100-0,0.0,7.1546227791446945e-40
3OAS4M5_REV_CPLX_3OAS100-0,0.0,-2.6736057751311084e-08
3OAS4M5_FWD_CPLX_3OAS100-0,0.0,2.81437768089578e-40
3OAS4M6_REV_CPLX_3OAS100-0,0.0,-2.6736057751311084e-08
3OAS4M6_FWD_CPLX_3OAS100-0,0.0,2.81437768089578e-40
3OAS5M6_REV_CPLX_3OAS100-0,0.0,-2.6736057751311084e-08
3OAS5M6_FWD_CPLX_3OAS100-0,0.0,2.81437768089578e-40
3OAS60_REV_CPLX_3OAS100-0,0.0,-2.6736054476159015e-08
3OAS60_FWD_CPLX_3OAS100-0,0.0,4.71323491137968e-40
3OAS6M7_REV_CPLX_3OAS100-0,0.0,-2.6736057751311084e-08
3OAS6M7_FWD_CPLX_3OAS100-0,0.0,2.81437768089578e-40
3OAS6M8_REV_CPLX_3OAS100-0,0.0,-2.6736057751311084e-08
3OAS6M8_FWD_CPLX_3OAS100-0,0.0,2.81437768089578e-40
3OAS7M8_REV_CPLX_3OAS100-0,0.0,-2.6736057751311084e-08
3OAS7M8_FWD_CPLX_3OAS100-0,0.0,2.81437768089578e-40
3OAS80_REV_CPLX_3OAS100-0,0.0,-2.6736054476159015e-08
3OAS80_FWD_CPLX_3OAS100-0,0.0,4.71323491137968e-40
3OAS8M10_REV_CPLX_3OAS100-0,0.0,-2.6736057751311084e-08
3OAS8M10_FWD_CPLX_3OAS100-0,0.0,2.81437768089578e-40
3OAS8M9_REV_CPLX_3OAS100-0,0.0,-2.6736057751311084e-08
3OAS8M9_FWD_CPLX_3OAS100-0,0.0,2.81437768089578e-40
3OAS9M10_REV_CPLX_3OAS100-0,0.0,-2.6736057751311084e-08
3OAS9M10_FWD_CPLX_3OAS100-0,0.0,2.81437768089578e-40
5A3OHEXCLE_REV_CPLX_dummy,0.0,-2.430411323307889e-08
5A3OHEXCLE_FWD_CPLX_dummy,0.0,6.742667126388476e-40
5AIZCDC_REV_457405.3.peg.215-MONOMER,0.0,2.562714019004814e-07
5AIZCDC_FWD_457405.3.peg.215-MONOMER,0.0,-2.873734140265562e-07
A5PISO_REV_457405.3.peg.374-MONOMER,0.0,4.906207167942471e-41
A5PISO_FWD_457405.3.peg.374-MONOMER,0.0,-3.1364850221104685e-08
AACPS7_REV_CPLX_dummy,0.0,-2.430415857273319e-08
AACPS7_FWD_CPLX_dummy,0.0,-2.216972694840864e-40
AADSACYCL_REV_CPLX_dummy,0.0,-2.430411323307889e-08
AADSACYCL_FWD_CPLX_dummy,0.0,-1.7661963656969087e-42
ACACT1r_REV_457405.3.peg.884-MONOMER,2.7626243170725355e-34,-2.5035756720500624e-39
ACACT1r_FWD_457405.3.peg.884-MONOMER,0.0,-2.3282491148029735e-08
ACACT2r_REV_457405.3.peg.884-MONOMER,0.0,-7.897782218078633e-41
ACACT2r_FWD_457405.3.peg.884-MONOMER,0.0,-2.3282491148029735e-08
ACACT3r_REV_457405.3.peg.884-MONOMER,0.0,-7.897782218078633e-41
ACACT3r_FWD_457405.3.peg.884-MONOMER,0.0,-2.3282491148029735e-08
ACACT4r_REV_457405.3.peg.884-MONOMER,0.0,-7.897782218078633e-41
ACACT4r_FWD_457405.3.peg.884-MONOMER,0.0,-2.3282491148029735e-08
ACACT5r_REV_457405.3.peg.884-MONOMER,0.0,-7.897782218078633e-41
ACACT5r_FWD_457405.3.peg.884-MONOMER,0.0,-2.3282491148029735e-08
ACACT6r_REV_457405.3.peg.884-MONOMER,0.0,-7.897782218078633e-41
ACACT6r_FWD_457405.3.peg.884-MONOMER,0.0,-2.3282491148029735e-08
ACACT7r_REV_457405.3.peg.884-MONOMER,0.0,-7.897782218078633e-41
ACACT7r_FWD_457405.3.peg.884-MONOMER,0.0,-2.3282491148029735e-08
ACACt2_REV_457405.3.peg.2123-MONOMER,0.0,-2.3710814324284992e-08
ACACt2_FWD_457405.3.peg.2123-MONOMER,0.0,-1.1297257873742478e-41
ACBIPGT_REV_457405.3.peg.363-MONOMER,0.0,-2.2867585024867498e-08
ACBIPGT_FWD_457405.3.peg.363-MONOMER,0.0,4.538161422177648e-40
ACCOAC_REV_457405.3.peg.1911-MONOMER,0.0,-1.7488566232725008e-08
ACCOAC_FWD_457405.3.peg.1911-MONOMER,-6.844336534959047e-25,1.2319181932211317e-39
ACCOACL_REV_457405.3.peg.1915-MONOMER,0.0,-2.5266518507120838e-08
ACCOACL_FWD_457405.3.peg.1915-MONOMER,0.0,2.3536473346276977e-40
ACCOACL_REV_CPLX_ACCOACL-0,0.0,-2.549059361377772e-08
ACCOACL_FWD_CPLX_ACCOACL-0,0.0,-2.2407510665688578e-10
ACCOAT_REV_457405.3.peg.490-MONOMER,0.0,-2.3511204043701434e-08
ACCOAT_FWD_457405.3.peg.490-MONOMER,0.0,5.203515384290922e-41
ACGApts_REV_CPLX_ACGApts-1,0.0,-3.0486503762853924e-08
ACGApts_FWD_CPLX_ACGApts-1,0.0009182338208182602,-3.4366140198171535e-41
ACGApts_REV_CPLX_ACGApts-0,0.0,-3.316806445217421e-08
ACGApts_FWD_CPLX_ACGApts-0,0.0,-2.6815606893202837e-09
ACKr_REV_457405.3.peg.625-MONOMER,1.3168255722226037,5.618107641922237e-41
ACKr_FWD_457405.3.peg.625-MONOMER,0.0,-2.336317372012279e-08
ACOAAGPAT140_REV_457405.3.peg.636-MONOMER,0.0,-2.7739028446024988e-08
ACOAAGPAT140_FWD_457405.3.peg.636-MONOMER,0.0,3.721118689047145e-40
ACOAAGPAT160_REV_457405.3.peg.636-MONOMER,0.0,-2.7739028446024988e-08
ACOAAGPAT160_FWD_457405.3.peg.636-MONOMER,0.0,3.721118689047145e-40
ACOAAGPAT180_REV_457405.3.peg.636-MONOMER,0.0,-2.7739028446024988e-08
ACOAAGPAT180_FWD_457405.3.peg.636-MONOMER,0.0,3.721118689047145e-40
ACOAAGPATAI15_REV_457405.3.peg.636-MONOMER,0.0,4.6800696084019226e-07
ACOAAGPATAI15_FWD_457405.3.peg.636-MONOMER,0.0,-4.957459892862172e-07
ACOAAGPATAI17_REV_457405.3.peg.636-MONOMER,0.0,-2.7739028446024988e-08
ACOAAGPATAI17_FWD_457405.3.peg.636-MONOMER,0.0,-2.601490056944464e-40
ACOAAGPATI14_REV_457405.3.peg.636-MONOMER,0.0,4.6800696084019226e-07
ACOAAGPATI14_FWD_457405.3.peg.636-MONOMER,0.0,-4.957459892862172e-07
ACOAAGPATI15_REV_457405.3.peg.636-MONOMER,0.0,4.6800696084019226e-07
ACOAAGPATI15_FWD_457405.3.peg.636-MONOMER,0.0,-4.957459892862172e-07
ACOAAGPATI16_REV_457405.3.peg.636-MONOMER,0.0,4.6800696084019226e-07
ACOAAGPATI16_FWD_457405.3.peg.636-MONOMER,0.0,-4.957459892862172e-07
ACOAAGPATI17_REV_457405.3.peg.636-MONOMER,0.0,-2.7739028446024988e-08
ACOAAGPATI17_FWD_457405.3.peg.636-MONOMER,0.0,-5.235910367774301e-40
ACOAD1i_REV_CPLX_dummy,0.0,-2.430411323307889e-08
ACOAD1i_FWD_CPLX_dummy,1.339742256324042,1.206307749481551e-40
ACOAD20_REV_457405.3.peg.131-MONOMER,0.0,-2.2867861096839677e-08
ACOAD20_FWD_457405.3.peg.131-MONOMER,0.0,-2.187617993019952e-10
ACOAD20_REV_457405.3.peg.1675-MONOMER,0.0,-2.2649099297537682e-08
ACOAD20_FWD_457405.3.peg.1675-MONOMER,0.0,6.913417111530262e-42
ACOAD20_REV_457405.3.peg.1147-MONOMER,0.0,-2.420519871594815e-08
ACOAD20_FWD_457405.3.peg.1147-MONOMER,0.0,-1.5560994184104696e-09
ACOADH2_REV_457405.3.peg.131-MONOMER,0.0,-2.2867861096839677e-08
ACOADH2_FWD_457405.3.peg.131-MONOMER,0.0,-2.187617993019952e-10
ACOADH2_REV_457405.3.peg.1675-MONOMER,0.0,-2.2649099297537682e-08
ACOADH2_FWD_457405.3.peg.1675-MONOMER,4.232418895718781e-56,6.913417111530262e-42
ACOADH2_REV_457405.3.peg.1147-MONOMER,0.0,-2.420519871594815e-08
ACOADH2_FWD_457405.3.peg.1147-MONOMER,0.0,-1.5560994184104696e-09
ACOATA_REV_CPLX_3OAS100-0,0.0,2.81437768089578e-40
ACOATA_FWD_CPLX_3OAS100-0,0.0,-2.6736055088922054e-08
ACOCT_REV_CPLX_dummy,0.0,-2.430411323307889e-08
ACOCT_FWD_CPLX_dummy,0.0,3.6666852986138413e-41
ACONT_REV_457405.3.peg.629-MONOMER,0.0,0.0
ACONT_FWD_457405.3.peg.629-MONOMER,0.0,-2.6033167318398132e-08
ACONTa_REV_457405.3.peg.629-MONOMER,0.0,-1.3016583659199066e-08
ACONTa_FWD_457405.3.peg.629-MONOMER,0.0,-1.3016583659199066e-08
ACONTb_REV_457405.3.peg.629-MONOMER,0.0,3.104748569082267e-42
ACONTb_FWD_457405.3.peg.629-MONOMER,0.0,-2.6033167318398132e-08
ACPS1_REV_457405.3.peg.1804-MONOMER_mod_mn2(1),0.0,-2.045514563034923e-08
ACPS1_FWD_457405.3.peg.1804-MONOMER_mod_mn2(1),-1.368856207300381e-24,2.026644368803461e-40
ACPS1_REV_457405.3.peg.1804-MONOMER_mod_mg2(1),0.0,-2.04574468629266e-08
ACPS1_FWD_457405.3.peg.1804-MONOMER_mod_mg2(1),0.0,-2.301232577368875e-12
ACS_REV_457405.3.peg.384-MONOMER,0.0,2.815770498261871e-07
ACS_FWD_457405.3.peg.384-MONOMER,0.0,-3.0167906789971325e-07
ACt2r_REV_CPLX_dummy,1.3177438060434221,-2.0795825911823896e-42
ACt2r_FWD_CPLX_dummy,0.0,-2.430411323307889e-08
ADCL_REV_457405.3.peg.2381-MONOMER_mod_pydx5p(1),0.0,-2.4422156651588577e-08
ADCL_FWD_457405.3.peg.2381-MONOMER_mod_pydx5p(1),-2.092242476402042e-33,-2.1585695388680087e-40
ADCPS1_REV_457405.3.peg.230-MONOMER,0.0,-2.1902319793716725e-08
ADCPS1_FWD_457405.3.peg.230-MONOMER,0.0,1.049911106382531e-40
ADCPS2_REV_457405.3.peg.230-MONOMER,0.0,1.3316400773968255e-06
ADCPS2_FWD_457405.3.peg.230-MONOMER,0.0,-1.3535423971905422e-06
ADCS_REV_CPLX_ADCS-0_mod_mg2(1),0.0,5.378698102971379e-06
ADCS_FWD_CPLX_ADCS-0_mod_mg2(1),0.0,-5.40495709052605e-06
ADCYRS_REV_CPLX_ADCYRS-0,0.0,6.568048163926862e-06
ADCYRS_FWD_CPLX_ADCYRS-0,0.0,-6.5923679154399095e-06
ADCYRS_REV_457405.3.peg.228-MONOMER,0.0,6.568026754582417e-06
ADCYRS_FWD_457405.3.peg.228-MONOMER,0.0,-6.5923893247843555e-06
ADEt2r_REV_CPLX_dummy,0.0,-2.430411323307889e-08
ADEt2r_FWD_CPLX_dummy,0.0004212618394504024,-2.0795825911823896e-42
ADK1_REV_457405.3.peg.1283-MONOMER_mod_mg2(1),0.0,-1.9917864306666958e-08
ADK1_FWD_457405.3.peg.1283-MONOMER_mod_mg2(1),0.03636076651878978,-1.6672614250922253e-36
ADK10_REV_457405.3.peg.1283-MONOMER_mod_mg2(1),0.0,-7.765807690127511e-09
ADK10_FWD_457405.3.peg.1283-MONOMER_mod_mg2(1),0.0,-1.2152056616539445e-08
ADK11_REV_457405.3.peg.1283-MONOMER_mod_mg2(1),0.0,-1.9917864306666958e-08
ADK11_FWD_457405.3.peg.1283-MONOMER_mod_mg2(1),0.00027396113876865914,-1.4260492320192237e-40
ADK2_REV_457405.3.peg.1283-MONOMER_mod_mg2(1),7.392186308017965e-15,7.741410116675786e-41
ADK2_FWD_457405.3.peg.1283-MONOMER_mod_mg2(1),0.0,-1.9917864306666958e-08
ADK3_REV_457405.3.peg.1283-MONOMER_mod_mg2(1),0.0,-7.765807690127511e-09
ADK3_FWD_457405.3.peg.1283-MONOMER_mod_mg2(1),0.0,-1.2152056616539445e-08
ADK5_REV_457405.3.peg.1283-MONOMER_mod_mg2(1),0.0,-7.765807690127511e-09
ADK5_FWD_457405.3.peg.1283-MONOMER_mod_mg2(1),0.0,-1.2152056616539445e-08
ADK7_REV_457405.3.peg.1283-MONOMER_mod_mg2(1),0.0,-7.765807690127511e-09
ADK7_FWD_457405.3.peg.1283-MONOMER_mod_mg2(1),0.0,-1.2152056616539445e-08
ADK8_REV_457405.3.peg.1283-MONOMER_mod_mg2(1),0.0,-7.765807690127511e-09
ADK8_FWD_457405.3.peg.1283-MONOMER_mod_mg2(1),0.0,-1.2152056616539445e-08
ADK9_REV_457405.3.peg.1283-MONOMER_mod_mg2(1),0.0,-7.765807690127511e-09
ADK9_FWD_457405.3.peg.1283-MONOMER_mod_mg2(1),0.0,-1.2152056616539445e-08
ADOCBIK_REV_457405.3.peg.363-MONOMER,0.0,1.493383341041344e-06
ADOCBIK_FWD_457405.3.peg.363-MONOMER,0.0,-1.5162509260662116e-06
ADOCBIK2_REV_457405.3.peg.363-MONOMER,0.0,1.5055353976578835e-06
ADOCBIK2_FWD_457405.3.peg.363-MONOMER,0.0,-1.528402982682751e-06
ADOCBLS_REV_457405.3.peg.364-MONOMER,0.0,1.8811685635019726e-06
ADOCBLS_FWD_457405.3.peg.364-MONOMER,0.0,-1.8811688544022244e-06
ADOCBLabc_REV_457405.3.peg.976-MONOMER,0.0,-2.0608151138310925e-08
ADOCBLabc_FWD_457405.3.peg.976-MONOMER,7.392186308017965e-15,-2.7607080943604964e-40
ADPRDP_REV_457405.3.peg.451-MONOMER,0.0,-1.882866319946436e-08
ADPRDP_FWD_457405.3.peg.451-MONOMER,0.0,5.228166603689144e-41
ADPT_REV_457405.3.peg.1764-MONOMER_mod_mn2(1),0.0,-2.0648005654227664e-08
ADPT_FWD_457405.3.peg.1764-MONOMER_mod_mn2(1),0.0,-1.5270708370856099e-09
ADPT_REV_457405.3.peg.1764-MONOMER_mod_mg2(1),0.0,-2.0649829149095634e-08
ADPT_FWD_457405.3.peg.1764-MONOMER_mod_mg2(1),0.0,-1.5288943319535805e-09
ADPT_REV_457405.3.peg.2258-MONOMER,0.0,-1.9120934817142056e-08
ADPT_FWD_457405.3.peg.2258-MONOMER,0.00042296120337721033,8.387977869693523e-41
ADSL1r_REV_457405.3.peg.739-MONOMER,0.0,-2.458621766868888e-08
ADSL1r_FWD_457405.3.peg.739-MONOMER,0.0,-3.8329320416358086e-41
ADSL2r_REV_457405.3.peg.739-MONOMER,0.0,-2.458621766868888e-08
ADSL2r_FWD_457405.3.peg.739-MONOMER,0.0002277953027118438,1.7498168016163474e-40
ADSS_REV_457405.3.peg.2064-MONOMER_mod_mg2(1),0.0,1.6281333736928263e-06
ADSS_FWD_457405.3.peg.2064-MONOMER_mod_mg2(1),0.0,-1.6559478401794998e-06
AGDC_REV_457405.3.peg.780-MONOMER_mod_zn2(1),0.0,-3.279566232741268e-08
AGDC_FWD_457405.3.peg.780-MONOMER_mod_zn2(1),0.0009182338208182602,1.5325952655487435e-36
AGMHE_REV_457405.3.peg.1999-MONOMER_mod_nadp(1),0.0,-3.315722188579915e-08
AGMHE_FWD_457405.3.peg.1999-MONOMER_mod_nadp(1),0.0,1.473927427956104e-40
AGPAT120_REV_457405.3.peg.636-MONOMER,0.0,-2.7739073785679288e-08
AGPAT120_FWD_457405.3.peg.636-MONOMER,0.0,-1.7836149884560083e-40
AGPAT140_REV_457405.3.peg.636-MONOMER,0.0,-2.773908625716171e-08
AGPAT140_FWD_457405.3.peg.636-MONOMER,0.0,2.6494475071239733e-40
AGPAT141_REV_457405.3.peg.636-MONOMER,0.0,-2.7739078853451647e-08
AGPAT141_FWD_457405.3.peg.636-MONOMER,0.0,4.329162593339826e-41
AGPAT160_REV_457405.3.peg.636-MONOMER,0.0,-1.7053154800966898e-08
AGPAT160_FWD_457405.3.peg.636-MONOMER,0.0,-1.0685931603867291e-08
AGPAT161_REV_457405.3.peg.636-MONOMER,0.0,-2.7739079937483456e-08
AGPAT161_FWD_457405.3.peg.636-MONOMER,6.844277177331946e-25,4.329162593339826e-41
AGPAT180_REV_457405.3.peg.636-MONOMER,0.0,-2.773908625716171e-08
AGPAT180_FWD_457405.3.peg.636-MONOMER,0.0,2.6494475071239733e-40
AGPAT181_REV_457405.3.peg.636-MONOMER,0.0,-2.7739079937483456e-08
AGPAT181_FWD_457405.3.peg.636-MONOMER,0.0,4.329162593339826e-41
AHCYSNS_r_REV_457405.3.peg.189-MONOMER,0.0,-2.4306293760858e-08
AHCYSNS_r_FWD_457405.3.peg.189-MONOMER,1.6993639268079206e-06,1.0539264489532766e-40
AHMMPS_REV_457405.3.peg.2363-MONOMER,0.0,-2.3500697742529496e-08
AHMMPS_FWD_457405.3.peg.2363-MONOMER,2.092242476402042e-33,4.530179747579868e-40
AICART_REV_457405.3.peg.221-MONOMER,0.0,-2.4881385750370857e-08
AICART_FWD_457405.3.peg.221-MONOMER,0.0002277953027118438,-8.716435267571858e-37
AIHPDCOATA_REV_457405.3.peg.1854-MONOMER,0.0,1.0706166446031686e-39
AIHPDCOATA_FWD_457405.3.peg.1854-MONOMER,0.0,-2.137177312011713e-08
AIPDCOATA_REV_457405.3.peg.1854-MONOMER,0.0,-2.137177312011713e-08
AIPDCOATA_FWD_457405.3.peg.1854-MONOMER,2.8806336357075908e-56,1.111119264120389e-36
AIRC4_REV_457405.3.peg.215-MONOMER,0.0,-3.110201212607477e-08
AIRC4_FWD_457405.3.peg.215-MONOMER,0.0002277953027118438,-5.085751158990273e-40
AKP1_REV_CPLX_dummy,0.0,-2.430411323307889e-08
AKP1_FWD_CPLX_dummy,-2.092242476402042e-33,-1.295580587443267e-39
ALAALA_REV_457405.3.peg.1797-MONOMER,0.0,-2.517543855485337e-08
ALAALA_FWD_457405.3.peg.1797-MONOMER,0.0,8.510081049480691e-42
ALAASP1c_REV_457405.3.peg.1307-MONOMER,0.0,-3.997070411552986e-09
ALAASP1c_FWD_457405.3.peg.1307-MONOMER,0.0,-2.484962671757877e-08
ALAASP1c_REV_457405.3.peg.1284-MONOMER_mod_fe2(2),0.0,-1.660358037293874e-42
ALAASP1c_FWD_457405.3.peg.1284-MONOMER_mod_fe2(2),0.0,-2.085255630602578e-08
ALAASP1c_REV_457405.3.peg.2068-MONOMER_mod_zn2(1),0.0,-8.443846336089405e-09
ALAASP1c_FWD_457405.3.peg.2068-MONOMER_mod_zn2(1),0.0,-2.9296402642115185e-08
ALAASPabc_REV_457405.3.peg.1269-MONOMER,0.0,2.823290458204892e-07
ALAASPabc_FWD_457405.3.peg.1269-MONOMER,0.0,-3.065776546067634e-07
ALAASPabc_REV_CPLX_ALAASPabc-0,0.0,2.8063207694648574e-07
ALAASPabc_FWD_CPLX_ALAASPabc-0,0.0,-3.082746234807669e-07
ALAASPabc_REV_CPLX_ALAASPabc-1,0.0,2.8041745517874454e-07
ALAASPabc_FWD_CPLX_ALAASPabc-1,0.0,-3.0848924524850813e-07
ALAASPabc_REV_457405.3.peg.1687-MONOMER,0.0,2.821062069425175e-07
ALAASPabc_FWD_457405.3.peg.1687-MONOMER,0.0,-3.068004934847351e-07
ALAASPabc_REV_457405.3.peg.663-MONOMER,0.0,2.819629677664317e-07
ALAASPabc_FWD_457405.3.peg.663-MONOMER,0.0,-3.069437326608209e-07
ALAASPabc_REV_457405.3.peg.208-MONOMER,0.0,2.822543924251948e-07
ALAASPabc_FWD_457405.3.peg.208-MONOMER,0.0,-3.0665230800205783e-07
ALAASPabc_REV_CPLX_ALAASPabc-2,0.0,2.776706985000268e-07
ALAASPabc_FWD_CPLX_ALAASPabc-2,0.0,-3.112360019272258e-07
ALAGLN1c_REV_457405.3.peg.1307-MONOMER,0.0,-3.997070411552986e-09
ALAGLN1c_FWD_457405.3.peg.1307-MONOMER,0.0,-2.484962671757877e-08
ALAGLN1c_REV_457405.3.peg.1284-MONOMER_mod_fe2(2),0.0,-2.0278749467871125e-41
ALAGLN1c_FWD_457405.3.peg.1284-MONOMER_mod_fe2(2),0.0,-2.085255630602578e-08
ALAGLN1c_REV_457405.3.peg.2068-MONOMER_mod_zn2(1),0.0,-8.443846336089405e-09
ALAGLN1c_FWD_457405.3.peg.2068-MONOMER_mod_zn2(1),0.0,-2.9296402642115185e-08
ALAGLNabc_REV_457405.3.peg.1269-MONOMER,0.0,2.823290458204892e-07
ALAGLNabc_FWD_457405.3.peg.1269-MONOMER,0.0,-3.065776546067634e-07
ALAGLNabc_REV_CPLX_ALAASPabc-0,0.0,2.8063207694648574e-07
ALAGLNabc_FWD_CPLX_ALAASPabc-0,0.0,-3.082746234807669e-07
ALAGLNabc_REV_CPLX_ALAASPabc-1,0.0,2.8041745517874454e-07
ALAGLNabc_FWD_CPLX_ALAASPabc-1,0.0,-3.0848924524850813e-07
ALAGLNabc_REV_457405.3.peg.1687-MONOMER,0.0,2.821062069425175e-07
ALAGLNabc_FWD_457405.3.peg.1687-MONOMER,0.0,-3.068004934847351e-07
ALAGLNabc_REV_457405.3.peg.663-MONOMER,0.0,2.819629677664317e-07
ALAGLNabc_FWD_457405.3.peg.663-MONOMER,0.0,-3.069437326608209e-07
ALAGLNabc_REV_457405.3.peg.208-MONOMER,0.0,2.822543924251948e-07
ALAGLNabc_FWD_457405.3.peg.208-MONOMER,0.0,-3.0665230800205783e-07
ALAGLNabc_REV_CPLX_ALAASPabc-2,0.0,2.776706985000268e-07
ALAGLNabc_FWD_CPLX_ALAASPabc-2,0.0,-3.112360019272258e-07
ALAGLU1c_REV_457405.3.peg.1307-MONOMER,0.0,-3.997070411552986e-09
ALAGLU1c_FWD_457405.3.peg.1307-MONOMER,0.0,-2.484962671757877e-08
ALAGLU1c_REV_457405.3.peg.1284-MONOMER_mod_fe2(2),0.0,-1.660358037293874e-42
ALAGLU1c_FWD_457405.3.peg.1284-MONOMER_mod_fe2(2),0.0,-2.085255630602578e-08
ALAGLU1c_REV_457405.3.peg.2068-MONOMER_mod_zn2(1),0.0,-8.443846336089405e-09
ALAGLU1c_FWD_457405.3.peg.2068-MONOMER_mod_zn2(1),0.0,-2.9296402642115185e-08
ALAGLUabc_REV_457405.3.peg.1269-MONOMER,0.0,2.76542447271204e-07
ALAGLUabc_FWD_457405.3.peg.1269-MONOMER,0.0,-3.0079105605747823e-07
ALAGLUabc_REV_CPLX_ALAASPabc-0,0.0,2.7484547839720055e-07
ALAGLUabc_FWD_CPLX_ALAASPabc-0,0.0,-3.024880249314817e-07
ALAGLUabc_REV_CPLX_ALAASPabc-1,0.0,2.7463085662945935e-07
ALAGLUabc_FWD_CPLX_ALAASPabc-1,0.0,-3.0270264669922294e-07
ALAGLUabc_REV_457405.3.peg.1687-MONOMER,0.0,2.7631960839323233e-07
ALAGLUabc_FWD_457405.3.peg.1687-MONOMER,0.0,-3.0101389493544996e-07
ALAGLUabc_REV_457405.3.peg.663-MONOMER,0.0,2.761763692171465e-07
ALAGLUabc_FWD_457405.3.peg.663-MONOMER,0.0,-3.011571341115357e-07
ALAGLUabc_REV_457405.3.peg.208-MONOMER,0.0,2.764677938759096e-07
ALAGLUabc_FWD_457405.3.peg.208-MONOMER,0.0,-3.008657094527727e-07
ALAGLUabc_REV_CPLX_ALAASPabc-2,0.0,2.718840999507416e-07
ALAGLUabc_FWD_CPLX_ALAASPabc-2,0.0,-3.054494033779407e-07
ALAGLY1c_REV_457405.3.peg.1307-MONOMER,0.0,-3.997070411552986e-09
ALAGLY1c_FWD_457405.3.peg.1307-MONOMER,0.0,-2.484962671757877e-08
ALAGLY1c_REV_457405.3.peg.1284-MONOMER_mod_fe2(2),0.0,-1.660358037293874e-42
ALAGLY1c_FWD_457405.3.peg.1284-MONOMER_mod_fe2(2),0.0,-2.085255630602578e-08
ALAGLY1c_REV_457405.3.peg.2068-MONOMER_mod_zn2(1),0.0,-8.443846336089405e-09
ALAGLY1c_FWD_457405.3.peg.2068-MONOMER_mod_zn2(1),0.0,-2.9296402642115185e-08
ALAGLYabc_REV_457405.3.peg.1269-MONOMER,0.0,2.766456179367568e-07
ALAGLYabc_FWD_457405.3.peg.1269-MONOMER,0.0,-3.00894226723031e-07
ALAGLYabc_REV_CPLX_ALAASPabc-0,0.0,2.749486490627533e-07
ALAGLYabc_FWD_CPLX_ALAASPabc-0,0.0,-3.0259119559703446e-07
ALAGLYabc_REV_CPLX_ALAASPabc-1,0.0,2.7473402729501207e-07
ALAGLYabc_FWD_CPLX_ALAASPabc-1,0.0,-3.0280581736477565e-07
ALAGLYabc_REV_457405.3.peg.1687-MONOMER,0.0,2.7642277905878504e-07
ALAGLYabc_FWD_457405.3.peg.1687-MONOMER,0.0,-3.011170656010027e-07
ALAGLYabc_REV_457405.3.peg.663-MONOMER,0.0,2.762795398826993e-07
ALAGLYabc_FWD_457405.3.peg.663-MONOMER,0.0,-3.012603047770885e-07
ALAGLYabc_REV_457405.3.peg.208-MONOMER,0.0,2.765709645414623e-07
ALAGLYabc_FWD_457405.3.peg.208-MONOMER,0.0,-3.009688801183254e-07
ALAGLYabc_REV_CPLX_ALAASPabc-2,0.0,2.719872706162944e-07
ALAGLYabc_FWD_CPLX_ALAASPabc-2,0.0,-3.055525740434934e-07
ALAHIS1c_REV_457405.3.peg.1307-MONOMER,0.0,-3.997070411552986e-09
ALAHIS1c_FWD_457405.3.peg.1307-MONOMER,0.0,-2.484962671757877e-08
ALAHIS1c_REV_457405.3.peg.1284-MONOMER_mod_fe2(2),0.0,4.422854791078373e-42
ALAHIS1c_FWD_457405.3.peg.1284-MONOMER_mod_fe2(2),0.0,-2.085255630602578e-08
ALAHIS1c_REV_457405.3.peg.2068-MONOMER_mod_zn2(1),0.0,-8.443846336089405e-09
ALAHIS1c_FWD_457405.3.peg.2068-MONOMER_mod_zn2(1),0.0,-2.9296402642115185e-08
ALAHISabc_REV_457405.3.peg.1269-MONOMER,0.0,2.823290458204892e-07
ALAHISabc_FWD_457405.3.peg.1269-MONOMER,0.0,-3.065776546067634e-07
ALAHISabc_REV_CPLX_ALAASPabc-0,0.0,2.8063207694648574e-07
ALAHISabc_FWD_CPLX_ALAASPabc-0,0.0,-3.082746234807669e-07
ALAHISabc_REV_CPLX_ALAASPabc-1,0.0,2.8041745517874454e-07
ALAHISabc_FWD_CPLX_ALAASPabc-1,0.0,-3.0848924524850813e-07
ALAHISabc_REV_457405.3.peg.1687-MONOMER,0.0,2.821062069425175e-07
ALAHISabc_FWD_457405.3.peg.1687-MONOMER,0.0,-3.068004934847351e-07
ALAHISabc_REV_457405.3.peg.663-MONOMER,0.0,2.819629677664317e-07
ALAHISabc_FWD_457405.3.peg.663-MONOMER,0.0,-3.069437326608209e-07
ALAHISabc_REV_457405.3.peg.208-MONOMER,0.0,2.822543924251948e-07
ALAHISabc_FWD_457405.3.peg.208-MONOMER,0.0,-3.0665230800205783e-07
ALAHISabc_REV_CPLX_ALAASPabc-2,0.0,2.776706985000268e-07
ALAHISabc_FWD_CPLX_ALAASPabc-2,0.0,-3.112360019272258e-07
ALALEU1c_REV_457405.3.peg.1307-MONOMER,0.0,-3.997070411552986e-09
ALALEU1c_FWD_457405.3.peg.1307-MONOMER,0.0,-2.484962671757877e-08
ALALEU1c_REV_457405.3.peg.1284-MONOMER_mod_fe2(2),0.0,-8.30179018646937e-42
ALALEU1c_FWD_457405.3.peg.1284-MONOMER_mod_fe2(2),0.0,-2.085255630602578e-08
ALALEU1c_REV_457405.3.peg.2068-MONOMER_mod_zn2(1),0.0,-8.443846336089405e-09
ALALEU1c_FWD_457405.3.peg.2068-MONOMER_mod_zn2(1),0.0,-2.9296402642115185e-08
ALALEUabc_REV_457405.3.peg.1269-MONOMER,0.0,2.8263077798546153e-07
ALALEUabc_FWD_457405.3.peg.1269-MONOMER,0.0,-3.0687938677173574e-07
ALALEUabc_REV_CPLX_ALAASPabc-0,0.0,2.8093380911145806e-07
ALALEUabc_FWD_CPLX_ALAASPabc-0,0.0,-3.085763556457392e-07
ALALEUabc_REV_CPLX_ALAASPabc-1,0.0,2.8071918734371687e-07
ALALEUabc_FWD_CPLX_ALAASPabc-1,0.0,-3.0879097741348045e-07
ALALEUabc_REV_457405.3.peg.1687-MONOMER,0.0,2.8240793910748984e-07
ALALEUabc_FWD_457405.3.peg.1687-MONOMER,0.0,-3.071022256497075e-07
ALALEUabc_REV_457405.3.peg.663-MONOMER,0.0,2.8226469993140403e-07
ALALEUabc_FWD_457405.3.peg.663-MONOMER,0.0,-3.0724546482579324e-07
ALALEUabc_REV_457405.3.peg.208-MONOMER,0.0,2.825561245901671e-07
ALALEUabc_FWD_457405.3.peg.208-MONOMER,0.0,-3.069540401670302e-07
ALALEUabc_REV_CPLX_ALAASPabc-2,0.0,2.7797243066499913e-07
ALALEUabc_FWD_CPLX_ALAASPabc-2,0.0,-3.1153773409219814e-07
ALAR_REV_457405.3.peg.1811-MONOMER,0.0,-2.2407700973297966e-08
ALAR_FWD_457405.3.peg.1811-MONOMER,0.0,-8.30179018646937e-42
ALAR_REV_457405.3.peg.887-MONOMER,0.0,-2.2485020696140482e-08
ALAR_FWD_457405.3.peg.887-MONOMER,0.0,-7.731972284251666e-11
ALATHR1c_REV_457405.3.peg.1307-MONOMER,0.0,-3.997070411552986e-09
ALATHR1c_FWD_457405.3.peg.1307-MONOMER,0.0,-2.484962671757877e-08
ALATHR1c_REV_457405.3.peg.1284-MONOMER_mod_fe2(2),0.0,-1.0263550767492788e-41
ALATHR1c_FWD_457405.3.peg.1284-MONOMER_mod_fe2(2),0.0,-2.085255630602578e-08
ALATHR1c_REV_457405.3.peg.2068-MONOMER_mod_zn2(1),0.0,-8.443846336089405e-09
ALATHR1c_FWD_457405.3.peg.2068-MONOMER_mod_zn2(1),0.0,-2.9296402642115185e-08
ALATHRabc_REV_457405.3.peg.1269-MONOMER,0.0,2.823290458204892e-07
ALATHRabc_FWD_457405.3.peg.1269-MONOMER,0.0,-3.065776546067634e-07
ALATHRabc_REV_CPLX_ALAASPabc-0,0.0,2.8063207694648574e-07
ALATHRabc_FWD_CPLX_ALAASPabc-0,0.0,-3.082746234807669e-07
ALATHRabc_REV_CPLX_ALAASPabc-1,0.0,2.8041745517874454e-07
ALATHRabc_FWD_CPLX_ALAASPabc-1,0.0,-3.0848924524850813e-07
ALATHRabc_REV_457405.3.peg.1687-MONOMER,0.0,2.821062069425175e-07
ALATHRabc_FWD_457405.3.peg.1687-MONOMER,0.0,-3.068004934847351e-07
ALATHRabc_REV_457405.3.peg.663-MONOMER,0.0,2.819629677664317e-07
ALATHRabc_FWD_457405.3.peg.663-MONOMER,0.0,-3.069437326608209e-07
ALATHRabc_REV_457405.3.peg.208-MONOMER,0.0,2.822543924251948e-07
ALATHRabc_FWD_457405.3.peg.208-MONOMER,0.0,-3.0665230800205783e-07
ALATHRabc_REV_CPLX_ALAASPabc-2,0.0,2.776706985000268e-07
ALATHRabc_FWD_CPLX_ALAASPabc-2,0.0,-3.112360019272258e-07
ALAt2r_REV_CPLX_dummy,0.0,-2.430411323307889e-08
ALAt2r_FWD_CPLX_dummy,0.0009509471841203502,1.0233443683756077e-41
ALCD1_REV_CPLX_dummy,0.0,-2.430411323307889e-08
ALCD1_FWD_CPLX_dummy,0.0,6.821122001613862e-40
ALCD19_REV_457405.3.peg.2161-MONOMER,0.0,2.3205299226530985e-40
ALCD19_FWD_457405.3.peg.2161-MONOMER,0.0,-2.2593558298350278e-08
ALCD2x_REV_457405.3.peg.2161-MONOMER,0.0,-2.2593558298350278e-08
ALCD2x_FWD_457405.3.peg.2161-MONOMER,0.0,2.3205299226530985e-40
ALCD4_REV_CPLX_dummy,0.0,-4.4085065026507595e-40
ALCD4_FWD_CPLX_dummy,0.0,-2.430411323307889e-08
ALDD1_REV_CPLX_dummy,0.0,-2.430411323307889e-08
ALDD1_FWD_CPLX_dummy,0.0,1.206307749481551e-40
ALLTNRS_REV_CPLX_dummy,0.0,-2.430411323307889e-08
ALLTNRS_FWD_CPLX_dummy,1.3416390583580488e-24,-1.696376163165347e-42
ALLTNS_REV_CPLX_dummy,0.0,-2.430411323307889e-08
ALLTNS_FWD_CPLX_dummy,0.0,-1.696376163165347e-42
ALPHNH_REV_CPLX_ALPHNH-0,0.0,-2.5433679440837796e-08
ALPHNH_FWD_CPLX_ALPHNH-0,0.0,5.767914848806744e-41
AMALT1_REV_457405.3.peg.436-MONOMER,0.0,-2.4706026642696527e-08
AMALT1_FWD_457405.3.peg.436-MONOMER,0.0,0.0
AMALT2_REV_457405.3.peg.436-MONOMER,0.0,-2.4706026642696527e-08
AMALT2_FWD_457405.3.peg.436-MONOMER,0.0,0.0
AMALT3_REV_457405.3.peg.436-MONOMER,0.0,-2.4706026642696527e-08
AMALT3_FWD_457405.3.peg.436-MONOMER,0.0,0.0
AMALT4_REV_457405.3.peg.436-MONOMER,0.0,-2.4706026642696527e-08
AMALT4_FWD_457405.3.peg.436-MONOMER,0.0,0.0
AMAMTi_REV_CPLX_dummy,0.0,-2.430411323307889e-08
AMAMTi_FWD_CPLX_dummy,2.3411426684001905e-34,-1.3491824471528748e-42
AMAOTr_REV_457405.3.peg.204-MONOMER_mod_pydx5p(1),0.0,-2.8269930509350017e-08
AMAOTr_FWD_457405.3.peg.204-MONOMER_mod_pydx5p(1),0.0,-3.4858871310436378e-40
AMMQT8r_REV_457405.3.peg.1667-MONOMER,0.0,6.288981554291509e-41
AMMQT8r_FWD_457405.3.peg.1667-MONOMER,0.0,-2.060444111334697e-08
AMOPBHL_REV_CPLX_dummy,0.0,-2.430411323307889e-08
AMOPBHL_FWD_CPLX_dummy,0.0,-1.696376163165347e-42
AMPMS2_REV_457405.3.peg.2363-MONOMER,0.0,-2.3500697742529496e-08
AMPMS2_FWD_457405.3.peg.2363-MONOMER,-2.092242476402042e-33,1.2247348972610648e-40
AMPTASECG_REV_457405.3.peg.1307-MONOMER,0.0,2.9689715631147797e-07
AMPTASECG_FWD_457405.3.peg.1307-MONOMER,0.0,-3.2574385344060976e-07
AMPTASECG_REV_457405.3.peg.1284-MONOMER_mod_fe2(2),0.0,3.00894226723031e-07
AMPTASECG_FWD_457405.3.peg.1284-MONOMER_mod_fe2(2),0.0,-3.2174678302905673e-07
AMPTASECG_REV_457405.3.peg.2068-MONOMER_mod_zn2(1),0.0,2.924503803869416e-07
AMPTASECG_FWD_457405.3.peg.2068-MONOMER_mod_zn2(1),0.0,-3.301906293651462e-07
AMPTASEGC_REV_457405.3.peg.1307-MONOMER,0.0,2.9689715631147797e-07
AMPTASEGC_FWD_457405.3.peg.1307-MONOMER,0.0,-3.2574385344060976e-07
AMPTASEGC_REV_457405.3.peg.1284-MONOMER_mod_fe2(2),0.0,3.00894226723031e-07
AMPTASEGC_FWD_457405.3.peg.1284-MONOMER_mod_fe2(2),0.0,-3.2174678302905673e-07
AMPTASEGC_REV_457405.3.peg.2068-MONOMER_mod_zn2(1),0.0,2.924503803869416e-07
AMPTASEGC_FWD_457405.3.peg.2068-MONOMER_mod_zn2(1),0.0,-3.301906293651462e-07
AOBUTDs_REV_CPLX_dummy,0.0,-2.430411323307889e-08
AOBUTDs_FWD_CPLX_dummy,0.0,-1.696376163165347e-42
AOXHEXCYCL_REV_CPLX_dummy,0.0,-2.430411323307889e-08
AOXHEXCYCL_FWD_CPLX_dummy,0.0,-1.7661963656969087e-42
AOXSr_REV_457405.3.peg.386-MONOMER,0.0,-2.715922583215076e-08
AOXSr_FWD_457405.3.peg.386-MONOMER,0.0,-9.414230071456265e-40
AOXSr2_REV_457405.3.peg.386-MONOMER,0.0,-2.7159251662151714e-08
AOXSr2_FWD_457405.3.peg.386-MONOMER,0.0,-9.131969205116307e-41
APPLDH_REV_CPLX_dummy,0.0,-2.430411323307889e-08
APPLDH_FWD_CPLX_dummy,0.0,-4.4085065026507595e-40
APRAUR_REV_457405.3.peg.1710-MONOMER,0.0,-2.732794077657819e-08
APRAUR_FWD_457405.3.peg.1710-MONOMER,4.4413326869971584e-05,-4.508359594477389e-40
APTNAT_REV_CPLX_dummy,0.0,-2.430411323307889e-08
APTNAT_FWD_CPLX_dummy,0.0,-4.330875655360728e-40
ARGDC_REV_457405.3.peg.880-MONOMER_mod_pydx5p(1),0.0,-4.846658850830534e-08
ARGDC_FWD_457405.3.peg.880-MONOMER_mod_pydx5p(1),0.0,0.0
ARGSL_REV_CPLX_dummy,0.0,-2.430411323307889e-08
ARGSL_FWD_CPLX_dummy,0.0,-8.020524131515124e-42
ARGSSr_REV_CPLX_dummy,0.0,-2.430411323307889e-08
ARGSSr_FWD_CPLX_dummy,0.0,2.5016375277855943e-40
ARGt2_REV_CPLX_dummy,0.0,-2.430411323307889e-08
ARGt2_FWD_CPLX_dummy,0.0005848424554361075,0.0
ASAD_REV_CPLX_dummy,0.0,5.349249558402496e-40
ASAD_FWD_CPLX_dummy,0.0,-2.430411323307889e-08
ASNS2_REV_457405.3.peg.124-MONOMER_mod_mg2(1),0.0,4.733853888700842e-07
ASNS2_FWD_457405.3.peg.124-MONOMER_mod_mg2(1),0.0,-4.996451876318221e-07
ASNt2r_REV_CPLX_dummy,0.0,-2.430411323307889e-08
ASNt2r_FWD_CPLX_dummy,0.0012646165370158637,3.0617281050631206e-42
ASPCT_REV_457405.3.peg.1821-MONOMER,0.0,-2.875429672297838e-08
ASPCT_FWD_457405.3.peg.1821-MONOMER,0.0005933542445979099,-5.651872160160458e-40
ASPKi_REV_CPLX_dummy,0.0,-2.430411323307889e-08
ASPKi_FWD_CPLX_dummy,0.0,-2.8499668038063733e-41
ASPO1_REV_457405.3.peg.2277-MONOMER_mod_fad(1),0.0,-2.3475441594966168e-08
ASPO1_FWD_457405.3.peg.2277-MONOMER_mod_fad(1),0.0,-9.042536152215364e-36
ASPO5_REV_CPLX_dummy,0.0,-2.430411323307889e-08
ASPO5_FWD_CPLX_dummy,2.2206663400241557e-05,-1.5833148910035405e-41
ASPO6_REV_457405.3.peg.2277-MONOMER_mod_fad(1),0.0,-1.3152983578940743e-08
ASPO6_FWD_457405.3.peg.2277-MONOMER_mod_fad(1),0.0,-1.0322458016025425e-08
ASPO7_REV_457405.3.peg.2277-MONOMER_mod_fad(1),0.0,-2.3475441594966168e-08
ASPO7_FWD_457405.3.peg.2277-MONOMER_mod_fad(1),0.0,-6.567618535477596e-40
ASPT_REV_CPLX_dummy,0.0,-2.430411323307889e-08
ASPT_FWD_CPLX_dummy,0.6334793858406993,-1.5833148910035406e-42
ASPTA_REV_457405.3.peg.316-MONOMER_mod_pydx5p(1),0.0,-2.0257830625870505e-08
ASPTA_FWD_457405.3.peg.316-MONOMER_mod_pydx5p(1),0.0,-7.50485037091172e-09
ASPTA_REV_457405.3.peg.1142-MONOMER,0.0,-1.851887083372902e-08
ASPTA_FWD_457405.3.peg.1142-MONOMER,0.0,-5.765890578770235e-09
ASPTA_REV_457405.3.peg.428-MONOMER,0.0,-2.009668356630593e-08
ASPTA_FWD_457405.3.peg.428-MONOMER,0.0,-7.343703311347143e-09
ASPt2r_REV_CPLX_dummy,0.0,-2.430411323307889e-08
ASPt2r_FWD_CPLX_dummy,0.6353574933963103,3.166629782007081e-42
ATPS4_REV_CPLX_ATPS4-0,0.0,-7.798880493648306e-07
ATPS4_FWD_CPLX_ATPS4-0,0.0,9.318438702053021e-37
BACCLi_REV_457405.3.peg.1969-MONOMER,0.0,-2.03193434673264e-08
BACCLi_FWD_457405.3.peg.1969-MONOMER,0.0,5.375061555656111e-41
BCOAACT_REV_CPLX_BCOAACT-0,0.0,-9.67865738498677e-08
BCOAACT_FWD_CPLX_BCOAACT-0,0.0,-4.1972119861779644e-40
BHBtp_REV_457405.3.peg.47-MONOMER,0.0,-1.1851921602878305e-08
BHBtp_FWD_457405.3.peg.47-MONOMER,0.0,-1.1851921602878305e-08
BPNT_REV_CPLX_dummy,0.0,-2.430411323307889e-08
BPNT_FWD_CPLX_dummy,2.1758012218435376e-24,-1.1977838642138549e-40
BTALDH_REV_CPLX_dummy,0.0,-4.4085065026507595e-40
BTALDH_FWD_CPLX_dummy,0.0,-2.430411323307889e-08
BTCOAACCOAT_REV_CPLX_dummy,0.0,2.8363600938119383e-09
BTCOAACCOAT_FWD_CPLX_dummy,0.0,-2.7140473326890828e-08
BTCOADH_REV_CPLX_dummy,1.339742256324042,7.087558075714972e-40
BTCOADH_FWD_CPLX_dummy,0.0,-2.430411323307889e-08
BTNCLi_REV_457405.3.peg.1969-MONOMER,0.0,-6.270695596465285e-09
BTNCLi_FWD_457405.3.peg.1969-MONOMER,0.0,-1.4048647870861113e-08
BTNabc_REV_CPLX_dummy,0.0,2.3196728866740253e-07
BTNabc_FWD_CPLX_dummy,0.0,-2.562714019004814e-07
BTOHt2r_REV_CPLX_dummy,0.0,1.4557078138276727e-41
BTOHt2r_FWD_CPLX_dummy,0.0,-2.430411323307889e-08
BTS4_REV_457405.3.peg.206-MONOMER_mod_4fe4s(1)_mod_2fe2s(1),0.0,-2.6738476813856682e-08
BTS4_FWD_457405.3.peg.206-MONOMER_mod_4fe4s(1)_mod_2fe2s(1),0.0,-9.792306237201342e-39
BUTt2r_REV_457405.3.peg.2123-MONOMER,0.0,-2.2594515747484955e-42
BUTt2r_FWD_457405.3.peg.2123-MONOMER,0.0,-2.3710814324284992e-08
CA2abc_REV_CPLX_dummy,0.0,-2.430411323307889e-08
CA2abc_FWD_CPLX_dummy,0.0,-1.5288360089856763e-40
CBIAT_REV_457405.3.peg.1451-MONOMER,0.0,2.1427752849938957e-40
CBIAT_FWD_457405.3.peg.1451-MONOMER,0.0,-1.8824162235189705e-08
CBIAT_REV_457405.3.peg.1279-MONOMER,0.0,-2.5861085852610126e-10
CBIAT_FWD_457405.3.peg.1279-MONOMER,0.0,-1.9082773093715805e-08
CBIAT_REV_457405.3.peg.2149-MONOMER,0.0,-1.4691240444667002e-09
CBIAT_FWD_457405.3.peg.2149-MONOMER,0.0,-2.0293286279656405e-08
CBL1abc_REV_457405.3.peg.976-MONOMER,0.0,1.331630009285166e-06
CBL1abc_FWD_457405.3.peg.976-MONOMER,0.0,-1.352238160423477e-06
CBL2abc_REV_457405.3.peg.976-MONOMER,0.0,2.3381526971478652e-07
CBL2abc_FWD_457405.3.peg.976-MONOMER,0.0,-2.5442342085309743e-07
CBLAT_REV_457405.3.peg.1451-MONOMER,7.392186308017965e-15,-6.856673862327846e-41
CBLAT_FWD_457405.3.peg.1451-MONOMER,0.0,-1.8824162235189705e-08
CBLAT_REV_457405.3.peg.1279-MONOMER,0.0,-2.5861085852610126e-10
CBLAT_FWD_457405.3.peg.1279-MONOMER,0.0,-1.9082773093715805e-08
CBLAT_REV_457405.3.peg.2149-MONOMER,0.0,-1.4691240444667002e-09
CBLAT_FWD_457405.3.peg.2149-MONOMER,0.0,-2.0293286279656405e-08
CBMTHL2_REV_CPLX_dummy,0.0,0.0
CBMTHL2_FWD_CPLX_dummy,0.0,-2.430411323307889e-08
CBPS_REV_CPLX_CBPS-0_mod_cd2(1),0.0,-3.815766004933315e-08
CBPS_FWD_CPLX_CBPS-0_mod_cd2(1),0.0,2.0498497371195693e-37
CBPS_REV_CPLX_CBPS-0_mod_zn2(1),0.0,-3.815766004933315e-08
CBPS_FWD_CPLX_CBPS-0_mod_zn2(1),0.0005933542445979099,2.1089088296607255e-36
CBPS_REV_CPLX_CBPS-0_mod_mn2(1),0.0,-3.815779868965461e-08
CBPS_FWD_CPLX_CBPS-0_mod_mn2(1),0.0,-1.3864032145804797e-13
CBPS_REV_CPLX_CBPS-0_mod_mg2(1),0.0,-3.815820379866369e-08
CBPS_FWD_CPLX_CBPS-0_mod_mg2(1),0.0,-5.43749330539363e-13
CBPS_REV_CPLX_CBPS-0_mod_cobalt2(1),0.0,-3.815774526270187e-08
CBPS_FWD_CPLX_CBPS-0_mod_cobalt2(1),0.0,-8.521336871560011e-14
CD2abc1_REV_457405.3.peg.1389-MONOMER,0.0,-2.6744759367668695e-08
CD2abc1_FWD_457405.3.peg.1389-MONOMER,0.0,7.467100644143137e-38
CD2abc1_REV_457405.3.peg.1162-MONOMER,0.0,-2.7138367197751358e-08
CD2abc1_FWD_457405.3.peg.1162-MONOMER,0.0,-3.9360783008266223e-10
CDOSKT_REV_457405.3.peg.2063-MONOMER,0.0,1.4138145437025124e-40
CDOSKT_FWD_457405.3.peg.2063-MONOMER,0.0,-2.616834304592625e-08
CDPMEK_REV_457405.3.peg.2264-MONOMER,0.0,-2.171577660507067e-08
CDPMEK_FWD_457405.3.peg.2264-MONOMER,0.002892593214665419,-8.706957794450683e-42
CGLYabc_REV_457405.3.peg.1269-MONOMER,0.0,-2.4248608786274204e-08
CGLYabc_FWD_457405.3.peg.1269-MONOMER,0.0,2.377747468196808e-40
CGLYabc_REV_CPLX_ALAASPabc-0,0.0,-2.5945577660277677e-08
CGLYabc_FWD_CPLX_ALAASPabc-0,0.0,-1.6969688740034757e-09
CGLYabc_REV_CPLX_ALAASPabc-1,0.0,-2.6160199428018895e-08
CGLYabc_FWD_CPLX_ALAASPabc-1,0.0,-1.911590641744691e-09
CGLYabc_REV_457405.3.peg.1687-MONOMER,0.0,-2.4471447664245912e-08
CGLYabc_FWD_457405.3.peg.1687-MONOMER,0.0,-2.2283887797171026e-10
CGLYabc_REV_457405.3.peg.663-MONOMER,0.0,-2.461468684033171e-08
CGLYabc_FWD_457405.3.peg.663-MONOMER,0.0,-3.660780540575088e-10
CGLYabc_REV_457405.3.peg.208-MONOMER,0.0,-2.4323262181568642e-08
CGLYabc_FWD_457405.3.peg.208-MONOMER,0.0,-7.46533952944397e-11
CGLYabc_REV_CPLX_ALAASPabc-2,0.0,-2.890695610673662e-08
CGLYabc_FWD_CPLX_ALAASPabc-2,0.0,-4.6583473204624186e-09
CHORS_REV_457405.3.peg.268-MONOMER_mod_fmnh2(1),0.0,-3.161730316818489e-08
CHORS_FWD_457405.3.peg.268-MONOMER_mod_fmnh2(1),0.0,-6.796805213441548e-12
CHORS_REV_457405.3.peg.268-MONOMER_mod_fadh2(1),0.0,-3.161050636297145e-08
CHORS_FWD_457405.3.peg.268-MONOMER_mod_fadh2(1),-2.092242476402042e-33,-1.3001943764215455e-40
CITL_REV_CPLX_CITL-0,0.0,-2.8257389611886305e-08
CITL_FWD_CPLX_CITL-0,0.0,-7.114516550160751e-11
CITL_REV_CPLX_CITL-1,0.0,-2.8186244446384696e-08
CITL_FWD_CPLX_CITL-1,3.8434465160761037e-56,-3.045233187914808e-41
CLPNS140_REV_457405.3.peg.354-MONOMER,0.0,-7.526901826310743e-42
CLPNS140_FWD_457405.3.peg.354-MONOMER,0.0,-2.435878019443514e-08
CLPNS160_REV_457405.3.peg.354-MONOMER,0.0,-2.435878019443514e-08
CLPNS160_FWD_457405.3.peg.354-MONOMER,0.0,2.5089672754369145e-42
CLPNS180_REV_457405.3.peg.354-MONOMER,0.0,-2.435878019443514e-08
CLPNS180_FWD_457405.3.peg.354-MONOMER,0.0,2.5089672754369145e-42
CLPNSAI15_REV_457405.3.peg.354-MONOMER,0.0,-2.435878019443514e-08
CLPNSAI15_FWD_457405.3.peg.354-MONOMER,0.0,2.13559576686177e-42
CLPNSAI17_REV_457405.3.peg.354-MONOMER,0.0,0.0
CLPNSAI17_FWD_457405.3.peg.354-MONOMER,0.0,-2.435878019443514e-08
CLPNSI14_REV_457405.3.peg.354-MONOMER,0.0,0.0
CLPNSI14_FWD_457405.3.peg.354-MONOMER,0.0,-2.435878019443514e-08
CLPNSI15_REV_457405.3.peg.354-MONOMER,0.0,0.0
CLPNSI15_FWD_457405.3.peg.354-MONOMER,0.0,-2.435878019443514e-08
CLPNSI16_REV_457405.3.peg.354-MONOMER,0.0,-2.435878019443514e-08
CLPNSI16_FWD_457405.3.peg.354-MONOMER,0.0,2.5089672754369145e-42
CLPNSI17_REV_457405.3.peg.354-MONOMER,0.0,0.0
CLPNSI17_FWD_457405.3.peg.354-MONOMER,0.0,-2.435878019443514e-08
CO2t_REV_CPLX_dummy,1.3195347834613578,0.0
CO2t_FWD_CPLX_dummy,0.0,-2.430411323307889e-08
COBALTt5_REV_457405.3.peg.314-MONOMER,2.2206704651207735e-05,1.6579004557741965e-42
COBALTt5_FWD_457405.3.peg.314-MONOMER,0.0,-2.2855196677105546e-08
CPC2MT_REV_457405.3.peg.245-MONOMER,0.0,-2.0425087300322407e-08
CPC2MT_FWD_457405.3.peg.245-MONOMER,0.0,5.654243283451169e-39
CPC3MT_REV_457405.3.peg.256-MONOMER,0.0,-2.0480692673196413e-08
CPC3MT_FWD_457405.3.peg.256-MONOMER,0.0,-1.7493389708596931e-40
CPC4MT_REV_457405.3.peg.247-MONOMER,0.0,-2.0658475590715968e-08
CPC4MT_FWD_457405.3.peg.247-MONOMER,0.0,-1.3884003612672024e-40
CPC5MT_REV_457405.3.peg.238-MONOMER,0.0,-2.2621614339860795e-08
CPC5MT_FWD_457405.3.peg.238-MONOMER,0.0,-1.1769516721978945e-40
CPC6MT_REV_457405.3.peg.239-MONOMER,0.0,-1.9926521191057996e-08
CPC6MT_FWD_457405.3.peg.239-MONOMER,0.0,-2.697988301955049e-40
CPC6R_REV_457405.3.peg.257-MONOMER,0.0,-2.063859666143309e-08
CPC6R_FWD_457405.3.peg.257-MONOMER,0.0,5.281742274410704e-40
CPC8MM_REV_457405.3.peg.235-MONOMER,0.0,-6.503919352981884e-40
CPC8MM_FWD_457405.3.peg.235-MONOMER,0.0,-1.976977856415264e-08
CPPPGO_REV_457405.3.peg.823-MONOMER,0.0,-2.20730818381332e-08
CPPPGO_FWD_457405.3.peg.823-MONOMER,0.0,2.5023413492852317e-41
CRO4t3_REV_CPLX_CRO4t3-0,0.0,-1.2952661344465921e-42
CRO4t3_FWD_CPLX_CRO4t3-0,0.0,-2.2477581310591153e-08
CS_REV_CPLX_dummy,0.0,2.2113240822773473e-07
CS_FWD_CPLX_dummy,0.0,-2.4543652146081365e-07
CTPS1_REV_CPLX_dummy,0.0,-2.430411323307889e-08
CTPS1_FWD_CPLX_dummy,0.0001580913994847602,-4.790874195477211e-36
CTPS2_REV_CPLX_dummy,0.0,-5.786598549285183e-09
CTPS2_FWD_CPLX_dummy,0.0,-1.8517514683793705e-08
CYRDAAT_REV_457405.3.peg.1451-MONOMER,0.0,-1.8824162235189705e-08
CYRDAAT_FWD_457405.3.peg.1451-MONOMER,0.0,-5.194606751500354e-40
CYRDAAT_REV_457405.3.peg.1279-MONOMER,0.0,-1.9082773093715805e-08
CYRDAAT_FWD_457405.3.peg.1279-MONOMER,0.0,-2.5861085852610126e-10
CYRDAAT_REV_457405.3.peg.2149-MONOMER,0.0,-2.0293286279656405e-08
CYRDAAT_FWD_457405.3.peg.2149-MONOMER,0.0,-1.4691240444667002e-09
CYRDAR_REV_457405.3.peg.233-MONOMER,0.0,-2.3727343381559677e-08
CYRDAR_FWD_457405.3.peg.233-MONOMER,0.0,4.2191895454808425e-40
CYRDAS_REV_457405.3.peg.233-MONOMER,0.0,-2.3727343381559677e-08
CYRDAS_FWD_457405.3.peg.233-MONOMER,0.0,-7.1897384476997625e-40
CYSDS_REV_CPLX_dummy,0.0,-2.338931393282188e-08
CYSDS_FWD_CPLX_dummy,0.0,-9.147993002570096e-10
CYSS_REV_457405.3.peg.730-MONOMER,0.0,2.198116136874205e-07
CYSS_FWD_457405.3.peg.730-MONOMER,0.0,-2.4183379639741367e-07
CYSS_REV_457405.3.peg.728-MONOMER,0.0,2.234237146844214e-07
CYSS_FWD_457405.3.peg.728-MONOMER,0.0,-2.3822169540041278e-07
CYSS_REV_457405.3.peg.1362-MONOMER_mod_pydx5p(1),0.0,2.1784275422105475e-07
CYSS_FWD_457405.3.peg.1362-MONOMER_mod_pydx5p(1),0.0,-2.4380265586377947e-07
CYSS3r_REV_457405.3.peg.730-MONOMER,0.0,-2.6491629300720672e-08
CYSS3r_FWD_457405.3.peg.730-MONOMER,0.0,-3.6121009970009122e-09
CYSS3r_REV_457405.3.peg.728-MONOMER,0.0,-2.287952830371976e-08
CYSS3r_FWD_457405.3.peg.728-MONOMER,0.0,2.4238053903830485e-35
CYSS3r_REV_457405.3.peg.1362-MONOMER_mod_pydx5p(1),0.0,-2.8460488767086435e-08
CYSS3r_FWD_457405.3.peg.1362-MONOMER_mod_pydx5p(1),0.0,-5.5809604633666765e-09
CYSt2r_REV_CPLX_dummy,0.0,-2.430411323307889e-08
CYSt2r_FWD_CPLX_dummy,0.00014347739011947777,0.0
CYTDK3_REV_457405.3.peg.1308-MONOMER,0.0,-2.0269442295165084e-08
CYTDK3_FWD_457405.3.peg.1308-MONOMER,0.0,3.663843127414404e-40
CYTDK3_REV_457405.3.peg.2061-MONOMER_mod_mg2(1),0.0,-2.0269442295165084e-08
CYTDK3_FWD_457405.3.peg.2061-MONOMER_mod_mg2(1),0.0,1.1478190869150996e-40
CYTK1_REV_457405.3.peg.1308-MONOMER,0.0,-2.0269442295165084e-08
CYTK1_FWD_457405.3.peg.1308-MONOMER,0.0,-3.052141515025498e-37
CYTK1_REV_457405.3.peg.2061-MONOMER_mod_mg2(1),0.0,-2.0269442295165084e-08
CYTK1_FWD_457405.3.peg.2061-MONOMER_mod_mg2(1),0.010767147047246918,-3.0584194531510777e-37
CYTK2_REV_457405.3.peg.1308-MONOMER,0.0,-2.0269442295165084e-08
CYTK2_FWD_457405.3.peg.1308-MONOMER,0.0,-5.285211795300691e-41
CYTK2_REV_457405.3.peg.2061-MONOMER_mod_mg2(1),0.0,-2.0269442295165084e-08
CYTK2_FWD_457405.3.peg.2061-MONOMER_mod_mg2(1),7.411986976760821e-05,-1.176372230411813e-41
Cuabc_REV_457405.3.peg.1389-MONOMER,0.0,2.3074696560010762e-07
Cuabc_FWD_457405.3.peg.1389-MONOMER,0.0,-2.5749172496777635e-07
Cuabc_REV_457405.3.peg.1162-MONOMER,0.0,2.3035335777002497e-07
Cuabc_FWD_457405.3.peg.1162-MONOMER,0.0,-2.57885332797859e-07
Cut1_REV_457405.3.peg.1389-MONOMER,0.0,2.3074696560010762e-07
Cut1_FWD_457405.3.peg.1389-MONOMER,0.0,-2.5749172496777635e-07
Cut1_REV_457405.3.peg.1162-MONOMER,0.0,2.3035335777002497e-07
Cut1_FWD_457405.3.peg.1162-MONOMER,0.0,-2.57885332797859e-07
DAPAT_REV_CPLX_dummy,0.0,4.1733184455947893e-07
DAPAT_FWD_CPLX_dummy,0.0,-4.4163595779255785e-07
DAPDA_REV_457405.3.peg.720-MONOMER,0.0,0.0
DAPDA_FWD_457405.3.peg.720-MONOMER,0.0,-2.2976804081973097e-08
DAPMDH_REV_CPLX_dummy,1.0563784750426885e-50,0.0
DAPMDH_FWD_CPLX_dummy,0.0,-2.430411323307889e-08
DASYN120_REV_457405.3.peg.1274-MONOMER,0.0,-2.1014717315419713e-08
DASYN120_FWD_457405.3.peg.1274-MONOMER,0.0,4.2618838301410765e-40
DASYN120_REV_457405.3.peg.1257-MONOMER,0.0,-2.1220066912631128e-08
DASYN120_FWD_457405.3.peg.1257-MONOMER,0.0,-2.0534959721141396e-10
DASYN140_REV_457405.3.peg.1274-MONOMER,0.0,2.018218260097594e-06
DASYN140_FWD_457405.3.peg.1274-MONOMER,0.0,-2.0392329774130137e-06
DASYN140_REV_457405.3.peg.1257-MONOMER,0.0,2.0180129105003826e-06
DASYN140_FWD_457405.3.peg.1257-MONOMER,0.0,-2.039438327010225e-06
DASYN141_REV_457405.3.peg.1274-MONOMER,0.0,-2.1014717315419713e-08
DASYN141_FWD_457405.3.peg.1274-MONOMER,0.0,3.0861917390676764e-40
DASYN141_REV_457405.3.peg.1257-MONOMER,0.0,-2.1220066912631128e-08
DASYN141_FWD_457405.3.peg.1257-MONOMER,0.0,-2.0534959721141396e-10
DASYN160_REV_457405.3.peg.1274-MONOMER,0.0,2.0440158318240235e-06
DASYN160_FWD_457405.3.peg.1274-MONOMER,0.0,-2.065030549139443e-06
DASYN160_REV_457405.3.peg.1257-MONOMER,0.0,2.043810482226812e-06
DASYN160_FWD_457405.3.peg.1257-MONOMER,0.0,-2.0652358987366545e-06
DASYN161_REV_457405.3.peg.1274-MONOMER,0.0,-2.1014717315419713e-08
DASYN161_FWD_457405.3.peg.1274-MONOMER,0.0,3.0861917390676764e-40
DASYN161_REV_457405.3.peg.1257-MONOMER,0.0,-2.1220066912631128e-08
DASYN161_FWD_457405.3.peg.1257-MONOMER,0.0,-2.0534959721141396e-10
DASYN180_REV_457405.3.peg.1274-MONOMER,0.0,-2.1014717315419713e-08
DASYN180_FWD_457405.3.peg.1274-MONOMER,0.0,-4.408845341525252e-41
DASYN180_REV_457405.3.peg.1257-MONOMER,0.0,-2.1220066912631128e-08
DASYN180_FWD_457405.3.peg.1257-MONOMER,0.0,-2.0534959721141396e-10
DASYN181_REV_457405.3.peg.1274-MONOMER,0.0,-2.1014717315419713e-08
DASYN181_FWD_457405.3.peg.1274-MONOMER,0.0,3.0861917390676764e-40
DASYN181_REV_457405.3.peg.1257-MONOMER,0.0,-2.1220066912631128e-08
DASYN181_FWD_457405.3.peg.1257-MONOMER,0.0,-2.0534959721141396e-10
DASYNAI15_REV_457405.3.peg.1274-MONOMER,0.0,-2.1014717315419713e-08
DASYNAI15_FWD_457405.3.peg.1274-MONOMER,0.0,3.0861917390676764e-40
DASYNAI15_REV_457405.3.peg.1257-MONOMER,0.0,-2.1220066912631128e-08
DASYNAI15_FWD_457405.3.peg.1257-MONOMER,0.0,-2.0534959721141396e-10
DASYNAI17_REV_457405.3.peg.1274-MONOMER,0.0,-2.1014717315419713e-08
DASYNAI17_FWD_457405.3.peg.1274-MONOMER,0.0,4.2618838301410765e-40
DASYNAI17_REV_457405.3.peg.1257-MONOMER,0.0,-2.1220066912631128e-08
DASYNAI17_FWD_457405.3.peg.1257-MONOMER,0.0,-2.0534959721141396e-10
DASYNI14_REV_457405.3.peg.1274-MONOMER,0.0,-2.1014717315419713e-08
DASYNI14_FWD_457405.3.peg.1274-MONOMER,0.0,3.0861917390676764e-40
DASYNI14_REV_457405.3.peg.1257-MONOMER,0.0,-2.1220066912631128e-08
DASYNI14_FWD_457405.3.peg.1257-MONOMER,0.0,-2.0534959721141396e-10
DASYNI15_REV_457405.3.peg.1274-MONOMER,0.0,-2.1014717315419713e-08
DASYNI15_FWD_457405.3.peg.1274-MONOMER,0.0,3.0861917390676764e-40
DASYNI15_REV_457405.3.peg.1257-MONOMER,0.0,-2.1220066912631128e-08
DASYNI15_FWD_457405.3.peg.1257-MONOMER,0.0,-2.0534959721141396e-10
DASYNI16_REV_457405.3.peg.1274-MONOMER,0.0,-2.1014717315419713e-08
DASYNI16_FWD_457405.3.peg.1274-MONOMER,0.0,3.0861917390676764e-40
DASYNI16_REV_457405.3.peg.1257-MONOMER,0.0,-2.1220066912631128e-08
DASYNI16_FWD_457405.3.peg.1257-MONOMER,0.0,-2.0534959721141396e-10
DASYNI17_REV_457405.3.peg.1274-MONOMER,0.0,-2.1014717315419713e-08
DASYNI17_FWD_457405.3.peg.1274-MONOMER,0.0,1.910499647994276e-40
DASYNI17_REV_457405.3.peg.1257-MONOMER,0.0,-2.1220066912631128e-08
DASYNI17_FWD_457405.3.peg.1257-MONOMER,0.0,-2.0534959721141396e-10
DB4PS_REV_457405.3.peg.1707-MONOMER_mod_mg2(1),0.0,-2.7817795009081926e-08
DB4PS_FWD_457405.3.peg.1707-MONOMER_mod_mg2(1),8.882665373994317e-05,-1.9668427357251658e-41
DBTS_REV_457405.3.peg.205-MONOMER_mod_mg2(1),0.0,-2.376428862939924e-08
DBTS_FWD_457405.3.peg.205-MONOMER_mod_mg2(1),0.0,6.5257942480266525e-40
DCMPDA_REV_457405.3.peg.2075-MONOMER,7.411986976760821e-05,5.453940797547678e-40
DCMPDA_FWD_457405.3.peg.2075-MONOMER,0.0,-1.878566632395796e-08
DDPA_REV_457405.3.peg.1647-MONOMER,0.0,-2.2092711202358843e-08
DDPA_FWD_457405.3.peg.1647-MONOMER,-2.092242476402042e-33,-1.8208957600893239e-40
DGK1_REV_457405.3.peg.2181-MONOMER_mod_mg2(1),0.0,-2.3090212644650136e-08
DGK1_FWD_457405.3.peg.2181-MONOMER_mod_mg2(1),0.0,8.998463551506795e-41
DHAPT_REV_CPLX_DHAPT-0,0.0,-2.611135260496157e-08
DHAPT_FWD_CPLX_DHAPT-0,0.0,2.336345494482171e-41
DHDPRy_REV_CPLX_dummy,0.0,-2.430411323307889e-08
DHDPRy_FWD_CPLX_dummy,0.0,2.8784645429740914e-40
DHDPS_REV_CPLX_dummy,0.0,-2.430411323307889e-08
DHDPS_FWD_CPLX_dummy,0.0,-1.1240004843821875e-41
DHFOR2_REV_457405.3.peg.1168-MONOMER,0.0,-1.894076999242787e-08
DHFOR2_FWD_457405.3.peg.1168-MONOMER,0.0,-1.514877259576326e-40
DHFR_REV_457405.3.peg.1168-MONOMER,0.0,-1.894076999242787e-08
DHFR_FWD_457405.3.peg.1168-MONOMER,0.00019984126900105093,2.0828191715939628e-36
DHFS_REV_457405.3.peg.190-MONOMER,0.0,-2.3699268437075293e-08
DHFS_FWD_457405.3.peg.190-MONOMER,-2.092242476402042e-33,2.8159856730881444e-40
DHNAOPT_REV_457405.3.peg.1668-MONOMER,0.0,-2.1587363759575608e-08
DHNAOPT_FWD_457405.3.peg.1668-MONOMER,0.0,1.7141066108898788e-41
DHNAOT4_REV_457405.3.peg.1668-MONOMER,0.0,-2.1587363759575608e-08
DHNAOT4_FWD_457405.3.peg.1668-MONOMER,0.0,-1.333194030692128e-41
DHNPA_REV_457405.3.peg.2355-MONOMER_mod_mg2(1),0.0,-2.1469493944738585e-08
DHNPA_FWD_457405.3.peg.2355-MONOMER_mod_mg2(1),-2.092242476402042e-33,3.312149129401312e-40
DHNPA2_REV_457405.3.peg.2355-MONOMER_mod_mg2(1),0.0,-2.1469493944738585e-08
DHNPA2_FWD_457405.3.peg.2355-MONOMER_mod_mg2(1),0.0,9.0999319084234e-40
DHORD2_REV_CPLX_DHORD2-0,0.0,-1.2554796590399835e-08
DHORD2_FWD_CPLX_DHORD2-0,0.0,-1.2554796590399835e-08
DHORD5_REV_CPLX_DHORD2-0,0.0,-1.2554796590399835e-08
DHORD5_FWD_CPLX_DHORD2-0,0.0,-1.2554796590399835e-08
DHORDfum_REV_CPLX_dummy,0.0,-2.430411323307889e-08
DHORDfum_FWD_CPLX_dummy,0.0005933542445979099,8.882789457765113e-42
DHORDi_REV_CPLX_DHORD2-0,0.0,-1.3970059371857492e-08
DHORDi_FWD_CPLX_DHORD2-0,0.0,-1.1139533808942176e-08
DHORTS_REV_457405.3.peg.1822-MONOMER_mod_cobalt2(1)_mod_zn2(1),0.0005933542445979099,-3.5245731511777896e-41
DHORTS_FWD_457405.3.peg.1822-MONOMER_mod_cobalt2(1)_mod_zn2(1),0.0,-3.3640018730842124e-08
DHORTS_REV_457405.3.peg.1822-MONOMER_mod_ni2(1)_mod_zn2(1),0.0,-1.1287151467923377e-12
DHORTS_FWD_457405.3.peg.1822-MONOMER_mod_ni2(1)_mod_zn2(1),0.0,-3.3641147445988913e-08
DHORTS_REV_457405.3.peg.1822-MONOMER_mod_mn2(1)_mod_zn2(1),0.0,-7.726430188093033e-14
DHORTS_FWD_457405.3.peg.1822-MONOMER_mod_mn2(1)_mod_zn2(1),0.0,-3.3640095995144e-08
DHPPDA_REV_457405.3.peg.1710-MONOMER,0.0,-2.732794077657819e-08
DHPPDA_FWD_457405.3.peg.1710-MONOMER,4.4413326869971584e-05,-2.0174035796240524e-40
DHPS_REV_457405.3.peg.2356-MONOMER_mod_mg2(1),0.0,-2.4985951958638786e-08
DHPS_FWD_457405.3.peg.2356-MONOMER_mod_mg2(1),-2.092242476402042e-33,8.582101124059926e-41
DHPS2_REV_457405.3.peg.2356-MONOMER_mod_mg2(1),0.0,-2.4985951958638786e-08
DHPS2_FWD_457405.3.peg.2356-MONOMER_mod_mg2(1),0.0,2.0409360688074363e-40
DHQS_REV_457405.3.peg.447-MONOMER_mod_cobalt2(1)_mod_nad(1),0.0,-2.6239810775834826e-08
DHQS_FWD_457405.3.peg.447-MONOMER_mod_cobalt2(1)_mod_nad(1),-2.092242476402042e-33,6.945883935546995e-40
DHQTi_REV_457405.3.peg.2201-MONOMER,0.0,-1.80598721355075e-08
DHQTi_FWD_457405.3.peg.2201-MONOMER,-2.092242476402042e-33,-3.029766624917836e-41
DMATT_REV_457405.3.peg.1255-MONOMER_mod_mg2(1),0.0,-2.6608146447921702e-08
DMATT_FWD_457405.3.peg.1255-MONOMER_mod_mg2(1),0.0,-3.7401371757520355e-12
DMATT_REV_457405.3.peg.1255-MONOMER_mod_mn2(1),0.0,-2.660440631074595e-08
DMATT_FWD_457405.3.peg.1255-MONOMER_mod_mn2(1),0.0,-1.6299787015616752e-40
DMATT_REV_457405.3.peg.1669-MONOMER_mod_mg2(1),0.0,-2.660440631074595e-08
DMATT_FWD_457405.3.peg.1669-MONOMER_mod_mg2(1),0.0002629630195150381,-2.1661495699421723e-40
DMPPS_REV_457405.3.peg.1459-MONOMER,0.0,-2.817781769550998e-08
DMPPS_FWD_457405.3.peg.1459-MONOMER,3.178143334138255e-05,-3.7341383686167334e-40
DMPPS2r_REV_457405.3.peg.1459-MONOMER,0.0,-2.817781769550998e-08
DMPPS2r_FWD_457405.3.peg.1459-MONOMER,0.00023118158617365552,1.5679892220152568e-40
DPCOAK_REV_457405.3.peg.1955-MONOMER,0.0,-1.9579949141287247e-08
DPCOAK_FWD_457405.3.peg.1955-MONOMER,2.2206663400241557e-05,7.186202967431448e-40
DRIBabc_REV_457405.3.peg.2080-MONOMER,0.0,2.317987751527287e-07
DRIBabc_FWD_457405.3.peg.2080-MONOMER,0.0,-2.5643991541515525e-07
DTMPK_REV_457405.3.peg.1259-MONOMER,0.0,-2.0482853380539777e-08
DTMPK_FWD_457405.3.peg.1259-MONOMER,0.00019984126900105093,-3.3954220922324014e-40
DURIPP_REV_457405.3.peg.1-MONOMER,0.0,-3.1603945971796105e-08
DURIPP_FWD_457405.3.peg.1-MONOMER,0.0,-2.4010557732186636e-41
DUTPDP_REV_457405.3.peg.179-MONOMER_mod_zn2(1),0.0,4.729706088308612e-07
DUTPDP_FWD_457405.3.peg.179-MONOMER_mod_zn2(1),0.0,-4.96610501983934e-07
DXPRIr_REV_457405.3.peg.1258-MONOMER_mod_mg2(1),0.0,-2.768282282562365e-08
DXPRIr_FWD_457405.3.peg.1258-MONOMER_mod_mg2(1),0.0,-1.1834830659737735e-12
DXPRIr_REV_457405.3.peg.1258-MONOMER_mod_mn2(1),0.0,-2.7681777207957584e-08
DXPRIr_FWD_457405.3.peg.1258-MONOMER_mod_mn2(1),0.0,-1.3786539990528748e-13
DXPRIr_REV_457405.3.peg.1258-MONOMER_mod_cobalt2(1),0.0,-2.7681639342557677e-08
DXPRIr_FWD_457405.3.peg.1258-MONOMER_mod_cobalt2(1),0.002892593214665419,-5.526621922427308e-37
DXPS_REV_457405.3.peg.1374-MONOMER_mod_thmpp(1),0.0,-2.805473143573585e-08
DXPS_FWD_457405.3.peg.1374-MONOMER_mod_thmpp(1),0.0,-2.3065968566429755e-09
DXPS_REV_457405.3.peg.1786-MONOMER,0.0,-2.5748134579092874e-08
DXPS_FWD_457405.3.peg.1786-MONOMER,0.002892593214665419,0.0
D_LACD_REV_457405.3.peg.872-MONOMER,0.0,-2.2474514632564872e-08
D_LACD_FWD_457405.3.peg.872-MONOMER,0.0,3.94758457217292e-42
D_LACD_REV_457405.3.peg.891-MONOMER,0.0,-2.2474514632564872e-08
D_LACD_FWD_457405.3.peg.891-MONOMER,0.0,3.962937913389469e-42
D_LACt2_REV_CPLX_dummy,0.6748488555907947,4.433261016461879e-38
D_LACt2_FWD_CPLX_dummy,0.0,-2.430411323307889e-08
E4PD_REV_457405.3.peg.510-MONOMER,0.0,-3.15254040298308e-08
E4PD_FWD_457405.3.peg.510-MONOMER,0.0,1.1965776934088358e-40
EACPR1_REV_457405.3.peg.384-MONOMER,0.0,-2.010201807352611e-08
EACPR1_FWD_457405.3.peg.384-MONOMER,0.0,-9.532915839924426e-40
EACPR2_REV_457405.3.peg.384-MONOMER,0.0,-2.010201807352611e-08
EACPR2_FWD_457405.3.peg.384-MONOMER,0.0,2.2851299471005285e-40
ECOAH1_REV_CPLX_dummy,2.7626243170725355e-34,-3.408758985795034e-40
ECOAH1_FWD_CPLX_dummy,0.0,-2.430411323307889e-08
ECOAH1R_REV_457405.3.peg.48-MONOMER,0.0,-1.3181822399422862e-40
ECOAH1R_FWD_457405.3.peg.48-MONOMER,0.0,-1.7515802123841503e-08
ECOAH1R_REV_457405.3.peg.185-MONOMER,0.0,-1.5282474333741898e-09
ECOAH1R_FWD_457405.3.peg.185-MONOMER,0.0,-1.9044049557215692e-08
EDTXS1_REV_457405.3.peg.188-MONOMER,0.0,-2.1672118398976518e-08
EDTXS1_FWD_457405.3.peg.188-MONOMER,0.0,-1.193382710706357e-41
EHGLAT_REV_457405.3.peg.316-MONOMER_mod_pydx5p(1),0.0,7.512902370593104e-08
EHGLAT_FWD_457405.3.peg.316-MONOMER_mod_pydx5p(1),0.0,-1.0289170470271325e-07
EHGLAT_REV_457405.3.peg.1142-MONOMER,0.0,7.686798349807251e-08
EHGLAT_FWD_457405.3.peg.1142-MONOMER,0.0,-1.0115274491057178e-07
EHGLAT_REV_457405.3.peg.428-MONOMER,0.0,7.529017076549561e-08
EHGLAT_FWD_457405.3.peg.428-MONOMER,0.0,-1.0273055764314868e-07
ENO_REV_457405.3.peg.1462-MONOMER_mod_mg2(4),0.0,-2.826320624170473e-08
ENO_FWD_457405.3.peg.1462-MONOMER_mod_mg2(4),1.0246958509321497e-21,8.167173065747866e-42
ETHAAL_REV_CPLX_ETHAAL-0_mod_adocbl(1),0.0,-1.8896373661294936e-08
ETHAAL_FWD_CPLX_ETHAAL-0_mod_adocbl(1),0.0,-2.321934623895658e-08
ETHAt2_REV_457405.3.peg.2228-MONOMER,0.0,-2.2235938029581608e-08
ETHAt2_FWD_457405.3.peg.2228-MONOMER,0.0,-5.62318451219434e-42
FACOAL140_REV_457405.3.peg.441-MONOMER_mod_mg2(1),0.0,-6.492168880393981e-40
FACOAL140_FWD_457405.3.peg.441-MONOMER_mod_mg2(1),0.0,-3.358173960857562e-08
FACOAL160_REV_457405.3.peg.441-MONOMER_mod_mg2(1),0.0,-4.90415634849905e-41
FACOAL160_FWD_457405.3.peg.441-MONOMER_mod_mg2(1),0.0,-3.358173960857562e-08
FACOAL161_REV_457405.3.peg.441-MONOMER_mod_mg2(1),0.0,-3.358173960857562e-08
FACOAL161_FWD_457405.3.peg.441-MONOMER_mod_mg2(1),0.0,-4.9742157249061795e-40
FACOAL180_REV_457405.3.peg.441-MONOMER_mod_mg2(1),0.0,-5.721515739915559e-40
FACOAL180_FWD_457405.3.peg.441-MONOMER_mod_mg2(1),0.0,-3.358173960857562e-08
FACOAL181_REV_457405.3.peg.441-MONOMER_mod_mg2(1),0.0,2.4987844251876117e-40
FACOAL181_FWD_457405.3.peg.441-MONOMER_mod_mg2(1),0.0,-3.358173960857562e-08
FACOALAI15_REV_457405.3.peg.441-MONOMER_mod_mg2(1),0.0,-6.468815754924938e-40
FACOALAI15_FWD_457405.3.peg.441-MONOMER_mod_mg2(1),0.0,-3.358173960857562e-08
FACOALAI17_REV_457405.3.peg.441-MONOMER_mod_mg2(1),0.0,-6.468815754924938e-40
FACOALAI17_FWD_457405.3.peg.441-MONOMER_mod_mg2(1),0.0,-3.358173960857562e-08
FACOALI14_REV_457405.3.peg.441-MONOMER_mod_mg2(1),0.0,-6.468815754924938e-40
FACOALI14_FWD_457405.3.peg.441-MONOMER_mod_mg2(1),0.0,-3.358173960857562e-08
FACOALI15_REV_457405.3.peg.441-MONOMER_mod_mg2(1),-3.7588729511534453e-56,-6.468815754924938e-40
FACOALI15_FWD_457405.3.peg.441-MONOMER_mod_mg2(1),0.0,-3.358173960857562e-08
FACOALI16_REV_457405.3.peg.441-MONOMER_mod_mg2(1),0.0,-6.468815754924938e-40
FACOALI16_FWD_457405.3.peg.441-MONOMER_mod_mg2(1),0.0,-3.358173960857562e-08
FACOALI17_REV_457405.3.peg.441-MONOMER_mod_mg2(1),0.0,-6.468815754924938e-40
FACOALI17_FWD_457405.3.peg.441-MONOMER_mod_mg2(1),0.0,-3.358173960857562e-08
FBA_REV_457405.3.peg.301-MONOMER,0.0,1.218554892654133e-41
FBA_FWD_457405.3.peg.301-MONOMER,0.0,-2.1400545654757704e-08
FBA3_REV_457405.3.peg.301-MONOMER,0.0,1.8215463545548266e-40
FBA3_FWD_457405.3.peg.301-MONOMER,0.0,-2.1400545654757704e-08
FBP_REV_457405.3.peg.143-MONOMER,0.0,9.410525161421741e-08
FBP_FWD_457405.3.peg.143-MONOMER,0.0,-1.2021504110900508e-07
FBP_REV_457405.3.peg.421-MONOMER_mod_mn2(1),0.0,9.398740472612878e-08
FBP_FWD_457405.3.peg.421-MONOMER_mod_mn2(1),0.0,-1.203328879970937e-07
FDNADOX_H_REV_CPLX_dummy,0.022916684101438305,-4.4085065026507595e-40
FDNADOX_H_FWD_CPLX_dummy,0.0,-2.430411323307889e-08
FE2abc_REV_457405.3.peg.768-MONOMER,0.0,-3.6539067431826005e-13
FE2abc_FWD_457405.3.peg.768-MONOMER,8.606761076335991e-13,1.0820682307128901e-40
FE3abc_REV_CPLX_dummy,0.0,-5.775843580263055e-09
FE3abc_FWD_CPLX_dummy,0.0,-1.8528269652815835e-08
FEDCabc_REV_CPLX_FEDCabc-0,0.0,-2.077314356493731e-08
FEDCabc_FWD_CPLX_FEDCabc-0,0.0,1.2504466796294457e-40
FEDCabc_REV_457405.3.peg.975-MONOMER,0.0,-2.1459107036676396e-08
FEDCabc_FWD_457405.3.peg.975-MONOMER,0.0,-6.859634717390851e-10
FGLU_REV_457405.3.peg.519-MONOMER,0.0,1.3102575554110226e-07
FGLU_FWD_457405.3.peg.519-MONOMER,0.0,-1.5288338881421213e-07
FMNAT_REV_457405.3.peg.29-MONOMER,0.0,-2.224244508707217e-08
FMNAT_FWD_457405.3.peg.29-MONOMER,2.2206663407182345e-05,3.5714663552923563e-40
FOLD3_REV_457405.3.peg.2356-MONOMER_mod_mg2(1),0.0,-2.4985951958638786e-08
FOLD3_FWD_457405.3.peg.2356-MONOMER_mod_mg2(1),0.0,2.0409360688074363e-40
FORAMD_REV_CPLX_dummy,0.0,-2.430411323307889e-08
FORAMD_FWD_CPLX_dummy,6.268177729284308e-27,0.0
FORTHFC_REV_457405.3.peg.74-MONOMER,0.0,-1.960394249818425e-08
FORTHFC_FWD_457405.3.peg.74-MONOMER,1.0345413214493817e-51,-1.853589214005842e-42
FORt2r_REV_CPLX_dummy,0.0001974775909002277,6.91210888811997e-42
FORt2r_FWD_CPLX_dummy,0.0,-2.430411323307889e-08
FPGS_REV_457405.3.peg.190-MONOMER,0.0,-2.3699268437075293e-08
FPGS_FWD_457405.3.peg.190-MONOMER,0.0,-1.9532590975654795e-40
FPGS7_REV_457405.3.peg.190-MONOMER,0.0,-2.3699268437075293e-08
FPGS7_FWD_457405.3.peg.190-MONOMER,6.423761029031294e-05,-3.271166439538801e-34
FPGS_tm_REV_457405.3.peg.190-MONOMER,0.0,-2.3699268437075293e-08
FPGS_tm_FWD_457405.3.peg.190-MONOMER,0.0,1.6144984525705361e-40
FRD7_REV_CPLX_dummy,0.0,-2.430411323307889e-08
FRD7_FWD_CPLX_dummy,0.633091620235413,1.7765578915530225e-42
FRTT_REV_457405.3.peg.348-MONOMER,0.0,-1.8793750976448073e-08
FRTT_FWD_457405.3.peg.348-MONOMER,0.0,2.160767599122532e-40
FRUK_REV_457405.3.peg.1069-MONOMER_mod_mg2(1),0.0,-3.077319936630697e-08
FRUK_FWD_457405.3.peg.1069-MONOMER_mod_mg2(1),6.503403451605117e-52,1.1794529736017744e-40
FRUpts_REV_CPLX_FRUpts-1,0.0,1.063874129162732e-08
FRUpts_FWD_CPLX_FRUpts-1,0.0,-2.710640898570164e-08
FRUpts_REV_CPLX_FRUpts-0,0.0,1.069041072950163e-08
FRUpts_FWD_CPLX_FRUpts-0,0.0,-2.705473954782733e-08
FTHFCL_REV_457405.3.peg.375-MONOMER,0.0,-1.905546658237326e-08
FTHFCL_FWD_457405.3.peg.375-MONOMER,2.092242476402042e-33,1.0331030190836768e-39
FTHFL_REV_457405.3.peg.2240-MONOMER,0.0,6.843192169230473e-08
FTHFL_FWD_457405.3.peg.2240-MONOMER,0.0,-9.359644908448346e-08
FUM_REV_CPLX_dummy,5.122645390443143e-22,-1.7661963656969087e-42
FUM_FWD_CPLX_dummy,0.0,-2.430411323307889e-08
G1PACT_REV_457405.3.peg.1541-MONOMER_mod_mg2(1),0.0,-3.114584084170436e-08
G1PACT_FWD_457405.3.peg.1541-MONOMER_mod_mg2(1),0.0,-1.3269592681224113e-39
G1SAT_REV_457405.3.peg.845-MONOMER_mod_pydx5p(1),0.0,-2.792791641778692e-08
G1SAT_FWD_457405.3.peg.845-MONOMER_mod_pydx5p(1),0.0,7.661666857901049e-41
G3PAT120_REV_CPLX_G3PAT120-0,0.0,-1.5465802054144527e-08
G3PAT120_FWD_CPLX_G3PAT120-0,0.0,2.7410024955435924e-40
G3PAT140_REV_CPLX_G3PAT120-0,0.0,-1.546581452562695e-08
G3PAT140_FWD_CPLX_G3PAT120-0,0.0,-1.2233852946211514e-40
G3PAT141_REV_CPLX_G3PAT120-0,0.0,-1.5465807121916886e-08
G3PAT141_FWD_CPLX_G3PAT120-0,0.0,1.066977807587308e-39
G3PAT160_REV_CPLX_G3PAT120-0,0.0,-1.5465814673299427e-08
G3PAT160_FWD_CPLX_G3PAT120-0,0.0,6.7053902857083354e-40
G3PAT161_REV_CPLX_G3PAT120-0,0.0,1.6294544352307927e-07
G3PAT161_FWD_CPLX_G3PAT120-0,0.0,-1.7841125172902798e-07
G3PAT180_REV_CPLX_G3PAT120-0,0.0,-1.546581452562695e-08
G3PAT180_FWD_CPLX_G3PAT120-0,0.0,-1.2233852946211514e-40
G3PAT181_REV_CPLX_G3PAT120-0,0.0,1.6294544352307927e-07
G3PAT181_FWD_CPLX_G3PAT120-0,0.0,-1.7841125172902798e-07
G3PATAI15_REV_CPLX_G3PAT120-0,0.0,7.316038239999916e-07
G3PATAI15_FWD_CPLX_G3PAT120-0,0.0,-7.470695807144819e-07
G3PATAI17_REV_CPLX_G3PAT120-0,0.0,-1.5465756714490227e-08
G3PATAI17_FWD_CPLX_G3PAT120-0,0.0,4.240624783587442e-40
G3PATI14_REV_CPLX_G3PAT120-0,0.0,7.316038239999916e-07
G3PATI14_FWD_CPLX_G3PAT120-0,0.0,-7.470695807144819e-07
G3PATI15_REV_CPLX_G3PAT120-0,0.0,7.316038239999916e-07
G3PATI15_FWD_CPLX_G3PAT120-0,0.0,-7.470695807144819e-07
G3PATI16_REV_CPLX_G3PAT120-0,0.0,7.316038239999916e-07
G3PATI16_FWD_CPLX_G3PAT120-0,0.0,-7.470695807144819e-07
G3PATI17_REV_CPLX_G3PAT120-0,0.0,6.951476541503733e-07
G3PATI17_FWD_CPLX_G3PAT120-0,0.0,-7.106134108648636e-07
G3PD1_REV_457405.3.peg.370-MONOMER,0.0,-2.655440178536482e-08
G3PD1_FWD_457405.3.peg.370-MONOMER,0.0,-1.1239402895801846e-36
G3PD2_REV_457405.3.peg.370-MONOMER,0.0,-2.655440178536482e-08
G3PD2_FWD_457405.3.peg.370-MONOMER,0.0033961234518750318,-1.1242037852772447e-36
G5SADs_REV_CPLX_dummy,0.0,-2.430411323307889e-08
G5SADs_FWD_CPLX_dummy,0.0,-1.7661963656969087e-42
G6PDA_REV_457405.3.peg.470-MONOMER,0.0,-3.353548821182064e-08
G6PDA_FWD_457405.3.peg.470-MONOMER,0.0009182338208182602,-8.509236999664565e-41
G6PI_REV_457405.3.peg.2197-MONOMER,0.0,-2.3769928048041512e-08
G6PI_FWD_457405.3.peg.2197-MONOMER,0.0,9.93706880107793e-42
G6PI3_REV_457405.3.peg.2197-MONOMER,0.0,-6.133616935625854e-41
G6PI3_FWD_457405.3.peg.2197-MONOMER,0.0,-2.3769928048041512e-08
GACPCD_REV_457405.3.peg.384-MONOMER,0.0,-2.0102074601748664e-08
GACPCD_FWD_457405.3.peg.384-MONOMER,0.0,1.711743660327236e-39
GALK_REV_457405.3.peg.2301-MONOMER_mod_mg2(1),0.0,1.4111499875529753e-07
GALK_FWD_457405.3.peg.2301-MONOMER_mod_mg2(1),0.0,-1.6404294750530418e-07
GALM1r_REV_457405.3.peg.1995-MONOMER,0.0,1.3435877009304503e-42
GALM1r_FWD_457405.3.peg.1995-MONOMER,0.0,-2.2013749900062187e-08
GALT_REV_457405.3.peg.2300-MONOMER,0.0,-9.989009055240811e-09
GALT_FWD_457405.3.peg.2300-MONOMER,0.0,-1.4692814599857172e-08
GALU_REV_457405.3.peg.1319-MONOMER,0.0,-2.1380558009544357e-08
GALU_FWD_457405.3.peg.1319-MONOMER,0.0,3.8736235834578775e-40
GALabc_REV_CPLX_GALabc-0,0.0,2.2962030426355102e-07
GALabc_FWD_CPLX_GALabc-0,0.0,-2.5861838630433295e-07
GAPD_REV_457405.3.peg.510-MONOMER,0.0,-3.15254040298308e-08
GAPD_FWD_457405.3.peg.510-MONOMER,1.0246958509321497e-21,-6.572130018993554e-38
GARFTi_REV_457405.3.peg.219-MONOMER,0.0,-1.9279398241293546e-08
GARFTi_FWD_457405.3.peg.219-MONOMER,0.0002277953027118438,-1.0546506571489494e-40
GCALDD_REV_CPLX_dummy,0.0,2.211825776334489e-07
GCALDD_FWD_CPLX_dummy,0.0,-2.454866908665278e-07
GCALDt_REV_CPLX_dummy,0.0,-2.0795825911823896e-42
GCALDt_FWD_CPLX_dummy,0.0,-2.430411323307889e-08
GF6PTA_REV_457405.3.peg.950-MONOMER,0.0,2.0078345010161087e-08
GF6PTA_FWD_457405.3.peg.950-MONOMER,0.0,-5.0492172569246965e-08
GGTT_REV_457405.3.peg.348-MONOMER,0.0,-1.8793750976448073e-08
GGTT_FWD_457405.3.peg.348-MONOMER,0.0,-1.6541048517420759e-40
GHMT2r_REV_CPLX_dummy,0.0,-2.430411323307889e-08
GHMT2r_FWD_CPLX_dummy,0.0007213688486418594,4.739656041388676e-35
GK1_REV_457405.3.peg.2181-MONOMER_mod_mg2(1),0.0,-2.3090212644650136e-08
GK1_FWD_457405.3.peg.2181-MONOMER_mod_mg2(1),0.004325729125005848,-1.005354361695681e-36
GK2_REV_457405.3.peg.2181-MONOMER_mod_mg2(1),0.0,-1.0938156028110691e-08
GK2_FWD_457405.3.peg.2181-MONOMER_mod_mg2(1),0.0,-1.2152056616539445e-08
GLCOAS_REV_CPLX_dummy,0.0,6.23889429781254e-10
GLCOAS_FWD_CPLX_dummy,0.0,-2.4928002662860146e-08
GLCP3_REV_457405.3.peg.435-MONOMER_mod_pydx5p(1),0.0,-3.267868335954951e-08
GLCP3_FWD_457405.3.peg.435-MONOMER_mod_pydx5p(1),0.0,2.6589060037649426e-41
GLCS3_REV_457405.3.peg.431-MONOMER,0.0,-2.2068007855930878e-08
GLCS3_FWD_457405.3.peg.431-MONOMER,0.0,-1.993168413463786e-09
GLCS3_REV_457405.3.peg.2018-MONOMER,0.0,-2.0074839442467093e-08
GLCS3_FWD_457405.3.peg.2018-MONOMER,0.0,-3.772798370112555e-41
GLGC_REV_CPLX_GLGC-0,0.0,3.424123611409042e-07
GLGC_FWD_CPLX_GLGC-0,0.0,-3.6964808915309886e-07
GLNS_REV_457405.3.peg.1306-MONOMER_mod_mn2(1),0.0,2.255965845814244e-07
GLNS_FWD_457405.3.peg.1306-MONOMER_mod_mn2(1),0.0,-2.2560707661887213e-07
GLNt2r_REV_CPLX_dummy,0.0,-2.430411323307889e-08
GLNt2r_FWD_CPLX_dummy,0.0016950967738430607,7.3740907155895e-42
GLNt4_REV_457405.3.peg.1137-MONOMER,0.0,-1.833596383953232e-08
GLNt4_FWD_457405.3.peg.1137-MONOMER,0.0,-5.605047705023797e-09
GLUABUTt7_REV_457405.3.peg.200-MONOMER,0.0,-3.324963788220487e-13
GLUABUTt7_FWD_457405.3.peg.200-MONOMER,0.0,-1.357208506341331e-42
GLUDC_REV_457405.3.peg.201-MONOMER_mod_pydx5p(1),0.0,-3.807615501464161e-08
GLUDC_FWD_457405.3.peg.201-MONOMER_mod_pydx5p(1),0.0,-4.155870420352084e-42
GLUDxi_REV_457405.3.peg.890-MONOMER,0.0,2.496777551795386e-40
GLUDxi_FWD_457405.3.peg.890-MONOMER,0.0,-3.705709348803768e-08
GLUDy_REV_457405.3.peg.890-MONOMER,0.0,4.010414955639761e-40
GLUDy_FWD_457405.3.peg.890-MONOMER,0.0,-3.705709348803768e-08
GLUFORT_REV_457405.3.peg.77-MONOMER,0.0,4.180716264042241e-40
GLUFORT_FWD_457405.3.peg.77-MONOMER,0.0,-2.1836818778497312e-08
GLUN_REV_457405.3.peg.1136-MONOMER,0.0,5.752208829389965e-09
GLUN_FWD_457405.3.peg.1136-MONOMER,0.0,-3.128282053819745e-08
GLUPRT_REV_457405.3.peg.217-MONOMER_mod_mg2(1),0.0,-3.402967996726222e-08
GLUPRT_FWD_457405.3.peg.217-MONOMER_mod_mg2(1),0.0002277953027118438,1.7697817717414801e-40
GLUR_REV_457405.3.peg.419-MONOMER,0.0,-2.275825126114173e-08
GLUR_FWD_457405.3.peg.419-MONOMER,0.0,-2.0342544997832637e-09
GLUR_REV_457405.3.peg.1833-MONOMER,0.0,-2.072399676135847e-08
GLUR_FWD_457405.3.peg.1833-MONOMER,1.1393582049496598e-50,2.7847051346696346e-42
GLUTACCOADC_REV_CPLX_dummy,0.0,1.662421215790463e-08
GLUTACCOADC_FWD_CPLX_dummy,0.0,-4.092832539098352e-08
GLUTARCOAT_REV_CPLX_dummy,0.0,-2.430411323307889e-08
GLUTARCOAT_FWD_CPLX_dummy,5.688263747970225e-57,6.327130486792024e-40
GLUTARt2r_REV_CPLX_dummy,-5.276385272138241e-57,-2.0795825911823896e-42
GLUTARt2r_FWD_CPLX_dummy,0.0,-2.430411323307889e-08
GLUTCOADH_REV_CPLX_dummy,0.0,1.2741948194733655e-08
GLUTCOADH_FWD_CPLX_dummy,0.0,-3.704606142781255e-08
GLUTCOADH2_REV_CPLX_dummy,0.0,1.0848645668844578e-08
GLUTCOADH2_FWD_CPLX_dummy,0.0,-3.515275890192347e-08
GLUTRR_REV_457405.3.peg.508-MONOMER,0.0,-2.6337022192653385e-08
GLUTRR_FWD_457405.3.peg.508-MONOMER,0.0,-1.6118731273952776e-35
GLUTRS_REV_457405.3.peg.1809-MONOMER_mod_mg2(1)_mod_zn2(1),0.0,-2.5071447836075805e-08
GLUTRS_FWD_457405.3.peg.1809-MONOMER_mod_mg2(1)_mod_zn2(1),0.0,-3.4909311530957504e-40
GLUt2r_REV_457405.3.peg.2196-MONOMER,0.0,-3.5877310331649256e-08
GLUt2r_FWD_457405.3.peg.2196-MONOMER,7.27058565123541e-52,1.3352388184267904e-35
GLUt2r_REV_457405.3.peg.465-MONOMER,0.0,-3.5877310331649256e-08
GLUt2r_FWD_457405.3.peg.465-MONOMER,1.4691505064257908e-51,1.065563714921169e-35
GLXCL_REV_CPLX_dummy,0.0,-2.430411323307889e-08
GLXCL_FWD_CPLX_dummy,0.0,-1.696376163165347e-42
GLYASN1c_REV_457405.3.peg.1307-MONOMER,0.0,-3.997070411552986e-09
GLYASN1c_FWD_457405.3.peg.1307-MONOMER,0.0,-2.484962671757877e-08
GLYASN1c_REV_457405.3.peg.1284-MONOMER_mod_fe2(2),0.0,1.4007135916068198e-42
GLYASN1c_FWD_457405.3.peg.1284-MONOMER_mod_fe2(2),0.0,-2.085255630602578e-08
GLYASN1c_REV_457405.3.peg.2068-MONOMER_mod_zn2(1),0.0,-8.443846336089405e-09
GLYASN1c_FWD_457405.3.peg.2068-MONOMER_mod_zn2(1),0.0,-2.9296402642115185e-08
GLYASNabc_REV_457405.3.peg.1269-MONOMER,0.0,2.766456179367568e-07
GLYASNabc_FWD_457405.3.peg.1269-MONOMER,0.0,-3.00894226723031e-07
GLYASNabc_REV_CPLX_ALAASPabc-0,0.0,2.749486490627533e-07
GLYASNabc_FWD_CPLX_ALAASPabc-0,0.0,-3.0259119559703446e-07
GLYASNabc_REV_CPLX_ALAASPabc-1,0.0,2.7473402729501207e-07
GLYASNabc_FWD_CPLX_ALAASPabc-1,0.0,-3.0280581736477565e-07
GLYASNabc_REV_457405.3.peg.1687-MONOMER,0.0,2.7642277905878504e-07
GLYASNabc_FWD_457405.3.peg.1687-MONOMER,0.0,-3.011170656010027e-07
GLYASNabc_REV_457405.3.peg.663-MONOMER,0.0,2.762795398826993e-07
GLYASNabc_FWD_457405.3.peg.663-MONOMER,0.0,-3.012603047770885e-07
GLYASNabc_REV_457405.3.peg.208-MONOMER,0.0,2.765709645414623e-07
GLYASNabc_FWD_457405.3.peg.208-MONOMER,0.0,-3.009688801183254e-07
GLYASNabc_REV_CPLX_ALAASPabc-2,0.0,2.719872706162944e-07
GLYASNabc_FWD_CPLX_ALAASPabc-2,0.0,-3.055525740434934e-07
GLYASP1c_REV_457405.3.peg.1307-MONOMER,0.0,-3.997070411552986e-09
GLYASP1c_FWD_457405.3.peg.1307-MONOMER,0.0,-2.484962671757877e-08
GLYASP1c_REV_457405.3.peg.1284-MONOMER_mod_fe2(2),0.0,7.154268557165137e-42
GLYASP1c_FWD_457405.3.peg.1284-MONOMER_mod_fe2(2),0.0,-2.085255630602578e-08
GLYASP1c_REV_457405.3.peg.2068-MONOMER_mod_zn2(1),0.0,-8.443846336089405e-09
GLYASP1c_FWD_457405.3.peg.2068-MONOMER_mod_zn2(1),0.0,-2.9296402642115185e-08
GLYASPabc_REV_457405.3.peg.1269-MONOMER,0.0,2.766456179367568e-07
GLYASPabc_FWD_457405.3.peg.1269-MONOMER,0.0,-3.00894226723031e-07
GLYASPabc_REV_CPLX_ALAASPabc-0,0.0,2.749486490627533e-07
GLYASPabc_FWD_CPLX_ALAASPabc-0,0.0,-3.0259119559703446e-07
GLYASPabc_REV_CPLX_ALAASPabc-1,0.0,2.7473402729501207e-07
GLYASPabc_FWD_CPLX_ALAASPabc-1,0.0,-3.0280581736477565e-07
GLYASPabc_REV_457405.3.peg.1687-MONOMER,0.0,2.7642277905878504e-07
GLYASPabc_FWD_457405.3.peg.1687-MONOMER,0.0,-3.011170656010027e-07
GLYASPabc_REV_457405.3.peg.663-MONOMER,0.0,2.762795398826993e-07
GLYASPabc_FWD_457405.3.peg.663-MONOMER,0.0,-3.012603047770885e-07
GLYASPabc_REV_457405.3.peg.208-MONOMER,0.0,2.765709645414623e-07
GLYASPabc_FWD_457405.3.peg.208-MONOMER,0.0,-3.009688801183254e-07
GLYASPabc_REV_CPLX_ALAASPabc-2,0.0,2.719872706162944e-07
GLYASPabc_FWD_CPLX_ALAASPabc-2,0.0,-3.055525740434934e-07
GLYCLTDxr_REV_CPLX_dummy,0.0,-2.430411323307889e-08
GLYCLTDxr_FWD_CPLX_dummy,0.0,1.206307749481551e-40
GLYCYSabc_REV_457405.3.peg.1269-MONOMER,0.0,-2.4248608786274204e-08
GLYCYSabc_FWD_457405.3.peg.1269-MONOMER,0.0,2.377747468196808e-40
GLYCYSabc_REV_CPLX_ALAASPabc-0,0.0,-2.5945577660277677e-08
GLYCYSabc_FWD_CPLX_ALAASPabc-0,0.0,-1.6969688740034757e-09
GLYCYSabc_REV_CPLX_ALAASPabc-1,0.0,-2.6160199428018895e-08
GLYCYSabc_FWD_CPLX_ALAASPabc-1,0.0,-1.911590641744691e-09
GLYCYSabc_REV_457405.3.peg.1687-MONOMER,0.0,-2.4471447664245912e-08
GLYCYSabc_FWD_457405.3.peg.1687-MONOMER,0.0,-2.2283887797171026e-10
GLYCYSabc_REV_457405.3.peg.663-MONOMER,0.0,-2.461468684033171e-08
GLYCYSabc_FWD_457405.3.peg.663-MONOMER,0.0,-3.660780540575088e-10
GLYCYSabc_REV_457405.3.peg.208-MONOMER,0.0,-2.4323262181568642e-08
GLYCYSabc_FWD_457405.3.peg.208-MONOMER,0.0,-7.46533952944397e-11
GLYCYSabc_REV_CPLX_ALAASPabc-2,0.0,-2.890695610673662e-08
GLYCYSabc_FWD_CPLX_ALAASPabc-2,0.0,-4.6583473204624186e-09
GLYCt_REV_457405.3.peg.2147-MONOMER,0.0033961234518750318,0.0
GLYCt_FWD_457405.3.peg.2147-MONOMER,0.0,-2.899528107630136e-08
GLYGLN1c_REV_457405.3.peg.1307-MONOMER,0.0,-3.997070411552986e-09
GLYGLN1c_FWD_457405.3.peg.1307-MONOMER,0.0,-2.484962671757877e-08
GLYGLN1c_REV_457405.3.peg.1284-MONOMER_mod_fe2(2),0.0,-1.843522678897375e-42
GLYGLN1c_FWD_457405.3.peg.1284-MONOMER_mod_fe2(2),0.0,-2.085255630602578e-08
GLYGLN1c_REV_457405.3.peg.2068-MONOMER_mod_zn2(1),0.0,-8.443846336089405e-09
GLYGLN1c_FWD_457405.3.peg.2068-MONOMER_mod_zn2(1),0.0,-2.9296402642115185e-08
GLYGLNabc_REV_457405.3.peg.1269-MONOMER,0.0,2.766456179367568e-07
GLYGLNabc_FWD_457405.3.peg.1269-MONOMER,0.0,-3.00894226723031e-07
GLYGLNabc_REV_CPLX_ALAASPabc-0,0.0,2.749486490627533e-07
GLYGLNabc_FWD_CPLX_ALAASPabc-0,0.0,-3.0259119559703446e-07
GLYGLNabc_REV_CPLX_ALAASPabc-1,0.0,2.7473402729501207e-07
GLYGLNabc_FWD_CPLX_ALAASPabc-1,0.0,-3.0280581736477565e-07
GLYGLNabc_REV_457405.3.peg.1687-MONOMER,0.0,2.7642277905878504e-07
GLYGLNabc_FWD_457405.3.peg.1687-MONOMER,0.0,-3.011170656010027e-07
GLYGLNabc_REV_457405.3.peg.663-MONOMER,0.0,2.762795398826993e-07
GLYGLNabc_FWD_457405.3.peg.663-MONOMER,0.0,-3.012603047770885e-07
GLYGLNabc_REV_457405.3.peg.208-MONOMER,0.0,2.765709645414623e-07
GLYGLNabc_FWD_457405.3.peg.208-MONOMER,0.0,-3.009688801183254e-07
GLYGLNabc_REV_CPLX_ALAASPabc-2,0.0,2.719872706162944e-07
GLYGLNabc_FWD_CPLX_ALAASPabc-2,0.0,-3.055525740434934e-07
GLYGLU1c_REV_457405.3.peg.1307-MONOMER,0.0,-3.997070411552986e-09
GLYGLU1c_FWD_457405.3.peg.1307-MONOMER,0.0,-2.484962671757877e-08
GLYGLU1c_REV_457405.3.peg.1284-MONOMER_mod_fe2(2),1.6809117336370243e-25,7.003567958034099e-42
GLYGLU1c_FWD_457405.3.peg.1284-MONOMER_mod_fe2(2),0.0,-2.085255630602578e-08
GLYGLU1c_REV_457405.3.peg.2068-MONOMER_mod_zn2(1),0.0,-8.443846336089405e-09
GLYGLU1c_FWD_457405.3.peg.2068-MONOMER_mod_zn2(1),0.0,-2.9296402642115185e-08
GLYGLUabc_REV_457405.3.peg.1269-MONOMER,0.0,2.708590193874716e-07
GLYGLUabc_FWD_457405.3.peg.1269-MONOMER,0.0,-2.951076281737458e-07
GLYGLUabc_REV_CPLX_ALAASPabc-0,0.0,2.691620505134681e-07
GLYGLUabc_FWD_CPLX_ALAASPabc-0,0.0,-2.9680459704774927e-07
GLYGLUabc_REV_CPLX_ALAASPabc-1,0.0,2.689474287457269e-07
GLYGLUabc_FWD_CPLX_ALAASPabc-1,0.0,-2.9701921881549046e-07
GLYGLUabc_REV_457405.3.peg.1687-MONOMER,0.0,2.706361805094999e-07
GLYGLUabc_FWD_457405.3.peg.1687-MONOMER,0.0,-2.953304670517175e-07
GLYGLUabc_REV_457405.3.peg.663-MONOMER,0.0,2.704929413334141e-07
GLYGLUabc_FWD_457405.3.peg.663-MONOMER,0.0,-2.954737062278033e-07
GLYGLUabc_REV_457405.3.peg.208-MONOMER,0.0,2.707843659921772e-07
GLYGLUabc_FWD_457405.3.peg.208-MONOMER,0.0,-2.951822815690402e-07
GLYGLUabc_REV_CPLX_ALAASPabc-2,0.0,2.662006720670092e-07
GLYGLUabc_FWD_CPLX_ALAASPabc-2,0.0,-2.997659754942082e-07
GLYK_REV_457405.3.peg.2146-MONOMER_mod_mn2(1),0.0,-3.494254785268764e-08
GLYK_FWD_457405.3.peg.2146-MONOMER_mod_mn2(1),0.0033961234518750318,1.3199536830631504e-40
GLYK_REV_457405.3.peg.2146-MONOMER_mod_mg2(1),0.0,-3.494307417717598e-08
GLYK_FWD_457405.3.peg.2146-MONOMER_mod_mg2(1),0.0,-5.26324488338907e-13
GLYLEUHYDROc_REV_457405.3.peg.1307-MONOMER,0.0,-3.997070411552986e-09
GLYLEUHYDROc_FWD_457405.3.peg.1307-MONOMER,0.0,-2.484962671757877e-08
GLYLEUHYDROc_REV_457405.3.peg.1284-MONOMER_mod_fe2(2),0.0,0.0
GLYLEUHYDROc_FWD_457405.3.peg.1284-MONOMER_mod_fe2(2),0.0,-2.085255630602578e-08
GLYLEUHYDROc_REV_457405.3.peg.2068-MONOMER_mod_zn2(1),0.0,-8.443846336089405e-09
GLYLEUHYDROc_FWD_457405.3.peg.2068-MONOMER_mod_zn2(1),0.0,-2.9296402642115185e-08
GLYLEUPEPT1tc_REV_457405.3.peg.1269-MONOMER,0.0,-3.628165031831211e-09
GLYLEUPEPT1tc_FWD_457405.3.peg.1269-MONOMER,0.0,-2.0620443754442993e-08
GLYLEUPEPT1tc_REV_CPLX_ALAASPabc-0,0.0,-5.3251339058346866e-09
GLYLEUPEPT1tc_FWD_CPLX_ALAASPabc-0,0.0,-2.2317412628446466e-08
GLYLEUPEPT1tc_REV_CPLX_ALAASPabc-1,0.0,-5.5397556735759025e-09
GLYLEUPEPT1tc_FWD_CPLX_ALAASPabc-1,0.0,-2.253203439618768e-08
GLYLEUPEPT1tc_REV_457405.3.peg.1687-MONOMER,0.0,-3.851003909802921e-09
GLYLEUPEPT1tc_FWD_457405.3.peg.1687-MONOMER,0.0,-2.08432826324147e-08
GLYLEUPEPT1tc_REV_457405.3.peg.663-MONOMER,0.0,-3.99424308588872e-09
GLYLEUPEPT1tc_FWD_457405.3.peg.663-MONOMER,0.0,-2.09865218085005e-08
GLYLEUPEPT1tc_REV_457405.3.peg.208-MONOMER,0.0,-3.702818427125651e-09
GLYLEUPEPT1tc_FWD_457405.3.peg.208-MONOMER,0.0,-2.069509714973743e-08
GLYLEUPEPT1tc_REV_CPLX_ALAASPabc-2,0.0,-8.28651235229363e-09
GLYLEUPEPT1tc_FWD_CPLX_ALAASPabc-2,0.0,-2.527879107490541e-08
GLYMET1c_REV_457405.3.peg.1307-MONOMER,0.0,-3.997070411552986e-09
GLYMET1c_FWD_457405.3.peg.1307-MONOMER,0.0,-2.484962671757877e-08
GLYMET1c_REV_457405.3.peg.1284-MONOMER_mod_fe2(2),0.0,7.81957769011595e-41
GLYMET1c_FWD_457405.3.peg.1284-MONOMER_mod_fe2(2),0.0,-2.085255630602578e-08
GLYMET1c_REV_457405.3.peg.2068-MONOMER_mod_zn2(1),0.0,-8.443846336089405e-09
GLYMET1c_FWD_457405.3.peg.2068-MONOMER_mod_zn2(1),0.0,-2.9296402642115185e-08
GLYMETabc_REV_457405.3.peg.1269-MONOMER,0.0,-4.1124768575965146e-09
GLYMETabc_FWD_457405.3.peg.1269-MONOMER,0.0,-2.0136131928677687e-08
GLYMETabc_REV_CPLX_ALAASPabc-0,0.0,-5.80944573159999e-09
GLYMETabc_FWD_CPLX_ALAASPabc-0,0.0,-2.1833100802681164e-08
GLYMETabc_REV_CPLX_ALAASPabc-1,0.0,-6.024067499341205e-09
GLYMETabc_FWD_CPLX_ALAASPabc-1,0.0,-2.2047722570422378e-08
GLYMETabc_REV_457405.3.peg.1687-MONOMER,0.0,-4.335315735568225e-09
GLYMETabc_FWD_457405.3.peg.1687-MONOMER,0.0,-2.03589708066494e-08
GLYMETabc_REV_457405.3.peg.663-MONOMER,0.0,-4.478554911654023e-09
GLYMETabc_FWD_457405.3.peg.663-MONOMER,0.0,-2.0502209982735197e-08
GLYMETabc_REV_457405.3.peg.208-MONOMER,0.0,-4.187130252890954e-09
GLYMETabc_FWD_457405.3.peg.208-MONOMER,0.0,-2.021078532397213e-08
GLYMETabc_REV_CPLX_ALAASPabc-2,0.0,-8.770824178058933e-09
GLYMETabc_FWD_CPLX_ALAASPabc-2,0.0,-2.4794479249140108e-08
GLYOX_REV_457405.3.peg.647-MONOMER,0.0,-1.967037524656226e-08
GLYOX_FWD_457405.3.peg.647-MONOMER,0.0,6.147864396247608e-42
GLYPHEHYc_REV_457405.3.peg.1307-MONOMER,0.0,-3.997070411552986e-09
GLYPHEHYc_FWD_457405.3.peg.1307-MONOMER,0.0,-2.484962671757877e-08
GLYPHEHYc_REV_457405.3.peg.1284-MONOMER_mod_fe2(2),-1.7598530055258988e-25,9.804995141247738e-42
GLYPHEHYc_FWD_457405.3.peg.1284-MONOMER_mod_fe2(2),0.0,-2.085255630602578e-08
GLYPHEHYc_REV_457405.3.peg.2068-MONOMER_mod_zn2(1),0.0,-8.443846336089405e-09
GLYPHEHYc_FWD_457405.3.peg.2068-MONOMER_mod_zn2(1),0.0,-2.9296402642115185e-08
GLYPHEabc_REV_457405.3.peg.1269-MONOMER,0.0,2.766456179367568e-07
GLYPHEabc_FWD_457405.3.peg.1269-MONOMER,0.0,-3.00894226723031e-07
GLYPHEabc_REV_CPLX_ALAASPabc-0,0.0,2.749486490627533e-07
GLYPHEabc_FWD_CPLX_ALAASPabc-0,0.0,-3.0259119559703446e-07
GLYPHEabc_REV_CPLX_ALAASPabc-1,0.0,2.7473402729501207e-07
GLYPHEabc_FWD_CPLX_ALAASPabc-1,0.0,-3.0280581736477565e-07
GLYPHEabc_REV_457405.3.peg.1687-MONOMER,0.0,2.7642277905878504e-07
GLYPHEabc_FWD_457405.3.peg.1687-MONOMER,0.0,-3.011170656010027e-07
GLYPHEabc_REV_457405.3.peg.663-MONOMER,0.0,2.762795398826993e-07
GLYPHEabc_FWD_457405.3.peg.663-MONOMER,0.0,-3.012603047770885e-07
GLYPHEabc_REV_457405.3.peg.208-MONOMER,0.0,2.765709645414623e-07
GLYPHEabc_FWD_457405.3.peg.208-MONOMER,0.0,-3.009688801183254e-07
GLYPHEabc_REV_CPLX_ALAASPabc-2,0.0,2.719872706162944e-07
GLYPHEabc_FWD_CPLX_ALAASPabc-2,0.0,-3.055525740434934e-07
GLYPROPRO1c_REV_457405.3.peg.1307-MONOMER,0.0,-3.997070411552986e-09
GLYPROPRO1c_FWD_457405.3.peg.1307-MONOMER,0.0,-2.484962671757877e-08
GLYPROPRO1c_REV_457405.3.peg.1284-MONOMER_mod_fe2(2),4.5536250114005434e-26,3.480615072341452e-42
GLYPROPRO1c_FWD_457405.3.peg.1284-MONOMER_mod_fe2(2),0.0,-2.085255630602578e-08
GLYPROPRO1c_REV_457405.3.peg.2068-MONOMER_mod_zn2(1),0.0,-8.443846336089405e-09
GLYPROPRO1c_FWD_457405.3.peg.2068-MONOMER_mod_zn2(1),0.0,-2.9296402642115185e-08
GLYPROabc_REV_457405.3.peg.1269-MONOMER,0.0,2.7075132031158174e-07
GLYPROabc_FWD_457405.3.peg.1269-MONOMER,0.0,-2.9499992909785596e-07
GLYPROabc_REV_CPLX_ALAASPabc-0,0.0,2.690543514375783e-07
GLYPROabc_FWD_CPLX_ALAASPabc-0,0.0,-2.966968979718594e-07
GLYPROabc_REV_CPLX_ALAASPabc-1,0.0,2.6883972966983703e-07
GLYPROabc_FWD_CPLX_ALAASPabc-1,0.0,-2.969115197396006e-07
GLYPROabc_REV_457405.3.peg.1687-MONOMER,0.0,2.7052848143361e-07
GLYPROabc_FWD_457405.3.peg.1687-MONOMER,0.0,-2.9522276797582764e-07
GLYPROabc_REV_457405.3.peg.663-MONOMER,0.0,2.7038524225752425e-07
GLYPROabc_FWD_457405.3.peg.663-MONOMER,0.0,-2.9536600715191345e-07
GLYPROabc_REV_457405.3.peg.208-MONOMER,0.0,2.706766669162873e-07
GLYPROabc_FWD_457405.3.peg.208-MONOMER,0.0,-2.9507458249315037e-07
GLYPROabc_REV_CPLX_ALAASPabc-2,0.0,2.660929729911193e-07
GLYPROabc_FWD_CPLX_ALAASPabc-2,0.0,-2.9965827641831836e-07
GLYTYR1c_REV_457405.3.peg.1307-MONOMER,0.0,-3.997070411552986e-09
GLYTYR1c_FWD_457405.3.peg.1307-MONOMER,0.0,-2.484962671757877e-08
GLYTYR1c_REV_457405.3.peg.1284-MONOMER_mod_fe2(2),0.0,1.701890088203614e-42
GLYTYR1c_FWD_457405.3.peg.1284-MONOMER_mod_fe2(2),0.0,-2.085255630602578e-08
GLYTYR1c_REV_457405.3.peg.2068-MONOMER_mod_zn2(1),0.0,-8.443846336089405e-09
GLYTYR1c_FWD_457405.3.peg.2068-MONOMER_mod_zn2(1),0.0,-2.9296402642115185e-08
GLYTYRabc_REV_457405.3.peg.1269-MONOMER,0.0,2.766456179367568e-07
GLYTYRabc_FWD_457405.3.peg.1269-MONOMER,0.0,-3.00894226723031e-07
GLYTYRabc_REV_CPLX_ALAASPabc-0,0.0,2.749486490627533e-07
GLYTYRabc_FWD_CPLX_ALAASPabc-0,0.0,-3.0259119559703446e-07
GLYTYRabc_REV_CPLX_ALAASPabc-1,0.0,2.7473402729501207e-07
GLYTYRabc_FWD_CPLX_ALAASPabc-1,0.0,-3.0280581736477565e-07
GLYTYRabc_REV_457405.3.peg.1687-MONOMER,0.0,2.7642277905878504e-07
GLYTYRabc_FWD_457405.3.peg.1687-MONOMER,0.0,-3.011170656010027e-07
GLYTYRabc_REV_457405.3.peg.663-MONOMER,0.0,2.762795398826993e-07
GLYTYRabc_FWD_457405.3.peg.663-MONOMER,0.0,-3.012603047770885e-07
GLYTYRabc_REV_457405.3.peg.208-MONOMER,0.0,2.765709645414623e-07
GLYTYRabc_FWD_457405.3.peg.208-MONOMER,0.0,-3.009688801183254e-07
GLYTYRabc_REV_CPLX_ALAASPabc-2,0.0,2.719872706162944e-07
GLYTYRabc_FWD_CPLX_ALAASPabc-2,0.0,-3.055525740434934e-07
GLYt4r_REV_457405.3.peg.310-MONOMER,0.0,-2.40977719019734e-08
GLYt4r_FWD_457405.3.peg.310-MONOMER,0.0,4.463605445410909e-42
GLYt4r_REV_457405.3.peg.2436-MONOMER,0.0,-2.40977719019734e-08
GLYt4r_FWD_457405.3.peg.2436-MONOMER,0.0006272825984792628,2.8599624162125066e-42
GMHEPAT_REV_457405.3.peg.273-MONOMER,0.0,-1.8208129318371218e-08
GMHEPAT_FWD_457405.3.peg.273-MONOMER,0.0,5.509876316709819e-41
GMHEPAT_REV_457405.3.peg.1454-MONOMER,0.0,-2.2057047192021865e-08
GMHEPAT_FWD_457405.3.peg.1454-MONOMER,0.0,-3.848917873650645e-09
GMHEPK_REV_457405.3.peg.273-MONOMER,0.0,-1.8208129318371218e-08
GMHEPK_FWD_457405.3.peg.273-MONOMER,0.0,1.2722805313129944e-40
GMHEPK_REV_457405.3.peg.1454-MONOMER,0.0,-2.2057047192021865e-08
GMHEPK_FWD_457405.3.peg.1454-MONOMER,0.0,-3.848917873650645e-09
GMPS2_REV_457405.3.peg.1072-MONOMER_mod_mg2(1),0.0,-2.96609429130094e-08
GMPS2_FWD_457405.3.peg.1072-MONOMER_mod_mg2(1),0.0002277953027118438,-2.1753567610989024e-40
GPDDA1_REV_457405.3.peg.2435-MONOMER,0.0,-2.0474501587728415e-08
GPDDA1_FWD_457405.3.peg.2435-MONOMER,0.0,-3.9462564942672195e-11
GPDDA1_REV_457405.3.peg.2087-MONOMER_mod_mg2(1),0.0,-2.0435039022785742e-08
GPDDA1_FWD_457405.3.peg.2087-MONOMER_mod_mg2(1),0.0,-2.335979933957538e-41
GPDDA1_REV_457405.3.peg.1547-MONOMER_mod_ca2(1),0.0,-2.3832720171600827e-08
GPDDA1_FWD_457405.3.peg.1547-MONOMER_mod_ca2(1),0.0,-3.3976811488150854e-09
GPDDA2_REV_457405.3.peg.2435-MONOMER,0.0,-2.0474501587728415e-08
GPDDA2_FWD_457405.3.peg.2435-MONOMER,0.0,-3.9462564942672195e-11
GPDDA2_REV_457405.3.peg.2087-MONOMER_mod_mg2(1),0.0,-2.0435039022785742e-08
GPDDA2_FWD_457405.3.peg.2087-MONOMER_mod_mg2(1),0.0,-2.335979933957538e-41
GPDDA2_REV_457405.3.peg.1547-MONOMER_mod_ca2(1),0.0,-2.3832720171600827e-08
GPDDA2_FWD_457405.3.peg.1547-MONOMER_mod_ca2(1),0.0,-3.3976811488150854e-09
GPDDA4_REV_457405.3.peg.2435-MONOMER,0.0,-2.0474501587728415e-08
GPDDA4_FWD_457405.3.peg.2435-MONOMER,0.0,-3.9462564942672195e-11
GPDDA4_REV_457405.3.peg.2087-MONOMER_mod_mg2(1),0.0,-2.0435039022785742e-08
GPDDA4_FWD_457405.3.peg.2087-MONOMER_mod_mg2(1),0.0,1.3203364844107822e-41
GPDDA4_REV_457405.3.peg.1547-MONOMER_mod_ca2(1),0.0,-2.3832720171600827e-08
GPDDA4_FWD_457405.3.peg.1547-MONOMER_mod_ca2(1),0.0,-3.3976811488150854e-09
GRTT_REV_457405.3.peg.1255-MONOMER_mod_mg2(1),0.0,-2.6608146447921702e-08
GRTT_FWD_457405.3.peg.1255-MONOMER_mod_mg2(1),0.0,-3.7401371757520355e-12
GRTT_REV_457405.3.peg.1255-MONOMER_mod_mn2(1),0.0,-2.660440631074595e-08
GRTT_FWD_457405.3.peg.1255-MONOMER_mod_mn2(1),0.0,4.692362928738156e-40
GRTT_REV_457405.3.peg.1669-MONOMER_mod_mg2(1),0.0,-2.660440631074595e-08
GRTT_FWD_457405.3.peg.1669-MONOMER_mod_mg2(1),0.0002629630195150381,3.3242889439706605e-40
GTPCI_REV_457405.3.peg.2354-MONOMER_mod_zn2(1),0.0,-3.398705909515487e-08
GTPCI_FWD_457405.3.peg.2354-MONOMER_mod_zn2(1),-2.092242476402042e-33,2.517428979676166e-40
GTPCII_REV_457405.3.peg.1707-MONOMER_mod_mg2(1),0.0,-2.7817795009081926e-08
GTPCII_FWD_457405.3.peg.1707-MONOMER_mod_mg2(1),4.4413326869971584e-05,1.9489623472185735e-40
GTPDPK_REV_457405.3.peg.1765-MONOMER_mod_mn2(1),0.0,-2.6828292947199977e-08
GTPDPK_FWD_457405.3.peg.1765-MONOMER_mod_mn2(1),0.0,-7.1637606288194635e-40
GUAPRT_REV_457405.3.peg.285-MONOMER,0.0,-2.8399953465808573e-06
GUAPRT_FWD_457405.3.peg.285-MONOMER,0.0,2.0437120635471234e-40
H2CO3D_REV_CPLX_dummy,0.0,-2.430411323307889e-08
H2CO3D_FWD_CPLX_dummy,0.0008211495473097537,-5.298589097090726e-42
H2Ot_REV_CPLX_dummy,0.0,-2.430411323307889e-08
H2Ot_FWD_CPLX_dummy,1.234799182944347,0.0
H2St_REV_CPLX_dummy,1.727580397216451e-33,0.0
H2St_FWD_CPLX_dummy,0.0,-2.430411323307889e-08
HACD1_REV_457405.3.peg.186-MONOMER,0.0,-2.1321468795647776e-08
HACD1_FWD_457405.3.peg.186-MONOMER,0.0,-3.80542768006746e-39
HACD2_REV_457405.3.peg.186-MONOMER,0.0,1.3517427068953234e-39
HACD2_FWD_457405.3.peg.186-MONOMER,0.0,-2.1321468795647776e-08
HACD3_REV_457405.3.peg.186-MONOMER,0.0,-2.1321468795647776e-08
HACD3_FWD_457405.3.peg.186-MONOMER,0.0,-7.111254478897901e-40
HACD4_REV_457405.3.peg.186-MONOMER,0.0,3.2030862950276666e-40
HACD4_FWD_457405.3.peg.186-MONOMER,0.0,-2.1321468795647776e-08
HACD5_REV_457405.3.peg.186-MONOMER,0.0,3.2030862950276666e-40
HACD5_FWD_457405.3.peg.186-MONOMER,0.0,-2.1321468795647776e-08
HACD6_REV_457405.3.peg.186-MONOMER,0.0,3.2030862950276666e-40
HACD6_FWD_457405.3.peg.186-MONOMER,0.0,-2.1321468795647776e-08
HACD7_REV_457405.3.peg.186-MONOMER,0.0,1.3517427068953234e-39
HACD7_FWD_457405.3.peg.186-MONOMER,0.0,-2.1321468795647776e-08
HACD9_REV_457405.3.peg.186-MONOMER,0.0,-2.1321468795647776e-08
HACD9_FWD_457405.3.peg.186-MONOMER,0.0,3.2030862950276666e-40
HADPCOADH3_REV_457405.3.peg.186-MONOMER,0.0,-2.1321468795647776e-08
HADPCOADH3_FWD_457405.3.peg.186-MONOMER,0.0,3.2030862950276666e-40
HDCAtr_REV_CPLX_dummy,0.0,-1.4661250126721537e-09
HDCAtr_FWD_CPLX_dummy,0.0,-2.2837988220406736e-08
HDG3PACT_REV_CPLX_G3PAT120-0,0.0,-1.5465756714490227e-08
HDG3PACT_FWD_CPLX_G3PAT120-0,0.0,4.711805315097158e-40
HEPK2_REV_457405.3.peg.1346-MONOMER,0.0,1.4228567516962964e-07
HEPK2_FWD_457405.3.peg.1346-MONOMER,0.0,-1.6287227109097206e-07
HEPK2_REV_457405.3.peg.840-MONOMER,0.0,1.427713048047813e-07
HEPK2_FWD_457405.3.peg.840-MONOMER,0.0,-1.623866414558204e-07
HEPT2_REV_CPLX_HEPT2-0,0.0,-2.9397837618203126e-08
HEPT2_FWD_CPLX_HEPT2-0,0.0,-5.393139746034802e-41
HEXTT_REV_457405.3.peg.348-MONOMER,0.0,-1.8793750976448073e-08
HEXTT_FWD_457405.3.peg.348-MONOMER,0.0,2.533313736902278e-41
HG2abc_REV_457405.3.peg.1389-MONOMER,0.0,2.3074696560010762e-07
HG2abc_FWD_457405.3.peg.1389-MONOMER,0.0,-2.5749172496777635e-07
HG2abc_REV_457405.3.peg.1162-MONOMER,0.0,2.3035335777002497e-07
HG2abc_FWD_457405.3.peg.1162-MONOMER,0.0,-2.57885332797859e-07
HIBD_REV_457405.3.peg.186-MONOMER,0.0,7.257406331743821e-08
HIBD_FWD_457405.3.peg.186-MONOMER,0.0,-9.389553211308598e-08
HISD_REV_457405.3.peg.137-MONOMER,0.0,-1.5491618156867983e-09
HISD_FWD_457405.3.peg.137-MONOMER,0.0,-2.2860418214225024e-08
HISTP_REV_457405.3.peg.1830-MONOMER,0.0,-2.089729609062618e-08
HISTP_FWD_457405.3.peg.1830-MONOMER,0.0,2.280664931263656e-41
HISt2r_REV_CPLX_dummy,0.0,-2.430411323307889e-08
HISt2r_FWD_CPLX_dummy,0.00019231036459658248,-2.2114273955391866e-42
HMBS_REV_457405.3.peg.507-MONOMER_mod_dpm(1),0.0,2.4035126525378248e-05
HMBS_FWD_457405.3.peg.507-MONOMER_mod_dpm(1),0.0,1.1950405082613007e-39
HMPK1_REV_457405.3.peg.2361-MONOMER,0.0,-2.979444227877885e-08
HMPK1_FWD_457405.3.peg.2361-MONOMER,2.092242476402042e-33,-9.956756220150672e-40
HPPK_REV_457405.3.peg.2355-MONOMER_mod_mg2(1),0.0,5.000846545116628e-07
HPPK_FWD_457405.3.peg.2355-MONOMER_mod_mg2(1),0.0,-5.215541484564013e-07
HPPK2_REV_457405.3.peg.2355-MONOMER_mod_mg2(1),0.0,5.000846545116628e-07
HPPK2_FWD_457405.3.peg.2355-MONOMER_mod_mg2(1),0.0,-5.215541484564013e-07
HSDx_REV_457405.3.peg.69-MONOMER,0.0,-9.110905902272227e-40
HSDx_FWD_457405.3.peg.69-MONOMER,0.0,-2.27489440402306e-08
HSDy_REV_457405.3.peg.69-MONOMER,0.0,7.056247319010377e-41
HSDy_FWD_457405.3.peg.69-MONOMER,0.0,-2.27489440402306e-08
HSK_REV_457405.3.peg.355-MONOMER,0.0,-2.2217354068470064e-08
HSK_FWD_457405.3.peg.355-MONOMER,0.0,-6.915020869452652e-41
HXPRT_REV_457405.3.peg.285-MONOMER,0.0,-2.8399953465808573e-06
HXPRT_FWD_457405.3.peg.285-MONOMER,1.2124797602219034e-51,-1.49676203413006e-35
HYXNt_REV_457405.3.peg.182-MONOMER,0.0,-2.3294233571274755e-08
HYXNt_FWD_457405.3.peg.182-MONOMER,1.4373519922189783e-51,-2.441458182011756e-40
IBCOATA_REV_457405.3.peg.1854-MONOMER,0.0,-2.137177312011713e-08
IBCOATA_FWD_457405.3.peg.1854-MONOMER,-1.1522534472819117e-55,2.9050888079364914e-40
ICDHy_REV_CPLX_dummy,0.0,4.4562926794525444e-08
ICDHy_FWD_CPLX_dummy,0.0,-6.886704002760433e-08
IHDCOATA_REV_457405.3.peg.1854-MONOMER,0.0,-2.137177312011713e-08
IHDCOATA_FWD_457405.3.peg.1854-MONOMER,0.0,-2.742566340478931e-40
IHPDCOATA_REV_457405.3.peg.1854-MONOMER,0.0,-2.137177312011713e-08
IHPDCOATA_FWD_457405.3.peg.1854-MONOMER,0.0,-2.742566340478931e-40
ILEabc_REV_CPLX_ILEabc-0,0.0,2.593031582850726e-07
ILEabc_FWD_CPLX_ILEabc-0,0.0,-2.781472230789138e-07
ILEt2r_REV_457405.3.peg.724-MONOMER,0.0,-2.3700648903134234e-08
ILEt2r_FWD_457405.3.peg.724-MONOMER,0.0,1.6593764021932842e-41
ILEt2r_REV_457405.3.peg.2330-MONOMER,0.0,-2.3700648903134234e-08
ILEt2r_FWD_457405.3.peg.2330-MONOMER,0.0018707924875020461,4.7005554407593035e-42
IMPC_REV_457405.3.peg.221-MONOMER,0.0002277953027118438,4.120634239520097e-40
IMPC_FWD_457405.3.peg.221-MONOMER,0.0,-2.4881385750370857e-08
IMPD_REV_457405.3.peg.1350-MONOMER,0.0,-3.462629529744262e-08
IMPD_FWD_457405.3.peg.1350-MONOMER,0.0002277953027118438,5.903640980001375e-40
INDOLEt2r_REV_CPLX_dummy,0.0,-2.430411323307889e-08
INDOLEt2r_FWD_CPLX_dummy,0.00012039699600475707,-2.0795825911823896e-42
INS2D_REV_457405.3.peg.2016-MONOMER,0.0,-2.2482027903406035e-08
INS2D_FWD_457405.3.peg.2016-MONOMER,0.0,3.251247674740438e-40
IPDCOATA_REV_457405.3.peg.1854-MONOMER,0.0,-2.137177312011713e-08
IPDCOATA_FWD_457405.3.peg.1854-MONOMER,0.0,-2.742566340478931e-40
IPDPS_REV_457405.3.peg.1459-MONOMER,0.0,-2.817781769550998e-08
IPDPS_FWD_457405.3.peg.1459-MONOMER,0.0026296301951503807,-7.2486215390795415e-40
IPDPS2_REV_457405.3.peg.1459-MONOMER,0.0,-2.817781769550998e-08
IPDPS2_FWD_457405.3.peg.1459-MONOMER,0.0,1.5679892220152568e-40
ITDCOATA_REV_457405.3.peg.1854-MONOMER,0.0,-2.137177312011713e-08
ITDCOATA_FWD_457405.3.peg.1854-MONOMER,0.0,-2.742566340478931e-40
IVCOATA_REV_457405.3.peg.1854-MONOMER,0.0,-2.137177312011713e-08
IVCOATA_FWD_457405.3.peg.1854-MONOMER,0.0,5.50544802063489e-40
IZPN_REV_457405.3.peg.76-MONOMER,0.0,-2.317981899816431e-08
IZPN_FWD_457405.3.peg.76-MONOMER,0.0,-3.4938732904373624e-42
KAS14_REV_CPLX_3OAS100-0,0.0,2.6463989729084423e-06
KAS14_FWD_CPLX_3OAS100-0,0.0,-2.67313505986869e-06
KAS_HP_REV_CPLX_dummy,0.0,2.9823529255561684e-06
KAS_HP_FWD_CPLX_dummy,0.0,-3.0066571273377836e-06
KDOCT2_REV_457405.3.peg.759-MONOMER_mod_mg2(1),0.0,-2.0535151253438614e-08
KDOCT2_FWD_457405.3.peg.759-MONOMER_mod_mg2(1),0.0,3.70835299089526e-40
KDOPP_REV_457405.3.peg.1930-MONOMER_mod_mg2(1),0.0,-2.630996145397202e-08
KDOPP_FWD_457405.3.peg.1930-MONOMER_mod_mg2(1),0.0,1.8907882004871875e-40
KDOPSr_REV_457405.3.peg.1356-MONOMER,0.0,-2.976416543100709e-08
KDOPSr_FWD_457405.3.peg.1356-MONOMER,0.0,3.886898011963892e-40
Kt3r_REV_457405.3.peg.211-MONOMER,2.5367143074277887e-12,-8.755181625779599e-43
Kt3r_FWD_457405.3.peg.211-MONOMER,0.0,-3.301731821491119e-13
Kt3r_REV_457405.3.peg.1167-MONOMER,0.0,-1.1897708899476793e-08
Kt3r_FWD_457405.3.peg.1167-MONOMER,0.0,-1.1898039072658942e-08
Kt3r_REV_CPLX_Kt3r-0,0.0,-1.3090324284586913e-08
Kt3r_FWD_CPLX_Kt3r-0,0.0,-1.3090654457769063e-08
L2A6OD2s_REV_CPLX_dummy,0.0,-2.430411323307889e-08
L2A6OD2s_FWD_CPLX_dummy,0.0,-1.5895767291272178e-41
L2A6ODs_REV_CPLX_dummy,0.0,0.0
L2A6ODs_FWD_CPLX_dummy,0.0,-2.430411323307889e-08
LARGNAT_REV_457405.3.peg.316-MONOMER_mod_pydx5p(1),0.0,-1.4308537114330275e-42
LARGNAT_FWD_457405.3.peg.316-MONOMER_mod_pydx5p(1),0.0,-2.7762680996782224e-08
LCADi_REV_457405.3.peg.947-MONOMER_mod_mg2(1),0.0,-3.4234248839285316e-08
LCADi_FWD_457405.3.peg.947-MONOMER_mod_mg2(1),0.0,4.859871259155602e-40
LDH_D_REV_457405.3.peg.872-MONOMER,1.3114976633182316,-5.503760865780675e-40
LDH_D_FWD_457405.3.peg.872-MONOMER,0.0,-2.2474514632564872e-08
LDH_D_REV_457405.3.peg.891-MONOMER,0.0,-6.992505981823497e-40
LDH_D_FWD_457405.3.peg.891-MONOMER,0.0,-2.2474514632564872e-08
LDH_D2_REV_457405.3.peg.872-MONOMER,0.0,-2.2474514632564872e-08
LDH_D2_FWD_457405.3.peg.872-MONOMER,0.633091620235413,-9.522445287998752e-42
LDH_D2_REV_457405.3.peg.891-MONOMER,0.0,-2.2474514632564872e-08
LDH_D2_FWD_457405.3.peg.891-MONOMER,0.0,-9.559480935759959e-42
LDH_L_REV_457405.3.peg.654-MONOMER,1.0311449058972577e-51,-4.5376548750347074e-40
LDH_L_FWD_457405.3.peg.654-MONOMER,0.0,-9.538685433180154e-08
LEUabc_REV_CPLX_ILEabc-0,0.0,2.593031582850726e-07
LEUabc_FWD_CPLX_ILEabc-0,0.0,-2.781472230789138e-07
LEUt2r_REV_457405.3.peg.724-MONOMER,0.0,-2.3700648903134234e-08
LEUt2r_FWD_457405.3.peg.724-MONOMER,0.0,7.014172289337832e-42
LEUt2r_REV_457405.3.peg.2330-MONOMER,0.0,-2.3700648903134234e-08
LEUt2r_FWD_457405.3.peg.2330-MONOMER,0.0017088790514385851,-4.763639298935687e-42
LGTHL_REV_457405.3.peg.337-MONOMER_mod_ni2(1),0.0,-2.0724409342774417e-08
LGTHL_FWD_457405.3.peg.337-MONOMER_mod_ni2(1),0.0,-3.38673383027677e-42
LPADSS_REV_457405.3.peg.792-MONOMER,0.0,-2.6849904954330477e-08
LPADSS_FWD_457405.3.peg.792-MONOMER,0.0,1.9281969078460786e-40
LYSAM_REV_457405.3.peg.2115-MONOMER,0.0,-2.3899719343992857e-08
LYSAM_FWD_457405.3.peg.2115-MONOMER,6.121324913701031e-57,3.585066668083664e-42
LYSDC_REV_457405.3.peg.880-MONOMER_mod_pydx5p(1),0.0,-4.846658850830534e-08
LYSDC_FWD_457405.3.peg.880-MONOMER_mod_pydx5p(1),0.0,-3.616820740716331e-42
LYSt2r_REV_CPLX_dummy,0.0,-2.430411323307889e-08
LYSt2r_FWD_CPLX_dummy,0.0020924760009096897,0.0
LYSt3_REV_457405.3.peg.113-MONOMER,0.0,-1.2152056616539444e-07
LYSt3_FWD_457405.3.peg.113-MONOMER,0.0,1.0687416841424517e-41
LYSt3_REV_457405.3.peg.1304-MONOMER,0.0,-1.2152056616539444e-07
LYSt3_FWD_457405.3.peg.1304-MONOMER,-1.0235185324301757e-54,0.0
L_LACD_REV_457405.3.peg.654-MONOMER,0.0,-2.2474514632564872e-08
L_LACD_FWD_457405.3.peg.654-MONOMER,0.0,-7.291233969923667e-08
L_LACD2_REV_457405.3.peg.654-MONOMER,0.0,-2.2474514632564872e-08
L_LACD2_FWD_457405.3.peg.654-MONOMER,0.0,-7.291233969923667e-08
L_LACD3_REV_457405.3.peg.654-MONOMER,0.0,-2.2474514632564872e-08
L_LACD3_FWD_457405.3.peg.654-MONOMER,0.0,-7.291233969923667e-08
L_LACNa1t_REV_457405.3.peg.1040-MONOMER,0.0,-2.3725253715109813e-08
L_LACNa1t_FWD_457405.3.peg.1040-MONOMER,1.1101589998124319e-51,-8.636666618051635e-42
MACCOAT_REV_457405.3.peg.884-MONOMER,0.0,-2.3282491148029735e-08
MACCOAT_FWD_457405.3.peg.884-MONOMER,0.0,3.024999604282948e-40
MALCOACD_REV_457405.3.peg.384-MONOMER,0.0,-2.010204877174771e-08
MALCOACD_FWD_457405.3.peg.384-MONOMER,0.0,8.906339077074712e-40
MALCOAMT_REV_CPLX_dummy,0.0,-2.430411323307889e-08
MALCOAMT_FWD_CPLX_dummy,0.0,-1.6483188355946881e-40
MALLACDt_REV_457405.3.peg.1040-MONOMER,0.0035571874920240372,-9.443422828843809e-36
MALLACDt_FWD_457405.3.peg.1040-MONOMER,0.0,-2.3725253715109813e-08
MALNAt_REV_457405.3.peg.1040-MONOMER,0.0035571874920240372,-8.636666618051635e-42
MALNAt_FWD_457405.3.peg.1040-MONOMER,0.0,-2.3725253715109813e-08
MCOATA_REV_457405.3.peg.1854-MONOMER,6.844336534959047e-25,2.458152053318153e-40
MCOATA_FWD_457405.3.peg.1854-MONOMER,0.0,-2.1371803818338735e-08
MDH_REV_CPLX_dummy,5.122645390443132e-22,-1.0747105404472002e-40
MDH_FWD_CPLX_dummy,0.0,-2.430411323307889e-08
ME1_REV_457405.3.peg.1357-MONOMER_mod_mn2(1),0.0,9.087282149851648e-08
ME1_FWD_457405.3.peg.1357-MONOMER_mod_mn2(1),0.0,-1.260345989986795e-07
ME1_REV_457405.3.peg.1357-MONOMER_mod_mg2(1),0.0,9.087235893396886e-08
ME1_FWD_457405.3.peg.1357-MONOMER_mod_mg2(1),0.0,-1.2603506156322713e-07
MECDPDH2_REV_457405.3.peg.897-MONOMER_mod_mn2(1),0.0,-2.2744130037499032e-08
MECDPDH2_FWD_457405.3.peg.897-MONOMER_mod_mn2(1),0.002892593214665419,6.672026643925487e-40
MECDPS_REV_457405.3.peg.1453-MONOMER_mod_mn2(1),0.0,-2.4739533477077883e-08
MECDPS_FWD_457405.3.peg.1453-MONOMER_mod_mn2(1),0.002892593214665419,-6.7403969923644225e-40
MEPCT_REV_457405.3.peg.1638-MONOMER_mod_cobalt2(1),0.0,-2.44071919328558e-08
MEPCT_FWD_457405.3.peg.1638-MONOMER_mod_cobalt2(1),0.002892593214665419,-1.3868723060114303e-40
MEPCT_REV_457405.3.peg.1638-MONOMER_mod_mg2(1),0.0,-2.440888949846296e-08
MEPCT_FWD_457405.3.peg.1638-MONOMER_mod_mg2(1),0.0,-1.6975656071586443e-12
MEPCT_REV_457405.3.peg.1638-MONOMER_mod_mn2(1),0.0,-2.440738965067651e-08
MEPCT_FWD_457405.3.peg.1638-MONOMER_mod_mn2(1),0.0,-1.977178207053719e-13
METALA1c_REV_457405.3.peg.1307-MONOMER,0.0,-3.997070411552986e-09
METALA1c_FWD_457405.3.peg.1307-MONOMER,0.0,-2.484962671757877e-08
METALA1c_REV_457405.3.peg.1284-MONOMER_mod_fe2(2),2.832090481290869e-26,1.2346701615972553e-41
METALA1c_FWD_457405.3.peg.1284-MONOMER_mod_fe2(2),0.0,-2.085255630602578e-08
METALA1c_REV_457405.3.peg.2068-MONOMER_mod_zn2(1),0.0,-8.443846336089405e-09
METALA1c_FWD_457405.3.peg.2068-MONOMER_mod_zn2(1),0.0,-2.9296402642115185e-08
METALAabc_REV_457405.3.peg.1269-MONOMER,0.0,1.5709510261359237e-09
METALAabc_FWD_457405.3.peg.1269-MONOMER,0.0,-2.5819559812410125e-08
METALAabc_REV_CPLX_ALAASPabc-0,0.0,-1.2601784786755207e-10
METALAabc_FWD_CPLX_ALAASPabc-0,0.0,-2.7516528686413603e-08
METALAabc_REV_CPLX_ALAASPabc-1,0.0,-3.406396156087674e-10
METALAabc_FWD_CPLX_ALAASPabc-1,0.0,-2.7731150454154817e-08
METALAabc_REV_457405.3.peg.1687-MONOMER,0.0,1.3481121481642133e-09
METALAabc_FWD_457405.3.peg.1687-MONOMER,0.0,-2.6042398690381837e-08
METALAabc_REV_457405.3.peg.663-MONOMER,0.0,1.2048729720784147e-09
METALAabc_FWD_457405.3.peg.663-MONOMER,0.0,-2.6185637866467636e-08
METALAabc_REV_457405.3.peg.208-MONOMER,0.0,1.4962976308414839e-09
METALAabc_FWD_457405.3.peg.208-MONOMER,0.0,-2.5894213207704567e-08
METALAabc_REV_CPLX_ALAASPabc-2,0.0,-3.087396294326495e-09
METALAabc_FWD_CPLX_ALAASPabc-2,0.0,-3.0477907132872546e-08
METAT_REV_457405.3.peg.980-MONOMER_mod_na1(4)_mod_zn2(1),0.0,-3.272610091147961e-08
METAT_FWD_457405.3.peg.980-MONOMER_mod_na1(4)_mod_zn2(1),0.0,-1.3510010075029445e-12
METAT_REV_457405.3.peg.980-MONOMER_mod_nh4(4)_mod_cd2(1),0.0,-3.272651586701905e-08
METAT_FWD_457405.3.peg.980-MONOMER_mod_nh4(4)_mod_cd2(1),0.0,-1.765956546937551e-12
METAT_REV_457405.3.peg.980-MONOMER_mod_k(4)_mod_ni2(1),0.0,-3.2726120571695104e-08
METAT_FWD_457405.3.peg.980-MONOMER_mod_k(4)_mod_ni2(1),0.0,-1.3706612229961071e-12
METAT_REV_457405.3.peg.980-MONOMER_mod_na1(4)_mod_ni2(1),0.0,-3.272747279293179e-08
METAT_FWD_457405.3.peg.980-MONOMER_mod_na1(4)_mod_ni2(1),0.0,-2.722882459687373e-12
METAT_REV_457405.3.peg.980-MONOMER_mod_nh4(4)_mod_ca2(1),0.0,-3.2727047480533634e-08
METAT_FWD_457405.3.peg.980-MONOMER_mod_nh4(4)_mod_ca2(1),0.0,-2.297570061526061e-12
METAT_REV_457405.3.peg.980-MONOMER_mod_k(4)_mod_mg2(1),0.0,-3.272561082590392e-08
METAT_FWD_457405.3.peg.980-MONOMER_mod_k(4)_mod_mg2(1),0.0,-8.609154318154091e-13
METAT_REV_457405.3.peg.980-MONOMER_mod_nh4(4)_mod_ni2(1),0.0,-3.272788811254191e-08
METAT_FWD_457405.3.peg.980-MONOMER_mod_nh4(4)_mod_ni2(1),0.0,-3.138202069804755e-12
METAT_REV_457405.3.peg.980-MONOMER_mod_tl(4)_mod_mg2(1),0.0,-3.27288935888827e-08
METAT_FWD_457405.3.peg.980-MONOMER_mod_tl(4)_mod_mg2(1),0.0,-4.143678410591179e-12
METAT_REV_457405.3.peg.980-MONOMER_mod_nh4(4)_mod_mn2(1),0.0,-3.272673559860337e-08
METAT_FWD_457405.3.peg.980-MONOMER_mod_nh4(4)_mod_mn2(1),0.0,-1.9856881312602583e-12
METAT_REV_457405.3.peg.980-MONOMER_mod_k(4)_mod_ca2(1),0.0,-3.2725280917327265e-08
METAT_FWD_457405.3.peg.980-MONOMER_mod_k(4)_mod_ca2(1),0.0,-5.310068551606745e-13
METAT_REV_457405.3.peg.980-MONOMER_mod_cs(4)_mod_cd2(1),0.0,-3.272803015244701e-08
METAT_FWD_457405.3.peg.980-MONOMER_mod_cs(4)_mod_cd2(1),0.0,-3.2802419749028407e-12
METAT_REV_457405.3.peg.980-MONOMER_mod_na1(4)_mod_mn2(1),0.0,-3.272632059412541e-08
METAT_FWD_457405.3.peg.980-MONOMER_mod_na1(4)_mod_mn2(1),0.0,-1.5706836532973227e-12
METAT_REV_457405.3.peg.980-MONOMER_mod_nh4(4)_mod_cobalt2(1),0.0,-3.2726650916071526e-08
METAT_FWD_457405.3.peg.980-MONOMER_mod_nh4(4)_mod_cobalt2(1),0.0,-1.9010055994154734e-12
METAT_REV_457405.3.peg.980-MONOMER_mod_na1(4)_mod_ca2(1),0.0,-3.2726632390826065e-08
METAT_FWD_457405.3.peg.980-MONOMER_mod_na1(4)_mod_ca2(1),0.0,-1.882480353959439e-12
METAT_REV_457405.3.peg.980-MONOMER_mod_cs(4)_mod_ni2(1),0.0,-3.272940443662944e-08
METAT_FWD_457405.3.peg.980-MONOMER_mod_cs(4)_mod_ni2(1),0.0,-4.654526157336876e-12
METAT_REV_457405.3.peg.980-MONOMER_mod_tl(4)_mod_ni2(1),0.0,-3.272940443662944e-08
METAT_FWD_457405.3.peg.980-MONOMER_mod_tl(4)_mod_ni2(1),0.0,-4.654526157336876e-12
METAT_REV_457405.3.peg.980-MONOMER_mod_tl(4)_mod_cobalt2(1),0.0,-3.2728166006776575e-08
METAT_FWD_457405.3.peg.980-MONOMER_mod_tl(4)_mod_cobalt2(1),0.0,-3.4160963044659375e-12
METAT_REV_457405.3.peg.980-MONOMER_mod_nh4(4)_mod_mg2(1),0.0,-3.2727377773606676e-08
METAT_FWD_457405.3.peg.980-MONOMER_mod_nh4(4)_mod_mg2(1),0.0,-2.6278631345683732e-12
METAT_REV_457405.3.peg.980-MONOMER_mod_nh4(4)_mod_zn2(1),0.0,-3.272651585591302e-08
METAT_FWD_457405.3.peg.980-MONOMER_mod_nh4(4)_mod_zn2(1),0.0,-1.7659454409160652e-12
METAT_REV_457405.3.peg.980-MONOMER_mod_na1(4)_mod_cd2(1),0.0,-3.272610110621271e-08
METAT_FWD_457405.3.peg.980-MONOMER_mod_na1(4)_mod_cd2(1),0.0,-1.351195740606403e-12
METAT_REV_457405.3.peg.980-MONOMER_mod_cs(4)_mod_cobalt2(1),0.0,-3.2728166006776575e-08
METAT_FWD_457405.3.peg.980-MONOMER_mod_cs(4)_mod_cobalt2(1),0.0,-3.4160963044659375e-12
METAT_REV_457405.3.peg.980-MONOMER_mod_na1(4)_mod_mg2(1),0.0,-3.272696259348076e-08
METAT_FWD_457405.3.peg.980-MONOMER_mod_na1(4)_mod_mg2(1),0.0,-2.2126830086525543e-12
METAT_REV_457405.3.peg.980-MONOMER_mod_cs(4)_mod_mn2(1),0.0,-3.2728250773148686e-08
METAT_FWD_457405.3.peg.980-MONOMER_mod_cs(4)_mod_mn2(1),0.0,-3.500862676578656e-12
METAT_REV_457405.3.peg.980-MONOMER_mod_tl(4)_mod_ca2(1),0.0,-3.272856296598029e-08
METAT_FWD_457405.3.peg.980-MONOMER_mod_tl(4)_mod_ca2(1),0.0,-3.813055508180499e-12
METAT_REV_457405.3.peg.980-MONOMER_mod_tl(4)_mod_cd2(1),0.0,-3.272803015244701e-08
METAT_FWD_457405.3.peg.980-MONOMER_mod_tl(4)_mod_cd2(1),0.0,-3.2802419749028407e-12
METAT_REV_457405.3.peg.336-MONOMER,0.0,-3.272474991047211e-08
METAT_FWD_457405.3.peg.336-MONOMER,0.0,1.920598029151286e-40
METAT_REV_457405.3.peg.980-MONOMER_mod_cs(4)_mod_zn2(1),0.0,-3.27280308114279e-08
METAT_FWD_457405.3.peg.980-MONOMER_mod_cs(4)_mod_zn2(1),0.0,-3.2809009557928335e-12
METAT_REV_457405.3.peg.980-MONOMER_mod_tl(4)_mod_zn2(1),0.0,-3.27280308114279e-08
METAT_FWD_457405.3.peg.980-MONOMER_mod_tl(4)_mod_zn2(1),0.0,-3.2809009557928335e-12
METAT_REV_457405.3.peg.980-MONOMER_mod_tl(4)_mod_mn2(1),0.0,-3.2728250773148686e-08
METAT_FWD_457405.3.peg.980-MONOMER_mod_tl(4)_mod_mn2(1),0.0,-3.500862676578656e-12
METAT_REV_457405.3.peg.980-MONOMER_mod_k(4)_mod_cobalt2(1),0.0,-3.272488481303353e-08
METAT_FWD_457405.3.peg.980-MONOMER_mod_k(4)_mod_cobalt2(1),0.0,-1.3490256142038958e-13
METAT_REV_457405.3.peg.980-MONOMER_mod_cs(4)_mod_ca2(1),0.0,-3.272856296598029e-08
METAT_FWD_457405.3.peg.980-MONOMER_mod_cs(4)_mod_ca2(1),0.0,-3.813055508180499e-12
METAT_REV_457405.3.peg.980-MONOMER_mod_na1(4)_mod_cobalt2(1),0.0,-3.272623593457743e-08
METAT_FWD_457405.3.peg.980-MONOMER_mod_na1(4)_mod_cobalt2(1),0.0,-1.4860241053256401e-12
METAT_REV_457405.3.peg.980-MONOMER_mod_k(4)_mod_cd2(1),0.0,-3.2724750702473424e-08
METAT_FWD_457405.3.peg.980-MONOMER_mod_k(4)_mod_cd2(1),0.0,-7.920013154853628e-16
METAT_REV_457405.3.peg.980-MONOMER_mod_cs(4)_mod_mg2(1),0.0,-3.27288935888827e-08
METAT_FWD_457405.3.peg.980-MONOMER_mod_cs(4)_mod_mg2(1),0.0,-4.143678410591179e-12
METAT_REV_457405.3.peg.980-MONOMER_mod_k(4)_mod_zn2(1),0.0,-3.272474991047211e-08
METAT_FWD_457405.3.peg.980-MONOMER_mod_k(4)_mod_zn2(1),2.390602732704948e-05,1.2346701615972552e-40
METAT_REV_457405.3.peg.980-MONOMER_mod_k(4)_mod_mn2(1),0.0,-3.272496939782877e-08
METAT_FWD_457405.3.peg.980-MONOMER_mod_k(4)_mod_mn2(1),0.0,-2.1948735666280131e-13
METDabc_REV_CPLX_METDabc-0,0.0,2.3178470900660957e-07
METDabc_FWD_CPLX_METDabc-0,0.0,-2.564539815612744e-07
METFR_REV_457405.3.peg.1864-MONOMER_mod_fad(1),0.0,2.3171396280892127e-40
METFR_FWD_457405.3.peg.1864-MONOMER_mod_fad(1),0.0,-3.0580594713604444e-08
METS_REV_457405.3.peg.1866-MONOMER_mod_zn2(1)_mod_cbl1(1),0.0,-2.9946306914189704e-08
METS_FWD_457405.3.peg.1866-MONOMER_mod_zn2(1)_mod_cbl1(1),1.6993639268079206e-06,2.335477384274136e-36
METSOX1abc_REV_CPLX_METDabc-0,0.0,-2.466927255466484e-08
METSOX1abc_FWD_CPLX_METDabc-0,2.5125895007765747e-51,-2.0606467998775568e-40
METSOX2abc_REV_CPLX_METDabc-0,0.0,2.3178470900660957e-07
METSOX2abc_FWD_CPLX_METDabc-0,0.0,-2.564539815612744e-07
METSOXR1r_REV_457405.3.peg.1898-MONOMER,0.0,-1.6080542616755982e-07
METSOXR1r_FWD_457405.3.peg.1898-MONOMER,1.3978252857111636e-51,1.2403880563011856e-35
METSOXR1r_REV_457405.3.peg.750-MONOMER,0.0,-1.6080542616755982e-07
METSOXR1r_FWD_457405.3.peg.750-MONOMER,6.989126428555818e-52,1.2399534524043035e-35
METabc_REV_CPLX_METDabc-0,0.0,-2.466927255466484e-08
METabc_FWD_CPLX_METDabc-0,0.0005116589554710493,-7.652993248201778e-37
MG2abc_REV_CPLX_dummy,0.0,2.2053969032884977e-07
MG2abc_FWD_CPLX_dummy,0.0,-2.4484380356192864e-07
MGt5_REV_457405.3.peg.1767-MONOMER,0.0,-4.340094877417011e-10
MGt5_FWD_457405.3.peg.1767-MONOMER,0.0,-2.3289206164847246e-08
MGt5_REV_457405.3.peg.314-MONOMER,1.834161239309167e-05,0.0
MGt5_FWD_457405.3.peg.314-MONOMER,0.0,-2.2855196677105546e-08
MMSAD2_REV_457405.3.peg.2148-MONOMER,0.0,-2.38011347311302e-08
MMSAD2_FWD_457405.3.peg.2148-MONOMER,0.0,5.545332137262417e-40
MNabc_REV_CPLX_MNabc-0,0.0,-3.030353698977886e-08
MNabc_FWD_CPLX_MNabc-0,7.512549232614836e-11,-1.52019081413813e-41
MOAT_REV_457405.3.peg.2063-MONOMER,0.0,-2.616834304592625e-08
MOAT_FWD_457405.3.peg.2063-MONOMER,0.0,-1.937449559888628e-40
MOHMT_REV_457405.3.peg.627-MONOMER_mod_mg2(1),0.0,-8.391532488875958e-12
MOHMT_FWD_457405.3.peg.627-MONOMER_mod_mg2(1),0.0,-4.103411342346464e-40
MSAS_REV_CPLX_dummy,0.0,-2.430411323307889e-08
MSAS_FWD_CPLX_dummy,0.0,1.696376163165347e-42
MTAN_REV_457405.3.peg.189-MONOMER,0.0,-2.4306293760858e-08
MTAN_FWD_457405.3.peg.189-MONOMER,0.0,-7.528046063951975e-42
MTHFC_REV_457405.3.peg.1759-MONOMER,0.0,-2.531420117652519e-08
MTHFC_FWD_457405.3.peg.1759-MONOMER,0.0,-1.4967378434645602e-10
MTHFC_REV_457405.3.peg.2240-MONOMER,0.0,-2.5164527392178735e-08
MTHFC_FWD_457405.3.peg.2240-MONOMER,0.0005198282157140005,-1.559114235780629e-41
MTHFD_REV_457405.3.peg.1759-MONOMER,0.0,-2.5463874960871646e-08
MTHFD_FWD_457405.3.peg.1759-MONOMER,0.0005198282157140005,6.564801211222273e-40
NACt2r_REV_CPLX_dummy,0.0,-1.0397912955911947e-41
NACt2r_FWD_CPLX_dummy,0.0,-2.430411323307889e-08
NADH10_REV_457405.3.peg.695-MONOMER,0.0,-4.4949029265129743e-08
NADH10_FWD_457405.3.peg.695-MONOMER,0.0,-1.2569585228209375e-39
NADH5_REV_457405.3.peg.695-MONOMER,0.0,-4.4949029265129743e-08
NADH5_FWD_457405.3.peg.695-MONOMER,-1.948564080376746e-24,-9.375105004465555e-40
NADH9_REV_457405.3.peg.695-MONOMER,0.0,-4.4949029265129743e-08
NADH9_FWD_457405.3.peg.695-MONOMER,0.0,-8.125091003870148e-40
NADK_REV_457405.3.peg.1054-MONOMER_mod_mg2(1),0.0,-3.272926984282788e-08
NADK_FWD_457405.3.peg.1054-MONOMER_mod_mg2(1),0.0,1.6028334269489291e-40
NADK2_REV_457405.3.peg.1054-MONOMER_mod_mg2(1),0.0,-2.0577213226288436e-08
NADK2_FWD_457405.3.peg.1054-MONOMER_mod_mg2(1),0.0,-1.2152056616539445e-08
NADS1_REV_457405.3.peg.1380-MONOMER_mod_mg2(1),0.0,-6.134746284414068e-08
NADS1_FWD_457405.3.peg.1380-MONOMER_mod_mg2(1),0.0,-8.320243474384364e-12
NADS1_REV_457405.3.peg.1380-MONOMER_mod_mn2(1),0.0,-6.13391426006663e-08
NADS1_FWD_457405.3.peg.1380-MONOMER_mod_mn2(1),0.0,-9.965262116047754e-37
NADS2_REV_CPLX_dummy,0.0,-2.430411323307889e-08
NADS2_FWD_CPLX_dummy,2.2206663400241557e-05,1.1577322423475515e-39
NAPRT_REV_457405.3.peg.330-MONOMER,0.0,-8.697679889668409e-07
NAPRT_FWD_457405.3.peg.330-MONOMER,0.0,-7.375821941656788e-37
NAt3_1_REV_457405.3.peg.2259-MONOMER,0.0,-1.7743556725438255e-08
NAt3_1_FWD_457405.3.peg.2259-MONOMER,0.0,-6.170359626867888e-09
NAt3_1_REV_457405.3.peg.226-MONOMER,0.0,-1.7546498584871648e-08
NAt3_1_FWD_457405.3.peg.226-MONOMER,0.0,-5.973301486301281e-09
NAt3_1_REV_457405.3.peg.2121-MONOMER,0.0,-1.8056858592917093e-08
NAt3_1_FWD_457405.3.peg.2121-MONOMER,0.0,-6.483661494346725e-09
NDPK1_REV_CPLX_dummy,0.0,-2.430411323307889e-08
NDPK1_FWD_CPLX_dummy,0.041834612325761564,-5.955300775522824e-41
NDPK2_REV_CPLX_dummy,0.0,-2.430411323307889e-08
NDPK2_FWD_CPLX_dummy,0.02049280646923997,9.444188911469524e-41
NDPK3_REV_CPLX_dummy,0.0,-2.430411323307889e-08
NDPK3_FWD_CPLX_dummy,0.010767147047246918,-2.1038692549556188e-40
NDPK4_REV_CPLX_dummy,0.0,-2.430411323307889e-08
NDPK4_FWD_CPLX_dummy,0.00019984126900105093,4.663976370125719e-40
NDPK5_REV_CPLX_dummy,0.0,-2.430411323307889e-08
NDPK5_FWD_CPLX_dummy,0.0,-2.775138587831814e-40
NDPK6_REV_CPLX_dummy,0.0,-1.2152056616539445e-08
NDPK6_FWD_CPLX_dummy,0.0,-1.2152056616539445e-08
NDPK7_REV_CPLX_dummy,0.0,-2.430411323307889e-08
NDPK7_FWD_CPLX_dummy,7.411986976760821e-05,2.8041976306363355e-40
NDPK8_REV_CPLX_dummy,0.0,-2.430411323307889e-08
NDPK8_FWD_CPLX_dummy,0.0,9.444188911469524e-41
NDPK9_REV_CPLX_dummy,0.0,-1.1478321907786037e-40
NDPK9_FWD_CPLX_dummy,0.0,-2.430411323307889e-08
NH4tb_REV_CPLX_dummy,2.632334030239223,0.0
NH4tb_FWD_CPLX_dummy,0.0,-2.430411323307889e-08
NNATr_REV_457405.3.peg.646-MONOMER_mod_mg2(1),0.0,-1.9709656871029743e-08
NNATr_FWD_457405.3.peg.646-MONOMER_mod_mg2(1),2.2206663400241557e-05,2.04843267816304e-40
NNDMBRT_REV_457405.3.peg.366-MONOMER,0.0,-2.6578000660711134e-08
NNDMBRT_FWD_457405.3.peg.366-MONOMER,0.0,2.627996526379626e-40
NNDPR_REV_457405.3.peg.2276-MONOMER_mod_mg2(1),0.0,-2.5689799956012437e-08
NNDPR_FWD_457405.3.peg.2276-MONOMER_mod_mg2(1),2.2206663400241557e-05,-1.1164189390089138e-40
NP1_r_REV_457405.3.peg.1-MONOMER,0.0,-3.1603945971796105e-08
NP1_r_FWD_457405.3.peg.1-MONOMER,0.0,2.721196542981152e-40
NP2MSUCCS_REV_457405.3.peg.379-MONOMER,0.0,-2.5985465547941365e-08
NP2MSUCCS_FWD_457405.3.peg.379-MONOMER,0.0,-1.698427720537187e-42
NTPTP1_REV_457405.3.peg.2252-MONOMER,0.0,2.6454215336723423e-06
NTPTP1_FWD_457405.3.peg.2252-MONOMER,0.0,-2.669830936279971e-06
O2t_REV_CPLX_dummy,0.0,-2.430411323307889e-08
O2t_FWD_CPLX_dummy,0.0,8.87682639837969e-42
OAADC_REV_457405.3.peg.1912-MONOMER,0.0,8.506229113508907e-08
OAADC_FWD_457405.3.peg.1912-MONOMER,0.0,-1.0754101612902804e-07
OBDHc_REV_CPLX_dummy,0.0,-2.430411323307889e-08
OBDHc_FWD_CPLX_dummy,3.693332567560016e-22,4.0137148755477065e-40
OBTFL_REV_457405.3.peg.1059-MONOMER_mod_glycyl(1),0.0,-2.1827654332082482e-07
OBTFL_FWD_457405.3.peg.1059-MONOMER_mod_glycyl(1),0.0,-2.7502834657221746e-08
OCDCAtr_REV_CPLX_dummy,0.0,0.0
OCDCAtr_FWD_CPLX_dummy,0.0,-2.430411323307889e-08
OCOAT1r_REV_CPLX_BCOAACT-0,0.0,7.857289050670471e-40
OCOAT1r_FWD_CPLX_BCOAACT-0,0.0,-9.67865738498677e-08
OMCDC_REV_CPLX_dummy,0.0,-2.430411323307889e-08
OMCDC_FWD_CPLX_dummy,-1.5005990173846572e-33,-1.696376163165347e-42
OMPDC_REV_457405.3.peg.1828-MONOMER,0.0,-2.44895331595142e-08
OMPDC_FWD_457405.3.peg.1828-MONOMER,0.0005933542445979099,-5.798313070663711e-41
ORNDC_REV_457405.3.peg.880-MONOMER_mod_pydx5p(1),0.0,-4.846658850830534e-08
ORNDC_FWD_457405.3.peg.880-MONOMER_mod_pydx5p(1),0.0,0.0
ORNTAC_REV_CPLX_dummy,0.0,-2.430411323307889e-08
ORNTAC_FWD_CPLX_dummy,0.0,-1.3761660960959322e-40
OROTPT_REV_457405.3.peg.1829-MONOMER,0.0,-1.988791941743716e-08
OROTPT_FWD_457405.3.peg.1829-MONOMER,0.0005933542445979099,3.61817914228324e-40
OXPTNDH_REV_CPLX_dummy,0.0,-2.430411323307889e-08
OXPTNDH_FWD_CPLX_dummy,0.0,5.044559679650123e-41
PAPPT2_REV_457405.3.peg.1792-MONOMER,0.0,-3.096329378186184e-13
PAPPT2_FWD_457405.3.peg.1792-MONOMER,0.0,-5.607537556355313e-40
PAPPT3_REV_457405.3.peg.1792-MONOMER,0.0,-3.096329378186184e-13
PAPPT3_FWD_457405.3.peg.1792-MONOMER,0.0,-5.607537556355313e-40
PBt_REV_457405.3.peg.1389-MONOMER,0.0,2.3074696560010762e-07
PBt_FWD_457405.3.peg.1389-MONOMER,0.0,-2.5749172496777635e-07
PBt_REV_457405.3.peg.1162-MONOMER,0.0,2.3035335777002497e-07
PBt_FWD_457405.3.peg.1162-MONOMER,0.0,-2.57885332797859e-07
PC_REV_457405.3.peg.1206-MONOMER,0.0,1.4808008401860108e-07
PC_FWD_457405.3.peg.1206-MONOMER,0.0,-1.7185941251824468e-07
PC11M_REV_457405.3.peg.247-MONOMER,0.0,-2.0658475590715968e-08
PC11M_FWD_457405.3.peg.247-MONOMER,0.0,-2.4443668332169057e-40
PC17M_REV_457405.3.peg.256-MONOMER,0.0,-2.0480692673196413e-08
PC17M_FWD_457405.3.peg.256-MONOMER,0.0,-2.145163706349152e-40
PC20M_REV_457405.3.peg.245-MONOMER,0.0,-2.0425087300322407e-08
PC20M_FWD_457405.3.peg.245-MONOMER,0.0,5.921281467269192e-40
PC6AR_REV_457405.3.peg.257-MONOMER,0.0,-2.063859666143309e-08
PC6AR_FWD_457405.3.peg.257-MONOMER,0.0,2.2506277589686375e-39
PC6YM_REV_CPLX_PC6YM-0,0.0,-2.3253576373549545e-08
PC6YM_FWD_CPLX_PC6YM-0,0.0,-1.7112802378772757e-40
PC8XM_REV_457405.3.peg.235-MONOMER,0.0,-1.976977856415264e-08
PC8XM_FWD_457405.3.peg.235-MONOMER,0.0,1.438361827101507e-41
PDHc_REV_457405.3.peg.771-MONOMER,0.0,-2.3876299432076675e-08
PDHc_FWD_457405.3.peg.771-MONOMER,0.0,7.130152057867758e-41
PEPGLY_REV_457405.3.peg.857-MONOMER,0.0,-5.943981586982268e-12
PEPGLY_FWD_457405.3.peg.857-MONOMER,0.0,-1.0860984399973174e-39
PFK_REV_457405.3.peg.1815-MONOMER_mod_mg2(1),0.0,1.2157259923917725e-07
PFK_FWD_457405.3.peg.1815-MONOMER_mod_mg2(1),0.0,-1.523457986054842e-07
PFK_2_REV_457405.3.peg.1815-MONOMER_mod_mg2(1),0.0,-3.077319936630697e-08
PFK_2_FWD_457405.3.peg.1815-MONOMER_mod_mg2(1),-1.7299537442583467e-50,-3.4401729239778526e-37
PFK_2_REV_457405.3.peg.1069-MONOMER_mod_mg2(1),0.0,-3.077319936630697e-08
PFK_2_FWD_457405.3.peg.1069-MONOMER_mod_mg2(1),1.3006806903210234e-51,-7.308185487679994e-37
PFK_3_REV_457405.3.peg.1815-MONOMER_mod_mg2(1),0.0,1.3372465585571668e-07
PFK_3_FWD_457405.3.peg.1815-MONOMER_mod_mg2(1),0.0,-1.6449785522202367e-07
PFL_REV_457405.3.peg.1059-MONOMER_mod_glycyl(1),0.0,-2.457793779780466e-07
PFL_FWD_457405.3.peg.1059-MONOMER_mod_glycyl(1),1.9339948203631515e-24,-5.885185497770184e-41
PGAMT_REV_457405.3.peg.824-MONOMER_mod_mg2(1),0.0,-6.978486398851597e-10
PGAMT_FWD_457405.3.peg.824-MONOMER_mod_mg2(1),0.0,-2.4435467812990663e-08
PGAMT_REV_457405.3.peg.347-MONOMER,0.0,3.110718015870685e-42
PGAMT_FWD_457405.3.peg.347-MONOMER,0.0,-2.3737619173105504e-08
PGCDr_REV_457405.3.peg.240-MONOMER,0.0,-4.688676378656367e-12
PGCDr_FWD_457405.3.peg.240-MONOMER,0.0,1.6166722159242002e-40
PGI_REV_457405.3.peg.2197-MONOMER,0.0,-1.1884964024020756e-08
PGI_FWD_457405.3.peg.2197-MONOMER,0.0,-1.1884964024020756e-08
PGK_REV_457405.3.peg.511-MONOMER,1.0246958509321497e-21,-1.1629910489072793e-40
PGK_FWD_457405.3.peg.511-MONOMER,0.0,-2.2892991686297026e-08
PGM_REV_457405.3.peg.58-MONOMER_mod_23bpg(1),1.0246958509321497e-21,1.0538794050547398e-40
PGM_FWD_457405.3.peg.58-MONOMER_mod_23bpg(1),0.0,-6.441127834550654e-07
PGPP120_REV_457405.3.peg.1957-MONOMER_mod_mg2(1),0.0,-1.420050349509923e-11
PGPP120_FWD_457405.3.peg.1957-MONOMER_mod_mg2(1),0.0,1.3067395480067256e-41
PGPP140_REV_457405.3.peg.1957-MONOMER_mod_mg2(1),0.0,-1.420050349509923e-11
PGPP140_FWD_457405.3.peg.1957-MONOMER_mod_mg2(1),0.0,-4.120429694649254e-40
PGPP141_REV_457405.3.peg.1957-MONOMER_mod_mg2(1),0.0,-1.420050349509923e-11
PGPP141_FWD_457405.3.peg.1957-MONOMER_mod_mg2(1),6.3224369938570045e-25,1.3067395480067256e-41
PGPP160_REV_457405.3.peg.1957-MONOMER_mod_mg2(1),0.0,-1.420050349509923e-11
PGPP160_FWD_457405.3.peg.1957-MONOMER_mod_mg2(1),0.0,-2.6591128151508414e-40
PGPP161_REV_457405.3.peg.1957-MONOMER_mod_mg2(1),0.0,-1.420050349509923e-11
PGPP161_FWD_457405.3.peg.1957-MONOMER_mod_mg2(1),0.0,1.3067395480067256e-41
PGPP180_REV_457405.3.peg.1957-MONOMER_mod_mg2(1),0.0,-1.420050349509923e-11
PGPP180_FWD_457405.3.peg.1957-MONOMER_mod_mg2(1),0.0,-2.1730342446376424e-43
PGPP181_REV_457405.3.peg.1957-MONOMER_mod_mg2(1),0.0,-1.420050349509923e-11
PGPP181_FWD_457405.3.peg.1957-MONOMER_mod_mg2(1),0.0,1.3067395480067256e-41
PGPPAI15_REV_457405.3.peg.1957-MONOMER_mod_mg2(1),0.0,-1.420050349509923e-11
PGPPAI15_FWD_457405.3.peg.1957-MONOMER_mod_mg2(1),0.0,-2.1730342446376424e-43
PGPPAI17_REV_457405.3.peg.1957-MONOMER_mod_mg2(1),0.0,-1.420050349509923e-11
PGPPAI17_FWD_457405.3.peg.1957-MONOMER_mod_mg2(1),0.0,1.3067395480067256e-41
PGPPI14_REV_457405.3.peg.1957-MONOMER_mod_mg2(1),0.0,-1.420050349509923e-11
PGPPI14_FWD_457405.3.peg.1957-MONOMER_mod_mg2(1),0.0,1.3067395480067256e-41
PGPPI15_REV_457405.3.peg.1957-MONOMER_mod_mg2(1),0.0,-1.420050349509923e-11
PGPPI15_FWD_457405.3.peg.1957-MONOMER_mod_mg2(1),0.0,1.3067395480067256e-41
PGPPI16_REV_457405.3.peg.1957-MONOMER_mod_mg2(1),0.0,-1.420050349509923e-11
PGPPI16_FWD_457405.3.peg.1957-MONOMER_mod_mg2(1),0.0,-2.1730342446376424e-43
PGPPI17_REV_457405.3.peg.1957-MONOMER_mod_mg2(1),0.0,-1.420050349509923e-11
PGPPI17_FWD_457405.3.peg.1957-MONOMER_mod_mg2(1),0.0,1.3067395480067256e-41
PGSA120_REV_457405.3.peg.1993-MONOMER_mod_mg2(1),0.0,-1.1913954568857491e-11
PGSA120_FWD_457405.3.peg.1993-MONOMER_mod_mg2(1),0.0,2.331533365262828e-40
PGSA120_REV_457405.3.peg.1275-MONOMER,0.0,-9.757499006539162e-09
PGSA120_FWD_457405.3.peg.1275-MONOMER,0.0,-9.745585051970305e-09
PGSA140_REV_457405.3.peg.1993-MONOMER_mod_mg2(1),0.0,-1.1913954568857491e-11
PGSA140_FWD_457405.3.peg.1993-MONOMER_mod_mg2(1),0.0,3.32979144103318e-40
PGSA140_REV_457405.3.peg.1275-MONOMER,0.0,-9.757499006539162e-09
PGSA140_FWD_457405.3.peg.1275-MONOMER,0.0,-9.745585051970305e-09
PGSA141_REV_457405.3.peg.1993-MONOMER_mod_mg2(1),0.0,8.340481220085088e-07
PGSA141_FWD_457405.3.peg.1993-MONOMER_mod_mg2(1),0.0,-8.340600359630777e-07
PGSA141_REV_457405.3.peg.1275-MONOMER,0.0,8.243025369565385e-07
PGSA141_FWD_457405.3.peg.1275-MONOMER,0.0,-8.43805621015048e-07
PGSA160_REV_457405.3.peg.1993-MONOMER_mod_mg2(1),0.0,-1.1913954568857491e-11
PGSA160_FWD_457405.3.peg.1993-MONOMER_mod_mg2(1),0.0,1.832404327377652e-40
PGSA160_REV_457405.3.peg.1275-MONOMER,0.0,-9.757499006539162e-09
PGSA160_FWD_457405.3.peg.1275-MONOMER,0.0,-9.745585051970305e-09
PGSA161_REV_457405.3.peg.1993-MONOMER_mod_mg2(1),0.0,8.340481220085088e-07
PGSA161_FWD_457405.3.peg.1993-MONOMER_mod_mg2(1),0.0,-8.340600359630777e-07
PGSA161_REV_457405.3.peg.1275-MONOMER,0.0,8.243025369565385e-07
PGSA161_FWD_457405.3.peg.1275-MONOMER,0.0,-8.43805621015048e-07
PGSA180_REV_457405.3.peg.1993-MONOMER_mod_mg2(1),0.0,2.0514004535556627e-06
PGSA180_FWD_457405.3.peg.1993-MONOMER_mod_mg2(1),0.0,-2.0514123675102315e-06
PGSA180_REV_457405.3.peg.1275-MONOMER,0.0,2.0416548685036924e-06
PGSA180_FWD_457405.3.peg.1275-MONOMER,0.0,-2.061157952562202e-06
PGSA181_REV_457405.3.peg.1993-MONOMER_mod_mg2(1),0.0,8.340481220085088e-07
PGSA181_FWD_457405.3.peg.1993-MONOMER_mod_mg2(1),0.0,-8.340600359630777e-07
PGSA181_REV_457405.3.peg.1275-MONOMER,0.0,8.243025369565385e-07
PGSA181_FWD_457405.3.peg.1275-MONOMER,0.0,-8.43805621015048e-07
PGSAAI15_REV_457405.3.peg.1993-MONOMER_mod_mg2(1),0.0,8.328889967880423e-07
PGSAAI15_FWD_457405.3.peg.1993-MONOMER_mod_mg2(1),0.0,-8.329009107426112e-07
PGSAAI15_REV_457405.3.peg.1275-MONOMER,0.0,8.23143411736072e-07
PGSAAI15_FWD_457405.3.peg.1275-MONOMER,0.0,-8.426464957945815e-07
PGSAAI17_REV_457405.3.peg.1993-MONOMER_mod_mg2(1),0.0,2.0635251766915237e-06
PGSAAI17_FWD_457405.3.peg.1993-MONOMER_mod_mg2(1),0.0,-2.063537090646093e-06
PGSAAI17_REV_457405.3.peg.1275-MONOMER,0.0,2.0537795916395534e-06
PGSAAI17_FWD_457405.3.peg.1275-MONOMER,0.0,-2.073282675698063e-06
PGSAI14_REV_457405.3.peg.1993-MONOMER_mod_mg2(1),0.0,8.207096066908248e-07
PGSAI14_FWD_457405.3.peg.1993-MONOMER_mod_mg2(1),0.0,-8.207215206453936e-07
PGSAI14_REV_457405.3.peg.1275-MONOMER,0.0,8.109640216388545e-07
PGSAI14_FWD_457405.3.peg.1275-MONOMER,0.0,-8.30467105697364e-07
PGSAI15_REV_457405.3.peg.1993-MONOMER_mod_mg2(1),0.0,8.207096066908248e-07
PGSAI15_FWD_457405.3.peg.1993-MONOMER_mod_mg2(1),0.0,-8.207215206453936e-07
PGSAI15_REV_457405.3.peg.1275-MONOMER,0.0,8.109640216388545e-07
PGSAI15_FWD_457405.3.peg.1275-MONOMER,0.0,-8.30467105697364e-07
PGSAI16_REV_457405.3.peg.1993-MONOMER_mod_mg2(1),0.0,8.328889967880423e-07
PGSAI16_FWD_457405.3.peg.1993-MONOMER_mod_mg2(1),0.0,-8.329009107426112e-07
PGSAI16_REV_457405.3.peg.1275-MONOMER,0.0,8.23143411736072e-07
PGSAI16_FWD_457405.3.peg.1275-MONOMER,0.0,-8.426464957945815e-07
PGSAI17_REV_457405.3.peg.1993-MONOMER_mod_mg2(1),0.0,1.3529117658266603e-06
PGSAI17_FWD_457405.3.peg.1993-MONOMER_mod_mg2(1),0.0,-1.352923679781229e-06
PGSAI17_REV_457405.3.peg.1275-MONOMER,0.0,1.34316618077469e-06
PGSAI17_FWD_457405.3.peg.1275-MONOMER,0.0,-1.3626692648331994e-06
PHETA1_REV_457405.3.peg.316-MONOMER_mod_pydx5p(1),0.0,-1.8558575784305754e-41
PHETA1_FWD_457405.3.peg.316-MONOMER_mod_pydx5p(1),0.0,-2.7762680996782224e-08
PHEt2r_REV_CPLX_dummy,0.0,-2.430411323307889e-08
PHEt2r_FWD_CPLX_dummy,0.0008998688119596308,0.0
PHPB2i_REV_457405.3.peg.186-MONOMER,0.0,-2.1321468795647776e-08
PHPB2i_FWD_457405.3.peg.186-MONOMER,-2.7626243170725355e-34,-3.505088258829306e-39
PHTHRDH_REV_457405.3.peg.2141-MONOMER,0.0,-3.3694003086060576e-40
PHTHRDH_FWD_457405.3.peg.2141-MONOMER,0.0,-2.6095716783388853e-08
PHYQS_REV_457405.3.peg.1667-MONOMER,0.0,-2.060444111334697e-08
PHYQS_FWD_457405.3.peg.1667-MONOMER,0.0,6.288981554291509e-41
PIt7_REV_457405.3.peg.299-MONOMER,0.0,-2.5240796727795546e-08
PIt7_FWD_457405.3.peg.299-MONOMER,0.0018129631870045426,1.0143165310286788e-35
PLPS_REV_457405.3.peg.467-MONOMER,0.0,-2.1358672968953173e-08
PLPS_FWD_457405.3.peg.467-MONOMER,2.2206663400241557e-05,-3.6413444177678462e-40
PMACPME_REV_457405.3.peg.385-MONOMER,0.0,-1.9255883683499863e-08
PMACPME_FWD_457405.3.peg.385-MONOMER,0.0,4.509201416722471e-41
PMDPHT_REV_CPLX_dummy,0.0,-2.430411323307889e-08
PMDPHT_FWD_CPLX_dummy,4.4413326869971584e-05,-2.371123159770284e-40
PMPK_REV_457405.3.peg.2361-MONOMER,0.0,-2.979444227877885e-08
PMPK_FWD_457405.3.peg.2361-MONOMER,0.0,3.3958789109762307e-40
PMTCOATA_REV_457405.3.peg.1854-MONOMER,0.0,5.50544802063489e-40
PMTCOATA_FWD_457405.3.peg.1854-MONOMER,0.0,-2.137180524892538e-08
PNP_REV_457405.3.peg.1-MONOMER,0.0,-3.1603945971796105e-08
PNP_FWD_457405.3.peg.1-MONOMER,0.0,-2.401055773218664e-40
PNTK_REV_457405.3.peg.111-MONOMER,0.0,-2.0986623661313188e-08
PNTK_FWD_457405.3.peg.111-MONOMER,2.2206663400241557e-05,8.32202576327136e-41
PNTOt4_REV_457405.3.peg.1392-MONOMER,0.0,-2.449961224673451e-08
PNTOt4_FWD_457405.3.peg.1392-MONOMER,2.2206663400241557e-05,7.304894329927488e-36
POR4_REV_457405.3.peg.1145-MONOMER,1.3168255722226037,-1.4414474403769155e-40
POR4_FWD_457405.3.peg.1145-MONOMER,0.0,-3.0701556081364605e-08
POR4_REV_457405.3.peg.626-MONOMER_mod_thmpp(1),3.69252551409652e-20,5.931379198827072e-41
POR4_FWD_457405.3.peg.626-MONOMER_mod_thmpp(1),0.0,-3.0701556081364605e-08
PPA_REV_457405.3.peg.1843-MONOMER,0.0,-2.5243557525629136e-08
PPA_FWD_457405.3.peg.1843-MONOMER,0.07484993428394873,-1.813244315638999e-37
PPAKr_REV_457405.3.peg.625-MONOMER,0.0,-2.336317372012279e-08
PPAKr_FWD_457405.3.peg.625-MONOMER,3.693332567560016e-22,4.85854631612536e-41
PPAt2r_REV_CPLX_dummy,0.0,-2.430411323307889e-08
PPAt2r_FWD_CPLX_dummy,3.693332567560016e-22,-2.0795825911823896e-42
PPBNGS_REV_457405.3.peg.941-MONOMER_mod_zn2(1),0.0,-3.6900863195571126e-08
PPBNGS_FWD_457405.3.peg.941-MONOMER_mod_zn2(1),0.0,8.669853577451474e-40
PPCDC_REV_457405.3.peg.33-MONOMER_mod_fmn(1),0.0,-4.3790368702298656e-08
PPCDC_FWD_457405.3.peg.33-MONOMER_mod_fmn(1),2.2206663400241557e-05,1.3457300178439396e-41
PPCDC_REV_457405.3.peg.33-MONOMER_mod_mg2(1),0.0,-4.3794087971036506e-08
PPCDC_FWD_457405.3.peg.33-MONOMER_mod_mg2(1),0.0,-3.719268737852032e-12
PPCKr_REV_457405.3.peg.634-MONOMER_mod_mg2(1),0.0,-3.7454045969882133e-07
PPCKr_FWD_457405.3.peg.634-MONOMER_mod_mg2(1),0.0,-6.881038307479887e-11
PPCKr_REV_457405.3.peg.634-MONOMER_mod_ca2(1),0.0,-3.7450502222069717e-07
PPCKr_FWD_457405.3.peg.634-MONOMER_mod_ca2(1),0.0,-3.337290495060962e-11
PPCKr_REV_457405.3.peg.634-MONOMER_mod_mn2(1),0.0,-3.7447164931574656e-07
PPCKr_FWD_457405.3.peg.634-MONOMER_mod_mn2(1),-5.122645390443132e-22,-2.3880456348363972e-36
PPDK_REV_457405.3.peg.142-MONOMER_mod_mg2(1),0.0,-3.367484417968359e-08
PPDK_FWD_457405.3.peg.142-MONOMER_mod_mg2(1),0.0009182338208182602,-2.5402299161597296e-40
PPNCL3_REV_457405.3.peg.33-MONOMER_mod_fmn(1),0.0,-4.3790368702298656e-08
PPNCL3_FWD_457405.3.peg.33-MONOMER_mod_fmn(1),2.2206663400241557e-05,1.326614574641254e-40
PPNCL3_REV_457405.3.peg.33-MONOMER_mod_mg2(1),0.0,-4.3794087971036506e-08
PPNCL3_FWD_457405.3.peg.33-MONOMER_mod_mg2(1),0.0,-3.719268737852032e-12
PPRDNDH_REV_CPLX_dummy,0.0,-2.430411323307889e-08
PPRDNDH_FWD_CPLX_dummy,0.0,8.553818587232816e-41
PPTT_REV_457405.3.peg.348-MONOMER,0.0,6.045927381086968e-06
PPTT_FWD_457405.3.peg.348-MONOMER,0.0,-6.064721132063416e-06
PRAGS_REV_457405.3.peg.223-MONOMER_mod_mg2(1),0.0,-2.3790309496657665e-08
PRAGS_FWD_457405.3.peg.223-MONOMER_mod_mg2(1),0.0002277953027118438,-3.9640194642473e-40
PRAIS_REV_457405.3.peg.218-MONOMER_mod_k(1)_mod_mg2(1),0.0,-2.6658826617608708e-08
PRAIS_FWD_457405.3.peg.218-MONOMER_mod_k(1)_mod_mg2(1),0.0002277953027118438,-3.1393474779773117e-40
PRASCSi_REV_457405.3.peg.216-MONOMER,0.0,-2.721068520640704e-08
PRASCSi_FWD_457405.3.peg.216-MONOMER,0.0002277953027118438,6.9682575746788435e-40
PRFGS_REV_457405.3.peg.214-MONOMER_mod_mg2(1),0.0,-3.111738999703991e-08
PRFGS_FWD_457405.3.peg.214-MONOMER_mod_mg2(1),0.0002277953027118438,1.0205017045963062e-35
PROt4r_REV_457405.3.peg.1412-MONOMER,0.0,-2.4519511384858608e-08
PROt4r_FWD_457405.3.peg.1412-MONOMER,0.0004971930003415735,4.755724481633454e-36
PRPPS_REV_457405.3.peg.1540-MONOMER_mod_mn2(1)_mod_pi(1),0.0,-2.2058823168533688e-08
PRPPS_FWD_457405.3.peg.1540-MONOMER_mod_mn2(1)_mod_pi(1),0.0012663174140872056,1.4536805248853065e-36
PRPPS_REV_457405.3.peg.1540-MONOMER_mod_mg2(1)_mod_pi(1),0.0,-2.2060885824105543e-08
PRPPS_FWD_457405.3.peg.1540-MONOMER_mod_mg2(1)_mod_pi(1),0.0,-2.062655571855672e-12
PSCVT_REV_457405.3.peg.269-MONOMER,0.0,-2.3406479469048917e-08
PSCVT_FWD_457405.3.peg.269-MONOMER,-2.092242476402042e-33,-4.423254765369249e-40
PSD120_REV_457405.3.peg.329-MONOMER,0.0,-2.1626124998058354e-08
PSD120_FWD_457405.3.peg.329-MONOMER,0.0,3.410455340520713e-42
PSD140_REV_457405.3.peg.329-MONOMER,0.0,-2.1626124998058354e-08
PSD140_FWD_457405.3.peg.329-MONOMER,0.0,-2.3873187383644995e-41
PSD141_REV_457405.3.peg.329-MONOMER,0.0,-2.1626124998058354e-08
PSD141_FWD_457405.3.peg.329-MONOMER,0.0,3.410455340520713e-42
PSD160_REV_457405.3.peg.329-MONOMER,0.0,-2.1626124998058354e-08
PSD160_FWD_457405.3.peg.329-MONOMER,0.0,3.410455340520713e-42
PSD161_REV_457405.3.peg.329-MONOMER,0.0,-2.1626124998058354e-08
PSD161_FWD_457405.3.peg.329-MONOMER,0.0,3.410455340520713e-42
PSD180_REV_457405.3.peg.329-MONOMER,0.0,-2.1626124998058354e-08
PSD180_FWD_457405.3.peg.329-MONOMER,0.0,3.410455340520713e-42
PSD181_REV_457405.3.peg.329-MONOMER,0.0,-2.1626124998058354e-08
PSD181_FWD_457405.3.peg.329-MONOMER,0.0,3.410455340520713e-42
PSDAI15_REV_457405.3.peg.329-MONOMER,0.0,-2.1626124998058354e-08
PSDAI15_FWD_457405.3.peg.329-MONOMER,0.0,3.410455340520713e-42
PSDAI17_REV_457405.3.peg.329-MONOMER,0.0,-2.1626124998058354e-08
PSDAI17_FWD_457405.3.peg.329-MONOMER,0.0,-2.421423291769706e-40
PSDI14_REV_457405.3.peg.329-MONOMER,0.0,-2.1626124998058354e-08
PSDI14_FWD_457405.3.peg.329-MONOMER,0.0,3.410455340520713e-42
PSDI15_REV_457405.3.peg.329-MONOMER,0.0,-2.1626124998058354e-08
PSDI15_FWD_457405.3.peg.329-MONOMER,0.0,3.410455340520713e-42
PSDI16_REV_457405.3.peg.329-MONOMER,0.0,-2.1626124998058354e-08
PSDI16_FWD_457405.3.peg.329-MONOMER,0.0,3.410455340520713e-42
PSDI17_REV_457405.3.peg.329-MONOMER,0.0,-2.1626124998058354e-08
PSDI17_FWD_457405.3.peg.329-MONOMER,0.0,3.410455340520713e-42
PSERT_REV_457405.3.peg.1339-MONOMER,0.0,-2.249677655161786e-08
PSERT_FWD_457405.3.peg.1339-MONOMER,0.0,2.035658337644181e-41
PSP_L_REV_457405.3.peg.2230-MONOMER,0.0,2.21650160512483e-07
PSP_L_FWD_457405.3.peg.2230-MONOMER,0.0,-2.4436195867750196e-07
PSP_L_REV_457405.3.peg.463-MONOMER,0.0,2.227291655592527e-07
PSP_L_FWD_457405.3.peg.463-MONOMER,0.0,-2.4328295363073224e-07
PSSA120_REV_457405.3.peg.213-MONOMER,0.0,-2.071023766246897e-08
PSSA120_FWD_457405.3.peg.213-MONOMER,0.0,8.430567397840981e-35
PSSA140_REV_457405.3.peg.213-MONOMER,0.0,-2.071023766246897e-08
PSSA140_FWD_457405.3.peg.213-MONOMER,-1.773830711560595e-51,1.2736540381840997e-34
PSSA141_REV_457405.3.peg.213-MONOMER,0.0,6.065041949243575e-07
PSSA141_FWD_457405.3.peg.213-MONOMER,0.0,-6.272144325868265e-07
PSSA160_REV_457405.3.peg.213-MONOMER,0.0,-2.071023766246897e-08
PSSA160_FWD_457405.3.peg.213-MONOMER,0.0,3.5669529444353655e-35
PSSA161_REV_457405.3.peg.213-MONOMER,0.0,6.065041949243575e-07
PSSA161_FWD_457405.3.peg.213-MONOMER,0.0,-6.272144325868265e-07
PSSA180_REV_457405.3.peg.213-MONOMER,0.0,1.8250156516919779e-06
PSSA180_FWD_457405.3.peg.213-MONOMER,0.0,-1.8457258893544468e-06
PSSA181_REV_457405.3.peg.213-MONOMER,0.0,6.065041949243575e-07
PSSA181_FWD_457405.3.peg.213-MONOMER,0.0,-6.272144325868265e-07
PSSAAI15_REV_457405.3.peg.213-MONOMER,0.0,6.065041949243575e-07
PSSAAI15_FWD_457405.3.peg.213-MONOMER,0.0,-6.272144325868265e-07
PSSAAI17_REV_457405.3.peg.213-MONOMER,0.0,-2.071023766246897e-08
PSSAAI17_FWD_457405.3.peg.213-MONOMER,0.0,5.643805061127155e-35
PSSAI14_REV_457405.3.peg.213-MONOMER,0.0,6.065041949243575e-07
PSSAI14_FWD_457405.3.peg.213-MONOMER,0.0,-6.272144325868265e-07
PSSAI15_REV_457405.3.peg.213-MONOMER,0.0,6.065041949243575e-07
PSSAI15_FWD_457405.3.peg.213-MONOMER,0.0,-6.272144325868265e-07
PSSAI16_REV_457405.3.peg.213-MONOMER,0.0,6.065041949243575e-07
PSSAI16_FWD_457405.3.peg.213-MONOMER,0.0,-6.272144325868265e-07
PSSAI17_REV_457405.3.peg.213-MONOMER,0.0,1.138706354060193e-06
PSSAI17_FWD_457405.3.peg.213-MONOMER,0.0,-1.159416591722662e-06
PTA2_REV_457405.3.peg.624-MONOMER,0.0,-2.64928316055975e-08
PTA2_FWD_457405.3.peg.624-MONOMER,3.693332567560016e-22,5.9550255127425855e-37
PTAr_REV_457405.3.peg.624-MONOMER,0.0,-2.64928316055975e-08
PTAr_FWD_457405.3.peg.624-MONOMER,1.3168255722226037,5.937685078579288e-37
PTPAT_REV_457405.3.peg.1860-MONOMER_mod_mg2(1),0.0,-2.9560794653844485e-08
PTPAT_FWD_457405.3.peg.1860-MONOMER_mod_mg2(1),2.2206663400241557e-05,-3.15930519762385e-39
PTRCabc_REV_CPLX_PTRCabc-2,0.0,1.74966502610166e-07
PTRCabc_FWD_CPLX_PTRCabc-2,0.0,-1.9247748914025276e-07
PTRCabc_REV_CPLX_PTRCabc-0,0.0,1.727168894890915e-07
PTRCabc_FWD_CPLX_PTRCabc-0,0.0,-1.9472710226132726e-07
PTRCabc_REV_CPLX_PTRCabc-1,0.0,1.7506490303454934e-07
PTRCabc_FWD_CPLX_PTRCabc-1,0.0,-1.9237908871586945e-07
PUNP1_REV_457405.3.peg.1-MONOMER,0.0,-3.1603945971796105e-08
PUNP1_FWD_457405.3.peg.1-MONOMER,0.0,-2.401055773218664e-40
PUNP2_REV_457405.3.peg.1-MONOMER,0.0,0.0
PUNP2_FWD_457405.3.peg.1-MONOMER,0.0,-3.1603945971796105e-08
PUNP3_REV_457405.3.peg.1-MONOMER,0.0,-2.401055773218664e-40
PUNP3_FWD_457405.3.peg.1-MONOMER,0.0,-3.1603945971796105e-08
PUNP4_REV_457405.3.peg.1-MONOMER,0.0,-6.40281539524977e-41
PUNP4_FWD_457405.3.peg.1-MONOMER,0.0,-3.1603945971796105e-08
PUNP5_REV_457405.3.peg.1-MONOMER,0.0,-3.1603945971796105e-08
PUNP5_FWD_457405.3.peg.1-MONOMER,0.0,2.721196542981152e-40
PUNP6_REV_457405.3.peg.1-MONOMER,0.0,1.6007038488124425e-41
PUNP6_FWD_457405.3.peg.1-MONOMER,0.0,-3.1603945971796105e-08
PUNP7_REV_457405.3.peg.1-MONOMER,0.0,2.721196542981152e-40
PUNP7_FWD_457405.3.peg.1-MONOMER,0.0,-3.1603945971796105e-08
PYK_REV_457405.3.peg.1461-MONOMER_mod_mn2(1)_mod_k(1),0.0,2.665969730241804e-07
PYK_FWD_457405.3.peg.1461-MONOMER_mod_mn2(1)_mod_k(1),0.0,-3.004779835556832e-07
PYK_REV_457405.3.peg.1461-MONOMER_mod_mg2(1)_mod_k(1),0.0,2.665964506153583e-07
PYK_FWD_457405.3.peg.1461-MONOMER_mod_mg2(1)_mod_k(1),0.0,-3.0047850596450533e-07
PYRt2r_REV_CPLX_dummy,0.0,-1.0397912955911947e-41
PYRt2r_FWD_CPLX_dummy,0.0,-2.430411323307889e-08
QULNS_REV_457405.3.peg.2278-MONOMER_mod_4fe4s(1),0.0,-2.5965332598829905e-08
QULNS_FWD_457405.3.peg.2278-MONOMER_mod_4fe4s(1),2.2206663400241557e-05,8.368285204666809e-41
R05224_REV_457405.3.peg.233-MONOMER,0.0,-2.3727343381559677e-08
R05224_FWD_457405.3.peg.233-MONOMER,0.0,-2.1753567610989024e-40
RB5PE_REV_457405.3.peg.543-MONOMER,0.0,0.0
RB5PE_FWD_457405.3.peg.543-MONOMER,0.0,-2.00448726804814e-08
RBFK_REV_457405.3.peg.29-MONOMER,0.0,-2.224244508707217e-08
RBFK_FWD_457405.3.peg.29-MONOMER,2.2206663469730026e-05,4.100572482002335e-40
RBFSa_REV_457405.3.peg.1711-MONOMER,0.0,-5.116840786346341e-08
RBFSa_FWD_457405.3.peg.1711-MONOMER,8.882665373994317e-05,-2.58387614678783e-40
RBFSb_REV_457405.3.peg.1708-MONOMER,0.0,-2.652956030032531e-08
RBFSb_FWD_457405.3.peg.1708-MONOMER,4.4413326869971584e-05,2.4972106508115316e-39
RE3351C_REV_CPLX_dummy,0.0,-2.430411323307889e-08
RE3351C_FWD_CPLX_dummy,0.0,-1.7661963656969087e-42
RE3352C_REV_CPLX_dummy,0.0,-2.430411323307889e-08
RE3352C_FWD_CPLX_dummy,0.0,-1.7661963656969087e-42
RHCCE_REV_457405.3.peg.458-MONOMER,0.0,-1.8751136191578256e-08
RHCCE_FWD_457405.3.peg.458-MONOMER,1.6993639268079206e-06,2.5530233915818116e-41
RIBABCte_REV_457405.3.peg.2080-MONOMER,0.0,2.317987751527287e-07
RIBABCte_FWD_457405.3.peg.2080-MONOMER,0.0,-2.5643991541515525e-07
RIBabc_REV_457405.3.peg.2080-MONOMER,0.0,2.317987751527287e-07
RIBabc_FWD_457405.3.peg.2080-MONOMER,0.0,-2.5643991541515525e-07
RNDR1_REV_CPLX_RNDR1-0,0.0,-4.0526441070117315e-08
RNDR1_FWD_CPLX_RNDR1-0,0.0,-2.430411323307889e-08
RNDR2_REV_CPLX_RNDR1-0,0.0,-5.267849768665676e-08
RNDR2_FWD_CPLX_RNDR1-0,0.0,-1.2152056616539445e-08
RNDR3_REV_CPLX_RNDR1-0,0.0,1.558433793644228e-07
RNDR3_FWD_CPLX_RNDR1-0,0.0,-2.20673933667619e-07
RNDR4_REV_CPLX_RNDR1-0,0.0,-6.48305543031962e-08
RNDR4_FWD_CPLX_RNDR1-0,5.193634649968332e-52,1.4018407573953675e-35
RNTR1_REV_457405.3.peg.3-MONOMER,0.0,-4.0526441070117315e-08
RNTR1_FWD_457405.3.peg.3-MONOMER,0.00019984126900105093,-7.840728146304192e-36
RNTR2_REV_457405.3.peg.3-MONOMER,0.0,-4.0526441070117315e-08
RNTR2_FWD_457405.3.peg.3-MONOMER,7.411986976760821e-05,-7.840728146304192e-36
RNTR3_REV_457405.3.peg.3-MONOMER,0.0,1.6799543598096223e-07
RNTR3_FWD_457405.3.peg.3-MONOMER,0.0,-2.0852187705107955e-07
RNTR4_REV_457405.3.peg.3-MONOMER,0.0,-4.0526441070117315e-08
RNTR4_FWD_457405.3.peg.3-MONOMER,0.00027396113876865914,-7.840728146304192e-36
RPE_REV_457405.3.peg.543-MONOMER,0.0009182338208182602,1.2698258709653718e-41
RPE_FWD_457405.3.peg.543-MONOMER,0.0,-2.00448726804814e-08
RPI_REV_457405.3.peg.2097-MONOMER,0.0008072005036780755,-1.2477131843458043e-41
RPI_FWD_457405.3.peg.2097-MONOMER,0.0,-2.1753019665893425e-08
RZ5PP_REV_457405.3.peg.365-MONOMER,0.0,-1.9327916241453947e-08
RZ5PP_FWD_457405.3.peg.365-MONOMER,0.0,8.912788368637349e-41
S7PIr_REV_457405.3.peg.878-MONOMER,0.0,-2.7274187199349482e-08
S7PIr_FWD_457405.3.peg.878-MONOMER,0.0,-1.4090215001720503e-42
SALCS2_REV_457405.3.peg.379-MONOMER,0.0,-2.5985465547941365e-08
SALCS2_FWD_457405.3.peg.379-MONOMER,0.0,-1.844168725767158e-42
SERATi_REV_CPLX_dummy,0.0,-2.430411323307889e-08
SERATi_FWD_CPLX_dummy,0.0,-5.470431214738743e-41
SERD_D_REV_457405.3.peg.833-MONOMER_mod_pydx5p(1),0.0,-2.364206765821608e-08
SERD_D_FWD_457405.3.peg.833-MONOMER_mod_pydx5p(1),0.0,-3.8507532443544906e-42
SERt2r_REV_CPLX_dummy,0.0,-2.430411323307889e-08
SERt2r_FWD_CPLX_dummy,2.0,5.861176301505796e-42
SGAT_REV_CPLX_G3PAT120-0,0.0,-1.5465756714490227e-08
SGAT_FWD_CPLX_G3PAT120-0,0.0,4.711805315097158e-40
SHCHCC2_REV_457405.3.peg.1322-MONOMER,0.0,-2.109525555994937e-08
SHCHCC2_FWD_457405.3.peg.1322-MONOMER,0.0,-1.6005622836304985e-39
SHCHD2_REV_457405.3.peg.846-MONOMER,0.0,-1.8169739717590348e-08
SHCHD2_FWD_457405.3.peg.846-MONOMER,0.0,-6.996800781182922e-39
SHCHD2_REV_457405.3.peg.506-MONOMER,0.0,-2.3489949822908338e-08
SHCHD2_FWD_457405.3.peg.506-MONOMER,0.0,-5.320210105317987e-09
SHCHF_REV_457405.3.peg.846-MONOMER,0.0,-1.8169739717590348e-08
SHCHF_FWD_457405.3.peg.846-MONOMER,0.0,1.3790126710519553e-40
SHK3Dr_REV_457405.3.peg.2202-MONOMER,0.0,-2.4956917191284597e-08
SHK3Dr_FWD_457405.3.peg.2202-MONOMER,-2.092242476402042e-33,2.3889506191992365e-39
SHKK_REV_457405.3.peg.773-MONOMER_mod_cobalt2(1),0.0,-1.87859311120502e-08
SHKK_FWD_457405.3.peg.773-MONOMER_mod_cobalt2(1),-2.092242476402042e-33,2.8430687045144478e-40
SHKK_REV_457405.3.peg.773-MONOMER_mod_ca2(1),0.0,-1.8787745471671022e-08
SHKK_FWD_457405.3.peg.773-MONOMER_mod_ca2(1),0.0,-1.8143596208207543e-12
SHKK_REV_457405.3.peg.773-MONOMER_mod_k(1),0.0,-1.87878359521903e-08
SHKK_FWD_457405.3.peg.773-MONOMER_mod_k(1),0.0,-1.9048401400966588e-12
SHKK_REV_457405.3.peg.773-MONOMER_mod_mn2(1),0.0,-1.878631849763547e-08
SHKK_FWD_457405.3.peg.773-MONOMER_mod_mn2(1),0.0,-3.8738558526588206e-13
SHKK_REV_457405.3.peg.773-MONOMER_mod_fe2(1),0.0,-1.878623122965725e-08
SHKK_FWD_457405.3.peg.773-MONOMER_mod_fe2(1),0.0,-3.001176070449948e-13
SHKK_REV_457405.3.peg.773-MONOMER_mod_mg2(1),0.0,-1.8789258814721678e-08
SHKK_FWD_457405.3.peg.773-MONOMER_mod_mg2(1),0.0,-3.327702671475046e-12
SO4t2_REV_CPLX_dummy,0.0,6.238747773547168e-42
SO4t2_FWD_CPLX_dummy,0.0,-2.430411323307889e-08
SPMDabc_REV_CPLX_PTRCabc-2,0.0,2.353638520188986e-07
SPMDabc_FWD_CPLX_PTRCabc-2,0.0,-2.5287483854898533e-07
SPMDabc_REV_CPLX_PTRCabc-0,0.0,2.331142388978241e-07
SPMDabc_FWD_CPLX_PTRCabc-0,0.0,-2.5512445167005984e-07
SPMDabc_REV_CPLX_PTRCabc-1,0.0,2.3546225244328192e-07
SPMDabc_FWD_CPLX_PTRCabc-1,0.0,-2.5277643812460205e-07
STCOATA_REV_457405.3.peg.1854-MONOMER,0.0,-1.0685931456194811e-08
STCOATA_FWD_457405.3.peg.1854-MONOMER,0.0,-1.0685873645058088e-08
SUCCt2r_REV_CPLX_dummy,0.6337071811434111,6.238747773547168e-42
SUCCt2r_FWD_CPLX_dummy,0.0,-2.430411323307889e-08
SUCD1_REV_CPLX_dummy,0.0,-1.2152056616539445e-08
SUCD1_FWD_CPLX_dummy,0.0,-1.2152056616539445e-08
SUCD4_REV_CPLX_dummy,0.0,5.151586757168224e-40
SUCD4_FWD_CPLX_dummy,0.0,-2.430411323307889e-08
SUCDi_REV_CPLX_dummy,0.0,-1.1479437019748901e-41
SUCDi_FWD_CPLX_dummy,0.0,-2.430411323307889e-08
TALA_REV_CPLX_dummy,0.0004591169104091301,2.9253786735593857e-41
TALA_FWD_CPLX_dummy,0.0,-2.430411323307889e-08
TDCOATA_REV_457405.3.peg.1854-MONOMER,0.0,-1.0685931456194811e-08
TDCOATA_FWD_457405.3.peg.1854-MONOMER,0.0,-1.0685873645058088e-08
TDG3PACT_REV_CPLX_G3PAT120-0,0.0,-1.5465756714490227e-08
TDG3PACT_FWD_CPLX_G3PAT120-0,0.0,4.711805315097158e-40
TDPDRE_REV_457405.3.peg.2001-MONOMER,0.0,-1.7694480699430157e-08
TDPDRE_FWD_457405.3.peg.2001-MONOMER,0.0,-1.712790820888633e-42
TDPDRRr_REV_457405.3.peg.2002-MONOMER,0.0,-2.142121349389198e-40
TDPDRRr_FWD_457405.3.peg.2002-MONOMER,0.0,-2.1531793821726217e-08
TDPGDH_REV_457405.3.peg.2028-MONOMER_mod_nad(1),0.0,-2.312661465957467e-08
TDPGDH_FWD_457405.3.peg.2028-MONOMER_mod_nad(1),0.0,-1.2620017797876963e-42
TDSK_REV_457405.3.peg.644-MONOMER_mod_mg2(1),0.0,1.5257506748760384e-07
TDSK_FWD_457405.3.peg.644-MONOMER_mod_mg2(1),0.0,-1.5258287877299787e-07
THIORDXi_REV_457405.3.peg.2233-MONOMER,0.0,-2.4753376325279214e-08
THIORDXi_FWD_457405.3.peg.2233-MONOMER,0.0,-6.529919424575925e-11
THIORDXi_REV_457405.3.peg.1408-MONOMER,0.0,-2.4688077094116578e-08
THIORDXi_FWD_457405.3.peg.1408-MONOMER,0.0,-1.706919328718588e-36
THRAi_REV_457405.3.peg.762-MONOMER_mod_pydx5p(1),0.0,-3.134799642288212e-08
THRAi_FWD_457405.3.peg.762-MONOMER_mod_pydx5p(1),0.0,-6.158130460495673e-42
THRD_REV_CPLX_dummy,0.0,-2.430411323307889e-08
THRD_FWD_CPLX_dummy,0.0,8.949816269253711e-40
THRD_L_REV_457405.3.peg.1141-MONOMER_mod_pydx5p(1),0.0,-1.2608841041316614e-07
THRD_L_FWD_457405.3.peg.1141-MONOMER_mod_pydx5p(1),3.693332567560016e-22,0.0
THRPD_REV_457405.3.peg.232-MONOMER_mod_pydx5p(1),0.0,-2.691258676720949e-08
THRPD_FWD_457405.3.peg.232-MONOMER_mod_pydx5p(1),0.0,2.117258348039344e-41
THRt2r_REV_CPLX_dummy,0.0,-2.430411323307889e-08
THRt2r_FWD_CPLX_dummy,0.0008632280123525703,-4.105420306997115e-42
THZPSN_REV_CPLX_THZPSN-0,0.0,-3.10602896303091e-08
THZPSN_FWD_CPLX_THZPSN-0,0.0,1.638759180439196e-40
TKT1_REV_CPLX_TKT1-0,0.0004591169104091301,-3.693160716980533e-40
TKT1_FWD_CPLX_TKT1-0,0.0,-2.563277209910853e-08
TKT2_REV_CPLX_TKT1-0,0.0004591169104091301,-4.1035119077561485e-41
TKT2_FWD_CPLX_TKT1-0,0.0,-2.563277209910853e-08
TMDPK_REV_457405.3.peg.461-MONOMER,0.0,-1.96958680514541e-08
TMDPK_FWD_457405.3.peg.461-MONOMER,4.2086782818070486e-52,7.334114816208882e-37
TMDS_REV_457405.3.peg.1169-MONOMER_mod_mg2(1),0.0,-2.5573693207272598e-08
TMDS_FWD_457405.3.peg.1169-MONOMER_mod_mg2(1),0.00019984126900105093,-4.2068027926307444e-41
TMPPP_REV_CPLX_TMPPP-0,0.0,-2.3336825526708452e-08
TMPPP_FWD_CPLX_TMPPP-0,0.0,-3.307898457013141e-40
TPI_REV_457405.3.peg.1194-MONOMER,0.0,-2.4778807724327934e-08
TPI_FWD_457405.3.peg.1194-MONOMER,0.0033739167884747905,1.2631702303542933e-41
TRDOXOX_REV_457405.3.peg.1898-MONOMER,0.0,-1.6080542616755982e-07
TRDOXOX_FWD_457405.3.peg.1898-MONOMER,0.0,2.4418857693729583e-35
TRDOXOX_REV_457405.3.peg.750-MONOMER,0.0,-1.6080542616755982e-07
TRDOXOX_FWD_457405.3.peg.750-MONOMER,0.0,-6.300190781998598e-35
TRDRr_REV_457405.3.peg.648-MONOMER,0.0,-2.996828249604326e-08
TRDRr_FWD_457405.3.peg.648-MONOMER,0.0005479222708789358,-8.056283257770794e-36
TRPAS2i_REV_457405.3.peg.2396-MONOMER,0.0,-1.7305259190245812e-08
TRPAS2i_FWD_457405.3.peg.2396-MONOMER,0.0,-1.709079452032432e-08
TRPAS2i_REV_457405.3.peg.1530-MONOMER,0.0,-1.25955972957353e-08
TRPAS2i_FWD_457405.3.peg.1530-MONOMER,0.0,-1.2381132625813807e-08
TRPS1_REV_457405.3.peg.1023-MONOMER,0.0,-2.330143835305175e-08
TRPS1_FWD_457405.3.peg.1023-MONOMER,0.0,-2.059581403801154e-35
TRPS2_REV_457405.3.peg.1023-MONOMER,0.0,-2.330143835305175e-08
TRPS2_FWD_457405.3.peg.1023-MONOMER,0.00012039699600475707,-1.5904825492552245e-35
TRPS3_REV_457405.3.peg.1023-MONOMER,0.0,-1.1650719176525874e-08
TRPS3_FWD_457405.3.peg.1023-MONOMER,0.0,-1.1650719176525874e-08
TRPt2r_REV_CPLX_dummy,0.0,-2.3282081597861135e-08
TRPt2r_FWD_CPLX_dummy,0.0,-1.022031635217756e-09
TRSARr_REV_CPLX_dummy,0.0,-2.430411323307889e-08
TRSARr_FWD_CPLX_dummy,-6.670463020805023e-57,-4.4085065026507595e-40
TTDCAtr_REV_CPLX_dummy,0.0,0.0
TTDCAtr_FWD_CPLX_dummy,0.0,-2.430411323307889e-08
TYRTA_REV_457405.3.peg.316-MONOMER_mod_pydx5p(1),0.0,0.0
TYRTA_FWD_457405.3.peg.316-MONOMER_mod_pydx5p(1),0.0,-2.7762680996782224e-08
TYRt2r_REV_CPLX_dummy,0.0,-2.430411323307889e-08
TYRt2r_FWD_CPLX_dummy,0.0008399292728309677,-1.0360642395562678e-41
U23GAAT_REV_CPLX_U23GAAT-0,0.0,-2.3749205267954445e-08
U23GAAT_FWD_CPLX_U23GAAT-0,0.0,-1.8344247113965514e-09
U23GAAT_REV_457405.3.peg.1546-MONOMER,0.0,-2.191478055655789e-08
U23GAAT_FWD_457405.3.peg.1546-MONOMER,0.0,9.487153190948128e-40
UAAGDS_REV_457405.3.peg.1355-MONOMER,0.0,-2.4273958252287118e-08
UAAGDS_FWD_457405.3.peg.1355-MONOMER,0.0,1.3915973809985032e-40
UAG4E_REV_457405.3.peg.2299-MONOMER_mod_nad(1),0.0,-2.6084363554160718e-08
UAG4E_FWD_457405.3.peg.2299-MONOMER_mod_nad(1),0.0,2.478119405701765e-40
UAGAAT_REV_457405.3.peg.794-MONOMER,0.0,-2.711372326116038e-08
UAGAAT_FWD_457405.3.peg.794-MONOMER,0.0,2.5115482835142404e-40
UAGCVT_r_REV_457405.3.peg.1695-MONOMER,0.0,-2.363912544212296e-08
UAGCVT_r_FWD_457405.3.peg.1695-MONOMER,0.0,1.1863489755952922e-39
UAGDP_REV_457405.3.peg.1541-MONOMER_mod_mg2(1),0.0,-3.114584084170436e-08
UAGDP_FWD_457405.3.peg.1541-MONOMER_mod_mg2(1),0.0,-1.742723241436563e-41
UAGPT2_REV_457405.3.peg.1794-MONOMER,0.0,-2.242823302072051e-08
UAGPT2_FWD_457405.3.peg.1794-MONOMER,0.0,-2.9147725318284494e-41
UAGPT3_REV_457405.3.peg.1794-MONOMER,0.0,-2.242823302072051e-08
UAGPT3_FWD_457405.3.peg.1794-MONOMER,0.0,-3.3673293196649715e-39
UAMAGS_REV_457405.3.peg.1793-MONOMER_mod_k(1)_mod_mg2(1),0.0,-2.3573546353480498e-08
UAMAGS_FWD_457405.3.peg.1793-MONOMER_mod_k(1)_mod_mg2(1),0.0,1.7333130315966614e-41
UAMAS_REV_457405.3.peg.1795-MONOMER_mod_mg2(1),0.0,3.8135371365130187e-06
UAMAS_FWD_457405.3.peg.1795-MONOMER_mod_mg2(1),0.0,-3.837456670248447e-06
UAPGR_REV_457405.3.peg.1796-MONOMER_mod_fad(1),0.0,-2.106779361827304e-08
UAPGR_FWD_457405.3.peg.1796-MONOMER_mod_fad(1),0.0,-9.808643688828773e-40
UDCPDP_REV_457405.3.peg.2000-MONOMER,0.0,-2.879716172618312e-13
UDCPDP_FWD_457405.3.peg.2000-MONOMER,0.0,-4.268964104340032e-40
UDCPDPS_REV_CPLX_dummy,0.0,-2.430411323307889e-08
UDCPDPS_FWD_CPLX_dummy,0.0002629630195150381,2.003351036729218e-39
UDPG4E_REV_457405.3.peg.2299-MONOMER_mod_nad(1),0.0,-6.808829512777583e-41
UDPG4E_FWD_457405.3.peg.2299-MONOMER_mod_nad(1),0.0,-2.6084363554160718e-08
UDPGDr_REV_457405.3.peg.2010-MONOMER,0.0,-2.3524420256805822e-08
UDPGDr_FWD_457405.3.peg.2010-MONOMER,0.0,2.2786360562776088e-40
UGMDDS_REV_457405.3.peg.1791-MONOMER,0.0,-2.5680867156961423e-08
UGMDDS_FWD_457405.3.peg.1791-MONOMER,0.0,-5.560953339410403e-41
UHGADA_REV_457405.3.peg.796-MONOMER,0.0,-2.1129866668333445e-08
UHGADA_FWD_457405.3.peg.796-MONOMER,0.0,-1.1907761840950493e-40
UMPK_REV_457405.3.peg.2041-MONOMER,0.0,-3.21398278466018e-08
UMPK_FWD_457405.3.peg.2041-MONOMER,0.02049280646923997,4.1962192194956835e-37
UP4GH_REV_457405.3.peg.2098-MONOMER,0.0,-2.8913830086077575e-40
UP4GH_FWD_457405.3.peg.2098-MONOMER,0.0,-1.682374549324919e-08
UPP3MT_REV_457405.3.peg.506-MONOMER,0.0,-2.8810159928226325e-08
UPP3MT_FWD_457405.3.peg.506-MONOMER,0.0,4.170504825355752e-41
UPP3S_REV_457405.3.peg.506-MONOMER,0.0,-2.8810159928226325e-08
UPP3S_FWD_457405.3.peg.506-MONOMER,0.0,-1.9910045820622935e-39
UPPRT_REV_CPLX_UPPRT-0,0.0,-1.2556579612401122e-06
UPPRT_FWD_CPLX_UPPRT-0,-1.3695543330719285e-51,-1.2692523064513058e-36
UPPRT_REV_457405.3.peg.1820-MONOMER,0.0,-1.2556579612401122e-06
UPPRT_FWD_457405.3.peg.1820-MONOMER,2.0622948844630855e-51,-7.776777449216792e-37
URAt2r_REV_457405.3.peg.459-MONOMER,0.0,-3.3027566363593355e-13
URAt2r_FWD_457405.3.peg.459-MONOMER,0.0,-6.135511037803455e-41
URCN_REV_457405.3.peg.138-MONOMER,0.0,-2.6268533290390865e-08
URCN_FWD_457405.3.peg.138-MONOMER,-1.1507923401831994e-51,-4.9990286724796535e-42
UREAt_REV_CPLX_dummy,0.0,-1.2152056616539445e-08
UREAt_FWD_CPLX_dummy,0.0,-1.2152056616539445e-08
URFGTT_REV_457405.3.peg.1667-MONOMER,0.0,-2.060444111334697e-08
URFGTT_FWD_457405.3.peg.1667-MONOMER,0.0,-1.008233550767369e-40
URIDK3_REV_457405.3.peg.2041-MONOMER,0.00027396113876865914,-6.376114762836056e-41
URIDK3_FWD_457405.3.peg.2041-MONOMER,0.0,-3.21398278466018e-08
UTPATPT_REV_457405.3.peg.1283-MONOMER_mod_mg2(1),0.0,-7.765807690127511e-09
UTPATPT_FWD_457405.3.peg.1283-MONOMER_mod_mg2(1),0.0,-1.2152056616539445e-08
VALabc_REV_CPLX_ILEabc-0,0.0,2.593031582850726e-07
VALabc_FWD_CPLX_ILEabc-0,0.0,-2.781472230789138e-07
VALt2r_REV_457405.3.peg.724-MONOMER,0.0,-2.3700648903134234e-08
VALt2r_FWD_457405.3.peg.724-MONOMER,0.0,8.619225292101434e-42
VALt2r_REV_457405.3.peg.2330-MONOMER,0.0,-2.3700648903134234e-08
VALt2r_FWD_457405.3.peg.2330-MONOMER,0.001131235630048173,-6.138202145476107e-42
XPPTr_REV_457405.3.peg.285-MONOMER,0.0,-2.8399953465808573e-06
XPPTr_FWD_457405.3.peg.285-MONOMER,0.0,2.4066353224560832e-40
YUMPS_REV_CPLX_YUMPS-3,0.0,1.8516119915475963e-41
YUMPS_FWD_CPLX_YUMPS-3,0.0,-2.4964095715206396e-08
YUMPS_REV_CPLX_YUMPS-2,0.0,-1.6918761837811368e-09
YUMPS_FWD_CPLX_YUMPS-2,0.0,-2.665597189898753e-08
YUMPS_REV_CPLX_YUMPS-1,0.0,-1.5577098582971168e-09
YUMPS_FWD_CPLX_YUMPS-1,0.0,-2.652180557350351e-08
YUMPS_REV_CPLX_YUMPS-0,0.0,-1.6648416162119915e-09
YUMPS_FWD_CPLX_YUMPS-0,0.0,-2.6628937331418386e-08
YUMPS_REV_CPLX_YUMPS-4,0.0,-1.5853069355731893e-09
YUMPS_FWD_CPLX_YUMPS-4,0.0,-2.6549402650779583e-08
ZNabc_REV_CPLX_dummy,0.0,-2.430411323307889e-08
ZNabc_FWD_CPLX_dummy,8.945660856360637e-08,1.6628776085891437e-40
dreplication_REV_CPLX_dreplication-5,0.0,-4.993636443502112e-08
dreplication_FWD_CPLX_dreplication-5,0.0,-2.1765167442104268e-10
dreplication_REV_CPLX_dreplication-2,0.0,-4.9718712760600075e-08
dreplication_FWD_CPLX_dreplication-2,0.0,2.536208426759664e-42
dreplication_REV_CPLX_dreplication-3,0.0,-5.006787038397998e-08
dreplication_FWD_CPLX_dreplication-3,0.0,-3.4915762337990626e-10
dreplication_REV_CPLX_dreplication-6,0.0,-5.027674925440803e-08
dreplication_FWD_CPLX_dreplication-6,0.0,-5.580364938079555e-10
dreplication_REV_CPLX_dreplication-4,0.0,-5.0261955083132227e-08
dreplication_FWD_CPLX_dreplication-4,0.0,-5.432423225321481e-10
dreplication_REV_CPLX_dreplication-1,0.0,-5.00527040240338e-08
dreplication_FWD_CPLX_dreplication-1,0.0,-3.3399126343372777e-10
dreplication_REV_CPLX_dreplication-7,0.0,-4.9951741879285914e-08
dreplication_FWD_CPLX_dreplication-7,0.0,-2.3302911868583767e-10
dreplication_REV_CPLX_dreplication-0,0.0,-5.132478999741944e-08
dreplication_FWD_CPLX_dreplication-0,0.0,-1.606077236819362e-09
pbiosynthesis_REV_CPLX_pbiosynthesis-0,0.0,-6.733267796595103e-08
pbiosynthesis_FWD_CPLX_pbiosynthesis-0,0.0,0.0
r0060_REV_457405.3.peg.667-MONOMER_mod_4fe4s(1),0.0,-2.351590302297324e-08
r0060_FWD_457405.3.peg.667-MONOMER_mod_4fe4s(1),1.9981242085200879,7.423053575194064e-35
r0120_REV_457405.3.peg.2354-MONOMER_mod_zn2(1),0.0,-3.398705909515487e-08
r0120_FWD_457405.3.peg.2354-MONOMER_mod_zn2(1),2.7162710814834888e-24,6.6035224879768824e-40
r0127_REV_457405.3.peg.101-MONOMER,0.0,1.1169748338869972e-08
r0127_FWD_457405.3.peg.101-MONOMER,0.0,-3.7438478127287804e-08
r0339_REV_CPLX_dummy,0.0,-2.430411323307889e-08
r0339_FWD_CPLX_dummy,0.0,-9.330068897409408e-41
r0345_REV_457405.3.peg.1283-MONOMER_mod_mg2(1),0.0,-5.681821804798186e-41
r0345_FWD_457405.3.peg.1283-MONOMER_mod_mg2(1),0.0,-1.9917864306666958e-08
r0671_REV_457405.3.peg.33-MONOMER_mod_fmn(1),0.0,-3.146252309151015e-08
r0671_FWD_457405.3.peg.33-MONOMER_mod_fmn(1),0.0,-1.232784561078851e-08
r0671_REV_457405.3.peg.33-MONOMER_mod_mg2(1),0.0,-3.1466242360248e-08
r0671_FWD_457405.3.peg.33-MONOMER_mod_mg2(1),0.0,-1.2331564879526361e-08
r0708_REV_457405.3.peg.2354-MONOMER_mod_zn2(1),0.0,-3.398705909515487e-08
r0708_FWD_457405.3.peg.2354-MONOMER_mod_zn2(1),0.0,-2.60902114647588e-40
r0775_REV_457405.3.peg.2354-MONOMER_mod_zn2(1),0.0,-1.6993529547577434e-08
r0775_FWD_457405.3.peg.2354-MONOMER_mod_zn2(1),0.0,-1.6993529547577434e-08
r0777_REV_457405.3.peg.2354-MONOMER_mod_zn2(1),0.0,-3.398705909515487e-08
r0777_FWD_457405.3.peg.2354-MONOMER_mod_zn2(1),0.0,4.962099174648481e-40
r0792_REV_457405.3.peg.1864-MONOMER_mod_fad(1),1.6993639268079206e-06,-4.310733263770788e-40
r0792_FWD_457405.3.peg.1864-MONOMER_mod_fad(1),0.0,-3.0580594713604444e-08
r1144_REV_CPLX_dummy,0.0,-2.430411323307889e-08
r1144_FWD_CPLX_dummy,0.0005288031608133682,-7.944554254646378e-36
r1667_REV_CPLX_r1667-1,0.0,-3.156409443619321e-10
r1667_FWD_CPLX_r1667-1,0.0,-2.4035524787364e-08
r1667_REV_CPLX_r1667-0,0.0,-8.020524131515124e-42
r1667_FWD_CPLX_r1667-0,0.0,-2.371988384300207e-08
r2137_REV_CPLX_dummy,0.0,-1.2152056616539445e-08
r2137_FWD_CPLX_dummy,0.0,-1.2152056616539445e-08
rtranscription_REV_CPLX_rtranscription-0,0.0,-4.4416383038116183e-08
rtranscription_FWD_CPLX_rtranscription-0,0.0,3.920145926375878e-42
sink_dmbzid_REV_CPLX_dummy,0.0,1.418640515684827e-42
sink_dmbzid_FWD_CPLX_dummy,0.0,-2.430411323307889e-08
sink_s_REV_CPLX_dummy,0.0,0.0
sink_s_FWD_CPLX_dummy,0.0,-2.430411323307889e-08
dummy_reaction_REV_SPONT,0.0,1.0
dummy_reaction_FWD_SPONT,3.5178690334569715e-05,0.0
GAM,0.002843581248270233,-9.76477381135768e-06
ATPM,1.0,-2.4411934528394196e-07
DNA_replication,0.0005479222775373183,-0.004622715049121304
formation_ribosome,1.0621024542549503e-07,9.244463733058732e-32
formation_RNAP_4574053peg896MONOMER,8.945030275117532e-08,-4.592003946224995e-31
formation_RNA_degradosome,6.761296737805737e-13,0.0
formation_rRNA_containing_excision_machinery,7.744037494003001e-15,1.0179391008333415e-33
formation_monocistronic_excision_machinery,2.0934114378399846e-14,0.0
CPLX_dummy_mod_2fe2s(1)_to_generic_2fe2s_transfer_complex,0.0,0.0
CPLX_dummy_2fe2s_unloading,0.0,0.0
CPLX_dummy_mod_4fe4s(1)_to_generic_4fe4s_transfer_complex,2.2194282325883281e-16,0.0
CPLX_dummy_4fe4s_unloading,0.0,0.0
translocation_457405.3.peg.2123_Inner_Membrane,-3.4597482124862076e-65,0.0
translocation_457405.3.peg.1659_Inner_Membrane,3.846266481361424e-12,2.117958127290561e-34
translocation_457405.3.peg.364_Inner_Membrane,0.0,-2.28326760221552e-39
translocation_457405.3.peg.2064_Membrane,-6.4451280113306325e-59,0.0
translocation_457405.3.peg.1999_Membrane,0.0,0.0
translocation_457405.3.peg.1228_Periplasm,0.0,0.0
translocation_457405.3.peg.343_Inner_Membrane,0.0,-1.0392281013936816e-34
translocation_457405.3.peg.345_Inner_Membrane,0.0,0.0
translocation_457405.3.peg.1162_Inner_Membrane,0.0,3.019299968058006e-34
translocation_457405.3.peg.2063_Inner_Membrane,0.0,-3.2299337495048337e-34
translocation_457405.3.peg.354_Inner_Membrane,0.0,0.0
translocation_457405.3.peg.314_Inner_Membrane,3.963185737869728e-13,0.0
translocation_457405.3.peg.1459_Membrane,1.524205736381565e-11,3.875751882918265e-34
translocation_457405.3.peg.1_Membrane,0.0,0.0
translocation_457405.3.peg.1258_Inner_Membrane,3.220392555742702e-11,1.3539899097637858e-34
translocation_457405.3.peg.510_Membrane,1.5711485975179146e-29,1.5959781408292847e-34
translocation_457405.3.peg.185_Inner_Membrane,0.0,-1.729551228601171e-34
translocation_457405.3.peg.1462_Membrane,1.3522593475611474e-12,1.634040445673911e-34
translocation_457405.3.peg.441_Inner_Membrane,3.490691257608186e-30,0.0
translocation_457405.3.peg.768_Inner_Membrane,5.2184626095978996e-21,0.0
translocation_457405.3.peg.1070_Inner_Membrane,-3.8284625691347766e-60,-3.821439636464702e-39
translocation_457405.3.peg.848_Inner_Membrane,0.0,8.936874657022059e-40
translocation_457405.3.peg.1995_Periplasm,0.0,1.0135255406978043e-34
translocation_457405.3.peg.650_Periplasm,0.0,2.539307541950274e-38
translocation_457405.3.peg.652_Inner_Membrane,0.0,0.0
translocation_457405.3.peg.1306_Membrane,0.0,0.0
translocation_457405.3.peg.1137_Inner_Membrane,0.0,-1.8530992498072053e-34
translocation_457405.3.peg.200_Inner_Membrane,0.0,3.32722858612905e-39
translocation_457405.3.peg.201_Membrane,0.0,0.0
translocation_457405.3.peg.1136_Inner_Membrane,0.0,0.0
translocation_457405.3.peg.2147_Inner_Membrane,6.741385721235982e-11,1.0545082177250545e-34
translocation_457405.3.peg.1547_Periplasm,0.0,-1.1841666863143036e-34
translocation_457405.3.peg.1062_Inner_Membrane,0.0,-1.0805241285707058e-39
translocation_457405.3.peg.1063_Inner_Membrane,0.0,-2.384265469883748e-39
translocation_457405.3.peg.1064_Periplasm,0.0,0.0
translocation_457405.3.peg.2330_Inner_Membrane,4.241450626411632e-11,-2.0148887307864678e-34
translocation_457405.3.peg.211_Inner_Membrane,2.0379381952597434e-20,0.0
translocation_457405.3.peg.792_Inner_Membrane,0.0,0.0
translocation_457405.3.peg.1304_Inner_Membrane,0.0,-4.735190172380907e-34
translocation_457405.3.peg.515_Inner_Membrane,4.054507063893386e-12,0.0
translocation_457405.3.peg.516_Inner_Membrane,4.054507063893386e-12,0.0
translocation_457405.3.peg.526_Periplasm,3.206331372990635e-19,9.7677268046978e-35
translocation_457405.3.peg.627_Membrane,0.0,-2.594368550528533e-38
translocation_457405.3.peg.1059_Membrane,0.0,0.0
translocation_457405.3.peg.1792_Inner_Membrane,0.0,0.0
translocation_457405.3.peg.857_Inner_Membrane,0.0,7.737259142107991e-38
translocation_457405.3.peg.240_Inner_Membrane,0.0,0.0
translocation_457405.3.peg.1957_Inner_Membrane,0.0,-9.691430432018829e-40
translocation_457405.3.peg.1993_Inner_Membrane,0.0,0.0
translocation_457405.3.peg.1392_Inner_Membrane,1.8025214147807548e-13,-2.1961555131518565e-34
translocation_457405.3.peg.626_Inner_Membrane,8.62118355397705e-52,-4.2270529491099525e-34
translocation_457405.3.peg.216_Membrane,3.9763815652458294e-12,-1.3277739227872604e-34
translocation_457405.3.peg.1412_Inner_Membrane,4.009505995672761e-12,0.0
translocation_457405.3.peg.329_Inner_Membrane,0.0,9.592587056295039e-35
translocation_457405.3.peg.1443_Inner_Membrane,0.0,3.287634892099748e-39
translocation_457405.3.peg.1444_Inner_Membrane,0.0,0.0
translocation_457405.3.peg.488_Periplasm,0.0,3.959193367786617e-34
translocation_457405.3.peg.1461_Membrane,0.0,0.0
translocation_457405.3.peg.644_Inner_Membrane,0.0,-1.668168590987076e-39
translocation_457405.3.peg.2233_Inner_Membrane,1.331676508043681e-11,-4.3631532660777796e-35
translocation_457405.3.peg.1194_Membrane,5.272108863798792e-11,1.4903128346937084e-34
translocation_457405.3.peg.2396_Membrane,0.0,0.0
translocation_457405.3.peg.1794_Inner_Membrane,0.0,2.149733503445925e-34
translocation_457405.3.peg.2000_Inner_Membrane,0.0,4.509704550381317e-39
translocation_457405.3.peg.892_Membrane,-1.2899914762857643e-59,-4.7569049442794954e-33
translocation_457405.3.peg.459_Inner_Membrane,0.0,2.974733946732527e-39
translocation_457405.3.peg.1317_Membrane,1.1990100035089633e-11,0.0
translocation_457405.3.peg.1403_Membrane,4.6238195159013225e-11,-3.474404526656308e-34
translocation_457405.3.peg.1653_Membrane,1.0621025976457098e-07,0.0
translocation_457405.3.peg.2331_Membrane,2.042807521450969e-11,2.1053017767908538e-34
translocation_457405.3.peg.909_Membrane,5.089879089141779e-11,-2.387987600064065e-34
translocation_457405.3.peg.1051_Inner_Membrane,2.5813458313343306e-15,0.0
translocation_457405.3.peg.1420_Inner_Membrane,3.269657138170095e-15,0.0
translocation_457405.3.peg.1422_Membrane,6.53931427634019e-15,-1.8502994172114248e-34
translocation_457405.3.peg.1655_Inner_Membrane,2.275134344152476e-10,-1.6899681917517638e-34
translocation_457405.3.peg.1837_Membrane,1.5612381543181613e-12,0.0
translocation_457405.3.peg.1840_Membrane,1.0621024542549503e-07,1.8102908989161536e-34
translocation_457405.3.peg.1859_Inner_Membrane,1.5488074988006003e-14,1.9236965932798103e-34
translocation_457405.3.peg.1980_Inner_Membrane,1.2369311685214904e-11,3.200392190207904e-34
translocation_457405.3.peg.1994_Membrane,2.0283890213417213e-12,-2.9359474207480063e-34
translocation_457405.3.peg.2042_Membrane,2.2751343442329159e-10,1.9053069042934097e-34
translocation_457405.3.peg.2282_Inner_Membrane,4.728773575047978e-17,-9.67014868822113e-35
translocation_457405.3.peg.309_Membrane,7.806190771590797e-13,1.1416501084880753e-34
translocation_457405.3.peg.538_Membrane,4.574147614165267e-14,1.7498996798441475e-34
translocation_457405.3.peg.709_Inner_Membrane,1.5536190262177363e-15,0.0
biomass_constituent_demand,0.002843581248270233,-0.001669736294971251
TS_4fe4s_c,-1.8263807761874755e-08,0.0
